0
推荐≪华尔街日报≫今天出版的特别专题“人民币的崛起”。世界各地的记者从各个侧面对人民币在全球经济中的角色演变进行了深度分析与报道。
[0.5038911700248718, 0.5386181473731995, 0.4629780054092407, 0.3080412745475769, 0.5363935232162476]
[0.5274326205253601, 0.5758100152015686, 0.4468840956687927, 0.29494354128837585, 0.5411595106124878]
[0.47497814893722534, 0.522083580493927, 0.5097647905349731, 0.4246521294116974, 0.5140880942344666]
[0.536652684211731, 0.5793229937553406, 0.43591782450675964, 0.26471638679504395, 0.5566574931144714]
[0.5612781047821045, 0.5883772373199463, 0.42258158326148987, 0.27790841460227966, 0.5489488244056702]
[0.48073723912239075, 0.5440459251403809, 0.46180441975593567, 0.3208072781562805, 0.526292085647583]
[0.42955783009529114, 0.5521597862243652, 0.44750040769577026, 0.299180269241333, 0.45038965344429016]
[0.5169613361358643, 0.5782589316368103, 0.43780142068862915, 0.3195030689239502, 0.543516218662262]
[0.3714999556541443, 0.5487914681434631, 0.42468851804733276, 0.2771134674549103, 0.4682239592075348]
[0.5098643898963928, 0.5673955082893372, 0.4333063066005707, 0.29663339257240295, 0.5151503086090088]
[0.40782374143600464, 0.5532233119010925, 0.4586857855319977, 0.2991366982460022, 0.45175132155418396]
[0.5147754549980164, 0.5743822455406189, 0.42541953921318054, 0.26615050435066223, 0.5147544145584106]
[0.5309857726097107, 0.5870733857154846, 0.41983160376548767, 0.2825351357460022, 0.5267109870910645]
[0.5104842782020569, 0.5766522288322449, 0.4357505738735199, 0.2880091071128845, 0.5356325507164001]
[0.5111616253852844, 0.5762271881103516, 0.42918622493743896, 0.2750275135040283, 0.5251550674438477]
[0.5562281608581543, 0.5962982177734375, 0.41958269476890564, 0.2612544596195221, 0.5612279772758484]
[0.47239547967910767, 0.5370628237724304, 0.4600209593772888, 0.3227348327636719, 0.5027052760124207]
[0.5068599581718445, 0.553469181060791, 0.4486045837402344, 0.29008111357688904, 0.5153329968452454]
[0.48560428619384766, 0.5665146112442017, 0.4383454918861389, 0.31538644433021545, 0.5236786603927612]
[0.5411099791526794, 0.5788120031356812, 0.41235923767089844, 0.2697327733039856, 0.5666905641555786]
[0.36029958724975586, 0.546564519405365, 0.5363671779632568, 0.5189068913459778, 0.5057240724563599]
[0.5107005834579468, 0.5400329828262329, 0.4592706561088562, 0.3119669258594513, 0.5034512877464294]
[0.5772597193717957, 0.572692334651947, 0.40491804480552673, 0.26421770453453064, 0.575660765171051]
[0.4516463279724121, 0.5459482073783875, 0.4384770393371582, 0.2712113857269287, 0.4772452116012573]
[0.4972926080226898, 0.5659124255180359, 0.4399283230304718, 0.28224706649780273, 0.5259613990783691]
[0.5049506425857544, 0.533015251159668, 0.43594804406166077, 0.3213192820549011, 0.5450161099433899]
[0.43886327743530273, 0.537755012512207, 0.4545973241329193, 0.32736822962760925, 0.46425366401672363]
[0.5018875598907471, 0.5349889993667603, 0.44030195474624634, 0.3143995702266693, 0.5179691910743713]
[0.516002893447876, 0.5644842982292175, 0.4260774254798889, 0.3189329206943512, 0.5293514728546143]
[0.448921263217926, 0.56451815366745, 0.4358316957950592, 0.29957419633865356, 0.49143362045288086]
[0.45842114090919495, 0.586010754108429, 0.4367445111274719, 0.2742089331150055, 0.4968133568763733]
[0.5229439735412598, 0.5513067245483398, 0.4814086854457855, 0.31376588344573975, 0.5327881574630737]
