0
谷歌语音搜索功能升级啦使用起来非常简单方便：只需说“天气”，就会帮你找到你所在城市近几天的天气；说“把tree翻译成中文”，就会帮你找到正确的翻译结果；说“新加坡到纽约”，就会帮你搜索航班信息。怎么样，方便吧？不过，谷歌暂时只能听懂英文哦。
[0.36496105790138245, 0.513540506362915, 0.5466151237487793, 0.5710783004760742, 0.5012133121490479]
[0.5346203446388245, 0.5748217105865479, 0.41834238171577454, 0.2557137608528137, 0.5267160534858704]
[0.4751962423324585, 0.5387529134750366, 0.45658260583877563, 0.30134108662605286, 0.5412629842758179]
[0.41186994314193726, 0.5637704133987427, 0.47077643871307373, 0.2899046242237091, 0.4717048108577728]
[0.4895154535770416, 0.5412415862083435, 0.4530718922615051, 0.3566046953201294, 0.5357010364532471]
[0.4882650375366211, 0.583459734916687, 0.45416685938835144, 0.3052753806114197, 0.5456586480140686]
[0.6179689168930054, 0.5638184547424316, 0.40629929304122925, 0.2666524350643158, 0.5899541974067688]
[0.4332759976387024, 0.5193372368812561, 0.4931088984012604, 0.36437830328941345, 0.5066349506378174]
[0.4705093801021576, 0.5545921921730042, 0.44440603256225586, 0.3099195957183838, 0.49721643328666687]
[0.5162546634674072, 0.5684966444969177, 0.4261786937713623, 0.28207048773765564, 0.53774094581604]
[0.5463889837265015, 0.6042808294296265, 0.43629422783851624, 0.2694249153137207, 0.5489169359207153]
[0.41557514667510986, 0.5600634813308716, 0.4434930384159088, 0.29455673694610596, 0.46176984906196594]
[0.5011207461357117, 0.5672967433929443, 0.4258233606815338, 0.28316009044647217, 0.5401993989944458]
[0.44694018363952637, 0.5314001441001892, 0.5094119906425476, 0.363483726978302, 0.4803060293197632]
[0.5156599879264832, 0.5806480050086975, 0.42849451303482056, 0.293621301651001, 0.532871425151825]
[0.5024309158325195, 0.5264497399330139, 0.48306554555892944, 0.3213824927806854, 0.513862133026123]
[0.4943711757659912, 0.5403060913085938, 0.4698348939418793, 0.33909866213798523, 0.4981304109096527]
[0.5311653017997742, 0.5344213843345642, 0.455661416053772, 0.338474303483963, 0.5298415422439575]
[0.4766296148300171, 0.5801273584365845, 0.44331642985343933, 0.296347051858902, 0.5025955438613892]
[0.4854656755924225, 0.5309600830078125, 0.45597392320632935, 0.33040422201156616, 0.49976229667663574]
[0.474873811006546, 0.5424285531044006, 0.47986575961112976, 0.3280920088291168, 0.5171641707420349]
[0.49133777618408203, 0.5646957159042358, 0.44587498903274536, 0.30626773834228516, 0.5467870235443115]
[0.4818081259727478, 0.5732938647270203, 0.45236092805862427, 0.29911333322525024, 0.5338820815086365]
[0.3848869204521179, 0.5379119515419006, 0.4613740146160126, 0.34533771872520447, 0.44925394654273987]
[0.49496427178382874, 0.5684906840324402, 0.4298648536205292, 0.30294543504714966, 0.5224378705024719]
[0.489448606967926, 0.5880234837532043, 0.44294899702072144, 0.2980293333530426, 0.5278472900390625]
[0.43128952383995056, 0.5720449090003967, 0.4251950681209564, 0.25662001967430115, 0.49944356083869934]
[0.43426254391670227, 0.5812171101570129, 0.43480953574180603, 0.28240838646888733, 0.47765424847602844]
[0.5070887804031372, 0.5656033158302307, 0.4611217975616455, 0.31937265396118164, 0.5170756578445435]
[0.488501638174057, 0.559814453125, 0.4615745544433594, 0.329589307308197, 0.517793595790863]
[0.45247331261634827, 0.5278459787368774, 0.47596439719200134, 0.37623879313468933, 0.4462206959724426]
[0.4936743974685669, 0.5756653547286987, 0.43259352445602417, 0.2872695028781891, 0.5236652493476868]
[0.43361490964889526, 0.5571346282958984, 0.466407835483551, 0.33134031295776367, 0.47836267948150635]
[0.42845192551612854, 0.5322253704071045, 0.519771158695221, 0.38597068190574646, 0.503826379776001]
[0.32649168372154236, 0.5541415214538574, 0.4591025412082672, 0.30627569556236267, 0.4288536012172699]
[0.3758540451526642, 0.5344299674034119, 0.5001078844070435, 0.3262037932872772, 0.4635500907897949]
[0.4839000105857849, 0.5362071990966797, 0.5222573280334473, 0.3750877380371094, 0.5024791955947876]
[0.5325873494148254, 0.5880876183509827, 0.42129048705101013, 0.2533036768436432, 0.5475322008132935]
[0.46861544251441956, 0.5753798484802246, 0.43845632672309875, 0.29864516854286194, 0.4661225974559784]
[0.5001505017280579, 0.5706183314323425, 0.4359828233718872, 0.28658798336982727, 0.5224747061729431]
[0.36496105790138245, 0.513540506362915, 0.5466151237487793, 0.5710783004760742, 0.5012133121490479]
[0.5677748918533325, 0.5610264539718628, 0.40597712993621826, 0.28529420495033264, 0.5721198916435242]
[0.32436463236808777, 0.537869930267334, 0.43505921959877014, 0.3062915802001953, 0.4376433789730072]
[0.48237282037734985, 0.5661458373069763, 0.45189517736434937, 0.29787391424179077, 0.5203470587730408]
[0.46216800808906555, 0.5695459842681885, 0.46355152130126953, 0.3015801012516022, 0.5107895731925964]
[0.49360838532447815, 0.5490564107894897, 0.4432665705680847, 0.2969355285167694, 0.5190226435661316]
[0.5017984509468079, 0.5551936030387878, 0.41983285546302795, 0.2896198630332947, 0.4916497766971588]
[0.5513088703155518, 0.535860002040863, 0.4862229526042938, 0.36910033226013184, 0.5309128761291504]
