0
现离开祥和的小堡画家村，北大一天课，晚到武汉给市委领导讲课。接着福州、徐州、内蒙、湘潭和重庆调研和讲座。人在旅途，少了激情，多了无奈。昨清华讲课时，一地方领导告诉我，春节时他那个地方有被强拆的男子到我家哭诉，我曾给过他二千元，＂您被骗了，他并不缺这点钱＂。我说：我在救自己和子孙。
[0.5235573649406433, 0.5504579544067383, 0.5152392983436584, 0.4354557693004608, 0.5630037784576416]
[0.44704967737197876, 0.5562103986740112, 0.45495325326919556, 0.30408379435539246, 0.512692391872406]
[0.4543898403644562, 0.5748404860496521, 0.44712695479393005, 0.2908570170402527, 0.5113702416419983]
[0.4764785170555115, 0.5852038264274597, 0.41512739658355713, 0.23923633992671967, 0.5080179572105408]
[0.5030400156974792, 0.5932963490486145, 0.42638638615608215, 0.2602936327457428, 0.539077639579773]
[0.4590756595134735, 0.5670801401138306, 0.43412718176841736, 0.3006526827812195, 0.508228600025177]
[0.5278319120407104, 0.5660021305084229, 0.45507121086120605, 0.3389095962047577, 0.49336668848991394]
[0.485055148601532, 0.5537224411964417, 0.4451467990875244, 0.3145075738430023, 0.48299261927604675]
[0.553490161895752, 0.5801607370376587, 0.4180527627468109, 0.2576417922973633, 0.5756653547286987]
[0.4593985378742218, 0.537413477897644, 0.4822450876235962, 0.4143490195274353, 0.47077247500419617]
[0.49553951621055603, 0.5441614985466003, 0.47767841815948486, 0.3438778519630432, 0.48960521817207336]
[0.5101709365844727, 0.5782105326652527, 0.4221728444099426, 0.2992423176765442, 0.5352329015731812]
[0.491458922624588, 0.524257481098175, 0.4459497332572937, 0.33181095123291016, 0.526742160320282]
[0.4694335162639618, 0.519339382648468, 0.507753312587738, 0.41794735193252563, 0.5203143954277039]
[0.5479779839515686, 0.5583534240722656, 0.4093782305717468, 0.2939605116844177, 0.5420947074890137]
[0.47231578826904297, 0.5421229004859924, 0.4640013575553894, 0.3275836706161499, 0.5000923275947571]
[0.4971247911453247, 0.5311746001243591, 0.5138856172561646, 0.34625548124313354, 0.5096579790115356]
[0.5239666700363159, 0.5260031223297119, 0.45042896270751953, 0.33762988448143005, 0.5406984090805054]
[0.5335606336593628, 0.5674439072608948, 0.430780291557312, 0.27186107635498047, 0.5338707566261292]
[0.3633013665676117, 0.5568368434906006, 0.48401492834091187, 0.3801097869873047, 0.42136967182159424]
[0.4618920385837555, 0.5168496370315552, 0.4657684564590454, 0.33159124851226807, 0.5197548866271973]
[0.4650239646434784, 0.5288572311401367, 0.4566389322280884, 0.3656018078327179, 0.4899614155292511]
[0.5091956853866577, 0.5680088996887207, 0.42618587613105774, 0.26412433385849, 0.5408595204353333]
[0.5101540088653564, 0.5929741859436035, 0.41175660490989685, 0.2561439871788025, 0.560132622718811]
[0.5368028283119202, 0.5726897120475769, 0.43022578954696655, 0.28239884972572327, 0.5500938892364502]
[0.4957660734653473, 0.5657827258110046, 0.44124698638916016, 0.29323112964630127, 0.5313069820404053]
[0.5271679759025574, 0.557083785533905, 0.4513855278491974, 0.3263035714626312, 0.5236069560050964]
[0.5033668279647827, 0.5435428619384766, 0.4379631578922272, 0.26998570561408997, 0.5580810904502869]
[0.47042810916900635, 0.5268186926841736, 0.514327347278595, 0.4350602924823761, 0.5134930610656738]
[0.4880867302417755, 0.5889623761177063, 0.44621872901916504, 0.28660520911216736, 0.5222116112709045]
[0.5319136381149292, 0.5672879219055176, 0.4150056838989258, 0.2941643297672272, 0.5304355621337891]
[0.5256680846214294, 0.5821577310562134, 0.43790051341056824, 0.3128216564655304, 0.5041376948356628]
[0.5253933072090149, 0.5613746047019958, 0.4348762333393097, 0.2802935838699341, 0.5328553915023804]
[0.48988452553749084, 0.5382463335990906, 0.4633936285972595, 0.3523467183113098, 0.537350058555603]
[0.5325873494148254, 0.5880876183509827, 0.42129048705101013, 0.2533036768436432, 0.5475322008132935]
[0.4183090925216675, 0.5556511282920837, 0.4605712890625, 0.3348170816898346, 0.497199684381485]
[0.45574596524238586, 0.5311478972434998, 0.48309552669525146, 0.33173954486846924, 0.5000012516975403]
[0.4715613126754761, 0.539274275302887, 0.50291907787323, 0.4822079837322235, 0.5191414952278137]
[0.49934205412864685, 0.5206331014633179, 0.46486109495162964, 0.35879412293434143, 0.5247464179992676]
[0.5350533127784729, 0.5939697027206421, 0.4395562708377838, 0.273517370223999, 0.5392516851425171]
[0.5297293066978455, 0.5844855308532715, 0.4470548927783966, 0.2835792899131775, 0.5455431342124939]
[0.4919321537017822, 0.5747143030166626, 0.4572077989578247, 0.3356301486492157, 0.5026327967643738]
[0.5104011297225952, 0.5495994687080383, 0.47768744826316833, 0.3229976296424866, 0.5359326601028442]
[0.448331743478775, 0.534631073474884, 0.4862794280052185, 0.32012784481048584, 0.4544273018836975]
[0.5838276743888855, 0.5731155872344971, 0.41851919889450073, 0.27637553215026855, 0.5500919818878174]
[0.5285437107086182, 0.5697137117385864, 0.4074695110321045, 0.2630852162837982, 0.5205102562904358]
[0.40867123007774353, 0.5733679533004761, 0.46957752108573914, 0.31135156750679016, 0.4607466161251068]
[0.49264606833457947, 0.5478709936141968, 0.45584750175476074, 0.36086606979370117, 0.5283061861991882]
[0.436160683631897, 0.5359832048416138, 0.5139374136924744, 0.44751983880996704, 0.5201141238212585]
[0.5233215689659119, 0.5814006328582764, 0.4488482177257538, 0.2886066436767578, 0.5187811851501465]
[0.5359637141227722, 0.5667764544487, 0.451946884393692, 0.2969389855861664, 0.5371538996696472]
[0.4384779632091522, 0.5150972008705139, 0.5021954774856567, 0.34562984108924866, 0.4818531274795532]
[0.4879630506038666, 0.5792595148086548, 0.4289858937263489, 0.3171637952327728, 0.5267235636711121]
[0.5557798147201538, 0.5747162103652954, 0.40964317321777344, 0.2584303319454193, 0.5606734752655029]
[0.38638824224472046, 0.5135607719421387, 0.5200629234313965, 0.44944149255752563, 0.4664902091026306]
[0.4978727400302887, 0.5844416618347168, 0.4193025231361389, 0.29001978039741516, 0.5228347778320312]
[0.511255145072937, 0.5555015802383423, 0.44553065299987793, 0.29960352182388306, 0.5322266817092896]
[0.4899114668369293, 0.5207337737083435, 0.4745868742465973, 0.35820284485816956, 0.5032244920730591]
[0.4696347713470459, 0.5619648098945618, 0.43625810742378235, 0.30185431241989136, 0.5192359089851379]
[0.5025549530982971, 0.555537223815918, 0.4683891534805298, 0.30776268243789673, 0.521739661693573]
[0.4990803301334381, 0.5768938660621643, 0.45989564061164856, 0.30823034048080444, 0.49463796615600586]
[0.5083555579185486, 0.5900700688362122, 0.4263409674167633, 0.2494346797466278, 0.5468035340309143]
[0.5541741251945496, 0.5793284773826599, 0.4208180010318756, 0.26642563939094543, 0.5689805150032043]
[0.46133720874786377, 0.5477076172828674, 0.49077385663986206, 0.3834286630153656, 0.5139974355697632]
[0.5113401412963867, 0.5580517649650574, 0.4516332149505615, 0.3278786242008209, 0.5102882981300354]
[0.5025032162666321, 0.5657362341880798, 0.44199061393737793, 0.30846214294433594, 0.5283312797546387]
[0.468330979347229, 0.5401017665863037, 0.5072170495986938, 0.42901572585105896, 0.5155603289604187]
[0.5208643078804016, 0.5844541192054749, 0.41646960377693176, 0.26588383316993713, 0.5258945226669312]
[0.5137075185775757, 0.5794011354446411, 0.40990495681762695, 0.27643194794654846, 0.5308797955513]
[0.4929139018058777, 0.5482103228569031, 0.479373037815094, 0.34095293283462524, 0.5056009292602539]
[0.5605645179748535, 0.5377341508865356, 0.4047403931617737, 0.29016897082328796, 0.551840603351593]
