0
【友情转发招聘】别整天胡思乱想，能踏实干活，有网页设计经验。知人有信，作品集里，少掺点假。月薪5-6K，如工作优秀，可给些额外甜头~舍得网招设计助理，53844567
[0.4887186288833618, 0.5415399670600891, 0.4956069886684418, 0.371766060590744, 0.5280429720878601]
[0.4278084337711334, 0.5534921288490295, 0.4561848044395447, 0.34816253185272217, 0.4434167742729187]
[0.527643620967865, 0.5512741208076477, 0.4846256375312805, 0.3454582393169403, 0.5504658818244934]
[0.5561572909355164, 0.5937171578407288, 0.41795048117637634, 0.2560843825340271, 0.5541695356369019]
[0.49667391180992126, 0.5584127902984619, 0.45461714267730713, 0.3347497880458832, 0.5198511481285095]
[0.5242358446121216, 0.5659902095794678, 0.4185279607772827, 0.28267017006874084, 0.5482092499732971]
[0.4939122796058655, 0.5704327821731567, 0.4569265842437744, 0.29828783869743347, 0.531765341758728]
[0.5130393505096436, 0.5512085556983948, 0.4428544342517853, 0.2962721586227417, 0.5178000330924988]
[0.46601602435112, 0.5651649832725525, 0.4377492070198059, 0.2894585430622101, 0.48092910647392273]
[0.4974951446056366, 0.5493447780609131, 0.45526188611984253, 0.29186350107192993, 0.5086166858673096]
[0.4044446647167206, 0.5413615703582764, 0.4571326971054077, 0.30328333377838135, 0.42790845036506653]
[0.3196846842765808, 0.530402421951294, 0.5215743780136108, 0.39127254486083984, 0.4265112578868866]
[0.4269799292087555, 0.5267646312713623, 0.45968830585479736, 0.3366295397281647, 0.45715954899787903]
[0.47942081093788147, 0.535670816898346, 0.4727409780025482, 0.36425432562828064, 0.5096120238304138]
[0.470809668302536, 0.585069477558136, 0.43790537118911743, 0.28698793053627014, 0.5199989676475525]
[0.5047903656959534, 0.5678194761276245, 0.4446789622306824, 0.3068182170391083, 0.5136200189590454]
[0.5302659273147583, 0.5577532052993774, 0.4437009394168854, 0.2890720069408417, 0.5265446901321411]
[0.4865058362483978, 0.545494794845581, 0.49107033014297485, 0.35136497020721436, 0.5418272614479065]
[0.4811231791973114, 0.5880011320114136, 0.44690123200416565, 0.29468613862991333, 0.5249388217926025]
[0.429252564907074, 0.5673803687095642, 0.4300903081893921, 0.27769899368286133, 0.469896525144577]
[0.4492397904396057, 0.5402761101722717, 0.49555450677871704, 0.3646358251571655, 0.5098516345024109]
[0.5387577414512634, 0.5731930732727051, 0.4068560302257538, 0.26827090978622437, 0.5613721013069153]
[0.4714333713054657, 0.5802431106567383, 0.43496453762054443, 0.2875206172466278, 0.5160531401634216]
[0.40834784507751465, 0.5707101225852966, 0.42504680156707764, 0.2633606195449829, 0.45615309476852417]
[0.5012436509132385, 0.5845259428024292, 0.43742629885673523, 0.292201966047287, 0.551110029220581]
[0.5153942704200745, 0.5689069628715515, 0.43877097964286804, 0.29219892621040344, 0.511465311050415]
[0.5074413418769836, 0.5618633031845093, 0.4234940707683563, 0.2873651385307312, 0.533610999584198]
[0.48379552364349365, 0.5937032699584961, 0.41920071840286255, 0.2830924987792969, 0.4925927221775055]
[0.4709431529045105, 0.5738590955734253, 0.4559336304664612, 0.35124924778938293, 0.5148175358772278]
[0.5243349075317383, 0.574113667011261, 0.4400660991668701, 0.284670889377594, 0.5259546637535095]
[0.4857757091522217, 0.5569765567779541, 0.4846852123737335, 0.3313652276992798, 0.49877527356147766]
[0.4899998903274536, 0.5809279084205627, 0.46191656589508057, 0.31497055292129517, 0.518965482711792]
[0.5161697864532471, 0.5914934277534485, 0.4284065067768097, 0.27625417709350586, 0.5440945029258728]
[0.43846723437309265, 0.5532249808311462, 0.43208077549934387, 0.31684258580207825, 0.49136027693748474]
[0.4069858193397522, 0.5413581728935242, 0.5354025363922119, 0.4652962386608124, 0.45431429147720337]
[0.4378014802932739, 0.5642019510269165, 0.4474123418331146, 0.2956021726131439, 0.45110249519348145]
[0.4214787781238556, 0.5411302447319031, 0.48094719648361206, 0.3356654644012451, 0.4517677426338196]
[0.5108214616775513, 0.5523796677589417, 0.4698375165462494, 0.3207584321498871, 0.5197064876556396]
[0.3578191101551056, 0.5325368642807007, 0.5340723395347595, 0.5136918425559998, 0.473042368888855]
[0.4901028871536255, 0.5882129073143005, 0.41913893818855286, 0.27322882413864136, 0.5054881572723389]
[0.515003502368927, 0.5700244307518005, 0.41095760464668274, 0.27408450841903687, 0.5376983284950256]
[0.47896379232406616, 0.5713555812835693, 0.43260878324508667, 0.3010224997997284, 0.49335145950317383]
[0.5112860202789307, 0.5309575796127319, 0.45970451831817627, 0.3518008291721344, 0.5211188197135925]
