0
“梅西，最伟大的”。“24岁，莱奥继续冲破所有可能的障碍”。“10大挑战：1.第四个欧冠冠军，2.第四个欧冠金靴，3.击败阿尔塔菲尼（14球），4.连续四次金球奖，5.第二个西甲金靴，6.第二个欧洲金靴，7.第六个西甲冠军，7.超越劳尔71球，9.第二个三冠王，10.击败穆勒（单赛季67球）”。《世界体育报》
[0.46578723192214966, 0.4776957035064697, 0.5335414409637451, 0.45741981267929077, 0.5122561454772949]
[0.537272036075592, 0.5887752175331116, 0.4071476459503174, 0.2596084177494049, 0.5493714213371277]
[0.41027694940567017, 0.5628472566604614, 0.4497363269329071, 0.30725619196891785, 0.4520881772041321]
[0.47384151816368103, 0.5534409880638123, 0.4349544942378998, 0.30095797777175903, 0.4808051884174347]
[0.4779072105884552, 0.5659117102622986, 0.4431590735912323, 0.30841320753097534, 0.5159932971000671]
[0.4724200665950775, 0.5825139284133911, 0.4291532039642334, 0.27621129155158997, 0.5312930345535278]
[0.4560965597629547, 0.5775048732757568, 0.43652215600013733, 0.29256895184516907, 0.4836515784263611]
[0.4681469798088074, 0.5571455359458923, 0.44047895073890686, 0.32587385177612305, 0.4867902994155884]
[0.47552552819252014, 0.5637015700340271, 0.4165927469730377, 0.2823635935783386, 0.5067689418792725]
[0.5271763205528259, 0.5483177304267883, 0.4344181418418884, 0.30474695563316345, 0.5337266325950623]
[0.48770126700401306, 0.5550011396408081, 0.451244980096817, 0.3209458887577057, 0.5036043524742126]
[0.47966644167900085, 0.5513709783554077, 0.44308146834373474, 0.30706915259361267, 0.5061870813369751]
[0.5174765586853027, 0.5672593712806702, 0.4495939314365387, 0.30700576305389404, 0.5326401591300964]
[0.5126198530197144, 0.5889900326728821, 0.41939878463745117, 0.2652363181114197, 0.5324208736419678]
[0.5244521498680115, 0.5676315426826477, 0.44129106402397156, 0.31464165449142456, 0.5477118492126465]
[0.5348622798919678, 0.5597487092018127, 0.40922683477401733, 0.24947093427181244, 0.541826605796814]
[0.4882412254810333, 0.5797877311706543, 0.439382404088974, 0.2994617521762848, 0.5156060457229614]
[0.4917437732219696, 0.5336424112319946, 0.4510914385318756, 0.32373476028442383, 0.4748917818069458]
[0.47698351740837097, 0.5595775246620178, 0.4569207429885864, 0.34127089381217957, 0.5097702741622925]
[0.4943503737449646, 0.5677286982536316, 0.4452276825904846, 0.3389196991920471, 0.508065402507782]
[0.5305585265159607, 0.5273501873016357, 0.47294700145721436, 0.3850570619106293, 0.522346019744873]
[0.4922841787338257, 0.5660104155540466, 0.4601995646953583, 0.32430049777030945, 0.5296792984008789]
[0.4335676431655884, 0.5696696639060974, 0.43979722261428833, 0.2752172350883484, 0.471752405166626]
[0.5414538383483887, 0.5814703702926636, 0.4134650230407715, 0.28024762868881226, 0.5432246327400208]
[0.5017260909080505, 0.5785325169563293, 0.4146668016910553, 0.2822996973991394, 0.5216589570045471]
[0.5168471932411194, 0.5943636894226074, 0.4468390941619873, 0.2938121557235718, 0.5234784483909607]
[0.5192961096763611, 0.5378457903862, 0.4312971234321594, 0.3230727016925812, 0.5432479977607727]
[0.5768567323684692, 0.5512208342552185, 0.41758042573928833, 0.28415560722351074, 0.5424506664276123]
[0.5570239424705505, 0.5964779853820801, 0.4103700816631317, 0.24574771523475647, 0.5581566691398621]
[0.534425675868988, 0.5833929777145386, 0.41444599628448486, 0.28868159651756287, 0.5258032083511353]
[0.3468019664287567, 0.5588750243186951, 0.45107290148735046, 0.3109489381313324, 0.4511321783065796]
[0.46561136841773987, 0.4986657500267029, 0.5045307874679565, 0.4496578276157379, 0.46255403757095337]
[0.5082670450210571, 0.5775994658470154, 0.4473872184753418, 0.3006792962551117, 0.5295193791389465]
[0.550916850566864, 0.5901607871055603, 0.42433324456214905, 0.2786712646484375, 0.5227000117301941]
[0.5133351683616638, 0.5728388428688049, 0.4305891990661621, 0.2798653244972229, 0.538120448589325]
[0.5169864296913147, 0.5892278552055359, 0.4612671434879303, 0.2933366000652313, 0.5130480527877808]
[0.410794198513031, 0.5541061162948608, 0.4650367796421051, 0.3429061472415924, 0.436188280582428]
[0.5086200833320618, 0.5813959836959839, 0.4108423888683319, 0.29402878880500793, 0.5223483443260193]
[0.4107362627983093, 0.564221203327179, 0.4363790452480316, 0.2916516661643982, 0.464824914932251]
[0.49096453189849854, 0.5654967427253723, 0.4407404661178589, 0.3063823878765106, 0.4990549087524414]
[0.5285730957984924, 0.570970892906189, 0.42880895733833313, 0.28189095854759216, 0.5318525433540344]
[0.5227623581886292, 0.5809354782104492, 0.43417903780937195, 0.28506049513816833, 0.5455566048622131]
[0.54567950963974, 0.5550913214683533, 0.45898881554603577, 0.3423270583152771, 0.5331714153289795]
[0.5459672212600708, 0.5640460252761841, 0.42353880405426025, 0.28589245676994324, 0.5494126677513123]
[0.4493407607078552, 0.5704279541969299, 0.44930317997932434, 0.2933312952518463, 0.4776383340358734]
[0.5009496808052063, 0.5665914416313171, 0.434150367975235, 0.29780659079551697, 0.5130996704101562]
[0.5026295781135559, 0.5714386105537415, 0.4462764263153076, 0.3253815770149231, 0.49420779943466187]
[0.5135307312011719, 0.5704538226127625, 0.45551997423171997, 0.28148651123046875, 0.4820680022239685]
[0.5802798271179199, 0.5655404329299927, 0.41875824332237244, 0.2671000361442566, 0.5441370606422424]
[0.5280361175537109, 0.5583537220954895, 0.43651729822158813, 0.30036523938179016, 0.49754178524017334]
[0.5462603569030762, 0.5378676056861877, 0.46569040417671204, 0.37710389494895935, 0.5223298668861389]
[0.4533277153968811, 0.579743504524231, 0.4744270145893097, 0.30738070607185364, 0.4829258322715759]
[0.5717878341674805, 0.5695815086364746, 0.39611515402793884, 0.27016690373420715, 0.5661771297454834]
[0.4331824779510498, 0.5538076162338257, 0.4570697247982025, 0.3233376145362854, 0.4580264985561371]
[0.5040035247802734, 0.5719863772392273, 0.43091994524002075, 0.27657848596572876, 0.5261465907096863]
[0.4762174189090729, 0.57632976770401, 0.4313710927963257, 0.3021852672100067, 0.505052924156189]
[0.506152868270874, 0.5714082717895508, 0.44881853461265564, 0.3004053831100464, 0.5198674201965332]
[0.5242542028427124, 0.5559519529342651, 0.44786518812179565, 0.32690000534057617, 0.5139493346214294]
[0.3840010464191437, 0.5623811483383179, 0.4616730213165283, 0.32246336340904236, 0.44286391139030457]
[0.3644348978996277, 0.559404194355011, 0.45863232016563416, 0.2948424816131592, 0.4448181688785553]
[0.5238786935806274, 0.534304678440094, 0.4301814138889313, 0.3152792453765869, 0.5508372783660889]
[0.5806044340133667, 0.542209804058075, 0.4285431206226349, 0.32533594965934753, 0.5512497425079346]
[0.49167898297309875, 0.5577924251556396, 0.4782416820526123, 0.35524556040763855, 0.4794299006462097]
[0.5555786490440369, 0.5722619891166687, 0.4142792224884033, 0.2888161242008209, 0.5564625263214111]
[0.377202570438385, 0.5675201416015625, 0.4594901204109192, 0.2993837594985962, 0.4692065417766571]
[0.45814383029937744, 0.5487529039382935, 0.4955109655857086, 0.39730894565582275, 0.5034301280975342]
[0.5091732144355774, 0.5664799809455872, 0.4552333652973175, 0.304269015789032, 0.5056738257408142]
[0.3525565266609192, 0.5549966096878052, 0.4557444751262665, 0.29298844933509827, 0.43208077549934387]
[0.4903564453125, 0.5788788199424744, 0.41061723232269287, 0.28564417362213135, 0.5240131616592407]
[0.4325796961784363, 0.5350061058998108, 0.5037259459495544, 0.3606693744659424, 0.44653627276420593]
[0.4366488754749298, 0.5793625712394714, 0.44044944643974304, 0.322752982378006, 0.4690849781036377]
[0.5197497010231018, 0.5817429423332214, 0.4180368185043335, 0.28710705041885376, 0.5376576781272888]
[0.45495492219924927, 0.53004390001297, 0.4670926332473755, 0.363979309797287, 0.4698987603187561]
[0.5462961792945862, 0.5704581141471863, 0.43198394775390625, 0.2765437960624695, 0.5239781141281128]
[0.46753543615341187, 0.5656049251556396, 0.4443493187427521, 0.2972758710384369, 0.4814772605895996]
[0.42763933539390564, 0.5616638660430908, 0.4887180030345917, 0.3143612742424011, 0.44577983021736145]
[0.469668447971344, 0.5665158629417419, 0.45230725407600403, 0.306100994348526, 0.5059157609939575]
[0.500758171081543, 0.5825927257537842, 0.41381093859672546, 0.2942150831222534, 0.531519889831543]
[0.5476256608963013, 0.5965801477432251, 0.41203704476356506, 0.28007856011390686, 0.5646528601646423]
[0.5362008213996887, 0.5748725533485413, 0.42558038234710693, 0.30848410725593567, 0.5516192317008972]
[0.44770073890686035, 0.5730301737785339, 0.44244468212127686, 0.3002879321575165, 0.520440399646759]
[0.4364281892776489, 0.5658141374588013, 0.4617427587509155, 0.30155256390571594, 0.49879544973373413]
[0.5067484378814697, 0.5511919260025024, 0.43966275453567505, 0.3209664225578308, 0.5165366530418396]
[0.5364460945129395, 0.5130696892738342, 0.4767281711101532, 0.3686290383338928, 0.5580365061759949]
[0.4847496449947357, 0.5614609122276306, 0.463841050863266, 0.3236134946346283, 0.5370985865592957]
[0.5687302350997925, 0.5804951786994934, 0.3893395960330963, 0.2505176067352295, 0.564762532711029]
[0.5803391337394714, 0.5885854363441467, 0.3964361250400543, 0.2548135221004486, 0.5718371868133545]
[0.377202570438385, 0.5675201416015625, 0.4594901204109192, 0.2993837594985962, 0.4692065417766571]
[0.37547916173934937, 0.5522783994674683, 0.44302934408187866, 0.27502208948135376, 0.43765953183174133]
[0.467343807220459, 0.5842382311820984, 0.43754640221595764, 0.3017025589942932, 0.5087153315544128]
[0.5265170931816101, 0.5625550150871277, 0.4291106164455414, 0.3246910572052002, 0.5270535945892334]
[0.4943428635597229, 0.5636057257652283, 0.43112409114837646, 0.2766703963279724, 0.5306516289710999]
[0.5456470251083374, 0.5710022449493408, 0.4086321294307709, 0.29634374380111694, 0.5331939458847046]
[0.49796512722969055, 0.5802550315856934, 0.43129968643188477, 0.2893325388431549, 0.5036863088607788]
[0.4605412185192108, 0.5447990298271179, 0.4854389429092407, 0.36053070425987244, 0.4908086657524109]
[0.5340026021003723, 0.5603758692741394, 0.44839444756507874, 0.2688260078430176, 0.5128272175788879]
[0.5445497632026672, 0.5632858276367188, 0.437662273645401, 0.3171842098236084, 0.5278986096382141]
[0.5155546069145203, 0.579231321811676, 0.43000760674476624, 0.3048260807991028, 0.5168320536613464]
[0.4762174189090729, 0.57632976770401, 0.4313710927963257, 0.3021852672100067, 0.505052924156189]
[0.5568093657493591, 0.5676915049552917, 0.4284096658229828, 0.27990689873695374, 0.5592759847640991]
[0.5358680486679077, 0.5923691391944885, 0.42163076996803284, 0.273909330368042, 0.5485950708389282]
