0
恭贺 老师「龙的故事」高级定制时装发布会完美落幕！奢华舞台雍容大气，饕餮盛宴美伦美奂！这就是属于我们「中国新娘」的精彩！
[0.5196625590324402, 0.5314214825630188, 0.4828561544418335, 0.4185582995414734, 0.482428640127182]
[0.5451405048370361, 0.5799071192741394, 0.4316512644290924, 0.266661137342453, 0.5196403861045837]
[0.5152537226676941, 0.5724307894706726, 0.43582555651664734, 0.30872419476509094, 0.5423461198806763]
[0.5073035359382629, 0.563676655292511, 0.42537569999694824, 0.2954404354095459, 0.5097160339355469]
[0.5054717659950256, 0.5646201372146606, 0.4403061866760254, 0.30361407995224, 0.5380694270133972]
[0.5483726859092712, 0.5806972980499268, 0.42744916677474976, 0.2885146141052246, 0.5573360919952393]
[0.5110765695571899, 0.5830512642860413, 0.4383731186389923, 0.30929505825042725, 0.5342029333114624]
[0.46685591340065, 0.5614004135131836, 0.4480728805065155, 0.2954101264476776, 0.5072463154792786]
[0.4133090078830719, 0.5521606802940369, 0.470509797334671, 0.33090585470199585, 0.46571001410484314]
[0.5294877290725708, 0.5691641569137573, 0.4246481657028198, 0.3042132556438446, 0.5489298105239868]
[0.4951031506061554, 0.5796743035316467, 0.43288981914520264, 0.3031763732433319, 0.5079509615898132]
[0.506517231464386, 0.5596081018447876, 0.4398415982723236, 0.31893137097358704, 0.4986293911933899]
[0.5363867878913879, 0.5858129858970642, 0.4561949074268341, 0.30545878410339355, 0.5417531132698059]
[0.5406685471534729, 0.5842881202697754, 0.4163571894168854, 0.29193225502967834, 0.5546927452087402]
[0.5438856482505798, 0.5929805040359497, 0.418680876493454, 0.27237069606781006, 0.5508289337158203]
[0.5206131339073181, 0.5679364800453186, 0.42056572437286377, 0.2856716215610504, 0.5102773308753967]
[0.5027755498886108, 0.5774485468864441, 0.43250325322151184, 0.3021429777145386, 0.5231189727783203]
[0.4500184655189514, 0.5479472875595093, 0.47821366786956787, 0.3540171682834625, 0.5010611414909363]
[0.4951031506061554, 0.5796743035316467, 0.43288981914520264, 0.3031763732433319, 0.5079509615898132]
[0.5347201228141785, 0.5556632280349731, 0.4441589117050171, 0.2939804196357727, 0.5494436025619507]
[0.4385516941547394, 0.5537201166152954, 0.4577775001525879, 0.3221437931060791, 0.4827241897583008]
[0.47153714299201965, 0.5668948888778687, 0.4490228593349457, 0.3218727111816406, 0.5186951756477356]
[0.5145137906074524, 0.5780063271522522, 0.4247942864894867, 0.28754743933677673, 0.5478829741477966]
[0.4603087604045868, 0.5634549260139465, 0.4700002670288086, 0.3060259222984314, 0.5111786127090454]
[0.4822814166545868, 0.5390057563781738, 0.4404672086238861, 0.318074494600296, 0.5152856111526489]
[0.45053768157958984, 0.5474168658256531, 0.4933631420135498, 0.36077091097831726, 0.47146013379096985]
[0.5597203969955444, 0.5803326368331909, 0.4332638084888458, 0.2903119623661041, 0.5606822371482849]
[0.49750930070877075, 0.531695544719696, 0.4582826793193817, 0.3377040922641754, 0.5043980479240417]
[0.4868052005767822, 0.5738958716392517, 0.44848957657814026, 0.2940250039100647, 0.5117470622062683]
[0.46636417508125305, 0.5590136647224426, 0.4668809175491333, 0.32908108830451965, 0.4925123453140259]
[0.49501514434814453, 0.5676559209823608, 0.4482775926589966, 0.3063308596611023, 0.5212731957435608]
[0.5507585406303406, 0.6005902290344238, 0.4235787093639374, 0.2899312376976013, 0.5571258068084717]
[0.39129579067230225, 0.5569086670875549, 0.4343510866165161, 0.2981330454349518, 0.431487500667572]
[0.5015199780464172, 0.5722679495811462, 0.47383907437324524, 0.321150541305542, 0.5233142971992493]
[0.49507007002830505, 0.5401862859725952, 0.4846302270889282, 0.3772777318954468, 0.4883570075035095]
[0.5302864909172058, 0.5830400586128235, 0.42620354890823364, 0.27540162205696106, 0.5291364789009094]
[0.51638263463974, 0.5821128487586975, 0.45722827315330505, 0.3189575672149658, 0.543065071105957]
[0.6066032648086548, 0.5421392917633057, 0.4538840055465698, 0.30907610058784485, 0.596196711063385]
[0.511309802532196, 0.5766839981079102, 0.43399107456207275, 0.3152695298194885, 0.5107602477073669]
[0.5040035247802734, 0.5719863772392273, 0.43091994524002075, 0.27657848596572876, 0.5261465907096863]
[0.5255064964294434, 0.5228711366653442, 0.45834359526634216, 0.3355107009410858, 0.5162871479988098]
[0.5040035247802734, 0.5719863772392273, 0.43091994524002075, 0.27657848596572876, 0.5261465907096863]
[0.3053276240825653, 0.5472193360328674, 0.44236844778060913, 0.30396243929862976, 0.4146985113620758]
[0.5040035247802734, 0.5719863772392273, 0.43091994524002075, 0.27657848596572876, 0.5261465907096863]
[0.5070777535438538, 0.5179176330566406, 0.5008566379547119, 0.4304753541946411, 0.5586345791816711]
[0.48348522186279297, 0.5708739757537842, 0.44765716791152954, 0.3253419101238251, 0.48851844668388367]
[0.298610121011734, 0.531061589717865, 0.44933611154556274, 0.31614208221435547, 0.4070498049259186]
[0.5255064964294434, 0.5228711366653442, 0.45834359526634216, 0.3355107009410858, 0.5162871479988098]
[0.5040035247802734, 0.5719863772392273, 0.43091994524002075, 0.27657848596572876, 0.5261465907096863]
[0.511309802532196, 0.5766839981079102, 0.43399107456207275, 0.3152695298194885, 0.5107602477073669]
[0.5479222536087036, 0.5357394814491272, 0.4183436334133148, 0.2781786024570465, 0.5537046790122986]
[0.5040035247802734, 0.5719863772392273, 0.43091994524002075, 0.27657848596572876, 0.5261465907096863]
[0.521176815032959, 0.5660402774810791, 0.42336711287498474, 0.2864307761192322, 0.5305808186531067]
[0.4551842212677002, 0.5658746957778931, 0.42652425169944763, 0.298109233379364, 0.4906432330608368]
[0.5118030309677124, 0.5730928778648376, 0.45949575304985046, 0.30369865894317627, 0.526046097278595]
[0.3664727509021759, 0.554492712020874, 0.4789113998413086, 0.287409245967865, 0.4113079607486725]
[0.4940912425518036, 0.5747908353805542, 0.43497559428215027, 0.31081685423851013, 0.5133518576622009]
[0.5316365957260132, 0.5551292300224304, 0.4136960208415985, 0.28403720259666443, 0.5411794781684875]
[0.5143227577209473, 0.5605414509773254, 0.44709816575050354, 0.32536423206329346, 0.514909565448761]
[0.49501514434814453, 0.5676559209823608, 0.4482775926589966, 0.3063308596611023, 0.5212731957435608]
[0.5310633778572083, 0.5913262367248535, 0.406970739364624, 0.2608931064605713, 0.5577508211135864]
[0.3718954026699066, 0.5464399456977844, 0.45947784185409546, 0.3435528576374054, 0.4278606176376343]
[0.5116381645202637, 0.5735814571380615, 0.43105074763298035, 0.31762006878852844, 0.5218788385391235]
[0.49501514434814453, 0.5676559209823608, 0.4482775926589966, 0.3063308596611023, 0.5212731957435608]
[0.5446116328239441, 0.5327900052070618, 0.44030895829200745, 0.28803765773773193, 0.510374903678894]
[0.49501514434814453, 0.5676559209823608, 0.4482775926589966, 0.3063308596611023, 0.5212731957435608]
[0.5446116328239441, 0.5327900052070618, 0.44030895829200745, 0.28803765773773193, 0.510374903678894]
[0.5446116328239441, 0.5327900052070618, 0.44030895829200745, 0.28803765773773193, 0.510374903678894]
[0.5425528287887573, 0.5325338840484619, 0.4438309967517853, 0.2903159260749817, 0.5090687870979309]
[0.5446116328239441, 0.5327900052070618, 0.44030895829200745, 0.28803765773773193, 0.510374903678894]
[0.5446116328239441, 0.5327900052070618, 0.44030895829200745, 0.28803765773773193, 0.510374903678894]
[0.5446116328239441, 0.5327900052070618, 0.44030895829200745, 0.28803765773773193, 0.510374903678894]
[0.5446116328239441, 0.5327900052070618, 0.44030895829200745, 0.28803765773773193, 0.510374903678894]
[0.5446116328239441, 0.5327900052070618, 0.44030895829200745, 0.28803765773773193, 0.510374903678894]
[0.5446116328239441, 0.5327900052070618, 0.44030895829200745, 0.28803765773773193, 0.510374903678894]
[0.5446116328239441, 0.5327900052070618, 0.44030895829200745, 0.28803765773773193, 0.510374903678894]
[0.5446116328239441, 0.5327900052070618, 0.44030895829200745, 0.28803765773773193, 0.510374903678894]
[0.5446116328239441, 0.5327900052070618, 0.44030895829200745, 0.28803765773773193, 0.510374903678894]
[0.5446116328239441, 0.5327900052070618, 0.44030895829200745, 0.28803765773773193, 0.510374903678894]
[0.5446116328239441, 0.5327900052070618, 0.44030895829200745, 0.28803765773773193, 0.510374903678894]
[0.5446116328239441, 0.5327900052070618, 0.44030895829200745, 0.28803765773773193, 0.510374903678894]
[0.5425528287887573, 0.5325338840484619, 0.4438309967517853, 0.2903159260749817, 0.5090687870979309]
[0.5446116328239441, 0.5327900052070618, 0.44030895829200745, 0.28803765773773193, 0.510374903678894]
[0.5446116328239441, 0.5327900052070618, 0.44030895829200745, 0.28803765773773193, 0.510374903678894]
[0.5446116328239441, 0.5327900052070618, 0.44030895829200745, 0.28803765773773193, 0.510374903678894]
[0.5446116328239441, 0.5327900052070618, 0.44030895829200745, 0.28803765773773193, 0.510374903678894]
[0.5394759178161621, 0.5308812260627747, 0.4432235360145569, 0.2782728374004364, 0.512860894203186]
[0.5446116328239441, 0.5327900052070618, 0.44030895829200745, 0.28803765773773193, 0.510374903678894]
[0.5446116328239441, 0.5327900052070618, 0.44030895829200745, 0.28803765773773193, 0.510374903678894]
[0.5446116328239441, 0.5327900052070618, 0.44030895829200745, 0.28803765773773193, 0.510374903678894]
[0.5446116328239441, 0.5327900052070618, 0.44030895829200745, 0.28803765773773193, 0.510374903678894]
[0.5446116328239441, 0.5327900052070618, 0.44030895829200745, 0.28803765773773193, 0.510374903678894]
[0.5425528287887573, 0.5325338840484619, 0.4438309967517853, 0.2903159260749817, 0.5090687870979309]
[0.5425528287887573, 0.5325338840484619, 0.4438309967517853, 0.2903159260749817, 0.5090687870979309]
[0.5425528287887573, 0.5325338840484619, 0.4438309967517853, 0.2903159260749817, 0.5090687870979309]
[0.5408315062522888, 0.5342497825622559, 0.44059157371520996, 0.28929731249809265, 0.5084847807884216]
[0.546638548374176, 0.5338302850723267, 0.4419524669647217, 0.28982850909233093, 0.5074595212936401]
[0.46379339694976807, 0.5263689160346985, 0.4625209867954254, 0.2910026013851166, 0.4356575608253479]
[0.5408315062522888, 0.5342497825622559, 0.44059157371520996, 0.28929731249809265, 0.5084847807884216]
[0.546638548374176, 0.5338302850723267, 0.4419524669647217, 0.28982850909233093, 0.5074595212936401]
[0.5408315062522888, 0.5342497825622559, 0.44059157371520996, 0.28929731249809265, 0.5084847807884216]
