0
人肉“女版药家鑫”张彦，不肉不行了！你的良心是什么特殊材质做的？撞人后脱衣躺地阻挠救护车，又强行将四岁受伤的孩子抢来扔到地上导致孩子不治身亡，你还是人吗？张彦，山东省医专高等专科学校中医药教研办公室，现任讲师。曾教过多年人体解剖学和医学心理学与精神病学。
[0.4962938725948334, 0.5298256278038025, 0.5248547196388245, 0.4136144816875458, 0.538250207901001]
[0.3321322500705719, 0.5619553327560425, 0.44466179609298706, 0.28787761926651, 0.4495306611061096]
[0.4815698564052582, 0.5668259263038635, 0.44760647416114807, 0.3029475510120392, 0.5223907828330994]
[0.5445553064346313, 0.5674444437026978, 0.41411808133125305, 0.2665640115737915, 0.5547559857368469]
[0.5664893984794617, 0.5876714587211609, 0.4169379472732544, 0.25832438468933105, 0.5511159896850586]
[0.46819350123405457, 0.5855773091316223, 0.45618632435798645, 0.2773605287075043, 0.5341178178787231]
[0.47888514399528503, 0.580306887626648, 0.44685980677604675, 0.2953542470932007, 0.5089364647865295]
[0.4707182049751282, 0.551000714302063, 0.45675742626190186, 0.30859020352363586, 0.49338018894195557]
[0.4089055061340332, 0.5784577131271362, 0.45308005809783936, 0.2784103751182556, 0.48602575063705444]
[0.5157974362373352, 0.5832683444023132, 0.40395286679267883, 0.2567165195941925, 0.5670627951622009]
[0.556257426738739, 0.5884820222854614, 0.4183661639690399, 0.26306048035621643, 0.5582015514373779]
[0.49457621574401855, 0.5891373753547668, 0.42986172437667847, 0.2817908823490143, 0.5186925530433655]
[0.5579179525375366, 0.5891914367675781, 0.4082770049571991, 0.2642814815044403, 0.5641250014305115]
[0.4798247814178467, 0.585975706577301, 0.4471791982650757, 0.28851330280303955, 0.5248593091964722]
[0.4325424134731293, 0.5435783267021179, 0.4865911304950714, 0.38581985235214233, 0.47233760356903076]
[0.5465471148490906, 0.5733134150505066, 0.41317299008369446, 0.2714707553386688, 0.5267363786697388]
[0.5437063574790955, 0.5778977870941162, 0.41797199845314026, 0.28408509492874146, 0.5469803810119629]
[0.5139521956443787, 0.5599436163902283, 0.42203226685523987, 0.2887987494468689, 0.5269044637680054]
[0.487735390663147, 0.554224967956543, 0.4626031517982483, 0.32709801197052, 0.5074858069419861]
[0.5545356869697571, 0.5886598229408264, 0.4078866243362427, 0.23143982887268066, 0.579753577709198]
[0.46263453364372253, 0.5519319772720337, 0.49605801701545715, 0.35010766983032227, 0.4841018617153168]
[0.526637613773346, 0.5634222030639648, 0.4351387321949005, 0.3116098940372467, 0.5502620935440063]
[0.45608651638031006, 0.5845223069190979, 0.4380788803100586, 0.2743692994117737, 0.5075499415397644]
[0.49975526332855225, 0.5874056220054626, 0.4230498969554901, 0.27203112840652466, 0.5168728828430176]
[0.5004822611808777, 0.5801363587379456, 0.4219091534614563, 0.290447473526001, 0.52779221534729]
[0.5449877381324768, 0.5920796990394592, 0.4063304662704468, 0.24931807816028595, 0.577442467212677]
[0.3698428273200989, 0.5436661839485168, 0.4319998323917389, 0.26707351207733154, 0.43440917134284973]
[0.5167638063430786, 0.5968844294548035, 0.4287433922290802, 0.27160751819610596, 0.5194841623306274]
[0.33655980229377747, 0.5397905707359314, 0.5092074275016785, 0.3966628313064575, 0.435377299785614]
[0.5443215370178223, 0.5912742614746094, 0.43774276971817017, 0.306138813495636, 0.532146155834198]
[0.5246290564537048, 0.5526414513587952, 0.4250830411911011, 0.29638752341270447, 0.5639642477035522]
[0.3525565266609192, 0.5549966096878052, 0.4557444751262665, 0.29298844933509827, 0.43208077549934387]
[0.49932441115379333, 0.5864151120185852, 0.410916805267334, 0.28252261877059937, 0.5141526460647583]
[0.4940986931324005, 0.5417014360427856, 0.4741761088371277, 0.35032764077186584, 0.5257717370986938]
[0.5451405048370361, 0.5799071192741394, 0.4316512644290924, 0.266661137342453, 0.5196403861045837]
[0.4820896089076996, 0.5382422804832458, 0.46314162015914917, 0.33774346113204956, 0.5355046987533569]
[0.5547298789024353, 0.560985267162323, 0.4235072433948517, 0.28563910722732544, 0.5453236699104309]
[0.40056031942367554, 0.5212528109550476, 0.5073034763336182, 0.4153166115283966, 0.4568159282207489]
[0.45419999957084656, 0.5687848925590515, 0.4656667411327362, 0.34430184960365295, 0.49619051814079285]
[0.4759010672569275, 0.5579942464828491, 0.4535050392150879, 0.3097783029079437, 0.5069259405136108]
[0.4495870769023895, 0.5737953782081604, 0.48390358686447144, 0.3436761498451233, 0.4787037968635559]
[0.5122714042663574, 0.5766435861587524, 0.418464332818985, 0.29385438561439514, 0.5439008474349976]
[0.5719333291053772, 0.5672256350517273, 0.39802083373069763, 0.29311007261276245, 0.5405723452568054]
[0.46886101365089417, 0.573827862739563, 0.44195446372032166, 0.3128218352794647, 0.4974512457847595]
[0.5302562117576599, 0.5460270047187805, 0.4265538454055786, 0.31220388412475586, 0.5478155016899109]
[0.4724784791469574, 0.5601545572280884, 0.4754725396633148, 0.31888535618782043, 0.4949479103088379]
[0.4337414801120758, 0.5201082825660706, 0.5043269991874695, 0.38343286514282227, 0.488277405500412]
[0.5407004356384277, 0.57588130235672, 0.41355159878730774, 0.28038427233695984, 0.5573504567146301]
[0.5750996470451355, 0.5394139289855957, 0.5960599780082703, 0.5031376481056213, 0.5230250954627991]
[0.5026203393936157, 0.5729264616966248, 0.42413628101348877, 0.29560598731040955, 0.5317563414573669]
[0.48865845799446106, 0.5422058701515198, 0.46115273237228394, 0.3449888527393341, 0.5074450373649597]
[0.5093003511428833, 0.5822780132293701, 0.4289599061012268, 0.28204113245010376, 0.5447935461997986]
[0.5310899615287781, 0.5899277925491333, 0.42393261194229126, 0.2642262876033783, 0.5503171682357788]
[0.44985073804855347, 0.5594590306282043, 0.43661707639694214, 0.30550822615623474, 0.48464423418045044]
[0.43695127964019775, 0.547519326210022, 0.4780634045600891, 0.3559900224208832, 0.4499313235282898]
[0.5319236516952515, 0.5977411270141602, 0.4187779724597931, 0.2688981592655182, 0.5422312021255493]
[0.5445473194122314, 0.5816474556922913, 0.39353814721107483, 0.271915465593338, 0.5334702134132385]
[0.5306317210197449, 0.6074514985084534, 0.4270767867565155, 0.2711300849914551, 0.5435031652450562]
[0.47195932269096375, 0.5608786940574646, 0.4278546869754791, 0.28751808404922485, 0.5127060413360596]
[0.5693179965019226, 0.5880916714668274, 0.4120418429374695, 0.2428867220878601, 0.5568305850028992]
[0.5197482705116272, 0.578904926776886, 0.4156976044178009, 0.2530632019042969, 0.5309793949127197]
[0.5345956683158875, 0.5553681254386902, 0.4546535611152649, 0.3415740132331848, 0.5419654250144958]
[0.3518857955932617, 0.5576551556587219, 0.4927023947238922, 0.3410811424255371, 0.43226584792137146]
[0.5336660146713257, 0.5756515860557556, 0.4064406454563141, 0.27275997400283813, 0.5618652701377869]
[0.49615180492401123, 0.5585437417030334, 0.4284881353378296, 0.30523815751075745, 0.5229983329772949]
[0.5122113823890686, 0.5673832893371582, 0.4173232614994049, 0.27660101652145386, 0.5094056725502014]
[0.521691083908081, 0.5878927707672119, 0.4193263351917267, 0.279192179441452, 0.5255200266838074]
[0.5287993550300598, 0.5773443579673767, 0.41032543778419495, 0.2913891673088074, 0.5271991491317749]
[0.4836416244506836, 0.5729794502258301, 0.45015770196914673, 0.2900550365447998, 0.5164730548858643]
[0.521691083908081, 0.5878927707672119, 0.4193263351917267, 0.279192179441452, 0.5255200266838074]
[0.5194728374481201, 0.589258074760437, 0.39625442028045654, 0.2615104615688324, 0.5577403903007507]
[0.5131559371948242, 0.5730367302894592, 0.42842406034469604, 0.28663769364356995, 0.5116159319877625]
[0.5089744329452515, 0.5746104717254639, 0.44187501072883606, 0.3082744777202606, 0.5275372862815857]
[0.5401572585105896, 0.5684017539024353, 0.42139723896980286, 0.3028165400028229, 0.5425741076469421]
[0.4941518306732178, 0.5461430549621582, 0.45495501160621643, 0.30541008710861206, 0.5066514015197754]
[0.5157545208930969, 0.5739903450012207, 0.4381018579006195, 0.30073675513267517, 0.5325455069541931]
[0.4800558388233185, 0.5422917008399963, 0.48836734890937805, 0.37840864062309265, 0.5168457627296448]
[0.5404128432273865, 0.5823633670806885, 0.4184034764766693, 0.2794688045978546, 0.539771318435669]
[0.4854024052619934, 0.5609263777732849, 0.43055039644241333, 0.2996506989002228, 0.5054673552513123]
[0.4764448404312134, 0.5809507966041565, 0.43863245844841003, 0.2749477028846741, 0.49150267243385315]
[0.44289517402648926, 0.5586246252059937, 0.42436861991882324, 0.30204954743385315, 0.5021947026252747]
[0.4706028997898102, 0.524457573890686, 0.49153539538383484, 0.3556842505931854, 0.48597636818885803]
[0.5139054656028748, 0.5745025277137756, 0.4207223653793335, 0.266951322555542, 0.5330386757850647]
[0.5339164733886719, 0.5786992311477661, 0.4038984179496765, 0.2901490330696106, 0.5411615371704102]
[0.5080189108848572, 0.5444340109825134, 0.4720209836959839, 0.36139610409736633, 0.544521689414978]
[0.45593205094337463, 0.5874029994010925, 0.45679277181625366, 0.30226901173591614, 0.4901689291000366]
[0.4694518446922302, 0.5703734159469604, 0.4240267276763916, 0.29674991965293884, 0.47446855902671814]
[0.5515908598899841, 0.560019850730896, 0.43388330936431885, 0.32584255933761597, 0.5472193956375122]
[0.5337598323822021, 0.5840581655502319, 0.40949150919914246, 0.2827938497066498, 0.5408440232276917]
[0.4632856249809265, 0.5582885146141052, 0.4348893165588379, 0.30384498834609985, 0.5034411549568176]
[0.41179925203323364, 0.5502653121948242, 0.489906370639801, 0.36796504259109497, 0.46535083651542664]
[0.525040864944458, 0.5783905982971191, 0.41194653511047363, 0.2841486632823944, 0.541232168674469]
[0.41512036323547363, 0.5570905208587646, 0.46001821756362915, 0.32684561610221863, 0.4312971234321594]
[0.5703261494636536, 0.5535090565681458, 0.42163529992103577, 0.30394741892814636, 0.5666953325271606]
[0.5080077052116394, 0.5897989869117737, 0.4362184405326843, 0.27408578991889954, 0.5240542888641357]
[0.5095773339271545, 0.5479333996772766, 0.4633904993534088, 0.35952678322792053, 0.560721218585968]
[0.49948400259017944, 0.5148729085922241, 0.4992293119430542, 0.34443461894989014, 0.4977198541164398]
[0.5250091552734375, 0.5693817734718323, 0.4245503842830658, 0.2920265197753906, 0.5343981981277466]
[0.46814829111099243, 0.5702298283576965, 0.4689788520336151, 0.3415347933769226, 0.4891291558742523]
[0.513359010219574, 0.5936717391014099, 0.4329623878002167, 0.2789705693721771, 0.5138610005378723]
[0.43543896079063416, 0.5701407194137573, 0.4579945504665375, 0.3067198097705841, 0.45481017231941223]
