0
#都市情缘#现在还没睡的夜猫出来聊会天啦说不定能找到每天晚上陪你聊天的人哟~
[0.4887234568595886, 0.5193377733230591, 0.4877554774284363, 0.3449972867965698, 0.5206993818283081]
[0.5701072216033936, 0.5843555927276611, 0.4017973244190216, 0.2557345926761627, 0.5528690814971924]
[0.4383694529533386, 0.5382813811302185, 0.4422835409641266, 0.2934762239456177, 0.4703713357448578]
[0.4292910397052765, 0.5639118552207947, 0.44318100810050964, 0.27768757939338684, 0.5017628073692322]
[0.5476771593093872, 0.5940872430801392, 0.4082387685775757, 0.2632790803909302, 0.5607843399047852]
[0.47257453203201294, 0.5770022869110107, 0.4547129273414612, 0.298197865486145, 0.5179107785224915]
[0.5288580656051636, 0.5530393123626709, 0.4603995978832245, 0.2857257127761841, 0.5261404514312744]
[0.5242267847061157, 0.5717328190803528, 0.4631890654563904, 0.31724509596824646, 0.5491672158241272]
[0.43190547823905945, 0.5288856625556946, 0.5220723152160645, 0.3545055389404297, 0.4763367176055908]
[0.47257453203201294, 0.5770022869110107, 0.4547129273414612, 0.298197865486145, 0.5179107785224915]
[0.4508368670940399, 0.5454517602920532, 0.4691769480705261, 0.34318795800209045, 0.4499962627887726]
[0.5318483710289001, 0.5606508851051331, 0.44663649797439575, 0.27666956186294556, 0.5163830518722534]
[0.47257453203201294, 0.5770022869110107, 0.4547129273414612, 0.298197865486145, 0.5179107785224915]
[0.49629250168800354, 0.5694878101348877, 0.45630961656570435, 0.3545028865337372, 0.50301194190979]
[0.49563273787498474, 0.5410871505737305, 0.45492056012153625, 0.31946253776550293, 0.49213889241218567]
[0.4243185520172119, 0.5558369755744934, 0.47595468163490295, 0.35157182812690735, 0.475951224565506]
[0.4243185520172119, 0.5558369755744934, 0.47595468163490295, 0.35157182812690735, 0.475951224565506]
[0.5576211810112, 0.5909671187400818, 0.41868430376052856, 0.25285789370536804, 0.583681046962738]
[0.5849641561508179, 0.5616138577461243, 0.4185093939304352, 0.27292975783348083, 0.5658430457115173]
[0.5052073001861572, 0.5714476704597473, 0.4204815924167633, 0.28898054361343384, 0.5109553933143616]
[0.47257453203201294, 0.5770022869110107, 0.4547129273414612, 0.298197865486145, 0.5179107785224915]
[0.5403271913528442, 0.5573517680168152, 0.42485830187797546, 0.2705681622028351, 0.5834251046180725]
[0.46277257800102234, 0.5707610249519348, 0.45105960965156555, 0.31272807717323303, 0.5031629800796509]
[0.48616984486579895, 0.5688832998275757, 0.4560694694519043, 0.30735573172569275, 0.4702536165714264]
[0.5352669954299927, 0.5850973129272461, 0.4200138747692108, 0.26667526364326477, 0.5424044728279114]
[0.5437982082366943, 0.5597094893455505, 0.421602338552475, 0.2711643576622009, 0.5727070569992065]
[0.4292910397052765, 0.5639118552207947, 0.44318100810050964, 0.27768757939338684, 0.5017628073692322]
[0.5476771593093872, 0.5940872430801392, 0.4082387685775757, 0.2632790803909302, 0.5607843399047852]
[0.5288580656051636, 0.5530393123626709, 0.4603995978832245, 0.2857257127761841, 0.5261404514312744]
[0.502504825592041, 0.5714515447616577, 0.4513329565525055, 0.2922495901584625, 0.5343018174171448]
[0.502504825592041, 0.5714515447616577, 0.4513329565525055, 0.2922495901584625, 0.5343018174171448]
[0.5059071779251099, 0.5746345520019531, 0.4046376645565033, 0.2731969952583313, 0.5365790128707886]
[0.5198761224746704, 0.5835508704185486, 0.42733076214790344, 0.26984986662864685, 0.5559582114219666]
[0.47257453203201294, 0.5770022869110107, 0.4547129273414612, 0.298197865486145, 0.5179107785224915]
[0.5370076894760132, 0.5780266523361206, 0.429426372051239, 0.27517732977867126, 0.5506911873817444]
[0.6074498891830444, 0.5812588930130005, 0.35974517464637756, 0.21131421625614166, 0.6046879887580872]
[0.554838240146637, 0.5504730343818665, 0.45210006833076477, 0.2804247736930847, 0.5476232171058655]
[0.5060075521469116, 0.565980076789856, 0.43772220611572266, 0.30342671275138855, 0.5275565981864929]
[0.5437982082366943, 0.5597094893455505, 0.421602338552475, 0.2711643576622009, 0.5727070569992065]
[0.5148400068283081, 0.575853168964386, 0.4409686326980591, 0.28884997963905334, 0.5314434766769409]
[0.48616984486579895, 0.5688832998275757, 0.4560694694519043, 0.30735573172569275, 0.4702536165714264]
[0.5437982082366943, 0.5597094893455505, 0.421602338552475, 0.2711643576622009, 0.5727070569992065]
[0.5352669954299927, 0.5850973129272461, 0.4200138747692108, 0.26667526364326477, 0.5424044728279114]
[0.44622376561164856, 0.5218170285224915, 0.4975789487361908, 0.3778245747089386, 0.424973726272583]
[0.4292910397052765, 0.5639118552207947, 0.44318100810050964, 0.27768757939338684, 0.5017628073692322]
[0.5288580656051636, 0.5530393123626709, 0.4603995978832245, 0.2857257127761841, 0.5261404514312744]
[0.5257971882820129, 0.5701909065246582, 0.4322764575481415, 0.259087473154068, 0.5669627785682678]
[0.5242267847061157, 0.5717328190803528, 0.4631890654563904, 0.31724509596824646, 0.5491672158241272]
[0.4508368670940399, 0.5454517602920532, 0.4691769480705261, 0.34318795800209045, 0.4499962627887726]
[0.44987669587135315, 0.5396933555603027, 0.49091866612434387, 0.4294147789478302, 0.4810763895511627]
[0.47790950536727905, 0.5713586211204529, 0.4414724111557007, 0.2845655083656311, 0.5199095606803894]
[0.5318483710289001, 0.5606508851051331, 0.44663649797439575, 0.27666956186294556, 0.5163830518722534]
[0.45525550842285156, 0.5806307196617126, 0.4410092830657959, 0.2939578592777252, 0.47601303458213806]
[0.44629666209220886, 0.5279205441474915, 0.481950581073761, 0.41130465269088745, 0.4854218363761902]
[0.5078020691871643, 0.5884150862693787, 0.4792402684688568, 0.360160768032074, 0.5152865648269653]
[0.5089930891990662, 0.5830472707748413, 0.4279780983924866, 0.2806042432785034, 0.5176941156387329]
[0.5124742984771729, 0.5837584137916565, 0.4102361500263214, 0.2868064045906067, 0.5267788767814636]
[0.5318483710289001, 0.5606508851051331, 0.44663649797439575, 0.27666956186294556, 0.5163830518722534]
[0.5038536787033081, 0.5298450589179993, 0.49056658148765564, 0.34987449645996094, 0.4755329191684723]
[0.4530271589756012, 0.540902316570282, 0.4869229197502136, 0.3917272984981537, 0.48290619254112244]
[0.5360127687454224, 0.5730461478233337, 0.40885889530181885, 0.29071271419525146, 0.5536258816719055]
[0.47888627648353577, 0.5411660671234131, 0.47275084257125854, 0.30763161182403564, 0.4862652122974396]
[0.49301785230636597, 0.5731474757194519, 0.4425239562988281, 0.2996855676174164, 0.5398231148719788]
[0.42787593603134155, 0.5598463416099548, 0.4713195860385895, 0.2930715084075928, 0.484770804643631]
[0.5318483710289001, 0.5606508851051331, 0.44663649797439575, 0.27666956186294556, 0.5163830518722534]
[0.5437692403793335, 0.5719456672668457, 0.40434813499450684, 0.24093934893608093, 0.5636809468269348]
[0.4554135203361511, 0.5333963632583618, 0.46023422479629517, 0.3321664333343506, 0.46854832768440247]
[0.47647833824157715, 0.5589929819107056, 0.44378918409347534, 0.3110402822494507, 0.5002512335777283]
[0.5522583723068237, 0.5498138666152954, 0.43357017636299133, 0.2795673608779907, 0.5714508891105652]
[0.5650508999824524, 0.550769567489624, 0.42739447951316833, 0.2923779785633087, 0.5749960541725159]
[0.5029054880142212, 0.5659428834915161, 0.422515869140625, 0.27691763639450073, 0.5519982576370239]
[0.5318483710289001, 0.5606508851051331, 0.44663649797439575, 0.27666956186294556, 0.5163830518722534]
[0.5029054880142212, 0.5659428834915161, 0.422515869140625, 0.27691763639450073, 0.5519982576370239]
[0.4745120406150818, 0.5857594609260559, 0.43778324127197266, 0.2716679275035858, 0.523460328578949]
[0.5318483710289001, 0.5606508851051331, 0.44663649797439575, 0.27666956186294556, 0.5163830518722534]
[0.5029054880142212, 0.5659428834915161, 0.422515869140625, 0.27691763639450073, 0.5519982576370239]
[0.5414345860481262, 0.5806716680526733, 0.4315369427204132, 0.2934788465499878, 0.5281665921211243]
[0.4270031154155731, 0.5431385040283203, 0.4765028655529022, 0.3674429953098297, 0.4754461348056793]
[0.48996543884277344, 0.577921986579895, 0.46082714200019836, 0.30998489260673523, 0.5109869241714478]
[0.5148400068283081, 0.575853168964386, 0.4409686326980591, 0.28884997963905334, 0.5314434766769409]
[0.48616984486579895, 0.5688832998275757, 0.4560694694519043, 0.30735573172569275, 0.4702536165714264]
[0.4879530668258667, 0.5729678273200989, 0.4221896529197693, 0.3062969446182251, 0.5255199670791626]
[0.4300020933151245, 0.5267771482467651, 0.5313076972961426, 0.44821590185165405, 0.45518264174461365]
[0.4614253640174866, 0.5432683229446411, 0.4680008888244629, 0.3629642128944397, 0.48182594776153564]
[0.5456178784370422, 0.5836650729179382, 0.4308829605579376, 0.2601030766963959, 0.5582168102264404]
[0.5318483710289001, 0.5606508851051331, 0.44663649797439575, 0.27666956186294556, 0.5163830518722534]
[0.5352669954299927, 0.5850973129272461, 0.4200138747692108, 0.26667526364326477, 0.5424044728279114]
[0.5375475287437439, 0.5632346868515015, 0.43997880816459656, 0.3241924047470093, 0.5344175696372986]
[0.40173155069351196, 0.5408501029014587, 0.4713664650917053, 0.3119916319847107, 0.4735139310359955]
[0.5770300626754761, 0.5880830883979797, 0.4040706157684326, 0.24532954394817352, 0.6031959056854248]
[0.5733771920204163, 0.5975809097290039, 0.41631758213043213, 0.24210502207279205, 0.5591789484024048]
[0.5297240018844604, 0.5701982378959656, 0.4612690210342407, 0.3413594961166382, 0.5403159856796265]
[0.5352669954299927, 0.5850973129272461, 0.4200138747692108, 0.26667526364326477, 0.5424044728279114]
[0.502504825592041, 0.5714515447616577, 0.4513329565525055, 0.2922495901584625, 0.5343018174171448]
[0.4259556233882904, 0.5592859983444214, 0.4628787338733673, 0.32314929366111755, 0.47288504242897034]
