0
【九种性格的男人要少碰】1 非常酷非常深沉的男人；2 过分追求事业的男人；3 “浪子”型的男人；4 大男子主义者；5 油腔滑调的男人；6 有很多女性朋友的男人；7 有恋母情结并且女性化的男人；8志大而才疏的男人；9 不修边幅。-->>>
[0.5252722501754761, 0.5609632730484009, 0.45950743556022644, 0.2894376814365387, 0.5491018891334534]
[0.4275378882884979, 0.5718470811843872, 0.44574612379074097, 0.29460960626602173, 0.4921588897705078]
[0.3558201491832733, 0.5482275485992432, 0.48219016194343567, 0.3073063790798187, 0.4231405258178711]
[0.458176851272583, 0.5644688606262207, 0.46031251549720764, 0.32051780819892883, 0.5181707143783569]
[0.4862551987171173, 0.5816320776939392, 0.45173195004463196, 0.31858694553375244, 0.5121845602989197]
[0.5146188139915466, 0.5446489453315735, 0.41723641753196716, 0.28989914059638977, 0.5097639560699463]
[0.4444671869277954, 0.556276261806488, 0.4552273750305176, 0.32834285497665405, 0.46087363362312317]
[0.47694599628448486, 0.5707288980484009, 0.4301442503929138, 0.2884899973869324, 0.49586066603660583]
[0.3536585867404938, 0.561711847782135, 0.4298149049282074, 0.27608194947242737, 0.44226711988449097]
[0.5275729894638062, 0.5859180688858032, 0.4228576719760895, 0.2802053987979889, 0.5224067568778992]
[0.4558385908603668, 0.5725855827331543, 0.4517258107662201, 0.2872517704963684, 0.49999016523361206]
[0.5017572045326233, 0.5671234726905823, 0.43729621171951294, 0.31616175174713135, 0.5413001179695129]
[0.5288147330284119, 0.5613054037094116, 0.4334369897842407, 0.28884610533714294, 0.5557315945625305]
[0.44214409589767456, 0.5488420724868774, 0.46411508321762085, 0.3383033573627472, 0.48117905855178833]
[0.3931936025619507, 0.5433019399642944, 0.47120118141174316, 0.34589555859565735, 0.45154908299446106]
[0.4793059229850769, 0.5901544690132141, 0.4407564103603363, 0.2736271917819977, 0.5025061964988708]
[0.4379250109195709, 0.5759888291358948, 0.454623818397522, 0.27808621525764465, 0.4731375575065613]
[0.48379552364349365, 0.5937032699584961, 0.41920071840286255, 0.2830924987792969, 0.4925927221775055]
[0.39091917872428894, 0.5497860312461853, 0.45343664288520813, 0.3185289800167084, 0.444491446018219]
[0.44731464982032776, 0.5307191610336304, 0.479489803314209, 0.3211822211742401, 0.5003005266189575]
[0.462725430727005, 0.5271152257919312, 0.4814291298389435, 0.3273759186267853, 0.4457535743713379]
[0.5394970178604126, 0.5782760977745056, 0.43651944398880005, 0.26916244626045227, 0.511790931224823]
[0.4510522186756134, 0.5423028469085693, 0.440812349319458, 0.33542078733444214, 0.44493070244789124]
[0.5687142014503479, 0.5827518701553345, 0.42776042222976685, 0.2684241235256195, 0.5737165212631226]
[0.48379552364349365, 0.5937032699584961, 0.41920071840286255, 0.2830924987792969, 0.4925927221775055]
[0.47542625665664673, 0.5925166606903076, 0.44173479080200195, 0.2685149013996124, 0.4759676456451416]
[0.5892266035079956, 0.5482983589172363, 0.4141525328159332, 0.28416088223457336, 0.5419014096260071]
[0.5095071196556091, 0.5809636116027832, 0.43932420015335083, 0.2793845534324646, 0.5247434377670288]
[0.45046743750572205, 0.5684137940406799, 0.4865345060825348, 0.3306955397129059, 0.5106030702590942]
[0.4858261048793793, 0.5743758082389832, 0.4216555058956146, 0.29527872800827026, 0.5309781432151794]
[0.4532686769962311, 0.5634118318557739, 0.44533586502075195, 0.28740859031677246, 0.47221237421035767]
[0.44420114159584045, 0.5348905920982361, 0.4524710476398468, 0.34946680068969727, 0.4583786427974701]
[0.509245753288269, 0.5746938586235046, 0.42008212208747864, 0.27138400077819824, 0.5373514890670776]
[0.46561017632484436, 0.517106294631958, 0.49691537022590637, 0.3571752607822418, 0.4824787378311157]
[0.5608522891998291, 0.574169933795929, 0.4250008463859558, 0.2681172490119934, 0.5720887184143066]
[0.4839063882827759, 0.5360813140869141, 0.4798578917980194, 0.37288370728492737, 0.48326507210731506]
