0
韩国人气偶像#李准基#服役回归后的首部作品与九尾狐申敏儿合作出演的#阿娘使道传#强势来袭，由PPTV韩娱频道每周四五独家播出。 喜欢 或这部剧的粉丝们， 猛戳 为您呈上该剧与主演最新最全内容。
[0.4956913888454437, 0.5294386148452759, 0.4785177707672119, 0.3010846674442291, 0.4962063133716583]
[0.5163999199867249, 0.5201390385627747, 0.44988328218460083, 0.33309206366539, 0.5532351136207581]
[0.5343934893608093, 0.5822031497955322, 0.42310720682144165, 0.27871477603912354, 0.5533434748649597]
[0.41486141085624695, 0.554816484451294, 0.4577992856502533, 0.3037588894367218, 0.4935014545917511]
[0.5430936813354492, 0.5933454632759094, 0.4148803949356079, 0.2509933412075043, 0.5609080791473389]
[0.5295935869216919, 0.5813705325126648, 0.4038316607475281, 0.26904821395874023, 0.554020345211029]
[0.5025830864906311, 0.5111033320426941, 0.5297209024429321, 0.4699210226535797, 0.5564411878585815]
[0.47945523262023926, 0.5305618047714233, 0.4610990881919861, 0.3158647119998932, 0.49439945816993713]
[0.458918958902359, 0.5481687784194946, 0.4351041913032532, 0.31247028708457947, 0.4956340193748474]
[0.41486141085624695, 0.554816484451294, 0.4577992856502533, 0.3037588894367218, 0.4935014545917511]
[0.5143889784812927, 0.5699437260627747, 0.42695510387420654, 0.28156375885009766, 0.5594776272773743]
[0.41486141085624695, 0.554816484451294, 0.4577992856502533, 0.3037588894367218, 0.4935014545917511]
[0.45218852162361145, 0.5308126211166382, 0.48001447319984436, 0.3617332875728607, 0.4918467104434967]
[0.505525529384613, 0.5691428780555725, 0.4334365427494049, 0.25370386242866516, 0.5351073145866394]
[0.37431201338768005, 0.5297174453735352, 0.49440696835517883, 0.39438214898109436, 0.4185474216938019]
[0.5163483619689941, 0.5589475035667419, 0.4493872821331024, 0.3390168845653534, 0.5233955979347229]
[0.5984745025634766, 0.565433144569397, 0.38035356998443604, 0.24545973539352417, 0.6039542555809021]
[0.49503082036972046, 0.56673663854599, 0.47006046772003174, 0.33471155166625977, 0.48936736583709717]
[0.4900128245353699, 0.5591515302658081, 0.45922669768333435, 0.33906590938568115, 0.489959716796875]
[0.5246297717094421, 0.5380868911743164, 0.43639934062957764, 0.29017165303230286, 0.5429709553718567]
[0.4365274906158447, 0.5570440888404846, 0.4536963701248169, 0.2875770628452301, 0.5012041330337524]
[0.5216483473777771, 0.5106040835380554, 0.4727941155433655, 0.3269031345844269, 0.5517500042915344]
[0.41486141085624695, 0.554816484451294, 0.4577992856502533, 0.3037588894367218, 0.4935014545917511]
[0.605651319026947, 0.5766812562942505, 0.36146941781044006, 0.22670070827007294, 0.5997092127799988]
[0.5386815667152405, 0.5142090320587158, 0.48296868801116943, 0.4070188105106354, 0.5678830146789551]
[0.41486141085624695, 0.554816484451294, 0.4577992856502533, 0.3037588894367218, 0.4935014545917511]
[0.41486141085624695, 0.554816484451294, 0.4577992856502533, 0.3037588894367218, 0.4935014545917511]
[0.5050661563873291, 0.5725718140602112, 0.43538087606430054, 0.2725028693675995, 0.5295681357383728]
[0.4886452257633209, 0.5140058398246765, 0.4911595284938812, 0.3645338714122772, 0.5338185429573059]
[0.5247538685798645, 0.546596348285675, 0.45171764492988586, 0.3037213385105133, 0.5359134078025818]
[0.4650244116783142, 0.5768699049949646, 0.4432328939437866, 0.2886543273925781, 0.5188762545585632]
[0.5293545722961426, 0.5522971153259277, 0.4413483738899231, 0.30257490277290344, 0.531635046005249]
[0.4858330488204956, 0.5928540825843811, 0.4498598575592041, 0.2853928208351135, 0.5339298844337463]
[0.4632881283760071, 0.5388860702514648, 0.4329397678375244, 0.2821104824542999, 0.4768623113632202]
[0.47839152812957764, 0.5648611187934875, 0.4358263611793518, 0.30174821615219116, 0.5158416032791138]
[0.41486141085624695, 0.554816484451294, 0.4577992856502533, 0.3037588894367218, 0.4935014545917511]
[0.5789026021957397, 0.5517994165420532, 0.43187370896339417, 0.2771203815937042, 0.5737445950508118]
[0.4939684569835663, 0.5649163126945496, 0.47195619344711304, 0.37925055623054504, 0.49595361948013306]
[0.3941936492919922, 0.5339572429656982, 0.5567950010299683, 0.605026364326477, 0.5258553624153137]
[0.41486141085624695, 0.554816484451294, 0.4577992856502533, 0.3037588894367218, 0.4935014545917511]
[0.5629723072052002, 0.5206921100616455, 0.4260975420475006, 0.272979736328125, 0.5786967873573303]
[0.5632940530776978, 0.5717369318008423, 0.4053950905799866, 0.28706711530685425, 0.5637672543525696]
[0.40689587593078613, 0.5676566958427429, 0.4446147084236145, 0.2800644040107727, 0.4401085078716278]
[0.5227202773094177, 0.5433511137962341, 0.43046995997428894, 0.2974171042442322, 0.5011504888534546]
[0.4671814739704132, 0.5174038410186768, 0.4707876443862915, 0.34952372312545776, 0.45155763626098633]
[0.41486141085624695, 0.554816484451294, 0.4577992856502533, 0.3037588894367218, 0.4935014545917511]
[0.5034372210502625, 0.5679258704185486, 0.4172027111053467, 0.30789437890052795, 0.5179017782211304]
[0.6055522561073303, 0.5249525904655457, 0.42357337474823, 0.30163463950157166, 0.5774933099746704]
[0.48045259714126587, 0.5261556506156921, 0.4998756945133209, 0.3554248511791229, 0.49860426783561707]
[0.5437723398208618, 0.5271713733673096, 0.5154007077217102, 0.36839559674263, 0.532963216304779]
[0.4826739728450775, 0.5510566234588623, 0.45207521319389343, 0.3062627911567688, 0.4793808162212372]
[0.4129928648471832, 0.5426930785179138, 0.4666498601436615, 0.3447006046772003, 0.4745776951313019]
[0.49649161100387573, 0.5589355230331421, 0.43077221512794495, 0.2686821222305298, 0.5482578873634338]
[0.4376143217086792, 0.5458813309669495, 0.47003623843193054, 0.3007458448410034, 0.49169236421585083]
[0.41486141085624695, 0.554816484451294, 0.4577992856502533, 0.3037588894367218, 0.4935014545917511]
[0.486947625875473, 0.5430139899253845, 0.4410981237888336, 0.2682715952396393, 0.4945187270641327]
[0.5467809438705444, 0.5961134433746338, 0.4282665252685547, 0.2732730507850647, 0.5487620830535889]
[0.5393391847610474, 0.5707869529724121, 0.4264407157897949, 0.2739435136318207, 0.5178365111351013]
[0.5185754895210266, 0.5501869320869446, 0.4412674009799957, 0.2879028618335724, 0.5269019603729248]
[0.47008243203163147, 0.5222736597061157, 0.47394704818725586, 0.31315866112709045, 0.4576910436153412]
[0.41486141085624695, 0.554816484451294, 0.4577992856502533, 0.3037588894367218, 0.4935014545917511]
[0.3883648216724396, 0.4907020926475525, 0.4723168611526489, 0.3314738869667053, 0.4006229043006897]
[0.49820688366889954, 0.553688108921051, 0.44429439306259155, 0.293338805437088, 0.5139475464820862]
[0.5420875549316406, 0.5694614052772522, 0.409290075302124, 0.24941249191761017, 0.5583982467651367]
[0.6479179263114929, 0.5008683800697327, 0.5016962289810181, 0.4055537283420563, 0.6169238686561584]
[0.503605306148529, 0.5711084604263306, 0.43006962537765503, 0.29395031929016113, 0.534313440322876]
[0.5135074853897095, 0.5597085356712341, 0.42975130677223206, 0.2848261296749115, 0.5241051316261292]
[0.495342880487442, 0.5535699725151062, 0.4471009373664856, 0.3211404085159302, 0.49941763281822205]
[0.5012516379356384, 0.5450159311294556, 0.4527904689311981, 0.2959725856781006, 0.4971008002758026]
[0.525367796421051, 0.564304769039154, 0.4363129138946533, 0.2725256681442261, 0.5523837804794312]
[0.48730525374412537, 0.5340085625648499, 0.4517734944820404, 0.3033961355686188, 0.4708413779735565]
[0.5562397241592407, 0.5615517497062683, 0.4250851273536682, 0.2622476816177368, 0.5667283535003662]
[0.4848460853099823, 0.508688747882843, 0.4609896242618561, 0.31543442606925964, 0.491732656955719]
[0.5166710615158081, 0.5649076700210571, 0.4384258985519409, 0.2847699522972107, 0.5492864847183228]
[0.532107412815094, 0.5851689577102661, 0.4050719738006592, 0.2650527358055115, 0.5532096028327942]
[0.49067893624305725, 0.5291330814361572, 0.48201027512550354, 0.33622634410858154, 0.5220518708229065]
[0.49305179715156555, 0.5665918588638306, 0.45574328303337097, 0.32414305210113525, 0.5018766522407532]
[0.4398125410079956, 0.5487576723098755, 0.4826735854148865, 0.3562387526035309, 0.4826875627040863]
[0.517178475856781, 0.5635038614273071, 0.41401490569114685, 0.2724974453449249, 0.5442243814468384]
[0.43104320764541626, 0.5118719935417175, 0.5090149641036987, 0.43789294362068176, 0.4539925754070282]
[0.486947625875473, 0.5430139899253845, 0.4410981237888336, 0.2682715952396393, 0.4945187270641327]
[0.5171605348587036, 0.5449004173278809, 0.44137290120124817, 0.2886803150177002, 0.5186174511909485]
[0.4801914095878601, 0.5409082770347595, 0.47730687260627747, 0.37283194065093994, 0.5105386972427368]
[0.5436136722564697, 0.5501206517219543, 0.466970831155777, 0.33056575059890747, 0.5640414953231812]
[0.5317203402519226, 0.5558088421821594, 0.47848600149154663, 0.34229961037635803, 0.5480757355690002]
[0.540813148021698, 0.5433028340339661, 0.45724841952323914, 0.32499977946281433, 0.5525743961334229]
[0.6060234308242798, 0.5160146951675415, 0.4477507174015045, 0.32966363430023193, 0.5914203524589539]
[0.5176560282707214, 0.5516791343688965, 0.4433239698410034, 0.32284149527549744, 0.487952321767807]
[0.5699126124382019, 0.5333305597305298, 0.44104495644569397, 0.2915453612804413, 0.5483083724975586]
[0.45037996768951416, 0.5511782765388489, 0.470068097114563, 0.29323458671569824, 0.4965752065181732]
[0.41486141085624695, 0.554816484451294, 0.4577992856502533, 0.3037588894367218, 0.4935014545917511]
[0.41486141085624695, 0.554816484451294, 0.4577992856502533, 0.3037588894367218, 0.4935014545917511]
[0.46143877506256104, 0.5727555155754089, 0.4544529914855957, 0.3119523525238037, 0.4886091351509094]
[0.5137404799461365, 0.5303934812545776, 0.47379711270332336, 0.34094229340553284, 0.5412797331809998]
[0.5004141926765442, 0.5487618446350098, 0.4688912034034729, 0.3362536132335663, 0.5229111313819885]
[0.3984259366989136, 0.5334343314170837, 0.474666953086853, 0.29916664958000183, 0.45707809925079346]
[0.5558463931083679, 0.5801730751991272, 0.4280461072921753, 0.2854645848274231, 0.5551080703735352]
[0.5530598163604736, 0.5754774808883667, 0.40422818064689636, 0.2804245352745056, 0.5409886837005615]
[0.5241093635559082, 0.5721071362495422, 0.4320484697818756, 0.292013019323349, 0.5523858666419983]
[0.579400360584259, 0.5235015153884888, 0.4140891134738922, 0.3112320005893707, 0.5604469180107117]
[0.5704907774925232, 0.5142505764961243, 0.4834841787815094, 0.3677769899368286, 0.5776869654655457]
