0
《凤求凰·琴歌》 有美人兮， 见之不忘。一日不见兮，思之如狂。 凤飞翱翔兮，四海求凰。无奈佳人兮，不在东墙。 将琴代语兮，聊写衷肠。何日见许兮，慰我旁徨。 愿言配德兮，携手相将。不得於飞兮，使我沦亡。
[0.537367582321167, 0.5462324619293213, 0.43957701325416565, 0.2584373354911804, 0.5835965871810913]
[0.5892290472984314, 0.5429678559303284, 0.38290515542030334, 0.25512683391571045, 0.596379280090332]
[0.532347559928894, 0.5761952996253967, 0.42190802097320557, 0.27650120854377747, 0.555526852607727]
[0.4787578880786896, 0.5481586456298828, 0.40936726331710815, 0.2859606146812439, 0.5407127737998962]
[0.5222067832946777, 0.5843552947044373, 0.4287324845790863, 0.2572038769721985, 0.5411455035209656]
[0.559190034866333, 0.5839930176734924, 0.4137249290943146, 0.2568577229976654, 0.5686442852020264]
[0.5281227827072144, 0.5550979971885681, 0.4580405652523041, 0.3351204991340637, 0.5414333939552307]
[0.4639146029949188, 0.5555030107498169, 0.4436652660369873, 0.309455931186676, 0.4851667582988739]
[0.46424582600593567, 0.5770362615585327, 0.4594355821609497, 0.281934529542923, 0.5109097361564636]
[0.5310776233673096, 0.5525072813034058, 0.42772984504699707, 0.26720234751701355, 0.5724862813949585]
[0.46379759907722473, 0.5681230425834656, 0.48860836029052734, 0.3042345643043518, 0.5040475726127625]
[0.5372904539108276, 0.5641806721687317, 0.41561028361320496, 0.27615225315093994, 0.5374841094017029]
[0.42315083742141724, 0.5552899241447449, 0.4593279957771301, 0.326134592294693, 0.46997004747390747]
[0.49489209055900574, 0.5617656111717224, 0.4584779739379883, 0.31676632165908813, 0.5255527496337891]
[0.47065919637680054, 0.5866885185241699, 0.4312390089035034, 0.24768073856830597, 0.5079573392868042]
[0.5406075716018677, 0.5663401484489441, 0.4511066675186157, 0.3092913031578064, 0.547095775604248]
[0.3867076635360718, 0.5477051138877869, 0.4656333327293396, 0.33184537291526794, 0.44881781935691833]
[0.5870712399482727, 0.5412251949310303, 0.3863867521286011, 0.25866755843162537, 0.5956567525863647]
[0.5567318797111511, 0.5886347889900208, 0.41076958179473877, 0.2891922891139984, 0.5481840968132019]
[0.5870712399482727, 0.5412251949310303, 0.3863867521286011, 0.25866755843162537, 0.5956567525863647]
[0.5000725388526917, 0.5785562992095947, 0.45818477869033813, 0.3020074963569641, 0.5329491496086121]
[0.4907926917076111, 0.5637834668159485, 0.4414612948894501, 0.2947947084903717, 0.49108949303627014]
[0.4944344162940979, 0.5640755295753479, 0.47092151641845703, 0.291624516248703, 0.4553152918815613]
[0.5870712399482727, 0.5412251949310303, 0.3863867521286011, 0.25866755843162537, 0.5956567525863647]
[0.537367582321167, 0.5462324619293213, 0.43957701325416565, 0.2584373354911804, 0.5835965871810913]
[0.5087497234344482, 0.5557029247283936, 0.39267289638519287, 0.23986881971359253, 0.5569307804107666]
[0.5062640905380249, 0.5901699066162109, 0.45459356904029846, 0.2865894138813019, 0.5214930176734924]
[0.49126458168029785, 0.5487098693847656, 0.4672883450984955, 0.32182133197784424, 0.5176509618759155]
[0.494588702917099, 0.5545811057090759, 0.4506719708442688, 0.30743521451950073, 0.5229346752166748]
[0.45648661255836487, 0.5568723082542419, 0.45045456290245056, 0.29845714569091797, 0.4924272894859314]
[0.4634876847267151, 0.5452215075492859, 0.47445011138916016, 0.32316479086875916, 0.4918201267719269]
[0.4917246401309967, 0.5644752979278564, 0.45182809233665466, 0.345563679933548, 0.4957983195781708]
[0.5062856674194336, 0.57364821434021, 0.41396212577819824, 0.25397369265556335, 0.5520808100700378]
[0.5236515402793884, 0.5878626108169556, 0.4317914545536041, 0.25623780488967896, 0.5548795461654663]
[0.5132416486740112, 0.5765411257743835, 0.4204089343547821, 0.2780870497226715, 0.5275075435638428]
[0.5384645462036133, 0.5746728181838989, 0.4177899956703186, 0.2820303440093994, 0.5324811339378357]
[0.4942884147167206, 0.551940381526947, 0.4924493134021759, 0.3495210111141205, 0.5175325870513916]
[0.4882553517818451, 0.5687779784202576, 0.4392404854297638, 0.3134443759918213, 0.5099509954452515]
[0.5620900988578796, 0.5942291021347046, 0.419325053691864, 0.2666260004043579, 0.5534039735794067]
[0.46802517771720886, 0.5661718845367432, 0.4295850694179535, 0.3083496689796448, 0.5269432067871094]
[0.3664727509021759, 0.554492712020874, 0.4789113998413086, 0.287409245967865, 0.4113079607486725]
[0.4902893304824829, 0.5690953135490417, 0.4253876209259033, 0.2886831760406494, 0.5302920937538147]
[0.5077762603759766, 0.5470938682556152, 0.4440873861312866, 0.2953324317932129, 0.5230504870414734]
[0.4308009147644043, 0.5417242050170898, 0.4854663908481598, 0.3656453490257263, 0.4719609320163727]
[0.559190034866333, 0.5839930176734924, 0.4137249290943146, 0.2568577229976654, 0.5686442852020264]
[0.4942013919353485, 0.593320906162262, 0.43717116117477417, 0.28574272990226746, 0.5186536312103271]
[0.4504023492336273, 0.5806417465209961, 0.45244553685188293, 0.31186574697494507, 0.47675809264183044]
[0.5596670508384705, 0.5937355756759644, 0.4088996648788452, 0.25616440176963806, 0.574123203754425]
[0.5124422311782837, 0.5774215459823608, 0.41196009516716003, 0.27740389108657837, 0.5269061326980591]
[0.5031853318214417, 0.5886871218681335, 0.41423457860946655, 0.2840934991836548, 0.5301413536071777]
[0.41153833270072937, 0.5679622888565063, 0.45487016439437866, 0.32395482063293457, 0.44512227177619934]
[0.41846123337745667, 0.565330982208252, 0.4842848479747772, 0.3831571340560913, 0.4768112003803253]
[0.39988642930984497, 0.554107129573822, 0.4517940878868103, 0.33201903104782104, 0.4394265115261078]
[0.4883590638637543, 0.5573984384536743, 0.4539925754070282, 0.3310895562171936, 0.507350504398346]
[0.5204975008964539, 0.5591287016868591, 0.44105562567710876, 0.2859152853488922, 0.510087251663208]
[0.577875018119812, 0.5073627829551697, 0.4547886848449707, 0.35385817289352417, 0.5449323654174805]
[0.537367582321167, 0.5462324619293213, 0.43957701325416565, 0.2584373354911804, 0.5835965871810913]
[0.537367582321167, 0.5462324619293213, 0.43957701325416565, 0.2584373354911804, 0.5835965871810913]
[0.4694518446922302, 0.5703734159469604, 0.4240267276763916, 0.29674991965293884, 0.47446855902671814]
[0.5105232000350952, 0.579254686832428, 0.4215465784072876, 0.28183111548423767, 0.5078118443489075]
[0.5393264889717102, 0.5809421539306641, 0.4100455343723297, 0.2697941064834595, 0.565222978591919]
[0.47980135679244995, 0.5824235677719116, 0.4404662847518921, 0.26586413383483887, 0.5446739792823792]
[0.4486805498600006, 0.5562722086906433, 0.4560009837150574, 0.30271002650260925, 0.5115218758583069]
[0.4339105486869812, 0.5464999675750732, 0.46301910281181335, 0.3222685754299164, 0.5174781680107117]
[0.5870712399482727, 0.5412251949310303, 0.3863867521286011, 0.25866755843162537, 0.5956567525863647]
[0.4515030086040497, 0.5581989884376526, 0.4641404449939728, 0.32554787397384644, 0.4878895580768585]
[0.5052354335784912, 0.5791481137275696, 0.4233361780643463, 0.27125421166419983, 0.5175410509109497]
[0.5870712399482727, 0.5412251949310303, 0.3863867521286011, 0.25866755843162537, 0.5956567525863647]
[0.4713389575481415, 0.5702604055404663, 0.44539666175842285, 0.30021825432777405, 0.5322300791740417]
[0.48947763442993164, 0.590160608291626, 0.4186207056045532, 0.28465479612350464, 0.49653303623199463]
[0.47793838381767273, 0.5189053416252136, 0.4934922456741333, 0.3558122515678406, 0.5034763813018799]
[0.45821571350097656, 0.5481858253479004, 0.44126665592193604, 0.32548850774765015, 0.4554850459098816]
[0.47011157870292664, 0.5543544292449951, 0.4371565878391266, 0.2820896804332733, 0.5177057981491089]
[0.5234891772270203, 0.5927336812019348, 0.42349621653556824, 0.27089723944664, 0.5644400715827942]
[0.556566059589386, 0.5719336271286011, 0.4573516249656677, 0.32908895611763, 0.5369012951850891]
[0.45034968852996826, 0.5625425577163696, 0.44902077317237854, 0.29896852374076843, 0.4981142282485962]
[0.6049502491950989, 0.5808256268501282, 0.41193443536758423, 0.25366848707199097, 0.5829895734786987]
[0.5028172731399536, 0.5808491706848145, 0.4433494508266449, 0.2854781150817871, 0.5135018229484558]
[0.3803519606590271, 0.5204001069068909, 0.5053085088729858, 0.3448043763637543, 0.4947902262210846]
[0.4804091155529022, 0.5615296959877014, 0.436678946018219, 0.30647343397140503, 0.4844701290130615]
[0.549531102180481, 0.575523316860199, 0.42680394649505615, 0.29242727160453796, 0.5587015151977539]
[0.5167912840843201, 0.5918149352073669, 0.41350266337394714, 0.2761356234550476, 0.5428392887115479]
[0.4587705135345459, 0.5643119812011719, 0.4241824448108673, 0.2757395803928375, 0.5094000101089478]
[0.48130008578300476, 0.557300329208374, 0.4368908405303955, 0.3016713261604309, 0.5174435377120972]
[0.5870712399482727, 0.5412251949310303, 0.3863867521286011, 0.25866755843162537, 0.5956567525863647]
[0.5620900988578796, 0.5942291021347046, 0.419325053691864, 0.2666260004043579, 0.5534039735794067]
[0.5451405048370361, 0.5799071192741394, 0.4316512644290924, 0.266661137342453, 0.5196403861045837]
[0.46036580204963684, 0.5647226572036743, 0.4593864679336548, 0.33119332790374756, 0.49732574820518494]
[0.5219994783401489, 0.5427139401435852, 0.4587155282497406, 0.2972389757633209, 0.532058596611023]
[0.48663344979286194, 0.5938396453857422, 0.42074933648109436, 0.2759591042995453, 0.5159928798675537]
[0.5870712399482727, 0.5412251949310303, 0.3863867521286011, 0.25866755843162537, 0.5956567525863647]
[0.5131862759590149, 0.5521698594093323, 0.449768990278244, 0.3139699399471283, 0.5322700142860413]
[0.49778494238853455, 0.5575312972068787, 0.46104830503463745, 0.33532413840293884, 0.5044048428535461]
[0.4601884186267853, 0.5521525740623474, 0.43795913457870483, 0.2716016173362732, 0.4793092608451843]
[0.4342334270477295, 0.5619696974754333, 0.4446234703063965, 0.2939942181110382, 0.498882532119751]
[0.4105808138847351, 0.5603485107421875, 0.44273173809051514, 0.30233508348464966, 0.46402281522750854]
[0.5870712399482727, 0.5412251949310303, 0.3863867521286011, 0.25866755843162537, 0.5956567525863647]
[0.4352196455001831, 0.5697290301322937, 0.45321783423423767, 0.32434016466140747, 0.47519415616989136]
[0.5870712399482727, 0.5412251949310303, 0.3863867521286011, 0.25866755843162537, 0.5956567525863647]
[0.47021567821502686, 0.5564794540405273, 0.43717944622039795, 0.2987700402736664, 0.5197654366493225]
[0.5397717356681824, 0.571918249130249, 0.4396193027496338, 0.25406375527381897, 0.5381888747215271]
