0
内忧外患亟待解决今日德罗巴尚未归来之时，申花俱乐部又遭遇了另一个麻烦：原本昨夜申花新闻官已经一一通知了沪媒明日球队赛前适应场地时间，但此刻却生变数。据悉，由于本场比赛申花方面少提供给球场方面20张票子，因此申花遭到了球场拒绝申花踩场的通知，目前交涉进展不顺利，申花可能无法踩场。
[0.5072710514068604, 0.5320231914520264, 0.5121128559112549, 0.3792405426502228, 0.5230616927146912]
[0.4670378565788269, 0.5957754850387573, 0.46707019209861755, 0.29974013566970825, 0.49804773926734924]
[0.5628197193145752, 0.5748674869537354, 0.4183795154094696, 0.27114084362983704, 0.565065324306488]
[0.5532434582710266, 0.5749719738960266, 0.46729132533073425, 0.29460179805755615, 0.560610830783844]
[0.42583563923835754, 0.5537399649620056, 0.44955384731292725, 0.29522430896759033, 0.46658599376678467]
[0.4990474283695221, 0.5587207078933716, 0.46319589018821716, 0.3649604320526123, 0.48426082730293274]
[0.520186722278595, 0.5484483242034912, 0.4561411440372467, 0.3594360649585724, 0.49977657198905945]
[0.5535078644752502, 0.5587254762649536, 0.44367972016334534, 0.30694133043289185, 0.5411586761474609]
[0.45655936002731323, 0.5645514726638794, 0.4375694990158081, 0.3002204895019531, 0.5103988647460938]
[0.47827407717704773, 0.5844976305961609, 0.4496310353279114, 0.2944512367248535, 0.5176405310630798]
[0.4864892363548279, 0.5839885473251343, 0.4529438018798828, 0.3066818118095398, 0.5250148177146912]
[0.4615090489387512, 0.5757300853729248, 0.449270099401474, 0.2795466482639313, 0.4928354322910309]
[0.4941582977771759, 0.573275625705719, 0.43651536107063293, 0.2910470962524414, 0.5112313032150269]
[0.4771035313606262, 0.5715966820716858, 0.4499814510345459, 0.3247487246990204, 0.5022115111351013]
[0.5556520819664001, 0.5714187026023865, 0.4312536418437958, 0.270300030708313, 0.5713946223258972]
[0.37596094608306885, 0.49946245551109314, 0.5632264018058777, 0.4872976541519165, 0.43311408162117004]
[0.436167448759079, 0.557368278503418, 0.47089070081710815, 0.3290112614631653, 0.47768330574035645]
[0.5139617323875427, 0.5929368138313293, 0.41964560747146606, 0.23943687975406647, 0.5214974880218506]
[0.4430679976940155, 0.5486884713172913, 0.4533228576183319, 0.2971140146255493, 0.48669856786727905]
[0.4827209711074829, 0.5266358852386475, 0.5043330192565918, 0.4277647137641907, 0.4862212538719177]
[0.5810688734054565, 0.5631952285766602, 0.41427770256996155, 0.2587582468986511, 0.5846802592277527]
[0.556707501411438, 0.6019271016120911, 0.4167023301124573, 0.26233914494514465, 0.5564688444137573]
[0.505395233631134, 0.5437214374542236, 0.44496870040893555, 0.3310478925704956, 0.477965384721756]
[0.5038861632347107, 0.55348140001297, 0.4776724874973297, 0.33551743626594543, 0.5072699785232544]
[0.5124262571334839, 0.5801308155059814, 0.46501424908638, 0.3012423515319824, 0.5209656953811646]
[0.4932042956352234, 0.5655199289321899, 0.432690292596817, 0.2803359031677246, 0.5108720064163208]
[0.5535932779312134, 0.5819578170776367, 0.40923529863357544, 0.2955125868320465, 0.5329330563545227]
[0.4996477961540222, 0.5378768444061279, 0.49128586053848267, 0.36459705233573914, 0.5260465145111084]
[0.5056909322738647, 0.5304452180862427, 0.45263510942459106, 0.3270919919013977, 0.4848597049713135]
[0.5212606191635132, 0.5486555695533752, 0.44173464179039, 0.30154284834861755, 0.5258253812789917]
[0.4931974411010742, 0.5597272515296936, 0.4298155903816223, 0.3065709173679352, 0.4772622883319855]
[0.5537310838699341, 0.5760368704795837, 0.40329208970069885, 0.289630264043808, 0.5269443392753601]
[0.5382009744644165, 0.5423145294189453, 0.4284237027168274, 0.31318399310112, 0.5515433549880981]
[0.4607345163822174, 0.5352206230163574, 0.5074124336242676, 0.3777042627334595, 0.48179394006729126]
[0.5369237661361694, 0.5686054825782776, 0.40477439761161804, 0.2897185683250427, 0.5288213491439819]
[0.5376880764961243, 0.5481550097465515, 0.4399685859680176, 0.3321954607963562, 0.5288147926330566]
[0.5675930976867676, 0.5757032632827759, 0.4181029200553894, 0.25193095207214355, 0.5385717749595642]
[0.5731146335601807, 0.5743564367294312, 0.416577011346817, 0.2643825113773346, 0.5269607305526733]
[0.5453409552574158, 0.6051270961761475, 0.42829611897468567, 0.27935299277305603, 0.5492453575134277]
[0.5498992204666138, 0.5560656189918518, 0.4574485719203949, 0.2955140471458435, 0.5458744764328003]
[0.46187108755111694, 0.5893198847770691, 0.44806113839149475, 0.297460675239563, 0.4884728193283081]
[0.47166186571121216, 0.541281521320343, 0.47148242592811584, 0.34530654549598694, 0.5015589594841003]
[0.49442073702812195, 0.595095157623291, 0.43675824999809265, 0.29607197642326355, 0.505622923374176]
[0.4442158639431, 0.5242645144462585, 0.4620879590511322, 0.3537718951702118, 0.4609958231449127]
[0.4991905689239502, 0.5630890727043152, 0.45964717864990234, 0.3255451023578644, 0.4991588592529297]
[0.49135729670524597, 0.5809675455093384, 0.4486437439918518, 0.31112462282180786, 0.5408137440681458]
[0.4645918905735016, 0.560712993144989, 0.44698506593704224, 0.3234948217868805, 0.48788052797317505]
[0.4963732063770294, 0.5642209649085999, 0.4760681986808777, 0.33702176809310913, 0.5457758903503418]
[0.5873642563819885, 0.5690491795539856, 0.41158485412597656, 0.25396856665611267, 0.5836172699928284]
[0.4952107071876526, 0.5149176716804504, 0.5025777816772461, 0.4594809114933014, 0.5611833333969116]
[0.4687422811985016, 0.5571948289871216, 0.4351433515548706, 0.32072579860687256, 0.495082825422287]
[0.5275834798812866, 0.5763116478919983, 0.45395612716674805, 0.28639692068099976, 0.5550227761268616]
[0.5062165856361389, 0.506350576877594, 0.5283074975013733, 0.4747212827205658, 0.5227695107460022]
[0.4956178665161133, 0.5798213481903076, 0.41505712270736694, 0.29313620924949646, 0.5056296586990356]
[0.5165103673934937, 0.5714746117591858, 0.4628298580646515, 0.34642085433006287, 0.5283299684524536]
[0.46209973096847534, 0.560062825679779, 0.42035165429115295, 0.27489611506462097, 0.4754510223865509]
[0.4689261019229889, 0.55228590965271, 0.43828102946281433, 0.3054838180541992, 0.4977203607559204]
[0.5125533938407898, 0.5795496702194214, 0.43789878487586975, 0.3001359701156616, 0.5146770477294922]
[0.45889973640441895, 0.5788553953170776, 0.4406668543815613, 0.2922402322292328, 0.472835898399353]
[0.46897247433662415, 0.5691719651222229, 0.4324483871459961, 0.300077885389328, 0.5008367300033569]
[0.5592053532600403, 0.5552489757537842, 0.4354505240917206, 0.31035786867141724, 0.5536743998527527]
[0.5196982622146606, 0.5566617250442505, 0.4659115672111511, 0.34114980697631836, 0.5500766634941101]
[0.5530940294265747, 0.5335747003555298, 0.448655903339386, 0.31065309047698975, 0.5642297267913818]
[0.5326874256134033, 0.5751625299453735, 0.42816290259361267, 0.28353646397590637, 0.5604459047317505]
[0.5325707197189331, 0.5766875743865967, 0.4064916968345642, 0.2674868404865265, 0.53122478723526]
[0.4972439110279083, 0.5633703470230103, 0.4282127916812897, 0.28715887665748596, 0.4910182058811188]
[0.5176569223403931, 0.5743653178215027, 0.45101848244667053, 0.2830401062965393, 0.5083760619163513]
[0.5720921754837036, 0.579610288143158, 0.4335220456123352, 0.3178445100784302, 0.5298112630844116]
[0.3412631154060364, 0.5113633275032043, 0.5111731886863708, 0.38648828864097595, 0.4335568845272064]
[0.46919259428977966, 0.5650372505187988, 0.4401889145374298, 0.29749083518981934, 0.5268208384513855]
[0.5100314617156982, 0.56849604845047, 0.4535602629184723, 0.2934201657772064, 0.5156292915344238]
[0.3492302894592285, 0.5392970442771912, 0.47524237632751465, 0.34260448813438416, 0.43255507946014404]
[0.5314214825630188, 0.4984806478023529, 0.5144273638725281, 0.49393430352211, 0.5466946363449097]
[0.5020803809165955, 0.5528151392936707, 0.45288902521133423, 0.34691765904426575, 0.5191605091094971]
[0.5427846908569336, 0.5363296866416931, 0.4461984634399414, 0.308332234621048, 0.5245094895362854]
[0.47132784128189087, 0.5590540170669556, 0.4552336037158966, 0.3088851273059845, 0.5144765973091125]
[0.4347088634967804, 0.5570494532585144, 0.4771468937397003, 0.32353654503822327, 0.4788922071456909]
[0.5245464444160461, 0.5482324361801147, 0.437326580286026, 0.28397443890571594, 0.5169829726219177]
[0.4807894229888916, 0.5546287298202515, 0.46096187829971313, 0.31373587250709534, 0.4990532398223877]
[0.4664154052734375, 0.5446435213088989, 0.4661724865436554, 0.31024011969566345, 0.5103569030761719]
[0.5548526048660278, 0.5246521234512329, 0.4641092121601105, 0.33419254422187805, 0.5644822120666504]
[0.41778823733329773, 0.5755184888839722, 0.4409446120262146, 0.28508394956588745, 0.4820318818092346]
[0.4632820785045624, 0.5909239649772644, 0.43693307042121887, 0.2811998724937439, 0.5198095440864563]
[0.4289781153202057, 0.5207983255386353, 0.4928886592388153, 0.3597131371498108, 0.48025938868522644]
[0.5377044081687927, 0.5279311537742615, 0.46346351504325867, 0.3617344796657562, 0.5519562363624573]
[0.4703401029109955, 0.5736181735992432, 0.4550613462924957, 0.30234044790267944, 0.4931129217147827]
[0.5120442509651184, 0.5826088786125183, 0.42938050627708435, 0.2996097803115845, 0.5476086139678955]
[0.5070725679397583, 0.5795678496360779, 0.4309682846069336, 0.25872695446014404, 0.538472592830658]
[0.524257481098175, 0.5409607887268066, 0.4398481547832489, 0.32899513840675354, 0.5487843751907349]
[0.539505124092102, 0.5727642774581909, 0.41931936144828796, 0.2915460467338562, 0.553625762462616]
[0.46787816286087036, 0.5320066809654236, 0.4947504699230194, 0.3906368613243103, 0.5180020928382874]
[0.5561699271202087, 0.5653578639030457, 0.4229390323162079, 0.2857033312320709, 0.5600969791412354]
[0.5371341705322266, 0.5868821144104004, 0.42518821358680725, 0.27486422657966614, 0.5344928503036499]
[0.49126774072647095, 0.5910831093788147, 0.42211195826530457, 0.27535632252693176, 0.5208421945571899]
[0.5221731066703796, 0.5678501129150391, 0.4317416846752167, 0.277441143989563, 0.5591111779212952]
[0.4517773985862732, 0.5262005925178528, 0.5163207054138184, 0.40648090839385986, 0.48935022950172424]
[0.4938412010669708, 0.5568885207176208, 0.47242501378059387, 0.33781203627586365, 0.521519660949707]
[0.5088042616844177, 0.5709042549133301, 0.43920931220054626, 0.3122434616088867, 0.5467243194580078]
[0.44528886675834656, 0.5758179426193237, 0.45785850286483765, 0.3216431736946106, 0.484489381313324]
[0.5112273693084717, 0.5285264253616333, 0.4402354955673218, 0.31263989210128784, 0.5467259883880615]
[0.5623535513877869, 0.5740556120872498, 0.4452730119228363, 0.2856650948524475, 0.5569956302642822]
