0
郭德纲和于谦最新段子《屌丝青年》笑死人！！! 德云社庆纲丝节，郭德纲称“给我三千城管，我能收复日本。”
[0.48743653297424316, 0.5670538544654846, 0.4426109194755554, 0.2651883363723755, 0.5258588790893555]
[0.518643319606781, 0.5795661211013794, 0.43667668104171753, 0.2685704827308655, 0.5344675779342651]
[0.5492199063301086, 0.5862187743186951, 0.41751375794410706, 0.26799875497817993, 0.5599043369293213]
[0.49819183349609375, 0.5695810914039612, 0.4092336595058441, 0.28381651639938354, 0.5330636501312256]
[0.5147807002067566, 0.5654220581054688, 0.43978479504585266, 0.30217692255973816, 0.526225745677948]
[0.5325873494148254, 0.5880876183509827, 0.42129048705101013, 0.2533036768436432, 0.5475322008132935]
[0.5578165650367737, 0.5416247248649597, 0.47116556763648987, 0.30092325806617737, 0.5702826380729675]
[0.5369822382926941, 0.5866288542747498, 0.4081532061100006, 0.27580884099006653, 0.5601493120193481]
[0.5138425230979919, 0.557388961315155, 0.4362218976020813, 0.3205346465110779, 0.5296850204467773]
[0.46178901195526123, 0.5249383449554443, 0.473206102848053, 0.33445820212364197, 0.4866722524166107]
[0.46395808458328247, 0.5576947331428528, 0.48364681005477905, 0.304523766040802, 0.4294885993003845]
[0.4606824815273285, 0.5584662556648254, 0.45040053129196167, 0.3201299011707306, 0.48185744881629944]
[0.37261706590652466, 0.5743075013160706, 0.45699432492256165, 0.296398788690567, 0.45108574628829956]
[0.46493199467658997, 0.5743716359138489, 0.4397375285625458, 0.2898435890674591, 0.533179759979248]
[0.4914993345737457, 0.5982964634895325, 0.4286304712295532, 0.2769787609577179, 0.5201640725135803]
[0.4339683949947357, 0.5583786368370056, 0.4378552734851837, 0.27476462721824646, 0.4761725068092346]
[0.5789588689804077, 0.5479701161384583, 0.41932862997055054, 0.28433728218078613, 0.5666141510009766]
[0.2642984092235565, 0.5356926321983337, 0.5079200267791748, 0.36366045475006104, 0.4229479432106018]
[0.47205469012260437, 0.5747859477996826, 0.4579154849052429, 0.28469374775886536, 0.5038982629776001]
[0.553570568561554, 0.5691779851913452, 0.43881624937057495, 0.29234570264816284, 0.5493538975715637]
[0.4891393482685089, 0.538939893245697, 0.4582338333129883, 0.2941635549068451, 0.48467591404914856]
[0.5381506681442261, 0.5673127174377441, 0.4215938448905945, 0.28993600606918335, 0.542784571647644]
