0
【10.1投票汇总】CCTV音乐 泡泡娱
[0.4804394841194153, 0.5415378212928772, 0.44246402382850647, 0.27717459201812744, 0.51377934217453]
[0.5192837119102478, 0.5663489699363708, 0.41429030895233154, 0.28762227296829224, 0.5393758416175842]
[0.44368985295295715, 0.5612572431564331, 0.45711126923561096, 0.3180678188800812, 0.5212674140930176]
[0.4491766691207886, 0.5587214231491089, 0.4516584575176239, 0.27011486887931824, 0.4735338091850281]
[0.3664727509021759, 0.554492712020874, 0.4789113998413086, 0.287409245967865, 0.4113079607486725]
[0.5481955409049988, 0.5740388631820679, 0.41064420342445374, 0.2578533887863159, 0.5623944401741028]
[0.520637571811676, 0.5317140221595764, 0.44046154618263245, 0.32356321811676025, 0.5515449643135071]
[0.461058646440506, 0.5836376547813416, 0.44581520557403564, 0.27302274107933044, 0.5147421360015869]
[0.530379593372345, 0.566848635673523, 0.4186970889568329, 0.30049920082092285, 0.5298970341682434]
[0.49769333004951477, 0.544499397277832, 0.3837123215198517, 0.24029196798801422, 0.5322815775871277]
[0.5631312131881714, 0.5842965841293335, 0.39655423164367676, 0.24722379446029663, 0.5687658190727234]
