0
#影像志#【北京惊现“秒杀Google的办公室”】 到办公室上班还能攀岩、滑滑梯、带宠物，办公楼有热带雨林、露天烧烤台、吧台，还有跑步机、乒乓球台、羽毛球馆。近日在网上晒出一组某办公室的图片，实在让人羡慕！这是真的吗？这样的上班地点可以有啊。
[0.39080968499183655, 0.5067077279090881, 0.597467303276062, 0.6320287585258484, 0.5013156533241272]
[0.4532187283039093, 0.5729955434799194, 0.4286002218723297, 0.2859037518501282, 0.5154518485069275]
[0.5340094566345215, 0.5650001764297485, 0.44460901618003845, 0.2887800931930542, 0.5448002815246582]
[0.5304390788078308, 0.5980640053749084, 0.4405815303325653, 0.2759697139263153, 0.5318837761878967]
[0.5227629542350769, 0.5394550561904907, 0.4713878929615021, 0.3675863742828369, 0.5170820951461792]
[0.5051407217979431, 0.5596966743469238, 0.4381227195262909, 0.28844141960144043, 0.5056270360946655]
[0.385852575302124, 0.5593848824501038, 0.45914506912231445, 0.2989233136177063, 0.4251597821712494]
[0.5122692584991455, 0.5779337882995605, 0.41748255491256714, 0.26261913776397705, 0.5431408882141113]
[0.530901312828064, 0.553176999092102, 0.4384038746356964, 0.2785792946815491, 0.5330509543418884]
[0.44827932119369507, 0.5951290130615234, 0.4600721597671509, 0.298473984003067, 0.4917369782924652]
[0.5124586224555969, 0.5853445529937744, 0.42712706327438354, 0.2733691930770874, 0.4944433867931366]
[0.4825313091278076, 0.5803935527801514, 0.45230862498283386, 0.31167471408843994, 0.5009760856628418]
[0.5138278007507324, 0.5719684362411499, 0.4300827383995056, 0.2970241904258728, 0.5164225697517395]
[0.5170056223869324, 0.573805034160614, 0.46357598900794983, 0.2736077308654785, 0.5225762724876404]
[0.501181423664093, 0.5849683284759521, 0.4300191402435303, 0.2937633693218231, 0.5055785775184631]
[0.572782039642334, 0.5819782018661499, 0.4173921048641205, 0.2844805121421814, 0.5362284183502197]
[0.552954375743866, 0.5915073752403259, 0.4331355094909668, 0.3011312484741211, 0.5327444672584534]
[0.4532187283039093, 0.5729955434799194, 0.4286002218723297, 0.2859037518501282, 0.5154518485069275]
[0.48337680101394653, 0.5566227436065674, 0.46616217494010925, 0.3136337995529175, 0.521262526512146]
[0.49655091762542725, 0.5994835495948792, 0.42782214283943176, 0.27459073066711426, 0.5026403069496155]
[0.4565761983394623, 0.5524789094924927, 0.4549480080604553, 0.3309239447116852, 0.5042423605918884]
[0.5116705894470215, 0.5996009707450867, 0.44672155380249023, 0.28646814823150635, 0.5219221711158752]
[0.4639965295791626, 0.5654815435409546, 0.43933582305908203, 0.2887362241744995, 0.4949491024017334]
[0.48898258805274963, 0.5764824151992798, 0.4426310062408447, 0.28878819942474365, 0.49997180700302124]
[0.474380224943161, 0.5619475245475769, 0.4538498818874359, 0.31042587757110596, 0.5182471871376038]
[0.5139885544776917, 0.5590139627456665, 0.4358512759208679, 0.2942788898944855, 0.5445115566253662]
[0.5789141058921814, 0.5666824579238892, 0.4019167125225067, 0.2744125723838806, 0.5885817408561707]
[0.46051961183547974, 0.5363100171089172, 0.46632471680641174, 0.3178454339504242, 0.5135722756385803]
[0.4533612132072449, 0.5559946894645691, 0.4789842367172241, 0.3601357042789459, 0.47357791662216187]
[0.4899803698062897, 0.5677911043167114, 0.43362748622894287, 0.3061450719833374, 0.49931418895721436]
[0.5237605571746826, 0.5651777386665344, 0.4491959810256958, 0.3128713369369507, 0.5420568585395813]
[0.48453661799430847, 0.5330471992492676, 0.4782852232456207, 0.31840476393699646, 0.5004878640174866]
[0.5570031404495239, 0.5926124453544617, 0.3975205719470978, 0.24465450644493103, 0.5746036171913147]
[0.5041642785072327, 0.573544979095459, 0.4293428957462311, 0.2731274366378784, 0.5421545505523682]
[0.4916282296180725, 0.5618497133255005, 0.45614367723464966, 0.31102675199508667, 0.4743698239326477]
[0.4532187283039093, 0.5729955434799194, 0.4286002218723297, 0.2859037518501282, 0.5154518485069275]
[0.45958003401756287, 0.5514125227928162, 0.4646751284599304, 0.3193438649177551, 0.46514469385147095]
[0.44533416628837585, 0.5742967128753662, 0.4297243654727936, 0.31586214900016785, 0.5086146593093872]
[0.3250270187854767, 0.5474653840065002, 0.5099247097969055, 0.36935457587242126, 0.4114355444908142]
[0.6566872000694275, 0.499879390001297, 0.433578222990036, 0.3201698362827301, 0.5954847931861877]
[0.5594642162322998, 0.5907657742500305, 0.41650471091270447, 0.2740563452243805, 0.572385847568512]
[0.5043281316757202, 0.5879400968551636, 0.41239872574806213, 0.26933345198631287, 0.5259398818016052]
[0.4913750886917114, 0.5774885416030884, 0.4158035218715668, 0.2571624517440796, 0.5183671712875366]
[0.5483404994010925, 0.5815660953521729, 0.41870981454849243, 0.2822166681289673, 0.5476154088973999]
[0.46600642800331116, 0.5335276126861572, 0.5106837749481201, 0.415966659784317, 0.4999059736728668]
[0.43843716382980347, 0.5501427054405212, 0.4584742486476898, 0.3142523765563965, 0.44327014684677124]
[0.41055557131767273, 0.5586682558059692, 0.48538556694984436, 0.37612438201904297, 0.4706237316131592]
[0.4598099887371063, 0.5776713490486145, 0.44091588258743286, 0.30080804228782654, 0.49417611956596375]
[0.4840128719806671, 0.5521451234817505, 0.4637643098831177, 0.31835734844207764, 0.5317232012748718]
[0.5066666603088379, 0.5636894702911377, 0.42212074995040894, 0.29878321290016174, 0.4914169907569885]
[0.47951123118400574, 0.5847987532615662, 0.4347682297229767, 0.27440309524536133, 0.5037980675697327]
[0.39213255047798157, 0.5620205998420715, 0.4641587734222412, 0.29670584201812744, 0.44038063287734985]
[0.4936712384223938, 0.5261873006820679, 0.5011342167854309, 0.378759503364563, 0.5389211773872375]
[0.4884794056415558, 0.5592449307441711, 0.45417723059654236, 0.33737072348594666, 0.48850375413894653]
[0.4498078525066376, 0.547078013420105, 0.4730364978313446, 0.3526887893676758, 0.4812944531440735]
[0.46238189935684204, 0.5675345063209534, 0.4486684203147888, 0.31652510166168213, 0.4969145953655243]
[0.5534584522247314, 0.5679475665092468, 0.43713808059692383, 0.29507946968078613, 0.5724647641181946]
[0.6202587485313416, 0.5303910374641418, 0.3979577124118805, 0.2872579097747803, 0.5768573880195618]
[0.5419511198997498, 0.5794492363929749, 0.412672221660614, 0.2629507780075073, 0.5457331538200378]
[0.5244597792625427, 0.5673940777778625, 0.42901942133903503, 0.28732484579086304, 0.508772611618042]
[0.5480788350105286, 0.5814971327781677, 0.42487388849258423, 0.26796865463256836, 0.5432441234588623]
[0.49038165807724, 0.5594983696937561, 0.48384636640548706, 0.3388292193412781, 0.5176365375518799]
[0.5145162343978882, 0.6067931652069092, 0.44534191489219666, 0.285280704498291, 0.5278263688087463]
[0.5331841111183167, 0.570457398891449, 0.4193505644798279, 0.2941972613334656, 0.5169310569763184]
[0.3514544665813446, 0.5453685522079468, 0.4516226351261139, 0.3302970230579376, 0.42496588826179504]
[0.5224207043647766, 0.5676166415214539, 0.4365905821323395, 0.2901865243911743, 0.5397350788116455]
[0.5046455264091492, 0.5864086747169495, 0.4093935489654541, 0.2743755280971527, 0.5324302315711975]
[0.5160178542137146, 0.5895063281059265, 0.4181462824344635, 0.26784566044807434, 0.5280237793922424]
[0.4898534417152405, 0.5858739614486694, 0.4349291920661926, 0.2716834247112274, 0.5328798890113831]
[0.5445180535316467, 0.5807018280029297, 0.4219948649406433, 0.27676013112068176, 0.5514495372772217]
[0.5145162343978882, 0.6067931652069092, 0.44534191489219666, 0.285280704498291, 0.5278263688087463]
[0.47924670577049255, 0.5472288727760315, 0.4980848729610443, 0.38465049862861633, 0.4846535325050354]
[0.6232807040214539, 0.5782052874565125, 0.36599957942962646, 0.2615821063518524, 0.595722496509552]
[0.48778995871543884, 0.5588344931602478, 0.41740116477012634, 0.2845584452152252, 0.5140128135681152]
[0.5308378338813782, 0.5879431366920471, 0.4269781708717346, 0.28270307183265686, 0.5407103300094604]
[0.5169020295143127, 0.514803946018219, 0.4992591440677643, 0.3760623037815094, 0.5377870202064514]
[0.5333284735679626, 0.5770543813705444, 0.44316747784614563, 0.2814454734325409, 0.5549840927124023]
[0.4866391122341156, 0.5595312714576721, 0.4357706308364868, 0.27669334411621094, 0.4933720827102661]
[0.368348628282547, 0.5255024433135986, 0.4633152484893799, 0.3281894624233246, 0.42930880188941956]
[0.5137801766395569, 0.5588202476501465, 0.436097651720047, 0.3055161237716675, 0.5099051594734192]
[0.42883211374282837, 0.5252131223678589, 0.5159096121788025, 0.41314074397087097, 0.47506260871887207]
[0.4721299707889557, 0.5641666650772095, 0.47040241956710815, 0.29923108220100403, 0.49540284276008606]
[0.535548985004425, 0.5743044018745422, 0.4219232201576233, 0.27131181955337524, 0.5345061421394348]
[0.4267505705356598, 0.5646957755088806, 0.43653497099876404, 0.31564509868621826, 0.4796866178512573]
[0.535548985004425, 0.5743044018745422, 0.4219232201576233, 0.27131181955337524, 0.5345061421394348]
[0.4163289964199066, 0.5438030362129211, 0.48912686109542847, 0.3552549481391907, 0.4831083416938782]
[0.3637373447418213, 0.5505373477935791, 0.4606199562549591, 0.3244416415691376, 0.40791139006614685]
[0.39690813422203064, 0.5709347724914551, 0.4575628638267517, 0.30160683393478394, 0.452201247215271]
[0.4646093249320984, 0.56010901927948, 0.4557228982448578, 0.3005390167236328, 0.46384474635124207]
[0.4637462794780731, 0.5433237552642822, 0.46757709980010986, 0.35046282410621643, 0.487123966217041]
[0.4284065365791321, 0.5432010889053345, 0.4888410270214081, 0.34255123138427734, 0.43712419271469116]
[0.6232807040214539, 0.5782052874565125, 0.36599957942962646, 0.2615821063518524, 0.595722496509552]
[0.5774304270744324, 0.6065936088562012, 0.41549786925315857, 0.2480234056711197, 0.5604559779167175]
[0.5145162343978882, 0.6067931652069092, 0.44534191489219666, 0.285280704498291, 0.5278263688087463]
[0.5305617451667786, 0.5831577777862549, 0.4277481436729431, 0.279313325881958, 0.535042405128479]
[0.6006757020950317, 0.5731691718101501, 0.3856639862060547, 0.29109328985214233, 0.5747923254966736]
[0.49212950468063354, 0.5812856554985046, 0.42899689078330994, 0.2839306592941284, 0.51388019323349]
[0.527854323387146, 0.5857251286506653, 0.42558375000953674, 0.27191784977912903, 0.5264109373092651]
[0.4006853699684143, 0.5378261804580688, 0.46290189027786255, 0.34148669242858887, 0.46293479204177856]
[0.5004256963729858, 0.5767350792884827, 0.42786020040512085, 0.2887146472930908, 0.551262378692627]
[0.46382689476013184, 0.5810717344284058, 0.4304615259170532, 0.28360989689826965, 0.49766361713409424]
