0
今日金句：没有强大的敵人，只有不夠强大的自己。
[0.4921632707118988, 0.5482343435287476, 0.4440886378288269, 0.3055298626422882, 0.5065152049064636]
[0.4917367398738861, 0.5689220428466797, 0.45181015133857727, 0.31030482053756714, 0.5115219354629517]
[0.5549752116203308, 0.5729036927223206, 0.4156554043292999, 0.29366210103034973, 0.5196026563644409]
[0.5072880983352661, 0.5887433886528015, 0.4212232530117035, 0.26044777035713196, 0.5485585331916809]
[0.5204287767410278, 0.5872342586517334, 0.42780938744544983, 0.26470041275024414, 0.5586087703704834]
[0.5108904838562012, 0.5860017538070679, 0.4332599639892578, 0.28335145115852356, 0.5545732378959656]
[0.48927682638168335, 0.5483112335205078, 0.4637059271335602, 0.30949294567108154, 0.5114128589630127]
[0.48733916878700256, 0.5739020109176636, 0.42586496472358704, 0.2761390507221222, 0.4984787106513977]
[0.44333070516586304, 0.5456313490867615, 0.43245014548301697, 0.29455748200416565, 0.48407068848609924]
[0.4290597140789032, 0.56767737865448, 0.4485611319541931, 0.2819899022579193, 0.4404725730419159]
[0.4969497323036194, 0.5654169917106628, 0.43221423029899597, 0.30820217728614807, 0.5093784332275391]
[0.5566979050636292, 0.5394683480262756, 0.3984915018081665, 0.25870656967163086, 0.5671034455299377]
[0.6059117317199707, 0.5683721303939819, 0.38048598170280457, 0.24554094672203064, 0.5887012481689453]
[0.579122006893158, 0.5903979539871216, 0.4142398536205292, 0.26847100257873535, 0.5674614310264587]
[0.5112273693084717, 0.5285264253616333, 0.4402354955673218, 0.31263989210128784, 0.5467259883880615]
[0.5468565821647644, 0.5736737847328186, 0.42546969652175903, 0.27199676632881165, 0.5277962684631348]
[0.571693480014801, 0.6055224537849426, 0.4207433760166168, 0.2604944705963135, 0.5713842511177063]
[0.4105808138847351, 0.5603485107421875, 0.44273173809051514, 0.30233508348464966, 0.46402281522750854]
[0.535548985004425, 0.5743044018745422, 0.4219232201576233, 0.27131181955337524, 0.5345061421394348]
[0.5463106036186218, 0.5520503520965576, 0.4146541357040405, 0.2869211733341217, 0.5329456925392151]
[0.5176213979721069, 0.5690279006958008, 0.4218153953552246, 0.29691582918167114, 0.5368679761886597]
[0.4893319010734558, 0.5730206370353699, 0.42194288969039917, 0.2588694989681244, 0.5248550772666931]
[0.5070725679397583, 0.5795678496360779, 0.4309682846069336, 0.25872695446014404, 0.538472592830658]
[0.4969657063484192, 0.5733881592750549, 0.4374794065952301, 0.2726668119430542, 0.5160481929779053]
[0.6158998012542725, 0.5535414814949036, 0.39912551641464233, 0.25396835803985596, 0.6052234768867493]
[0.43268027901649475, 0.5567963123321533, 0.4554708003997803, 0.3112735450267792, 0.4884706437587738]
[0.49441203474998474, 0.5787303447723389, 0.434940367937088, 0.2899707853794098, 0.5204011797904968]
[0.502399206161499, 0.5776155591011047, 0.4349712133407593, 0.2776106894016266, 0.5463419556617737]
[0.6059117317199707, 0.5683721303939819, 0.38048598170280457, 0.24554094672203064, 0.5887012481689453]
[0.3861103653907776, 0.5626804232597351, 0.42905399203300476, 0.2910979092121124, 0.48848703503608704]
[0.49144336581230164, 0.5792490839958191, 0.4157591164112091, 0.2719002962112427, 0.4949856400489807]
[0.43268027901649475, 0.5567963123321533, 0.4554708003997803, 0.3112735450267792, 0.4884706437587738]
[0.5195304751396179, 0.5803454518318176, 0.43387800455093384, 0.27277815341949463, 0.5157126784324646]
[0.4758692681789398, 0.5671343803405762, 0.4664519131183624, 0.3051452934741974, 0.4674079716205597]
[0.4384910464286804, 0.5736678242683411, 0.4289170205593109, 0.3058055639266968, 0.46355852484703064]
[0.5463106036186218, 0.5520503520965576, 0.4146541357040405, 0.2869211733341217, 0.5329456925392151]
[0.5622406601905823, 0.5768988132476807, 0.4140697717666626, 0.2638062834739685, 0.5637455582618713]
[0.5333617925643921, 0.5802252888679504, 0.40675437450408936, 0.2623476982116699, 0.5577042698860168]
[0.38739079236984253, 0.5420374274253845, 0.47747567296028137, 0.3662914037704468, 0.43621671199798584]
[0.4835584759712219, 0.5629377365112305, 0.48436203598976135, 0.31425705552101135, 0.5038290619850159]
[0.5502533316612244, 0.5312448740005493, 0.41978147625923157, 0.28317323327064514, 0.554564893245697]
[0.521538496017456, 0.5733187198638916, 0.43120846152305603, 0.2801629304885864, 0.5225884914398193]
[0.3920997977256775, 0.5584467649459839, 0.4664096534252167, 0.3103089928627014, 0.47450947761535645]
[0.5085417628288269, 0.5835556387901306, 0.4281364679336548, 0.30633705854415894, 0.5347204804420471]
[0.512650728225708, 0.5910381078720093, 0.4135653078556061, 0.27107664942741394, 0.5494498610496521]
[0.49441203474998474, 0.5787303447723389, 0.434940367937088, 0.2899707853794098, 0.5204011797904968]
[0.5188175439834595, 0.5980275273323059, 0.4063859283924103, 0.256938636302948, 0.5494999289512634]
[0.40436801314353943, 0.5077645182609558, 0.5503015518188477, 0.5331781506538391, 0.45242956280708313]
[0.4105808138847351, 0.5603485107421875, 0.44273173809051514, 0.30233508348464966, 0.46402281522750854]
[0.49441203474998474, 0.5787303447723389, 0.434940367937088, 0.2899707853794098, 0.5204011797904968]
[0.3966955542564392, 0.5366550087928772, 0.47483816742897034, 0.3513987958431244, 0.4836980402469635]
[0.5505942702293396, 0.5650078058242798, 0.41305285692214966, 0.26530924439430237, 0.5624414682388306]
[0.5064510107040405, 0.5759347081184387, 0.44413965940475464, 0.29941409826278687, 0.5212371945381165]
[0.5636253952980042, 0.5939995050430298, 0.4170762598514557, 0.2580678462982178, 0.5506877899169922]
[0.3698428273200989, 0.5436661839485168, 0.4319998323917389, 0.26707351207733154, 0.43440917134284973]
[0.527739942073822, 0.5870782732963562, 0.41679930686950684, 0.25295060873031616, 0.5613723397254944]
[0.4946408271789551, 0.5762660503387451, 0.4366876780986786, 0.27866703271865845, 0.5027989745140076]
[0.49441203474998474, 0.5787303447723389, 0.434940367937088, 0.2899707853794098, 0.5204011797904968]
[0.48510587215423584, 0.5819324851036072, 0.4317108392715454, 0.2759374976158142, 0.5393608212471008]
[0.48759472370147705, 0.5619303584098816, 0.4440699815750122, 0.3302292227745056, 0.4734638035297394]
[0.511255145072937, 0.5555015802383423, 0.44553065299987793, 0.29960352182388306, 0.5322266817092896]
[0.5657126903533936, 0.5356285572052002, 0.45935240387916565, 0.3067631721496582, 0.5526226758956909]
[0.46473386883735657, 0.5863608121871948, 0.41841721534729004, 0.2792961001396179, 0.5134807825088501]
[0.6059117317199707, 0.5683721303939819, 0.38048598170280457, 0.24554094672203064, 0.5887012481689453]
