0
【O2O+游戏平台：微信的商业化猜想】面向未来，已经拥有2亿用户的微信是马化腾的一副好牌。拥有一副好牌的马化腾也很迷惘，拥有2亿用户的微信将怎么赚钱？多位业内人士表示，他们认为马化腾应该这样出牌，未来生活服务电商和游戏平台很应该成为微信最主要的盈利来源。
[0.4784267246723175, 0.49129778146743774, 0.5142045021057129, 0.6058484315872192, 0.5134812593460083]
[0.5369868874549866, 0.548132598400116, 0.4155539572238922, 0.27062204480171204, 0.5589330196380615]
[0.47739818692207336, 0.5449549555778503, 0.4458003342151642, 0.30775579810142517, 0.531726062297821]
[0.49362435936927795, 0.587133526802063, 0.4118129312992096, 0.23927444219589233, 0.5339961647987366]
[0.49720287322998047, 0.5470877885818481, 0.4413512647151947, 0.31252506375312805, 0.49922218918800354]
[0.4573585093021393, 0.5416480302810669, 0.4833623766899109, 0.36838456988334656, 0.5023594498634338]
[0.5208765268325806, 0.5491029024124146, 0.4558390974998474, 0.31298524141311646, 0.5635414719581604]
[0.4944828152656555, 0.5834856033325195, 0.4439831078052521, 0.28216153383255005, 0.5371854901313782]
[0.4268409013748169, 0.5467396378517151, 0.4447748363018036, 0.3113974630832672, 0.47306185960769653]
[0.5128461718559265, 0.5898470878601074, 0.43484339118003845, 0.2806313633918762, 0.5360289812088013]
[0.5594659447669983, 0.5560585260391235, 0.4217292070388794, 0.3007298707962036, 0.5500038266181946]
[0.5291504859924316, 0.5802075862884521, 0.4170631468296051, 0.26789790391921997, 0.5518389940261841]
[0.44225412607192993, 0.5332477688789368, 0.515099823474884, 0.40674325823783875, 0.48656854033470154]
[0.5035944581031799, 0.5279240012168884, 0.48586392402648926, 0.4119309186935425, 0.5423004627227783]
[0.5388580560684204, 0.5304969549179077, 0.43588587641716003, 0.34323716163635254, 0.5418962240219116]
[0.541887640953064, 0.5648759007453918, 0.43458399176597595, 0.29345768690109253, 0.5479927062988281]
[0.5335378646850586, 0.5359774231910706, 0.46567365527153015, 0.3297934830188751, 0.5473068952560425]
[0.5860350131988525, 0.5972899794578552, 0.3979245722293854, 0.231814444065094, 0.5832223892211914]
[0.4543773829936981, 0.539547324180603, 0.4710516333580017, 0.3409276306629181, 0.4930172264575958]
[0.5285660624504089, 0.551451563835144, 0.42809033393859863, 0.29480576515197754, 0.5279432535171509]
[0.5017209649085999, 0.5782196521759033, 0.4096478819847107, 0.27207908034324646, 0.5377264022827148]
[0.5047248005867004, 0.5644221305847168, 0.43070292472839355, 0.3127775490283966, 0.5236040353775024]
[0.4342360198497772, 0.5299971699714661, 0.4719187021255493, 0.34469088912010193, 0.48027747869491577]
[0.4724888205528259, 0.5578896999359131, 0.4557759761810303, 0.2867443561553955, 0.5200060606002808]
[0.5510733127593994, 0.5700473189353943, 0.4060623049736023, 0.27286994457244873, 0.5356740951538086]
[0.45335525274276733, 0.539181649684906, 0.4879967272281647, 0.37850451469421387, 0.46331533789634705]
[0.4912903606891632, 0.5326235294342041, 0.45109832286834717, 0.3397539556026459, 0.5096782445907593]
[0.49990132451057434, 0.5792714357376099, 0.43922802805900574, 0.2828598916530609, 0.5296598672866821]
[0.5209768414497375, 0.5669320821762085, 0.4342348575592041, 0.28294527530670166, 0.5212872624397278]
[0.5369868874549866, 0.548132598400116, 0.4155539572238922, 0.27062204480171204, 0.5589330196380615]
[0.48077696561813354, 0.5034646391868591, 0.48394501209259033, 0.3855428695678711, 0.555542528629303]
[0.48913684487342834, 0.5696029663085938, 0.4394904673099518, 0.2879435122013092, 0.5184237957000732]
[0.5044443607330322, 0.5784879326820374, 0.43440860509872437, 0.26964402198791504, 0.5188018083572388]
[0.48457714915275574, 0.5298210382461548, 0.4435400366783142, 0.33537527918815613, 0.5039421916007996]
[0.5342589020729065, 0.5549840331077576, 0.44494158029556274, 0.28316912055015564, 0.526556670665741]
[0.5126214027404785, 0.5676311254501343, 0.41808149218559265, 0.2532700300216675, 0.5745566487312317]
[0.5062859058380127, 0.5844190120697021, 0.43014824390411377, 0.2772379517555237, 0.5449161529541016]
[0.5170894265174866, 0.5909304022789001, 0.4305482804775238, 0.27426743507385254, 0.5567461848258972]
[0.4892553687095642, 0.5295480489730835, 0.49740156531333923, 0.3526160717010498, 0.5329478979110718]
[0.5069454908370972, 0.5241565108299255, 0.47727689146995544, 0.3901829123497009, 0.5346948504447937]
[0.572167694568634, 0.5763961672782898, 0.3950194716453552, 0.25031256675720215, 0.5711706876754761]
[0.5250054597854614, 0.55629563331604, 0.4460516571998596, 0.2812982201576233, 0.5086470246315002]
[0.4587950110435486, 0.5444375872612, 0.44587820768356323, 0.29080161452293396, 0.4639850854873657]
[0.5217447876930237, 0.5772979855537415, 0.4279271066188812, 0.28420087695121765, 0.532067060470581]
[0.34750816226005554, 0.5560660362243652, 0.45347926020622253, 0.2995207607746124, 0.4459770917892456]
[0.5342320799827576, 0.5529930591583252, 0.4474470317363739, 0.2858290374279022, 0.5332504510879517]
[0.5296638011932373, 0.5864313244819641, 0.43420353531837463, 0.2782488465309143, 0.5532932877540588]
[0.5484111905097961, 0.5527402758598328, 0.4354594945907593, 0.3040064573287964, 0.5435093641281128]
[0.4991985261440277, 0.5352500081062317, 0.47220709919929504, 0.3791115880012512, 0.5131606459617615]
[0.48023781180381775, 0.5257729887962341, 0.46833816170692444, 0.3493281304836273, 0.5196972489356995]
[0.4895401895046234, 0.5884711742401123, 0.4369446337223053, 0.29386645555496216, 0.5389317274093628]
[0.5191888809204102, 0.5477060675621033, 0.48608556389808655, 0.34877124428749084, 0.5280768871307373]
[0.44751372933387756, 0.5238818526268005, 0.48605144023895264, 0.3345182240009308, 0.4978219270706177]
[0.47147247195243835, 0.5360325574874878, 0.4693683385848999, 0.3251298666000366, 0.5111818313598633]
[0.4559578597545624, 0.5249241590499878, 0.4842638373374939, 0.3615647852420807, 0.49618202447891235]
[0.5222512483596802, 0.5349442958831787, 0.44339388608932495, 0.30442383885383606, 0.5333066582679749]
[0.43395981192588806, 0.5272300839424133, 0.4730752408504486, 0.3353692293167114, 0.4804617166519165]
