0
【晚安】儿童流落街头无人照看，天寒地冻之下躲入垃圾桶烧火取暖，因一氧化碳中毒而亡。给人一种深入骨髓的伤痛。儿童的境遇是衡量社会良心的尺子。当地政府的缺位，社会路人的冷漠，导致了这一悲剧。但愿5位小天使在天堂不再有寒冷，每天都是阳光。但愿他们的离去，能让更多流浪儿童得到救助。
[0.5223989486694336, 0.5270520448684692, 0.4865776300430298, 0.38438770174980164, 0.5686761736869812]
[0.4958020746707916, 0.5914350152015686, 0.42871788144111633, 0.2883226275444031, 0.5094767808914185]
[0.5213925838470459, 0.6051710247993469, 0.43272459506988525, 0.28159409761428833, 0.5259279012680054]
[0.3989740312099457, 0.5242209434509277, 0.5056682229042053, 0.3843948245048523, 0.4363028407096863]
[0.4653536379337311, 0.5860889554023743, 0.44803622364997864, 0.3033292889595032, 0.4934109151363373]
[0.5395374298095703, 0.586780846118927, 0.42762479186058044, 0.26593634486198425, 0.5741281509399414]
[0.4957399368286133, 0.5759228467941284, 0.4417808949947357, 0.3095076084136963, 0.5192711353302002]
[0.4013141989707947, 0.5621243715286255, 0.47838395833969116, 0.32751187682151794, 0.47493764758110046]
[0.6110715270042419, 0.5719371438026428, 0.3751508891582489, 0.2389151155948639, 0.6018343567848206]
[0.5173600912094116, 0.537367045879364, 0.4324813783168793, 0.3068358302116394, 0.5630144476890564]
[0.5005727410316467, 0.5726468563079834, 0.4390586018562317, 0.30479973554611206, 0.5418471097946167]
[0.50052410364151, 0.571487307548523, 0.4424479603767395, 0.2939031422138214, 0.5448612570762634]
[0.3861103653907776, 0.5626804232597351, 0.42905399203300476, 0.2910979092121124, 0.48848703503608704]
[0.49891600012779236, 0.526566743850708, 0.45980751514434814, 0.36419421434402466, 0.5328325629234314]
[0.4359040856361389, 0.543500542640686, 0.4990444481372833, 0.3821339011192322, 0.45613569021224976]
[0.48434412479400635, 0.5627053380012512, 0.45494455099105835, 0.3069711923599243, 0.4976324439048767]
[0.5831955075263977, 0.5836093425750732, 0.4128355085849762, 0.2580045461654663, 0.5630250573158264]
[0.5410423874855042, 0.5666706562042236, 0.41375333070755005, 0.26452839374542236, 0.5397583246231079]
[0.5699360370635986, 0.5545458793640137, 0.429320365190506, 0.28789448738098145, 0.5830405354499817]
[0.42562657594680786, 0.5560298562049866, 0.4472585618495941, 0.3361656367778778, 0.4831198453903198]
[0.4472336769104004, 0.53797447681427, 0.47230014204978943, 0.33510133624076843, 0.4879613518714905]
[0.45320770144462585, 0.5400970578193665, 0.45351967215538025, 0.36657771468162537, 0.47401493787765503]
[0.5143373012542725, 0.5483219027519226, 0.44260939955711365, 0.3265015780925751, 0.5339322090148926]
[0.47214022278785706, 0.5214414000511169, 0.48064181208610535, 0.3827361762523651, 0.49702516198158264]
[0.4529721736907959, 0.5637141466140747, 0.44112256169319153, 0.32737407088279724, 0.4850945472717285]
[0.4796406626701355, 0.5974323153495789, 0.4227512776851654, 0.27846574783325195, 0.5192805528640747]
[0.4993371367454529, 0.5966371297836304, 0.4146961569786072, 0.2568114995956421, 0.5210362076759338]
[0.45849138498306274, 0.5861995816230774, 0.4380842447280884, 0.29441922903060913, 0.5080180168151855]
[0.5445675849914551, 0.5848422646522522, 0.4098323583602905, 0.25112098455429077, 0.576248049736023]
[0.4908909797668457, 0.5791289806365967, 0.42212754487991333, 0.28495216369628906, 0.5407028794288635]
[0.5404720306396484, 0.5585401058197021, 0.4481107294559479, 0.29683464765548706, 0.5019925832748413]
[0.5358644723892212, 0.5795178413391113, 0.4266921579837799, 0.2774960994720459, 0.5588868856430054]
[0.5314331650733948, 0.5749579668045044, 0.40551695227622986, 0.2904803156852722, 0.5431996583938599]
[0.5097441673278809, 0.5430463552474976, 0.4401438236236572, 0.3007359206676483, 0.4971541464328766]
[0.5368058681488037, 0.5913676023483276, 0.4228079915046692, 0.2800772786140442, 0.5505179762840271]
[0.5360835790634155, 0.5751229524612427, 0.3948189616203308, 0.2533113956451416, 0.5616320371627808]
[0.48158568143844604, 0.5545594692230225, 0.46007484197616577, 0.3235647678375244, 0.52061927318573]
[0.5017475485801697, 0.5864884853363037, 0.4269729554653168, 0.28152740001678467, 0.5585111975669861]
[0.44156089425086975, 0.5412920713424683, 0.48731493949890137, 0.36211979389190674, 0.4730477035045624]
[0.5030919313430786, 0.5667269825935364, 0.4401122033596039, 0.31643378734588623, 0.5289770364761353]
[0.4179232716560364, 0.5398744940757751, 0.46480515599250793, 0.35391923785209656, 0.48670127987861633]
[0.5410559773445129, 0.5958962440490723, 0.4216253459453583, 0.28074243664741516, 0.5767425298690796]
[0.5314473509788513, 0.5850972533226013, 0.42817506194114685, 0.2940443158149719, 0.5651512145996094]
[0.5565479397773743, 0.5819107294082642, 0.4182348847389221, 0.26315152645111084, 0.5620104074478149]
[0.4906805455684662, 0.592414140701294, 0.42606595158576965, 0.2871370315551758, 0.5500064492225647]
[0.5413046479225159, 0.5941494107246399, 0.3977600634098053, 0.248459592461586, 0.5680866837501526]
[0.3652735650539398, 0.5285590887069702, 0.48830264806747437, 0.375703901052475, 0.45686471462249756]
[0.5224820375442505, 0.5734322667121887, 0.44324371218681335, 0.29506635665893555, 0.5561612248420715]
[0.5113803148269653, 0.5710287094116211, 0.40375587344169617, 0.26868852972984314, 0.5463427901268005]
[0.4981578290462494, 0.5543760657310486, 0.47529011964797974, 0.3944275677204132, 0.5574641227722168]
[0.4711674153804779, 0.558755099773407, 0.5075893998146057, 0.4546247124671936, 0.5518994927406311]
[0.4530939757823944, 0.564395546913147, 0.45171764492988586, 0.33244583010673523, 0.5057805180549622]
[0.5158345699310303, 0.5798409581184387, 0.42605751752853394, 0.2893601059913635, 0.5646203756332397]
[0.4832487106323242, 0.5604323148727417, 0.4916296601295471, 0.32823097705841064, 0.4884277582168579]
[0.5395374298095703, 0.586780846118927, 0.42762479186058044, 0.26593634486198425, 0.5741281509399414]
[0.5249038338661194, 0.5347468852996826, 0.42811086773872375, 0.3355669677257538, 0.5331656336784363]
[0.48587754368782043, 0.5805079340934753, 0.44158312678337097, 0.30124029517173767, 0.5300784707069397]
[0.4711674153804779, 0.558755099773407, 0.5075893998146057, 0.4546247124671936, 0.5518994927406311]
[0.5687899589538574, 0.590090274810791, 0.40577933192253113, 0.26649796962738037, 0.5723604559898376]
[0.5370915532112122, 0.579407811164856, 0.41100963950157166, 0.2928216755390167, 0.555523693561554]
[0.4694589376449585, 0.573387086391449, 0.4360032379627228, 0.30828049778938293, 0.5164414048194885]
[0.44156089425086975, 0.5412920713424683, 0.48731493949890137, 0.36211979389190674, 0.4730477035045624]
[0.5445675849914551, 0.5848422646522522, 0.4098323583602905, 0.25112098455429077, 0.576248049736023]
[0.32841813564300537, 0.5547269582748413, 0.5223646759986877, 0.49124571681022644, 0.46677687764167786]
[0.3861103653907776, 0.5626804232597351, 0.42905399203300476, 0.2910979092121124, 0.48848703503608704]
[0.45425042510032654, 0.5872078537940979, 0.4146127700805664, 0.2469232827425003, 0.4992388188838959]
[0.5407853722572327, 0.5711748003959656, 0.4090290367603302, 0.2797195613384247, 0.5375159978866577]
[0.5403584837913513, 0.6054818034172058, 0.41293737292289734, 0.2616277039051056, 0.5447669625282288]
[0.5049523115158081, 0.5592459440231323, 0.433289498090744, 0.31630873680114746, 0.5413103103637695]
