0
幸福就是重复。每天跟自己喜欢的人一起，通电话，旅行，重复一个承诺和梦想，听他第二十八次提起童年往事，每年的同一天和他庆祝生日，每年的情人节、圣诞节、除夕，也和他共度。甚至连吵架也是重复的，为了一些琐事吵架，然后冷战，疯狂思念对方，最后和好。
[0.5333709120750427, 0.5546628832817078, 0.44021543860435486, 0.29705825448036194, 0.559320330619812]
[0.48733916878700256, 0.5739020109176636, 0.42586496472358704, 0.2761390507221222, 0.4984787106513977]
[0.4441579282283783, 0.5660409331321716, 0.43117713928222656, 0.2649519145488739, 0.4681020677089691]
[0.5080488324165344, 0.5546852350234985, 0.44018465280532837, 0.3381728231906891, 0.4914601743221283]
[0.5200369358062744, 0.5637578964233398, 0.40623146295547485, 0.2875980734825134, 0.5532545447349548]
[0.4593087434768677, 0.5804238319396973, 0.42851412296295166, 0.27434155344963074, 0.49983900785446167]
[0.48838135600090027, 0.573718249797821, 0.4402380883693695, 0.2773633301258087, 0.5419827699661255]
[0.4703104794025421, 0.5720560550689697, 0.40874603390693665, 0.2894747853279114, 0.4960188865661621]
[0.5281198620796204, 0.5979315042495728, 0.4381156861782074, 0.2820281982421875, 0.5533937215805054]
[0.48293668031692505, 0.5445756912231445, 0.41856831312179565, 0.28629499673843384, 0.529738187789917]
[0.5146112442016602, 0.5748547315597534, 0.4238424301147461, 0.29643288254737854, 0.5267776250839233]
[0.5333709120750427, 0.5546628832817078, 0.44021543860435486, 0.29705825448036194, 0.559320330619812]
[0.5163180828094482, 0.5390569567680359, 0.4800979793071747, 0.4117344319820404, 0.5183151364326477]
[0.46168822050094604, 0.5727617740631104, 0.42769619822502136, 0.30404216051101685, 0.4997352659702301]
[0.5190398693084717, 0.5938409566879272, 0.43509531021118164, 0.2896977365016937, 0.5479717254638672]
[0.5253145694732666, 0.5849237442016602, 0.43154144287109375, 0.2840893268585205, 0.5287168622016907]
[0.5041398406028748, 0.5549674034118652, 0.41603901982307434, 0.29103365540504456, 0.5318282842636108]
[0.4875357151031494, 0.57632976770401, 0.41321516036987305, 0.3152231276035309, 0.49710386991500854]
[0.5213515758514404, 0.583651602268219, 0.4152199923992157, 0.2824692726135254, 0.5590125918388367]
[0.5199204683303833, 0.5719935297966003, 0.42570334672927856, 0.296388179063797, 0.541373610496521]
[0.5200369358062744, 0.5637578964233398, 0.40623146295547485, 0.2875980734825134, 0.5532545447349548]
[0.5198829770088196, 0.5887047052383423, 0.4081048369407654, 0.2841322422027588, 0.5475471615791321]
[0.4514676332473755, 0.5639801621437073, 0.4465522766113281, 0.29816052317619324, 0.5121631622314453]
[0.4708138406276703, 0.5861342549324036, 0.42222654819488525, 0.2896828353404999, 0.5181350708007812]
[0.5044323205947876, 0.5541907548904419, 0.4281470775604248, 0.3281227946281433, 0.4896131753921509]
[0.5049014687538147, 0.5661329627037048, 0.4224867522716522, 0.30504110455513, 0.522803544998169]
[0.4885581433773041, 0.5648941397666931, 0.42543601989746094, 0.3104659616947174, 0.5068671107292175]
[0.5015614628791809, 0.568692147731781, 0.44739997386932373, 0.311877578496933, 0.5277319550514221]
[0.5462360382080078, 0.5881468653678894, 0.4231009781360626, 0.28235965967178345, 0.539649486541748]
[0.5498092770576477, 0.5731735229492188, 0.4223685562610626, 0.29023706912994385, 0.5499948859214783]
[0.49098923802375793, 0.5755066275596619, 0.4397395849227905, 0.31337863206863403, 0.5296664237976074]
[0.5285394191741943, 0.5783309936523438, 0.4280116856098175, 0.2906578779220581, 0.560020387172699]
[0.4885581433773041, 0.5648941397666931, 0.42543601989746094, 0.3104659616947174, 0.5068671107292175]
[0.4931228756904602, 0.5445922613143921, 0.44799351692199707, 0.33682119846343994, 0.48906469345092773]
[0.4758692681789398, 0.5671343803405762, 0.4664519131183624, 0.3051452934741974, 0.4674079716205597]
[0.4660396873950958, 0.5651770234107971, 0.4590502977371216, 0.29752275347709656, 0.5106858611106873]
[0.3980659246444702, 0.5676062703132629, 0.4500005543231964, 0.2906647026538849, 0.4348086714744568]
[0.49453654885292053, 0.5674564838409424, 0.44066646695137024, 0.34052199125289917, 0.5317846536636353]
[0.5442822575569153, 0.5506834387779236, 0.45960497856140137, 0.3289720118045807, 0.5796707272529602]
[0.511255145072937, 0.5555015802383423, 0.44553065299987793, 0.29960352182388306, 0.5322266817092896]
[0.4345061480998993, 0.5568930506706238, 0.44924604892730713, 0.3036644160747528, 0.4710766077041626]
[0.5070725679397583, 0.5795678496360779, 0.4309682846069336, 0.25872695446014404, 0.538472592830658]
[0.43703922629356384, 0.5490715503692627, 0.4346478581428528, 0.3421631455421448, 0.4859698712825775]
[0.4472423493862152, 0.5575962066650391, 0.444600373506546, 0.31261810660362244, 0.5165553092956543]
[0.5504994988441467, 0.5537509322166443, 0.4214489758014679, 0.28985533118247986, 0.5629585981369019]
[0.5456336736679077, 0.5879853367805481, 0.4480525851249695, 0.30204686522483826, 0.5383597016334534]
[0.42990636825561523, 0.563285768032074, 0.44671323895454407, 0.35128962993621826, 0.46564409136772156]
[0.5091233849525452, 0.5501691102981567, 0.45552858710289, 0.403352290391922, 0.5191852450370789]
[0.5138217806816101, 0.565398097038269, 0.4377855062484741, 0.2861995995044708, 0.5310888886451721]
[0.5002738237380981, 0.5745083689689636, 0.4369211792945862, 0.27166202664375305, 0.5536022782325745]
[0.5055293440818787, 0.5602629780769348, 0.3969714343547821, 0.27798596024513245, 0.5482378602027893]
[0.467420756816864, 0.579736053943634, 0.4516223967075348, 0.3318200409412384, 0.47203269600868225]
[0.5439557433128357, 0.5639492869377136, 0.39171120524406433, 0.25463202595710754, 0.5607927441596985]
[0.4578402638435364, 0.5575869679450989, 0.44601815938949585, 0.3250316381454468, 0.46921101212501526]
[0.5523425936698914, 0.5558202266693115, 0.4131230115890503, 0.2597878873348236, 0.5600399971008301]
[0.5455112457275391, 0.6064659357070923, 0.4217427670955658, 0.2545716166496277, 0.5496458411216736]
[0.509245753288269, 0.5746938586235046, 0.42008212208747864, 0.27138400077819824, 0.5373514890670776]
[0.4907410740852356, 0.549761176109314, 0.46103978157043457, 0.34360674023628235, 0.49395084381103516]
[0.48525628447532654, 0.5603934526443481, 0.43482089042663574, 0.3302817940711975, 0.49695050716400146]
[0.49052056670188904, 0.5651888847351074, 0.45350587368011475, 0.3587251305580139, 0.4895341396331787]
[0.4703104794025421, 0.5720560550689697, 0.40874603390693665, 0.2894747853279114, 0.4960188865661621]
[0.5081653594970703, 0.5876485705375671, 0.41855162382125854, 0.29145461320877075, 0.532560408115387]
[0.48845425248146057, 0.5685173869132996, 0.4559970796108246, 0.31205374002456665, 0.510154664516449]
[0.5055293440818787, 0.5602629780769348, 0.3969714343547821, 0.27798596024513245, 0.5482378602027893]
[0.5055293440818787, 0.5602629780769348, 0.3969714343547821, 0.27798596024513245, 0.5482378602027893]
[0.5140317678451538, 0.5827763080596924, 0.4408246874809265, 0.3300437927246094, 0.525611400604248]
[0.46212267875671387, 0.5528743863105774, 0.4606494903564453, 0.338069349527359, 0.49391981959342957]
[0.4446214437484741, 0.5291447043418884, 0.48444774746894836, 0.4046691954135895, 0.4842003285884857]
[0.46747058629989624, 0.5855320692062378, 0.4561680257320404, 0.29559046030044556, 0.5089069604873657]
[0.5380358099937439, 0.5891263484954834, 0.4211684763431549, 0.2883647680282593, 0.5481542348861694]
[0.4709177315235138, 0.5651149153709412, 0.44565725326538086, 0.30353888869285583, 0.4988705515861511]
[0.5107253193855286, 0.5563036799430847, 0.4138755202293396, 0.29344019293785095, 0.527216374874115]
[0.43928033113479614, 0.5755216479301453, 0.43812182545661926, 0.28464990854263306, 0.4676651954650879]
[0.5015811324119568, 0.6021668314933777, 0.4286287724971771, 0.2816815972328186, 0.5448926091194153]
[0.5004947781562805, 0.5726050138473511, 0.4298514723777771, 0.2820781171321869, 0.5123030543327332]
[0.5055293440818787, 0.5602629780769348, 0.3969714343547821, 0.27798596024513245, 0.5482378602027893]
[0.528566300868988, 0.5662683248519897, 0.4128204882144928, 0.27510809898376465, 0.533857524394989]
[0.3131788969039917, 0.5250455737113953, 0.5092693567276001, 0.46669429540634155, 0.41397765278816223]
[0.43716469407081604, 0.553717851638794, 0.4702093303203583, 0.3552481532096863, 0.49013352394104004]
[0.47076600790023804, 0.5715961456298828, 0.4324004352092743, 0.3089946508407593, 0.517569363117218]
[0.45740288496017456, 0.5371220111846924, 0.5108339786529541, 0.3961983323097229, 0.5268175601959229]
[0.5463879108428955, 0.5726652145385742, 0.4129456579685211, 0.27128511667251587, 0.5430870652198792]
[0.5248991847038269, 0.5638904571533203, 0.4391343593597412, 0.2896950840950012, 0.49119001626968384]
