0
【处女座1月占星运势】1月里处女座运势可谓鸿运当头；良好的心态使一切事物变的简单美好。随着自己知识的积累运用，事业学业也更加的轻车熟路，能力增强的同时，效率自然更加提高。木星会帮你在月中遇到事业上的贵人，很可能对你未来一年都有帮助。20日后，还可能迎来额外的好运气哦！开运物：阳光。
[0.46639642119407654, 0.48655763268470764, 0.5527865886688232, 0.514846920967102, 0.5357635617256165]
[0.49819183349609375, 0.5695810914039612, 0.4092336595058441, 0.28381651639938354, 0.5330636501312256]
[0.4892268180847168, 0.5905411243438721, 0.44020479917526245, 0.28257298469543457, 0.5312297940254211]
[0.5033933520317078, 0.5767551064491272, 0.4469875395298004, 0.289683073759079, 0.5339298844337463]
[0.5034229159355164, 0.5805166363716125, 0.43478924036026, 0.2991620600223541, 0.49711790680885315]
[0.5275508761405945, 0.5712538361549377, 0.4221792221069336, 0.2996254563331604, 0.5228271484375]
[0.4623623490333557, 0.5908188223838806, 0.4243200421333313, 0.27209189534187317, 0.5193772315979004]
[0.3268236219882965, 0.5389528274536133, 0.5219038724899292, 0.50946444272995, 0.47896814346313477]
[0.5889542698860168, 0.5714396238327026, 0.40143829584121704, 0.2664742171764374, 0.5794781446456909]
[0.5286230444908142, 0.5701566934585571, 0.41363391280174255, 0.2827385663986206, 0.5578251481056213]
[0.5062891840934753, 0.5619440078735352, 0.4160521924495697, 0.252503901720047, 0.5199320912361145]
[0.6215498447418213, 0.590591549873352, 0.37297654151916504, 0.21998143196105957, 0.6089792847633362]
[0.5408259034156799, 0.5803380012512207, 0.4265597462654114, 0.2872799038887024, 0.5452920794487]
[0.5364701747894287, 0.5816683173179626, 0.39711466431617737, 0.27132731676101685, 0.5431483387947083]
[0.5702052116394043, 0.5855172276496887, 0.40400445461273193, 0.293230801820755, 0.5723669528961182]
[0.4561593532562256, 0.5707857608795166, 0.4542965292930603, 0.3056789040565491, 0.4646608531475067]
[0.5490738749504089, 0.5561641454696655, 0.3924799859523773, 0.2762702405452728, 0.5756223797798157]
[0.5724378228187561, 0.5466786623001099, 0.4394797384738922, 0.2949606776237488, 0.5809875130653381]
[0.4769047796726227, 0.5654504895210266, 0.44977375864982605, 0.3175637722015381, 0.4828953146934509]
[0.3560945689678192, 0.5487720370292664, 0.4685484766960144, 0.38241156935691833, 0.4326443672180176]
[0.5347704887390137, 0.5680853724479675, 0.4223625957965851, 0.2839198112487793, 0.5346618890762329]
[0.5037347078323364, 0.5617015361785889, 0.4233936667442322, 0.325442910194397, 0.5064050555229187]
[0.46560460329055786, 0.5591696500778198, 0.4511496424674988, 0.350994348526001, 0.5413395762443542]
[0.5311413407325745, 0.5707387328147888, 0.42599281668663025, 0.31439682841300964, 0.512793242931366]
[0.47845086455345154, 0.553589403629303, 0.46342551708221436, 0.3163757920265198, 0.49764978885650635]
[0.408372163772583, 0.5573412179946899, 0.45550429821014404, 0.30667006969451904, 0.4694432318210602]
[0.38145968317985535, 0.5650086402893066, 0.45565101504325867, 0.2687400281429291, 0.4404244124889374]
[0.5339131951332092, 0.5410611629486084, 0.48017454147338867, 0.3629446029663086, 0.5175856947898865]
[0.5092863440513611, 0.5796867609024048, 0.42820119857788086, 0.29867610335350037, 0.5488137602806091]
[0.528368353843689, 0.5895659327507019, 0.44985413551330566, 0.2833256721496582, 0.5462576150894165]
[0.5761705040931702, 0.5368279218673706, 0.3921680450439453, 0.2859528362751007, 0.5735141038894653]
[0.4566451907157898, 0.5529702305793762, 0.44406160712242126, 0.32579439878463745, 0.47837337851524353]
[0.4882412254810333, 0.5797877311706543, 0.439382404088974, 0.2994617521762848, 0.5156060457229614]
[0.3560945689678192, 0.5487720370292664, 0.4685484766960144, 0.38241156935691833, 0.4326443672180176]
[0.5053783655166626, 0.5818330645561218, 0.4517030417919159, 0.31716278195381165, 0.5412375330924988]
[0.5177129507064819, 0.5272976160049438, 0.427379846572876, 0.31010037660598755, 0.560838520526886]
[0.4806310832500458, 0.5722018480300903, 0.42755401134490967, 0.2884026765823364, 0.49307602643966675]
[0.514186680316925, 0.5519570112228394, 0.44432565569877625, 0.30975738167762756, 0.5133882761001587]
[0.45620277523994446, 0.5844240784645081, 0.4485814571380615, 0.3170301020145416, 0.472010999917984]
[0.5248584151268005, 0.5744668841362, 0.441275954246521, 0.3079102039337158, 0.5480334162712097]
[0.49791422486305237, 0.5727086663246155, 0.43690475821495056, 0.31623899936676025, 0.5115333795547485]
[0.4973893165588379, 0.5658584237098694, 0.43615520000457764, 0.3080257475376129, 0.5147654414176941]
[0.5130757093429565, 0.5816165804862976, 0.426135390996933, 0.28934264183044434, 0.5568819046020508]
[0.43490082025527954, 0.5615220069885254, 0.4386144280433655, 0.30812332034111023, 0.44575604796409607]
[0.5591394901275635, 0.5893630981445312, 0.41095659136772156, 0.2636551260948181, 0.5755101442337036]
[0.4882412254810333, 0.5797877311706543, 0.439382404088974, 0.2994617521762848, 0.5156060457229614]
[0.4765528738498688, 0.5596669316291809, 0.45360538363456726, 0.3364035189151764, 0.5195807218551636]
[0.4487622082233429, 0.5716210603713989, 0.4600348174571991, 0.3031274080276489, 0.45275557041168213]
[0.4024306833744049, 0.5627965331077576, 0.4328514039516449, 0.32859018445014954, 0.4495813548564911]
[0.5529172420501709, 0.5795262455940247, 0.42877066135406494, 0.2875899374485016, 0.5104480385780334]
[0.46871116757392883, 0.5760274529457092, 0.4347131848335266, 0.2839556336402893, 0.48600131273269653]
[0.5478178858757019, 0.5829252004623413, 0.41234588623046875, 0.2608257234096527, 0.5561417937278748]
[0.4642390310764313, 0.5925315022468567, 0.44951722025871277, 0.2842457592487335, 0.48196375370025635]
[0.4678789973258972, 0.5612001419067383, 0.4407903552055359, 0.3248926103115082, 0.49917036294937134]
[0.4452137053012848, 0.470611035823822, 0.5590815544128418, 0.49533259868621826, 0.5227633118629456]
[0.5926563739776611, 0.5610666275024414, 0.4240908920764923, 0.26758286356925964, 0.542035698890686]
[0.5218386650085449, 0.5807542204856873, 0.42801570892333984, 0.2789110541343689, 0.5457510352134705]
[0.4275378882884979, 0.5718470811843872, 0.44574612379074097, 0.29460960626602173, 0.4921588897705078]
[0.42441490292549133, 0.5676126480102539, 0.4618966281414032, 0.3119684159755707, 0.45158058404922485]
[0.4882412254810333, 0.5797877311706543, 0.439382404088974, 0.2994617521762848, 0.5156060457229614]
[0.559418261051178, 0.5700764060020447, 0.41027817130088806, 0.2948528230190277, 0.557570219039917]
[0.43694397807121277, 0.5654940009117126, 0.438726007938385, 0.3103441894054413, 0.4887164235115051]
[0.547777533531189, 0.5627912878990173, 0.4580714702606201, 0.2979814410209656, 0.5460061430931091]
[0.3106261193752289, 0.509372353553772, 0.49280306696891785, 0.3692909777164459, 0.4134335517883301]
[0.42691630125045776, 0.5629176497459412, 0.4612981975078583, 0.32821086049079895, 0.485723614692688]
[0.45923829078674316, 0.5811216235160828, 0.4344618320465088, 0.3196459114551544, 0.5242651104927063]
[0.5116652250289917, 0.5784474015235901, 0.43767139315605164, 0.32957810163497925, 0.5004774332046509]
[0.42426609992980957, 0.5635848641395569, 0.4517405927181244, 0.3463532030582428, 0.4480230510234833]
[0.4784943461418152, 0.5258207321166992, 0.46447521448135376, 0.3405490219593048, 0.533901572227478]
[0.5552852153778076, 0.5857468843460083, 0.4001559317111969, 0.27149248123168945, 0.5646634697914124]
[0.5193629860877991, 0.5856478810310364, 0.41173920035362244, 0.282301664352417, 0.5441094636917114]
[0.5056846737861633, 0.5798156261444092, 0.4299204647541046, 0.26999491453170776, 0.525855302810669]
[0.5070725679397583, 0.5795678496360779, 0.4309682846069336, 0.25872695446014404, 0.538472592830658]
[0.42291879653930664, 0.5403366088867188, 0.49395182728767395, 0.3771006166934967, 0.46355053782463074]
[0.45130014419555664, 0.5886577367782593, 0.4345700442790985, 0.28284960985183716, 0.5102285742759705]
[0.5377380847930908, 0.5889608263969421, 0.41974201798439026, 0.2689701318740845, 0.5556374192237854]
[0.5711230635643005, 0.5744892954826355, 0.4207684397697449, 0.2588290572166443, 0.569109320640564]
[0.3560945689678192, 0.5487720370292664, 0.4685484766960144, 0.38241156935691833, 0.4326443672180176]
[0.5102153420448303, 0.5741669535636902, 0.445676326751709, 0.3000718653202057, 0.5412688851356506]
[0.5271246433258057, 0.5424507856369019, 0.4570815861225128, 0.30569562315940857, 0.5131534934043884]
[0.4551995098590851, 0.5922648310661316, 0.4540148973464966, 0.29140207171440125, 0.4736001789569855]
[0.3560945689678192, 0.5487720370292664, 0.4685484766960144, 0.38241156935691833, 0.4326443672180176]
[0.5310881733894348, 0.5808414220809937, 0.40870413184165955, 0.28004270792007446, 0.5380131006240845]
[0.5210005640983582, 0.5797747373580933, 0.4251258075237274, 0.2977927029132843, 0.5429717302322388]
[0.5028027892112732, 0.5686803460121155, 0.4381026029586792, 0.32294145226478577, 0.5420175790786743]
[0.4315012991428375, 0.5280935168266296, 0.4887240529060364, 0.3834618628025055, 0.441474050283432]
[0.5994998216629028, 0.5040412545204163, 0.4569968581199646, 0.33908283710479736, 0.6018511056900024]
[0.5637463927268982, 0.5669700503349304, 0.3847483992576599, 0.24582871794700623, 0.5807565450668335]
[0.47920531034469604, 0.5811893343925476, 0.41673505306243896, 0.28207045793533325, 0.5196965336799622]
[0.5540280342102051, 0.5823162794113159, 0.40179142355918884, 0.23955433070659637, 0.5806699395179749]
[0.3560945689678192, 0.5487720370292664, 0.4685484766960144, 0.38241156935691833, 0.4326443672180176]
[0.4477517604827881, 0.5653566718101501, 0.4480973482131958, 0.31489890813827515, 0.4879487454891205]
[0.5493394136428833, 0.5454355478286743, 0.4475162923336029, 0.3420580327510834, 0.4964434802532196]
[0.5080025792121887, 0.5250352621078491, 0.44410598278045654, 0.31708529591560364, 0.5459944605827332]
[0.41787901520729065, 0.5851966738700867, 0.4391700327396393, 0.3036409914493561, 0.46765580773353577]
[0.4912480115890503, 0.5877584218978882, 0.4042380154132843, 0.28172773122787476, 0.508332371711731]
[0.5628833174705505, 0.5838624238967896, 0.4008229076862335, 0.2661307454109192, 0.5509447455406189]
[0.46463286876678467, 0.5540897846221924, 0.4701976478099823, 0.3412671387195587, 0.4858962297439575]
[0.47295713424682617, 0.5187716484069824, 0.5106104612350464, 0.4129749536514282, 0.5393823385238647]
[0.49796512722969055, 0.5802550315856934, 0.43129968643188477, 0.2893325388431549, 0.5036863088607788]
[0.4106411337852478, 0.563921332359314, 0.4396970868110657, 0.3111935555934906, 0.4754200577735901]
