0
【严冬中，谁抢走了流浪者棉被大衣】由中国社科院教授 发起的 活动近日向北京街头流浪者发放棉被、大衣、棉鞋袜，但发放后不久就被一群不明身份的人收走。活动志愿者樊银华表示，这种情况去年冬天也曾出现。“不明身份”者究竟何人，为何这么做？（via 新华社中国网事）
[0.5355297327041626, 0.5467917323112488, 0.4496977627277374, 0.29055020213127136, 0.548988938331604]
[0.40812432765960693, 0.5646781325340271, 0.4498300850391388, 0.2847992479801178, 0.47392088174819946]
[0.4686319828033447, 0.5600998997688293, 0.4357830584049225, 0.27280116081237793, 0.48231247067451477]
[0.43820279836654663, 0.588478147983551, 0.4302973449230194, 0.280630886554718, 0.508187472820282]
[0.47321876883506775, 0.5668419599533081, 0.4348772466182709, 0.29757529497146606, 0.5139559507369995]
[0.48029497265815735, 0.5783863663673401, 0.4301031529903412, 0.29576992988586426, 0.5009608864784241]
[0.49863290786743164, 0.5428043007850647, 0.4301350712776184, 0.31858932971954346, 0.515389084815979]
[0.5061875581741333, 0.556595504283905, 0.4404374957084656, 0.31031179428100586, 0.5413215756416321]
[0.5013794302940369, 0.5844281911849976, 0.4397088885307312, 0.2928839325904846, 0.5097920298576355]
[0.45306143164634705, 0.5766125321388245, 0.4500694274902344, 0.2764921486377716, 0.49932560324668884]
[0.534083366394043, 0.5454548001289368, 0.44121411442756653, 0.2969442307949066, 0.5097716450691223]
[0.484765887260437, 0.5554198622703552, 0.4316043555736542, 0.2914222776889801, 0.5062153339385986]
[0.5363161563873291, 0.5513836145401001, 0.4255988597869873, 0.2990244925022125, 0.5355256795883179]
[0.5194154381752014, 0.5943579077720642, 0.45326969027519226, 0.27629610896110535, 0.5476535558700562]
[0.4652703106403351, 0.5172458291053772, 0.49562782049179077, 0.3717101216316223, 0.5489250421524048]
[0.579048216342926, 0.5760912299156189, 0.42236796021461487, 0.27339300513267517, 0.5881374478340149]
[0.46504828333854675, 0.5832760334014893, 0.4312288165092468, 0.28233402967453003, 0.4767296314239502]
[0.49226903915405273, 0.5920804738998413, 0.44154927134513855, 0.2985597252845764, 0.505398690700531]
[0.4716677963733673, 0.5955315232276917, 0.4328429102897644, 0.28127795457839966, 0.5170310139656067]
[0.5247668623924255, 0.5750352144241333, 0.42305997014045715, 0.2823464274406433, 0.5256468057632446]
[0.5394468903541565, 0.5476620197296143, 0.46486490964889526, 0.3466772735118866, 0.5577869415283203]
[0.5355517268180847, 0.5695634484291077, 0.41436126828193665, 0.2865103483200073, 0.5473175048828125]
[0.5518423318862915, 0.5937578082084656, 0.4221707582473755, 0.27985426783561707, 0.5379668474197388]
[0.46759727597236633, 0.5781832933425903, 0.44714441895484924, 0.27730637788772583, 0.5216577649116516]
[0.48640602827072144, 0.5239765048027039, 0.5179319977760315, 0.391023188829422, 0.5516244173049927]
[0.4712966978549957, 0.5767174363136292, 0.4363178312778473, 0.30281147360801697, 0.5080568790435791]
[0.527849018573761, 0.5656135082244873, 0.40419718623161316, 0.2701370418071747, 0.5603872537612915]
[0.4845113158226013, 0.5461199879646301, 0.4856623113155365, 0.3620701730251312, 0.5244482755661011]
[0.5742523074150085, 0.5773419141769409, 0.40629732608795166, 0.2691299319267273, 0.5615972280502319]
[0.48274290561676025, 0.5878440737724304, 0.43272268772125244, 0.28085488080978394, 0.5441361665725708]
[0.4021851122379303, 0.5682761073112488, 0.43914011120796204, 0.28625115752220154, 0.4542224705219269]
[0.5051134824752808, 0.5230406522750854, 0.5297496318817139, 0.47554025053977966, 0.5738221406936646]
[0.5353369116783142, 0.5822612047195435, 0.40771591663360596, 0.2676834762096405, 0.5432825684547424]
[0.5394284725189209, 0.576082170009613, 0.41809192299842834, 0.2950974702835083, 0.5292706489562988]
[0.49723517894744873, 0.5451483726501465, 0.45566561818122864, 0.3666616380214691, 0.48949721455574036]
[0.43366727232933044, 0.5432690978050232, 0.5400611162185669, 0.4350796937942505, 0.5321670770645142]
[0.43738415837287903, 0.5719547271728516, 0.43069174885749817, 0.28993654251098633, 0.5091231465339661]
[0.44763946533203125, 0.5790979862213135, 0.4508448541164398, 0.2956678867340088, 0.4820665717124939]
[0.4609924554824829, 0.5758160948753357, 0.4504024088382721, 0.2939583957195282, 0.5238932371139526]
[0.47625666856765747, 0.5579239726066589, 0.44993481040000916, 0.3329358994960785, 0.5054265856742859]
[0.4424684941768646, 0.5787793397903442, 0.4430471956729889, 0.3026646673679352, 0.4718419313430786]
[0.527854323387146, 0.5857251286506653, 0.42558375000953674, 0.27191784977912903, 0.5264109373092651]
[0.5119738578796387, 0.5767773985862732, 0.420161634683609, 0.2886592149734497, 0.5166778564453125]
[0.5148066878318787, 0.5709724426269531, 0.4460156559944153, 0.2964840829372406, 0.5250148773193359]
[0.5653997659683228, 0.5638224482536316, 0.43960925936698914, 0.27237752079963684, 0.5395979285240173]
[0.48029497265815735, 0.5783863663673401, 0.4301031529903412, 0.29576992988586426, 0.5009608864784241]
[0.5001099109649658, 0.5631083250045776, 0.41920775175094604, 0.2896673083305359, 0.5115642547607422]
[0.5180177688598633, 0.6006672978401184, 0.43357884883880615, 0.26315173506736755, 0.5472801923751831]
[0.5447994470596313, 0.5909743309020996, 0.4254886209964752, 0.2532714009284973, 0.5556678175926208]
[0.48547568917274475, 0.5984274744987488, 0.44309091567993164, 0.2757067382335663, 0.5011436939239502]
[0.6119883060455322, 0.5632259845733643, 0.3966881036758423, 0.2921075224876404, 0.5771906971931458]
[0.5106151103973389, 0.576516330242157, 0.4266345202922821, 0.2877594530582428, 0.5128627419471741]
[0.3321322500705719, 0.5619553327560425, 0.44466179609298706, 0.28787761926651, 0.4495306611061096]
[0.4785960614681244, 0.5410937070846558, 0.4510273337364197, 0.35650455951690674, 0.5126025676727295]
[0.33484378457069397, 0.5515761971473694, 0.4376779794692993, 0.2898593246936798, 0.4411909878253937]
[0.5463628172874451, 0.5960620045661926, 0.40630292892456055, 0.27495136857032776, 0.5584348440170288]
[0.45414939522743225, 0.5563457012176514, 0.4830684959888458, 0.35060620307922363, 0.5030927658081055]
[0.4437652826309204, 0.5520581603050232, 0.46232572197914124, 0.30181223154067993, 0.4790113568305969]
[0.43676427006721497, 0.5073633790016174, 0.5560383200645447, 0.4426950514316559, 0.4760948717594147]
[0.3034256100654602, 0.5395791530609131, 0.4535062313079834, 0.305218368768692, 0.4191896617412567]
[0.5096197128295898, 0.5896445512771606, 0.42333337664604187, 0.28228479623794556, 0.5219572186470032]
[0.5254473090171814, 0.5822141766548157, 0.4061807096004486, 0.27454516291618347, 0.5415887236595154]
[0.5276532173156738, 0.5821065902709961, 0.4304453134536743, 0.2756158113479614, 0.5474594235420227]
[0.4473353624343872, 0.4942142069339752, 0.4836514890193939, 0.3321990966796875, 0.4871041774749756]
[0.5011882185935974, 0.5727552175521851, 0.4590999484062195, 0.33030152320861816, 0.5426966547966003]
[0.5325011610984802, 0.5775904655456543, 0.4178186357021332, 0.2967812120914459, 0.5322518944740295]
[0.5500882267951965, 0.575753390789032, 0.41496890783309937, 0.28458109498023987, 0.5502081513404846]
[0.4623752534389496, 0.5796476006507874, 0.4235211908817291, 0.2975597381591797, 0.5008036494255066]
[0.5192000865936279, 0.5896803736686707, 0.4111520051956177, 0.26557978987693787, 0.5474593639373779]
[0.5876242518424988, 0.6018455624580383, 0.4090842604637146, 0.2539922595024109, 0.5751842856407166]
[0.4389420747756958, 0.5929593443870544, 0.44483643770217896, 0.2869059145450592, 0.48991724848747253]
[0.4967169761657715, 0.5430973768234253, 0.4765116274356842, 0.36574435234069824, 0.5401966571807861]
[0.4639146029949188, 0.5555030107498169, 0.4436652660369873, 0.309455931186676, 0.4851667582988739]
[0.48567378520965576, 0.5891433954238892, 0.4473620653152466, 0.268449068069458, 0.5294106006622314]
[0.43928033113479614, 0.5755216479301453, 0.43812182545661926, 0.28464990854263306, 0.4676651954650879]
[0.5623905062675476, 0.5932340025901794, 0.4137045741081238, 0.26059651374816895, 0.5545611381530762]
[0.5215878486633301, 0.5590370893478394, 0.4204919636249542, 0.2630870044231415, 0.5184327363967896]
[0.5149213075637817, 0.5745115280151367, 0.4294396936893463, 0.2818833291530609, 0.5206738114356995]
[0.5269699096679688, 0.5596688985824585, 0.42034009099006653, 0.33413583040237427, 0.5649856328964233]
[0.5307911038398743, 0.5505501627922058, 0.43704432249069214, 0.2911716401576996, 0.522549033164978]
[0.5272536873817444, 0.5871959328651428, 0.40474992990493774, 0.26819518208503723, 0.5187954902648926]
[0.5365121364593506, 0.5943442583084106, 0.40539970993995667, 0.2576824426651001, 0.5520184636116028]
[0.40246081352233887, 0.5637413859367371, 0.45186033844947815, 0.327116459608078, 0.4748522639274597]
[0.49934491515159607, 0.56876140832901, 0.43443402647972107, 0.27976253628730774, 0.5473882555961609]
[0.448752224445343, 0.5707575678825378, 0.4416564106941223, 0.30178317427635193, 0.5013904571533203]
[0.5186176896095276, 0.5709024667739868, 0.4381010830402374, 0.27803096175193787, 0.5476954579353333]
[0.4698098599910736, 0.5687623620033264, 0.44312798976898193, 0.28787851333618164, 0.5261229872703552]
[0.48182064294815063, 0.5885272026062012, 0.4536324739456177, 0.32209280133247375, 0.5131283402442932]
[0.5100292563438416, 0.5497220754623413, 0.43493524193763733, 0.31021612882614136, 0.5190712809562683]
[0.5185332298278809, 0.5979981422424316, 0.4238531291484833, 0.2804935872554779, 0.5281396508216858]
[0.5347120761871338, 0.591107189655304, 0.40358513593673706, 0.2772468328475952, 0.5370092988014221]
[0.5102863311767578, 0.5809152722358704, 0.42702755331993103, 0.2919926047325134, 0.5274683833122253]
[0.5363628268241882, 0.5503977537155151, 0.42487767338752747, 0.26185837388038635, 0.5588042140007019]
[0.42586374282836914, 0.5806072950363159, 0.45852547883987427, 0.29536694288253784, 0.48960521817207336]
[0.5048218965530396, 0.5564169883728027, 0.4229183793067932, 0.31114980578422546, 0.5335654616355896]
[0.48746585845947266, 0.5750661492347717, 0.44023704528808594, 0.3123153746128082, 0.519997775554657]
[0.5179731249809265, 0.5698075890541077, 0.41196250915527344, 0.2947218120098114, 0.5219332575798035]
[0.516481339931488, 0.5917481184005737, 0.4435672461986542, 0.2787536084651947, 0.5294630527496338]
[0.5272161960601807, 0.585951566696167, 0.41277799010276794, 0.27724942564964294, 0.5606351494789124]
[0.4999774694442749, 0.5352219343185425, 0.4636738896369934, 0.35199493169784546, 0.5270519256591797]
[0.5518350005149841, 0.5770061612129211, 0.42522865533828735, 0.28427934646606445, 0.5611586570739746]
