0
#云南旅游攻略#香格里拉，一个充满梦幻充满诗情充满牧歌的家园，那里有金字塔般的雪山、壮观的峡谷、被森林环绕着的翡翠似的高原湖泊、一望无际的辽阔草甸、金碧辉煌的喇嘛寺、宁静苍凉的古城。 精心整理香格里拉2日游攻略，吃住行游娱够都有了，亲，能帮助到你吗？
[0.5007756352424622, 0.5349678993225098, 0.4914006292819977, 0.37432152032852173, 0.5425808429718018]
[0.4506863057613373, 0.572063148021698, 0.4462737739086151, 0.29908013343811035, 0.501190185546875]
[0.3788908123970032, 0.5550909042358398, 0.41399475932121277, 0.2656702697277069, 0.4565528631210327]
[0.3366802930831909, 0.5294855237007141, 0.46952128410339355, 0.3465820252895355, 0.44627144932746887]
[0.5397221446037292, 0.5910985469818115, 0.418120801448822, 0.27109020948410034, 0.5614516139030457]
[0.4546089470386505, 0.5355587601661682, 0.47647351026535034, 0.35487765073776245, 0.4943740963935852]
[0.522610604763031, 0.5503827333450317, 0.42591848969459534, 0.2780548632144928, 0.5714113116264343]
[0.3277086317539215, 0.5157440304756165, 0.5146951079368591, 0.34646639227867126, 0.4241928160190582]
[0.5356269478797913, 0.5802974104881287, 0.44478198885917664, 0.28116515278816223, 0.5597389340400696]
[0.39697474241256714, 0.5589956045150757, 0.431417852640152, 0.27816012501716614, 0.4655689299106598]
[0.5592103600502014, 0.5700293779373169, 0.3958916962146759, 0.24642567336559296, 0.584648072719574]
[0.4541013538837433, 0.5788734555244446, 0.4451420307159424, 0.27693068981170654, 0.5204737782478333]
[0.3584039509296417, 0.548719584941864, 0.4455680549144745, 0.29311200976371765, 0.4389166235923767]
[0.5429900884628296, 0.5679072737693787, 0.43337225914001465, 0.2956538796424866, 0.5669699311256409]
[0.46790164709091187, 0.5502558350563049, 0.4679209589958191, 0.3281308710575104, 0.5109106302261353]
[0.5278868675231934, 0.5562002658843994, 0.42352810502052307, 0.30849939584732056, 0.5091508626937866]
[0.49677228927612305, 0.5498983860015869, 0.4673398435115814, 0.31632906198501587, 0.5196104049682617]
[0.4492926299571991, 0.5932587385177612, 0.44531723856925964, 0.2746775448322296, 0.5033401250839233]
[0.5149013996124268, 0.5616617202758789, 0.4373238682746887, 0.2986680269241333, 0.5386286973953247]
[0.6136117577552795, 0.5567824244499207, 0.3721243739128113, 0.26484915614128113, 0.5951165556907654]
[0.5224481821060181, 0.5729219913482666, 0.42719125747680664, 0.2739661931991577, 0.5166744589805603]
[0.43114760518074036, 0.5731011629104614, 0.44429585337638855, 0.31401506066322327, 0.4834202527999878]
[0.5230182409286499, 0.5349849462509155, 0.47135210037231445, 0.3501637279987335, 0.5092892050743103]
[0.5168527960777283, 0.5640754103660583, 0.4317939877510071, 0.3095667064189911, 0.503497838973999]
[0.567779541015625, 0.5258663296699524, 0.4566218852996826, 0.34815409779548645, 0.5465203523635864]
[0.5222588181495667, 0.5842121243476868, 0.4168238341808319, 0.2533496916294098, 0.5385182499885559]
