0
#春晚# 突然意识到刚刚那个小品可能马上犯一个会计及法律错误。。。那就是进来的现金和支出的现金不能混为一体。。。不能拿收回的现金付支出的现金。。要向银行报备和申请。。。。貌似是的。。。考验我中级会计的时候到了。。。
[0.5046750903129578, 0.5088002681732178, 0.529911994934082, 0.47158002853393555, 0.5041955709457397]
[0.5263209342956543, 0.5556090474128723, 0.4572826027870178, 0.29504823684692383, 0.5127571225166321]
[0.5758383274078369, 0.5795691609382629, 0.42707738280296326, 0.26778069138526917, 0.5564409494400024]
[0.4457893371582031, 0.5648589730262756, 0.4465997517108917, 0.3178897798061371, 0.47821083664894104]
[0.49874186515808105, 0.5787433385848999, 0.447982519865036, 0.2824874222278595, 0.4833683967590332]
[0.4486064612865448, 0.5679740309715271, 0.4403582811355591, 0.29654231667518616, 0.5111375451087952]
[0.5393285751342773, 0.5821748971939087, 0.4020867943763733, 0.2750473618507385, 0.5517710447311401]
[0.44820743799209595, 0.5856026411056519, 0.44637033343315125, 0.29312974214553833, 0.4808202385902405]
[0.4413399398326874, 0.5656519532203674, 0.457560271024704, 0.29979509115219116, 0.470787912607193]
[0.525460422039032, 0.5801437497138977, 0.4221417307853699, 0.2590770125389099, 0.5394300222396851]
[0.46385547518730164, 0.5818960666656494, 0.4561305344104767, 0.28345638513565063, 0.49786660075187683]
[0.5536494851112366, 0.5684286952018738, 0.4264592230319977, 0.28106996417045593, 0.524756133556366]
[0.47587519884109497, 0.5642476081848145, 0.4233599305152893, 0.25727173686027527, 0.5283780097961426]
[0.5322736501693726, 0.5744956731796265, 0.4187980890274048, 0.2803918421268463, 0.5581772327423096]
[0.385852575302124, 0.5593848824501038, 0.45914506912231445, 0.2989233136177063, 0.4251597821712494]
[0.46646827459335327, 0.5372074842453003, 0.4535796046257019, 0.34561651945114136, 0.4866064190864563]
[0.4680127501487732, 0.5923903584480286, 0.4287876486778259, 0.2730920910835266, 0.5150213837623596]
[0.4480089843273163, 0.5492960214614868, 0.47081896662712097, 0.32019248604774475, 0.48891931772232056]
[0.5002240538597107, 0.5600502490997314, 0.44015806913375854, 0.2777138352394104, 0.5240776538848877]
[0.5010389089584351, 0.5666040182113647, 0.42592212557792664, 0.2963480055332184, 0.4932073652744293]
[0.48379552364349365, 0.5937032699584961, 0.41920071840286255, 0.2830924987792969, 0.4925927221775055]
[0.4949895143508911, 0.5857365727424622, 0.4113873541355133, 0.27862679958343506, 0.5425065159797668]
[0.47982293367385864, 0.5651090145111084, 0.4287565350532532, 0.2575148940086365, 0.5090175867080688]
[0.48379552364349365, 0.5937032699584961, 0.41920071840286255, 0.2830924987792969, 0.4925927221775055]
[0.5026862025260925, 0.5797078013420105, 0.4593580663204193, 0.30724209547042847, 0.49718213081359863]
[0.5464619398117065, 0.579888105392456, 0.4324270486831665, 0.26745226979255676, 0.5200955867767334]
[0.4785923659801483, 0.5465716123580933, 0.46184396743774414, 0.34194815158843994, 0.5072134733200073]
[0.5536272525787354, 0.590101420879364, 0.41612887382507324, 0.27230337262153625, 0.5735926032066345]
[0.4825093150138855, 0.6028304100036621, 0.43789809942245483, 0.2654448449611664, 0.5101684331893921]
[0.4777766764163971, 0.5410494208335876, 0.454496830701828, 0.32178160548210144, 0.513817548751831]
[0.48372387886047363, 0.5474799275398254, 0.4415947496891022, 0.2982504069805145, 0.49992120265960693]
[0.5193629860877991, 0.5856478810310364, 0.41173920035362244, 0.282301664352417, 0.5441094636917114]
[0.5272302627563477, 0.5840229392051697, 0.44060295820236206, 0.2878914475440979, 0.5194216966629028]
[0.5994998216629028, 0.5040412545204163, 0.4569968581199646, 0.33908283710479736, 0.6018511056900024]
[0.43725472688674927, 0.5549955368041992, 0.44714584946632385, 0.320122629404068, 0.4674953818321228]
[0.5025538802146912, 0.5779215693473816, 0.431980699300766, 0.30538302659988403, 0.5185392498970032]
[0.5535129308700562, 0.5704843997955322, 0.4104310870170593, 0.28595998883247375, 0.5598262548446655]
[0.5490092635154724, 0.5832529067993164, 0.394791841506958, 0.23531557619571686, 0.5441912412643433]
[0.4641937017440796, 0.5795634984970093, 0.44146308302879333, 0.3057573735713959, 0.5082168579101562]
[0.486125111579895, 0.5509757995605469, 0.4879452884197235, 0.32377761602401733, 0.5168302655220032]
[0.41423314809799194, 0.5265063643455505, 0.49929195642471313, 0.3818459212779999, 0.4823019206523895]
[0.46677419543266296, 0.5770666003227234, 0.4354373514652252, 0.28215888142585754, 0.5023314356803894]
[0.5174399018287659, 0.5817918181419373, 0.42485663294792175, 0.2754598557949066, 0.5208520293235779]
[0.5596339702606201, 0.5754632353782654, 0.41443660855293274, 0.2656318247318268, 0.5355283617973328]
[0.4715847373008728, 0.5363779664039612, 0.4328880310058594, 0.31453052163124084, 0.4839211106300354]
[0.5315790176391602, 0.5866838693618774, 0.429376482963562, 0.2754666805267334, 0.5527838468551636]
[0.44059938192367554, 0.5550457239151001, 0.4373968243598938, 0.2915670573711395, 0.47526663541793823]
[0.5748414397239685, 0.5836626887321472, 0.41777706146240234, 0.26293492317199707, 0.5552679896354675]
[0.4697672724723816, 0.5660879611968994, 0.4511260688304901, 0.30113229155540466, 0.4878821074962616]
[0.6031688451766968, 0.5036512017250061, 0.45047885179519653, 0.3313726782798767, 0.6027124524116516]
[0.4375351369380951, 0.5263824462890625, 0.45628103613853455, 0.28995952010154724, 0.4579482972621918]
[0.41859620809555054, 0.5371951460838318, 0.48961734771728516, 0.3645988702774048, 0.4589320719242096]
[0.53615802526474, 0.5686971545219421, 0.4280947744846344, 0.2746228277683258, 0.5471348762512207]
[0.38165828585624695, 0.5429410338401794, 0.5377244353294373, 0.5270874500274658, 0.48076730966567993]
[0.5054660439491272, 0.5983550548553467, 0.4381096065044403, 0.26429155468940735, 0.5221214890480042]
[0.5160178542137146, 0.5895063281059265, 0.4181462824344635, 0.26784566044807434, 0.5280237793922424]
[0.385852575302124, 0.5593848824501038, 0.45914506912231445, 0.2989233136177063, 0.4251597821712494]
[0.5347305536270142, 0.5575883388519287, 0.45883050560951233, 0.3083573877811432, 0.5229252576828003]
[0.549691379070282, 0.5871497988700867, 0.4130420386791229, 0.26551756262779236, 0.5281603336334229]
[0.4447086751461029, 0.5607041120529175, 0.4553246796131134, 0.3092382252216339, 0.47605612874031067]
[0.48379552364349365, 0.5937032699584961, 0.41920071840286255, 0.2830924987792969, 0.4925927221775055]
[0.48379552364349365, 0.5937032699584961, 0.41920071840286255, 0.2830924987792969, 0.4925927221775055]
[0.457021027803421, 0.5249413847923279, 0.45484331250190735, 0.2804458439350128, 0.46535876393318176]
[0.527854323387146, 0.5857251286506653, 0.42558375000953674, 0.27191784977912903, 0.5264109373092651]
[0.5671679377555847, 0.5839711427688599, 0.42691317200660706, 0.2830752730369568, 0.5658105611801147]
[0.5341144800186157, 0.5864610075950623, 0.41171950101852417, 0.26261720061302185, 0.5443593263626099]
[0.5223283171653748, 0.5828006267547607, 0.4637807309627533, 0.29326945543289185, 0.5522054433822632]
[0.3863024115562439, 0.5508564710617065, 0.46033868193626404, 0.3346827030181885, 0.4365505278110504]
[0.557330310344696, 0.572031557559967, 0.4181753695011139, 0.26777198910713196, 0.5481788516044617]
[0.4589277505874634, 0.508915364742279, 0.5057342052459717, 0.426193505525589, 0.4938652813434601]
[0.5354865789413452, 0.5888907313346863, 0.41922876238822937, 0.2605830132961273, 0.5253303050994873]
[0.5260403752326965, 0.5739756226539612, 0.43131595849990845, 0.2997438609600067, 0.5448324084281921]
[0.48379552364349365, 0.5937032699584961, 0.41920071840286255, 0.2830924987792969, 0.4925927221775055]
[0.5354865789413452, 0.5888907313346863, 0.41922876238822937, 0.2605830132961273, 0.5253303050994873]
[0.42911359667778015, 0.5583806037902832, 0.4441983699798584, 0.3178548216819763, 0.47514215111732483]
[0.5431584715843201, 0.5910380482673645, 0.3988456428050995, 0.2591082453727722, 0.5678967833518982]
[0.5293005704879761, 0.5701003670692444, 0.42925524711608887, 0.26818305253982544, 0.5288557410240173]
[0.4974931478500366, 0.5832046866416931, 0.4537179470062256, 0.29513877630233765, 0.5132023096084595]
[0.48733916878700256, 0.5739020109176636, 0.42586496472358704, 0.2761390507221222, 0.4984787106513977]
[0.4593087434768677, 0.5804238319396973, 0.42851412296295166, 0.27434155344963074, 0.49983900785446167]
[0.5054660439491272, 0.5983550548553467, 0.4381096065044403, 0.26429155468940735, 0.5221214890480042]
[0.36516308784484863, 0.5593702793121338, 0.5129327178001404, 0.3805975615978241, 0.4364776313304901]
[0.5193629860877991, 0.5856478810310364, 0.41173920035362244, 0.282301664352417, 0.5441094636917114]
[0.528408944606781, 0.5689268708229065, 0.48799097537994385, 0.3221622407436371, 0.5493508577346802]
[0.5467307567596436, 0.5857494473457336, 0.4168931543827057, 0.27391964197158813, 0.5570942163467407]
[0.5282581448554993, 0.5951627492904663, 0.40407702326774597, 0.2643665075302124, 0.5476508140563965]
[0.42226868867874146, 0.5569778680801392, 0.4540754556655884, 0.34928077459335327, 0.4691528081893921]
[0.41009435057640076, 0.5458948016166687, 0.465166300535202, 0.32840144634246826, 0.47127658128738403]
[0.5451405048370361, 0.5799071192741394, 0.4316512644290924, 0.266661137342453, 0.5196403861045837]
[0.3960452973842621, 0.5540094375610352, 0.4478254020214081, 0.3129272758960724, 0.4608802795410156]
[0.5240336656570435, 0.5488314032554626, 0.4650346338748932, 0.3603084087371826, 0.5168709754943848]
[0.5045761466026306, 0.5880237221717834, 0.4266854226589203, 0.28663119673728943, 0.5016027092933655]
[0.4582843780517578, 0.5255053043365479, 0.5346509218215942, 0.4073958396911621, 0.5151825547218323]
[0.5059635639190674, 0.577647864818573, 0.4234139323234558, 0.29466676712036133, 0.5080416202545166]
[0.5286009907722473, 0.5652329921722412, 0.4264355003833771, 0.2751602232456207, 0.5605886578559875]
[0.5502533316612244, 0.5312448740005493, 0.41978147625923157, 0.28317323327064514, 0.554564893245697]
[0.5353963971138, 0.5661773085594177, 0.43238869309425354, 0.2795511484146118, 0.5439518690109253]
[0.6029670834541321, 0.4972885251045227, 0.4650128185749054, 0.41170650720596313, 0.5624681711196899]
[0.48049473762512207, 0.5696222186088562, 0.45326805114746094, 0.3005283772945404, 0.48581239581108093]
[0.5081166625022888, 0.5551313757896423, 0.4310038089752197, 0.27518996596336365, 0.5105646848678589]
[0.5404505729675293, 0.5593903660774231, 0.4273079037666321, 0.28938260674476624, 0.5224065780639648]
