0
有时候，你最想得到的人，其实是你最应该离开的人。
[0.5133389234542847, 0.5643635392189026, 0.4388984441757202, 0.31543639302253723, 0.5480066537857056]
[0.4666755497455597, 0.5950424671173096, 0.45272740721702576, 0.2865021526813507, 0.4908199608325958]
[0.5073683261871338, 0.561484694480896, 0.44262462854385376, 0.2667873203754425, 0.5434290766716003]
[0.44518229365348816, 0.5681320428848267, 0.4309387803077698, 0.27823272347450256, 0.49209126830101013]
[0.34116891026496887, 0.56634122133255, 0.4472353756427765, 0.3073737919330597, 0.4308432638645172]
[0.5444002747535706, 0.5663224458694458, 0.41967037320137024, 0.2881081700325012, 0.5384171009063721]
[0.44951581954956055, 0.5843620896339417, 0.45074307918548584, 0.30201977491378784, 0.47219300270080566]
[0.4620521068572998, 0.5630296468734741, 0.4455726742744446, 0.3144913911819458, 0.49519938230514526]
[0.4487622082233429, 0.5716210603713989, 0.4600348174571991, 0.3031274080276489, 0.45275557041168213]
[0.5150379538536072, 0.5677580237388611, 0.43459343910217285, 0.2800242006778717, 0.5595542788505554]
[0.38746750354766846, 0.5791546702384949, 0.43970999121665955, 0.28842321038246155, 0.45733416080474854]
[0.34825870394706726, 0.5750640034675598, 0.45845329761505127, 0.34122735261917114, 0.4323931038379669]
[0.433738112449646, 0.5748844146728516, 0.4447202980518341, 0.33389636874198914, 0.47764086723327637]
[0.5053222179412842, 0.5765698552131653, 0.42212557792663574, 0.2952951192855835, 0.5233169794082642]
[0.4985477328300476, 0.5931411385536194, 0.4268622398376465, 0.2883148491382599, 0.49974191188812256]
[0.5205302834510803, 0.587558925151825, 0.41171252727508545, 0.292306125164032, 0.5206485390663147]
[0.5133389234542847, 0.5643635392189026, 0.4388984441757202, 0.31543639302253723, 0.5480066537857056]
[0.41835322976112366, 0.5673167109489441, 0.43524837493896484, 0.3141353726387024, 0.4509153962135315]
[0.4597150385379791, 0.5559744238853455, 0.4618174731731415, 0.33238115906715393, 0.46152782440185547]
[0.5236071348190308, 0.6039082407951355, 0.4364933669567108, 0.2759243845939636, 0.5477324724197388]
[0.4666755497455597, 0.5950424671173096, 0.45272740721702576, 0.2865021526813507, 0.4908199608325958]
[0.5505788922309875, 0.5671609044075012, 0.4181893765926361, 0.28511470556259155, 0.5614734888076782]
[0.39919012784957886, 0.564538836479187, 0.4645410478115082, 0.32869666814804077, 0.4501816928386688]
