0
#晚安#【这一刻，520！这一刻，进入今年最浪漫的日期，无论是枕边人，还是远方的他/她，说出彼此的爱吧。也可以把这条微博 给你心仪的他/她，作为表白哦！愿爱意和感恩温暖你我的心灵！晚安，亲们520！
[0.5201123356819153, 0.5417940616607666, 0.46491163969039917, 0.36107194423675537, 0.5194507241249084]
[0.4886372685432434, 0.5639163255691528, 0.43658530712127686, 0.32071632146835327, 0.5358899235725403]
[0.5077729821205139, 0.5844460725784302, 0.4256325960159302, 0.2817858159542084, 0.5264800190925598]
[0.4455273747444153, 0.5322239995002747, 0.4936359226703644, 0.3481632173061371, 0.4797650873661041]
[0.5536531209945679, 0.5642490983009338, 0.4451769292354584, 0.27601563930511475, 0.4976464807987213]
[0.5088280439376831, 0.5869231820106506, 0.4431888163089752, 0.2837069630622864, 0.5287617444992065]
[0.5146591067314148, 0.5735536813735962, 0.4207744002342224, 0.3058776259422302, 0.5074310302734375]
[0.5233815908432007, 0.5919960141181946, 0.41395217180252075, 0.2707638740539551, 0.5524160265922546]
[0.49935221672058105, 0.5558078289031982, 0.46112555265426636, 0.3277057111263275, 0.5340245962142944]
[0.5135228037834167, 0.5840474367141724, 0.4377245604991913, 0.2952202260494232, 0.5200117230415344]
[0.4042683243751526, 0.5702140927314758, 0.4459274113178253, 0.26089751720428467, 0.46902668476104736]
[0.5131096839904785, 0.5233578681945801, 0.44670742750167847, 0.31906482577323914, 0.5508150458335876]
[0.38613420724868774, 0.5626964569091797, 0.4346226453781128, 0.29786351323127747, 0.4489196538925171]
[0.49133554100990295, 0.5727924108505249, 0.45894673466682434, 0.3008267283439636, 0.5125961899757385]
[0.5184011459350586, 0.5791971683502197, 0.4349020719528198, 0.2883472442626953, 0.5370715856552124]
[0.5438856482505798, 0.5929805040359497, 0.418680876493454, 0.27237069606781006, 0.5508289337158203]
[0.5127835273742676, 0.5838855504989624, 0.4191204309463501, 0.27048179507255554, 0.5591161847114563]
[0.4980505108833313, 0.5765646696090698, 0.42436492443084717, 0.3098062574863434, 0.5334217548370361]
[0.5231831073760986, 0.5927172899246216, 0.41695940494537354, 0.26191624999046326, 0.549167275428772]
[0.5079116225242615, 0.5462496876716614, 0.466936320066452, 0.3477099537849426, 0.5363250374794006]
[0.5354670882225037, 0.5631609559059143, 0.4506213366985321, 0.3158095180988312, 0.5418605804443359]
[0.5056800246238708, 0.5649362206459045, 0.43866267800331116, 0.29203906655311584, 0.5155754685401917]
[0.48379552364349365, 0.5937032699584961, 0.41920071840286255, 0.2830924987792969, 0.4925927221775055]
[0.4641420245170593, 0.568292498588562, 0.427112877368927, 0.3039919137954712, 0.4770490527153015]
[0.5008623600006104, 0.5697519779205322, 0.4577365517616272, 0.30553075671195984, 0.5235064029693604]
[0.5342614054679871, 0.545809805393219, 0.4571804404258728, 0.3192286789417267, 0.5206457376480103]
[0.5186339020729065, 0.5776795148849487, 0.42441850900650024, 0.25553184747695923, 0.5272746086120605]
[0.5584818124771118, 0.5656561851501465, 0.40119096636772156, 0.24935436248779297, 0.5891489386558533]
[0.47170206904411316, 0.5733928084373474, 0.4450204074382782, 0.3323454260826111, 0.49521738290786743]
[0.5100451707839966, 0.5742045044898987, 0.44143304228782654, 0.29112839698791504, 0.5228748321533203]
[0.5160022377967834, 0.509666383266449, 0.4999735355377197, 0.4482712745666504, 0.5636868476867676]
[0.5213276147842407, 0.5892563462257385, 0.40013134479522705, 0.2596658170223236, 0.554876446723938]
[0.45168212056159973, 0.5723904967308044, 0.4393386244773865, 0.2977132499217987, 0.49256086349487305]
[0.5425238013267517, 0.5527421236038208, 0.4656905233860016, 0.3591761589050293, 0.5395376086235046]
[0.44892024993896484, 0.5448578596115112, 0.4451821744441986, 0.2793743908405304, 0.4697248637676239]
[0.5231831073760986, 0.5927172899246216, 0.41695940494537354, 0.26191624999046326, 0.549167275428772]
[0.5533884763717651, 0.5541661381721497, 0.4118654131889343, 0.2700386047363281, 0.5518972277641296]
[0.5095722079277039, 0.5740978717803955, 0.4330611824989319, 0.32203981280326843, 0.5411339998245239]
[0.47970297932624817, 0.5483013391494751, 0.4564351439476013, 0.36477506160736084, 0.47648510336875916]
[0.5357921123504639, 0.555010199546814, 0.4459367096424103, 0.2953762114048004, 0.5309340357780457]
[0.3836798071861267, 0.5537271499633789, 0.4756568968296051, 0.36554235219955444, 0.426149845123291]
[0.5736961960792542, 0.560183584690094, 0.4220178425312042, 0.2646843194961548, 0.5550745725631714]
[0.51994788646698, 0.6003196835517883, 0.43578362464904785, 0.2720758616924286, 0.5530968904495239]
[0.4775513708591461, 0.5563162565231323, 0.437905490398407, 0.3058994710445404, 0.5224471092224121]
[0.4636380672454834, 0.5533433556556702, 0.4613841474056244, 0.3179108202457428, 0.4836459457874298]
[0.4595297873020172, 0.5797556638717651, 0.43386876583099365, 0.2629318833351135, 0.5207942128181458]
[0.5383161902427673, 0.6018879413604736, 0.4191490113735199, 0.27371925115585327, 0.5435680747032166]
[0.6124383807182312, 0.5874529480934143, 0.3849322199821472, 0.22522065043449402, 0.5997785925865173]
[0.5171520113945007, 0.575837254524231, 0.4498087763786316, 0.3044640123844147, 0.5579037666320801]
[0.5412876605987549, 0.5868886113166809, 0.4324694275856018, 0.28830260038375854, 0.5552921295166016]
[0.4544011652469635, 0.5663912892341614, 0.4556543231010437, 0.2861308157444, 0.476944237947464]
[0.5203913450241089, 0.5566856265068054, 0.427328497171402, 0.30530214309692383, 0.52236407995224]
[0.4389330744743347, 0.5647862553596497, 0.44915392994880676, 0.27487385272979736, 0.4999273419380188]
[0.5231831073760986, 0.5927172899246216, 0.41695940494537354, 0.26191624999046326, 0.549167275428772]
[0.44111695885658264, 0.5709056854248047, 0.44544970989227295, 0.2709321081638336, 0.4849415421485901]
[0.5244985222816467, 0.560113251209259, 0.45048272609710693, 0.30947446823120117, 0.5280554890632629]
[0.513701319694519, 0.5627092123031616, 0.4292759299278259, 0.32109880447387695, 0.507391631603241]
[0.5878221988677979, 0.5372547507286072, 0.39350876212120056, 0.2423255294561386, 0.5928575992584229]
[0.5158326625823975, 0.5861110091209412, 0.43714991211891174, 0.27623751759529114, 0.54755699634552]
[0.5440531373023987, 0.5767896771430969, 0.42658761143684387, 0.27661702036857605, 0.5394584536552429]
[0.6124383807182312, 0.5874529480934143, 0.3849322199821472, 0.22522065043449402, 0.5997785925865173]
[0.5514212846755981, 0.5787770748138428, 0.4081832766532898, 0.2783889174461365, 0.5442572832107544]
[0.452283650636673, 0.5555082559585571, 0.447665274143219, 0.32530972361564636, 0.4894927740097046]
[0.4437866508960724, 0.5706997513771057, 0.4535426199436188, 0.29589030146598816, 0.507418692111969]
[0.5001680254936218, 0.5463740229606628, 0.4460028111934662, 0.3455071747303009, 0.5316959023475647]
[0.44252049922943115, 0.5683653950691223, 0.4646834135055542, 0.3248361349105835, 0.46259748935699463]
[0.45257583260536194, 0.5547081828117371, 0.44420063495635986, 0.31843996047973633, 0.4901086091995239]
[0.48379552364349365, 0.5937032699584961, 0.41920071840286255, 0.2830924987792969, 0.4925927221775055]
[0.46111786365509033, 0.5430448055267334, 0.4589574337005615, 0.34038203954696655, 0.4844447374343872]
[0.48210108280181885, 0.5596238970756531, 0.4568093717098236, 0.3020859956741333, 0.5254040956497192]
[0.47340521216392517, 0.5798025727272034, 0.460238516330719, 0.2831471562385559, 0.4938552677631378]
[0.47340521216392517, 0.5798025727272034, 0.460238516330719, 0.2831471562385559, 0.4938552677631378]
[0.534821093082428, 0.5953507423400879, 0.41742563247680664, 0.2790501117706299, 0.5575038194656372]
[0.5411899089813232, 0.5524033904075623, 0.44350913166999817, 0.323738694190979, 0.5279378890991211]
[0.5264894962310791, 0.5419036149978638, 0.45116886496543884, 0.3324018716812134, 0.5302947163581848]
[0.5333905220031738, 0.5845285654067993, 0.41627758741378784, 0.2703781723976135, 0.5351208448410034]
[0.518654465675354, 0.543878436088562, 0.45746201276779175, 0.35481953620910645, 0.5278429985046387]
[0.4825534522533417, 0.5846850275993347, 0.4324520528316498, 0.28005266189575195, 0.5270259380340576]
[0.5089150667190552, 0.5340917110443115, 0.47976893186569214, 0.33922168612480164, 0.5358667969703674]
[0.5363017320632935, 0.592589795589447, 0.4029664695262909, 0.24079349637031555, 0.5701597929000854]
[0.4595297873020172, 0.5797556638717651, 0.43386876583099365, 0.2629318833351135, 0.5207942128181458]
[0.5129147171974182, 0.5994759202003479, 0.4277203381061554, 0.29406723380088806, 0.505302369594574]
[0.48710599541664124, 0.5858561992645264, 0.42076873779296875, 0.2916084825992584, 0.5204312205314636]
[0.5573993921279907, 0.5886023044586182, 0.4081949293613434, 0.27078983187675476, 0.5611905455589294]
[0.5449062585830688, 0.5689470171928406, 0.42319411039352417, 0.29891398549079895, 0.549663782119751]
[0.4595297873020172, 0.5797556638717651, 0.43386876583099365, 0.2629318833351135, 0.5207942128181458]
[0.4023655951023102, 0.5736730694770813, 0.44821375608444214, 0.3343774974346161, 0.44630178809165955]
[0.4595297873020172, 0.5797556638717651, 0.43386876583099365, 0.2629318833351135, 0.5207942128181458]
[0.5179873108863831, 0.5662970542907715, 0.45549410581588745, 0.3240954875946045, 0.5410953760147095]
[0.5247629880905151, 0.5862783789634705, 0.42745110392570496, 0.2853941023349762, 0.5231946110725403]
[0.521081268787384, 0.5548003315925598, 0.4474829137325287, 0.3130863606929779, 0.5524753332138062]
[0.4876021444797516, 0.5519760847091675, 0.4553758203983307, 0.3579639494419098, 0.4868515431880951]
[0.4731086492538452, 0.5505390763282776, 0.4617021977901459, 0.335811585187912, 0.5057098865509033]
[0.5438856482505798, 0.5929805040359497, 0.418680876493454, 0.27237069606781006, 0.5508289337158203]
[0.5218284726142883, 0.5201941728591919, 0.4663815498352051, 0.37468859553337097, 0.5148988366127014]
[0.552857518196106, 0.5748558640480042, 0.4138127267360687, 0.26848360896110535, 0.5737136602401733]
[0.5438856482505798, 0.5929805040359497, 0.418680876493454, 0.27237069606781006, 0.5508289337158203]
[0.40432101488113403, 0.5567407608032227, 0.44803330302238464, 0.2807977497577667, 0.4740472435951233]
[0.5036582350730896, 0.5709224343299866, 0.4210454821586609, 0.2803618609905243, 0.533765971660614]
[0.4769602417945862, 0.5892577171325684, 0.43651825189590454, 0.2932775616645813, 0.49077311158180237]
[0.4804917871952057, 0.5859753489494324, 0.4105868637561798, 0.26599305868148804, 0.5382983684539795]
