0
好害怕!!!晚飯後回家發現有一隻死蟑螂（圖左），估計是貓咪mike mike 救了我。我鼓起勇氣用tissue 蓋住屍體，但我實在沒勇氣拾起牠。（家傭又未返家）😭😂😭好害怕喔
[0.3509014844894409, 0.5412822961807251, 0.5140655636787415, 0.5007590651512146, 0.46990010142326355]
[0.44526177644729614, 0.5782157182693481, 0.43330898880958557, 0.3055168688297272, 0.4906873404979706]
[0.516913890838623, 0.5890724062919617, 0.4223797619342804, 0.2772037088871002, 0.5356318354606628]
[0.45585355162620544, 0.5669237375259399, 0.4400116801261902, 0.25228291749954224, 0.5052255988121033]
[0.5374131798744202, 0.5842801332473755, 0.4229156970977783, 0.28570830821990967, 0.5403823256492615]
[0.49542877078056335, 0.5674158930778503, 0.43553391098976135, 0.29278770089149475, 0.5308042764663696]
[0.4074074923992157, 0.5433734655380249, 0.44881993532180786, 0.3501775860786438, 0.4244823455810547]
[0.48379552364349365, 0.5937032699584961, 0.41920071840286255, 0.2830924987792969, 0.4925927221775055]
[0.4630357623100281, 0.5758578181266785, 0.4508829116821289, 0.30454200506210327, 0.4866379201412201]
[0.4129762351512909, 0.5675082206726074, 0.44439631700515747, 0.2760511040687561, 0.47196751832962036]
[0.49784791469573975, 0.5791031718254089, 0.4232259690761566, 0.2689368724822998, 0.5353719592094421]
[0.4360364079475403, 0.5685035586357117, 0.43878498673439026, 0.29131677746772766, 0.46332046389579773]
[0.4921058714389801, 0.5761900544166565, 0.44052788615226746, 0.29545897245407104, 0.539364218711853]
[0.5091884136199951, 0.5836353898048401, 0.4365602433681488, 0.2612058222293854, 0.5632323026657104]
[0.5393116474151611, 0.576873779296875, 0.42896604537963867, 0.27426058053970337, 0.5443940758705139]
[0.3948720693588257, 0.5591724514961243, 0.518165111541748, 0.43015578389167786, 0.4368228614330292]
[0.5268783569335938, 0.5552078485488892, 0.4705089330673218, 0.31228578090667725, 0.5661861300468445]
[0.5341076254844666, 0.5868837237358093, 0.41470927000045776, 0.28326767683029175, 0.5492297410964966]
[0.47557222843170166, 0.5773729085922241, 0.4500710666179657, 0.31032225489616394, 0.5292866230010986]
[0.4831647574901581, 0.5899450778961182, 0.44249266386032104, 0.2782890498638153, 0.5106635093688965]
[0.4822428822517395, 0.5683432221412659, 0.45563191175460815, 0.30362582206726074, 0.5545224547386169]
[0.5105276107788086, 0.5404255390167236, 0.48114538192749023, 0.39898961782455444, 0.5171238780021667]
[0.4731653332710266, 0.5855218172073364, 0.43277350068092346, 0.2976858913898468, 0.5256367921829224]
[0.5268061757087708, 0.5838268399238586, 0.4322413504123688, 0.2809583246707916, 0.5583219528198242]
[0.6290386915206909, 0.5225239396095276, 0.4184449315071106, 0.2671799957752228, 0.6082804203033447]
[0.5713014006614685, 0.5518646240234375, 0.4191742539405823, 0.2855713963508606, 0.5852622985839844]
[0.49455884099006653, 0.5762578248977661, 0.44190508127212524, 0.28933319449424744, 0.5300572514533997]
[0.4228458106517792, 0.5426199436187744, 0.4450462758541107, 0.31357163190841675, 0.49505820870399475]
[0.5652313232421875, 0.5781466364860535, 0.41009780764579773, 0.25845059752464294, 0.5735071301460266]
[0.5422282814979553, 0.5863180160522461, 0.40551844239234924, 0.2753317654132843, 0.556081235408783]
[0.5071014761924744, 0.5744949579238892, 0.4362054765224457, 0.31284523010253906, 0.5231946706771851]
[0.44439876079559326, 0.5743264555931091, 0.4482264518737793, 0.3240516781806946, 0.49099820852279663]
[0.47589555382728577, 0.5439841747283936, 0.46978136897087097, 0.3513631522655487, 0.5035613775253296]
[0.5185933113098145, 0.5886591672897339, 0.41420748829841614, 0.28358691930770874, 0.5321028828620911]
[0.5312722325325012, 0.5725195407867432, 0.4300539493560791, 0.30129989981651306, 0.5325186252593994]
[0.5585703253746033, 0.5382605195045471, 0.46009185910224915, 0.3365373909473419, 0.5747665762901306]
[0.47971564531326294, 0.5675071477890015, 0.43539461493492126, 0.28168240189552307, 0.5244581699371338]
[0.44074010848999023, 0.5407296419143677, 0.47632667422294617, 0.33420780301094055, 0.5312241315841675]
[0.5169422626495361, 0.5621902346611023, 0.43231308460235596, 0.28520795702934265, 0.5340413451194763]
[0.5054943561553955, 0.5882043242454529, 0.4207998514175415, 0.27638235688209534, 0.5347803831100464]
[0.5236303210258484, 0.5963016152381897, 0.44791412353515625, 0.2833831310272217, 0.5287325978279114]
[0.4845024645328522, 0.5607566833496094, 0.43082940578460693, 0.28555193543434143, 0.5389391779899597]
[0.523909330368042, 0.5810662508010864, 0.4355907738208771, 0.29442542791366577, 0.5484018325805664]
[0.5264594554901123, 0.5542281866073608, 0.4472617506980896, 0.31781917810440063, 0.5459679961204529]
[0.5421494245529175, 0.556434690952301, 0.46326038241386414, 0.3546147644519806, 0.5756459832191467]
[0.5850731134414673, 0.5683538913726807, 0.4218776226043701, 0.26447996497154236, 0.5724667310714722]
[0.5776659846305847, 0.53264981508255, 0.45768123865127563, 0.28275278210639954, 0.5637322068214417]
[0.4426087439060211, 0.5227404832839966, 0.5207877159118652, 0.4237495958805084, 0.49754488468170166]
[0.6260168552398682, 0.5785494446754456, 0.377883642911911, 0.23478804528713226, 0.6046811938285828]
[0.5577999353408813, 0.5961617231369019, 0.3960985243320465, 0.25448915362358093, 0.5627573132514954]
[0.5320510268211365, 0.5752161145210266, 0.4451102316379547, 0.27989906072616577, 0.5373142957687378]
[0.5604331493377686, 0.5958817601203918, 0.41846346855163574, 0.25559598207473755, 0.5641699433326721]
[0.5042227506637573, 0.5416517853736877, 0.4579331576824188, 0.33138307929039, 0.5420119762420654]
[0.533787190914154, 0.5761017799377441, 0.42952537536621094, 0.29393666982650757, 0.5647457242012024]
[0.49883270263671875, 0.5470853447914124, 0.4388203024864197, 0.31157001852989197, 0.5240607261657715]
[0.47108206152915955, 0.5331807732582092, 0.44710052013397217, 0.28932663798332214, 0.4929274618625641]
[0.5279339551925659, 0.5910303592681885, 0.4568581283092499, 0.29566067457199097, 0.5202845931053162]
[0.4700262248516083, 0.5599445700645447, 0.47574231028556824, 0.34061092138290405, 0.5081583261489868]
[0.5106496810913086, 0.5767914652824402, 0.4516095817089081, 0.2905958294868469, 0.5363378524780273]
[0.4968278408050537, 0.5623162388801575, 0.43882855772972107, 0.3330487310886383, 0.5239628553390503]
[0.5570693016052246, 0.5937857031822205, 0.4297214150428772, 0.26506516337394714, 0.5562305450439453]
[0.5291857719421387, 0.5596771836280823, 0.4456772208213806, 0.2795340418815613, 0.5577716827392578]
[0.5267676115036011, 0.589496910572052, 0.44008177518844604, 0.2725668251514435, 0.5535504817962646]
[0.4983702600002289, 0.5716301798820496, 0.4493753910064697, 0.28177863359451294, 0.5407415628433228]
[0.539958119392395, 0.5637784004211426, 0.4258384108543396, 0.2867220938205719, 0.5712621212005615]
[0.49683889746665955, 0.5700587034225464, 0.43145665526390076, 0.2800211012363434, 0.5407924652099609]
[0.5025660991668701, 0.5687332153320312, 0.42382368445396423, 0.294051855802536, 0.5206414461135864]
[0.5325978994369507, 0.5780821442604065, 0.43575021624565125, 0.2849847972393036, 0.5694111585617065]
[0.49504518508911133, 0.5584840774536133, 0.4623834192752838, 0.3499640226364136, 0.5094067454338074]
[0.5048373937606812, 0.5710050463676453, 0.41445136070251465, 0.2756813168525696, 0.5423815846443176]
[0.42891499400138855, 0.5652233958244324, 0.4436759948730469, 0.30913692712783813, 0.4452058672904968]
[0.5359059572219849, 0.5604947805404663, 0.42654192447662354, 0.31908661127090454, 0.5408125519752502]
[0.404214084148407, 0.5500665307044983, 0.4462738633155823, 0.3107552230358124, 0.4360277056694031]
[0.5249603986740112, 0.5739225149154663, 0.4280622899532318, 0.2868577539920807, 0.5510425567626953]
[0.46949684619903564, 0.5536690950393677, 0.47414663434028625, 0.341987282037735, 0.516505777835846]
[0.4649377763271332, 0.5485100746154785, 0.47238782048225403, 0.35721665620803833, 0.4799502491950989]
[0.4882965087890625, 0.5682745575904846, 0.43876639008522034, 0.28117284178733826, 0.5301018357276917]
[0.4455570578575134, 0.5485464930534363, 0.48112836480140686, 0.3149331212043762, 0.48920685052871704]
[0.5227437615394592, 0.5779111981391907, 0.4608337879180908, 0.2996799647808075, 0.5351715683937073]
[0.3766151964664459, 0.5403680205345154, 0.5238784551620483, 0.48538869619369507, 0.46528828144073486]
[0.49569472670555115, 0.5517693758010864, 0.4498932957649231, 0.2928360402584076, 0.5057788491249084]
[0.39870163798332214, 0.5368420481681824, 0.4680391550064087, 0.33409515023231506, 0.44106554985046387]
[0.5452497601509094, 0.5338413715362549, 0.4682875871658325, 0.3709685504436493, 0.5479601621627808]
[0.49338868260383606, 0.557786226272583, 0.44115257263183594, 0.30957743525505066, 0.5397388935089111]
[0.47428497672080994, 0.5443450808525085, 0.44463658332824707, 0.3395195007324219, 0.5356398820877075]
[0.44088491797447205, 0.564417839050293, 0.4447482228279114, 0.3341694176197052, 0.5048832893371582]
[0.5877602696418762, 0.5556871294975281, 0.37535199522972107, 0.22318953275680542, 0.592147946357727]
[0.5029952526092529, 0.559805691242218, 0.44887685775756836, 0.2929692268371582, 0.5098245143890381]
[0.46099013090133667, 0.5406705737113953, 0.4693279266357422, 0.3384186029434204, 0.5306522846221924]
[0.4637789726257324, 0.5551896095275879, 0.43727800250053406, 0.317358136177063, 0.5141621828079224]
[0.4873347580432892, 0.5126412510871887, 0.5313873887062073, 0.4944705665111542, 0.5231554508209229]
[0.5198153257369995, 0.5577515959739685, 0.4524623155593872, 0.3219555914402008, 0.5678141713142395]
[0.5095072388648987, 0.5822141766548157, 0.42226964235305786, 0.2564786970615387, 0.5332562923431396]
[0.444223016500473, 0.562069296836853, 0.4338855445384979, 0.31943589448928833, 0.4872748553752899]
[0.3461363613605499, 0.5557183027267456, 0.46467894315719604, 0.32719045877456665, 0.4449838697910309]
[0.5763428807258606, 0.5710455775260925, 0.4174385964870453, 0.27543994784355164, 0.5478305220603943]
[0.38729381561279297, 0.5411513447761536, 0.4794034957885742, 0.3035210072994232, 0.4445209801197052]
[0.5183801054954529, 0.5501135587692261, 0.4418574869632721, 0.31232863664627075, 0.5275953412055969]
[0.45184314250946045, 0.5615415573120117, 0.45888787508010864, 0.31606820225715637, 0.5008177161216736]
[0.41203057765960693, 0.5593275427818298, 0.47153639793395996, 0.3144480884075165, 0.4315199553966522]
[0.5231024026870728, 0.5960045456886292, 0.4154629409313202, 0.27266910672187805, 0.5495876669883728]
