0
【2013上海国际足球邀请赛.回放#上海申花0:1大田市民#】2013上海国际足球邀请赛开战，上海申花坐镇虹口足球场0-1不敌大田市民。申花全替补出战投资人 身披18号球衣首发出战并打满全场，下半场朱骏曾补射打入一球但被判越位无效。大田市民在第50分钟由韩德熙打入制胜一球。
[0.5164327621459961, 0.50173020362854, 0.48732104897499084, 0.3301491439342499, 0.48900336027145386]
[0.5187159776687622, 0.5857296586036682, 0.4147711992263794, 0.27618685364723206, 0.5113179087638855]
[0.534807026386261, 0.5587021708488464, 0.42683082818984985, 0.28818878531455994, 0.5514160990715027]
[0.5562931299209595, 0.5845702886581421, 0.40400680899620056, 0.2714816927909851, 0.5377996563911438]
[0.4598459005355835, 0.5342557430267334, 0.4856509566307068, 0.36211690306663513, 0.47906914353370667]
[0.4807123839855194, 0.5700527429580688, 0.4383777976036072, 0.2913386821746826, 0.4944170415401459]
[0.4059862792491913, 0.5279271602630615, 0.4563150405883789, 0.3425496518611908, 0.46610552072525024]
[0.5104259848594666, 0.5805566310882568, 0.4429561495780945, 0.28099432587623596, 0.5107094049453735]
[0.5448319911956787, 0.5686026215553284, 0.4271884858608246, 0.29061102867126465, 0.5420429110527039]
[0.40897998213768005, 0.5687503218650818, 0.46026864647865295, 0.28908219933509827, 0.4747282564640045]
[0.5531563758850098, 0.5647454261779785, 0.44486984610557556, 0.2859528362751007, 0.5415939092636108]
[0.4875697195529938, 0.5502253770828247, 0.44312337040901184, 0.28589436411857605, 0.4939863681793213]
[0.512697696685791, 0.5686031579971313, 0.4413190186023712, 0.29502108693122864, 0.5250365734100342]
[0.5203245282173157, 0.5536585450172424, 0.42515236139297485, 0.3109366297721863, 0.5163446664810181]
[0.5713886618614197, 0.5616320371627808, 0.4220064878463745, 0.2925794720649719, 0.5467552542686462]
[0.5592696666717529, 0.5947704315185547, 0.41472500562667847, 0.269029825925827, 0.5736657977104187]
[0.3726511001586914, 0.5133410096168518, 0.515018880367279, 0.3957650065422058, 0.44668078422546387]
[0.5583786368370056, 0.5832712054252625, 0.40947309136390686, 0.2699882686138153, 0.557860255241394]
[0.45583221316337585, 0.5696325302124023, 0.4351198673248291, 0.29788318276405334, 0.4969690442085266]
[0.5154280662536621, 0.5614798665046692, 0.45509836077690125, 0.2922683358192444, 0.5254932641983032]
[0.5181291699409485, 0.534913957118988, 0.45971977710723877, 0.40320885181427, 0.5196915864944458]
[0.48237740993499756, 0.5636924505233765, 0.4278762638568878, 0.276456356048584, 0.4667442739009857]
[0.495728462934494, 0.5718831419944763, 0.442704439163208, 0.311467707157135, 0.5114800930023193]
[0.5187593698501587, 0.5562667846679688, 0.41714319586753845, 0.3068486750125885, 0.5455427765846252]
[0.4851362407207489, 0.5362075567245483, 0.47811728715896606, 0.3649033308029175, 0.4774051308631897]
[0.4857862889766693, 0.5567927360534668, 0.45727023482322693, 0.3222030699253082, 0.4684278666973114]
[0.5527586936950684, 0.5583769083023071, 0.4238653779029846, 0.2941012978553772, 0.5493160486221313]
[0.5233334302902222, 0.5554055571556091, 0.435668021440506, 0.3046947419643402, 0.533370852470398]
[0.42088767886161804, 0.5468482971191406, 0.4705691337585449, 0.300349622964859, 0.47513988614082336]
[0.5527576208114624, 0.559528112411499, 0.4216569662094116, 0.3011617064476013, 0.5567367672920227]
[0.511255145072937, 0.5555015802383423, 0.44553065299987793, 0.29960352182388306, 0.5322266817092896]
[0.5097461342811584, 0.5800812840461731, 0.4366006851196289, 0.28141066431999207, 0.5379654169082642]
[0.5754478573799133, 0.5610091090202332, 0.4159333109855652, 0.2863267660140991, 0.5598118901252747]
[0.3161323666572571, 0.5414938926696777, 0.45447733998298645, 0.29451984167099, 0.42867782711982727]
[0.49436110258102417, 0.5166603922843933, 0.510739266872406, 0.41086265444755554, 0.5428082346916199]
[0.4660481810569763, 0.5871230959892273, 0.44471970200538635, 0.2989170551300049, 0.48614978790283203]
[0.5020744800567627, 0.5683126449584961, 0.43302711844444275, 0.30741482973098755, 0.5104816555976868]
[0.5085405707359314, 0.5752140879631042, 0.429205060005188, 0.3017697036266327, 0.5266903042793274]
[0.5118547081947327, 0.560258686542511, 0.4775184094905853, 0.2979751527309418, 0.5320265889167786]
[0.5471585988998413, 0.5728607773780823, 0.4116969108581543, 0.24653610587120056, 0.5517702102661133]
[0.4435153603553772, 0.5535747408866882, 0.4491102993488312, 0.2871392071247101, 0.48710235953330994]
[0.3976222574710846, 0.5541115999221802, 0.4578341841697693, 0.31457510590553284, 0.4660516381263733]
[0.40579134225845337, 0.5068216919898987, 0.4855630695819855, 0.37749457359313965, 0.46440476179122925]
[0.5188410878181458, 0.5896219611167908, 0.4156791567802429, 0.27378591895103455, 0.5188353657722473]
[0.4854937195777893, 0.5300772190093994, 0.47445255517959595, 0.36599141359329224, 0.5076249241828918]
[0.5104259848594666, 0.5805566310882568, 0.4429561495780945, 0.28099432587623596, 0.5107094049453735]
[0.48774072527885437, 0.5472782254219055, 0.45636826753616333, 0.2986372411251068, 0.47700780630111694]
[0.4544014036655426, 0.5641824007034302, 0.44881296157836914, 0.31703585386276245, 0.48602384328842163]
[0.5518168807029724, 0.5338625907897949, 0.4151700437068939, 0.28145167231559753, 0.5539249777793884]
[0.5271127223968506, 0.5736759305000305, 0.4384725093841553, 0.277321457862854, 0.5192726254463196]
[0.5017459392547607, 0.5615425705909729, 0.45614883303642273, 0.3076656460762024, 0.5141470432281494]
[0.5669839978218079, 0.548406720161438, 0.41591665148735046, 0.2824881970882416, 0.5375552773475647]
[0.49478062987327576, 0.5522139072418213, 0.4476396143436432, 0.3286239802837372, 0.5227954983711243]
[0.4630300998687744, 0.5418182015419006, 0.48612579703330994, 0.38026919960975647, 0.5042510628700256]
[0.4687974452972412, 0.543582022190094, 0.4500768482685089, 0.33463549613952637, 0.5119672417640686]
[0.5154280662536621, 0.5614798665046692, 0.45509836077690125, 0.2922683358192444, 0.5254932641983032]
[0.5557647943496704, 0.5560208559036255, 0.43421387672424316, 0.30729231238365173, 0.5339847207069397]
[0.5557647943496704, 0.5560208559036255, 0.43421387672424316, 0.30729231238365173, 0.5339847207069397]
[0.5190483927726746, 0.5521607995033264, 0.43799299001693726, 0.3192245364189148, 0.5312080383300781]
[0.5583456158638, 0.5820494890213013, 0.40448835492134094, 0.2705462574958801, 0.5544737577438354]
[0.5383262634277344, 0.5623034834861755, 0.4375716745853424, 0.3160112202167511, 0.5429913997650146]
[0.4532187283039093, 0.5729955434799194, 0.4286002218723297, 0.2859037518501282, 0.5154518485069275]
[0.5154280662536621, 0.5614798665046692, 0.45509836077690125, 0.2922683358192444, 0.5254932641983032]
[0.5583786368370056, 0.5832712054252625, 0.40947309136390686, 0.2699882686138153, 0.557860255241394]
[0.5233334302902222, 0.5554055571556091, 0.435668021440506, 0.3046947419643402, 0.533370852470398]
[0.5154280662536621, 0.5614798665046692, 0.45509836077690125, 0.2922683358192444, 0.5254932641983032]
[0.5127516388893127, 0.574293851852417, 0.41731610894203186, 0.2586509585380554, 0.5457253456115723]
[0.4687974452972412, 0.543582022190094, 0.4500768482685089, 0.33463549613952637, 0.5119672417640686]
[0.5936198234558105, 0.5586662888526917, 0.41291752457618713, 0.2775919735431671, 0.5679725408554077]
[0.4687974452972412, 0.543582022190094, 0.4500768482685089, 0.33463549613952637, 0.5119672417640686]
[0.5557647943496704, 0.5560208559036255, 0.43421387672424316, 0.30729231238365173, 0.5339847207069397]
[0.5154280662536621, 0.5614798665046692, 0.45509836077690125, 0.2922683358192444, 0.5254932641983032]
[0.5433347821235657, 0.5925135016441345, 0.40954089164733887, 0.2539425194263458, 0.5711995959281921]
[0.4995913803577423, 0.5822078585624695, 0.43952634930610657, 0.3098094165325165, 0.5344061255455017]
[0.5105604529380798, 0.5530565977096558, 0.46448466181755066, 0.34713003039360046, 0.5231295824050903]
[0.5132195949554443, 0.5800366997718811, 0.4486628472805023, 0.32289788126945496, 0.4877229332923889]
[0.554267942905426, 0.5859257578849792, 0.4029131233692169, 0.24986891448497772, 0.573498547077179]
[0.5440113544464111, 0.5754051804542542, 0.40654173493385315, 0.2731062173843384, 0.535976231098175]
[0.5679697394371033, 0.5891842842102051, 0.4073367416858673, 0.261765718460083, 0.570188581943512]
[0.5449639558792114, 0.5707858800888062, 0.41980764269828796, 0.28903162479400635, 0.5459731817245483]
[0.4836917519569397, 0.5609005093574524, 0.4256611764431, 0.27757659554481506, 0.4997369349002838]
[0.44675442576408386, 0.5712966322898865, 0.4536186456680298, 0.30337002873420715, 0.48094263672828674]
[0.5400457382202148, 0.5398231744766235, 0.4310171902179718, 0.2873743772506714, 0.5226349234580994]
[0.5559384226799011, 0.5938965082168579, 0.4264430105686188, 0.28301578760147095, 0.5651178956031799]
[0.49653303623199463, 0.5572420954704285, 0.45010432600975037, 0.31589895486831665, 0.5279322266578674]
[0.5164429545402527, 0.5754751563072205, 0.4583032727241516, 0.3023744225502014, 0.5307251811027527]
[0.4449648857116699, 0.5328903794288635, 0.4661155045032501, 0.34730201959609985, 0.4848419725894928]
[0.5106633901596069, 0.5914000272750854, 0.42169108986854553, 0.2565147578716278, 0.5048810839653015]
[0.3942432999610901, 0.5123969316482544, 0.484137624502182, 0.3875567317008972, 0.4644693434238434]
[0.41477176547050476, 0.5630119442939758, 0.4573359489440918, 0.33335092663764954, 0.47793298959732056]
[0.5076717734336853, 0.5565450191497803, 0.44992178678512573, 0.3077409267425537, 0.4925374984741211]
[0.4556482434272766, 0.5529199838638306, 0.4338960647583008, 0.2880895733833313, 0.5064166784286499]
[0.536554217338562, 0.550965428352356, 0.45892733335494995, 0.3568239212036133, 0.5525572896003723]
[0.5362590551376343, 0.5750038623809814, 0.4294432997703552, 0.2715526819229126, 0.5425909757614136]
[0.5184202790260315, 0.5604496598243713, 0.4657032787799835, 0.33455634117126465, 0.5457528233528137]
[0.5206239223480225, 0.5564340353012085, 0.46639716625213623, 0.34269049763679504, 0.5310748219490051]
[0.5240519642829895, 0.5710455775260925, 0.4306887686252594, 0.30439645051956177, 0.5383835434913635]
[0.5323109030723572, 0.5566338300704956, 0.4158291518688202, 0.2936449944972992, 0.5380552411079407]
[0.3873507082462311, 0.5474568009376526, 0.46543988585472107, 0.33470413088798523, 0.4209558963775635]
[0.4789324998855591, 0.5270583629608154, 0.46515989303588867, 0.3077867925167084, 0.5093138813972473]
[0.5233508944511414, 0.5547847747802734, 0.43400606513023376, 0.316197007894516, 0.4919356107711792]
