0
【忠犬为救主人被毁容 结束治疗返乡受热捧】2011年，2岁的混血犬卡邦以肉身阻挡机车，保护主人的女儿和侄女免于受伤，但它却被撞成重伤，失去了口鼻和上颚。后来，卡邦在美国进行了8个月的治疗和面部重塑。6月8日结束治疗回到菲律宾和主人团聚，受到英雄般礼遇。
[0.49355199933052063, 0.5379654169082642, 0.5138755440711975, 0.3966964781284332, 0.5242440104484558]
[0.46833309531211853, 0.566737949848175, 0.4296533167362213, 0.2925393581390381, 0.5156798958778381]
[0.5502548813819885, 0.5883848667144775, 0.4234389364719391, 0.2749008536338806, 0.5582411885261536]
[0.39422884583473206, 0.5567142367362976, 0.4512946903705597, 0.30694296956062317, 0.44609519839286804]
[0.41950783133506775, 0.5315769910812378, 0.48361390829086304, 0.3921946883201599, 0.4854206144809723]
[0.4739971458911896, 0.5632569789886475, 0.4539507329463959, 0.3294326364994049, 0.5057861804962158]
[0.5088889598846436, 0.575122058391571, 0.4255152642726898, 0.28539857268333435, 0.5321384072303772]
[0.47846320271492004, 0.5746675133705139, 0.43609100580215454, 0.28962722420692444, 0.5327281951904297]
[0.5088889598846436, 0.575122058391571, 0.4255152642726898, 0.28539857268333435, 0.5321384072303772]
[0.46645909547805786, 0.5371573567390442, 0.4979155361652374, 0.42465952038764954, 0.516286313533783]
[0.5088889598846436, 0.575122058391571, 0.4255152642726898, 0.28539857268333435, 0.5321384072303772]
[0.4136631190776825, 0.5687209963798523, 0.43799546360969543, 0.29083913564682007, 0.4859534502029419]
[0.48676443099975586, 0.5753361582756042, 0.4519237279891968, 0.3073194921016693, 0.4897783398628235]
[0.3691660165786743, 0.5460073947906494, 0.49029305577278137, 0.3902146518230438, 0.4930609166622162]
[0.43239063024520874, 0.5702524781227112, 0.4473353624343872, 0.2896435856819153, 0.4971810579299927]
[0.46340489387512207, 0.5773916244506836, 0.4257536828517914, 0.28133800625801086, 0.4923633933067322]
[0.46108612418174744, 0.5443379282951355, 0.4646162986755371, 0.34227123856544495, 0.5024861097335815]
[0.4384044110774994, 0.5425339341163635, 0.4612805247306824, 0.31495317816734314, 0.49162909388542175]
[0.5600572228431702, 0.592340886592865, 0.4271755516529083, 0.2675824463367462, 0.5784430503845215]
[0.5040035247802734, 0.5719863772392273, 0.43091994524002075, 0.27657848596572876, 0.5261465907096863]
[0.5044516324996948, 0.5778634548187256, 0.4231589436531067, 0.26962193846702576, 0.5535722374916077]
[0.5060005187988281, 0.5772795677185059, 0.4451848268508911, 0.2908421456813812, 0.54509437084198]
[0.42977502942085266, 0.5333251357078552, 0.45564913749694824, 0.3388690948486328, 0.4615132510662079]
[0.5513625144958496, 0.5909995436668396, 0.43181899189949036, 0.28315469622612, 0.5394847989082336]
[0.4136631190776825, 0.5687209963798523, 0.43799546360969543, 0.29083913564682007, 0.4859534502029419]
[0.5047200322151184, 0.5797925591468811, 0.43919312953948975, 0.3068000376224518, 0.5226522088050842]
[0.49424436688423157, 0.5679728984832764, 0.4235208034515381, 0.27387890219688416, 0.5395364761352539]
[0.5188762545585632, 0.548485517501831, 0.45332515239715576, 0.3280201852321625, 0.5485022664070129]
[0.5208574533462524, 0.5726556181907654, 0.41944649815559387, 0.2756649851799011, 0.5414532423019409]
[0.4841112494468689, 0.5768069624900818, 0.4359298348426819, 0.2918587923049927, 0.529478907585144]
[0.4627668559551239, 0.5406621098518372, 0.4596168100833893, 0.3645945191383362, 0.4985836446285248]
[0.5716650485992432, 0.5847786068916321, 0.40953800082206726, 0.26649773120880127, 0.5756221413612366]
[0.5195977091789246, 0.5499167442321777, 0.43203648924827576, 0.2963353991508484, 0.5242598056793213]
[0.3345448672771454, 0.5515519380569458, 0.45594722032546997, 0.3126734793186188, 0.4402359426021576]
[0.4374758303165436, 0.5638350248336792, 0.46657073497772217, 0.34421417117118835, 0.5091609954833984]
[0.5624814033508301, 0.5851163268089294, 0.39911869168281555, 0.2551935315132141, 0.5639050006866455]
[0.4931198060512543, 0.5739831924438477, 0.4342403709888458, 0.27883222699165344, 0.4905477464199066]
[0.373035192489624, 0.5387252569198608, 0.5644619464874268, 0.5981195569038391, 0.4800429344177246]
[0.45767220854759216, 0.5542219877243042, 0.45950353145599365, 0.3275901675224304, 0.5080327987670898]
[0.5118362903594971, 0.5634142756462097, 0.44043612480163574, 0.2941422760486603, 0.558953583240509]
[0.35890182852745056, 0.5712164044380188, 0.4453262984752655, 0.28733983635902405, 0.4617072343826294]
[0.4878596365451813, 0.5855228304862976, 0.4495791792869568, 0.27387624979019165, 0.50713050365448]
[0.4988170266151428, 0.5790577530860901, 0.46896785497665405, 0.2796608805656433, 0.5450974106788635]
[0.4527060091495514, 0.5598896145820618, 0.4873476028442383, 0.35312408208847046, 0.5090755224227905]
[0.545469343662262, 0.5805023312568665, 0.4262220859527588, 0.28958916664123535, 0.5419850945472717]
[0.47455263137817383, 0.562425971031189, 0.4366641044616699, 0.303738534450531, 0.5199921131134033]
[0.5070145130157471, 0.5717889666557312, 0.40616899728775024, 0.26702526211738586, 0.5481380820274353]
[0.5037804841995239, 0.532710611820221, 0.48726126551628113, 0.40237322449684143, 0.48378726840019226]
[0.504412829875946, 0.5769345760345459, 0.4313310980796814, 0.26517453789711, 0.5367099046707153]
[0.4972994327545166, 0.5918696522712708, 0.43352383375167847, 0.2941955626010895, 0.5273895263671875]
[0.4613957107067108, 0.5388165712356567, 0.473110556602478, 0.34612610936164856, 0.4789921045303345]
[0.5054216980934143, 0.5745827555656433, 0.4375910758972168, 0.29868584871292114, 0.5337153673171997]
[0.5244230628013611, 0.5802384614944458, 0.41417396068573, 0.27575770020484924, 0.543719470500946]
[0.5732288956642151, 0.5754945278167725, 0.4177279770374298, 0.2821720242500305, 0.581330418586731]
[0.6055775284767151, 0.5318122506141663, 0.4006847143173218, 0.31330403685569763, 0.5899018049240112]
[0.37730294466018677, 0.5326178669929504, 0.49877646565437317, 0.3531733751296997, 0.4582898020744324]
[0.5110394358634949, 0.5742622017860413, 0.4382425844669342, 0.2715192139148712, 0.5229822993278503]
[0.5239304900169373, 0.5856794118881226, 0.4116256833076477, 0.273737370967865, 0.5378925204277039]
[0.5494096279144287, 0.5962614417076111, 0.4337291419506073, 0.26538246870040894, 0.552483856678009]
[0.4813571870326996, 0.5630775690078735, 0.45148715376853943, 0.32421040534973145, 0.4895224869251251]
[0.5438856482505798, 0.5929805040359497, 0.418680876493454, 0.27237069606781006, 0.5508289337158203]
[0.5662502646446228, 0.5982130169868469, 0.41229936480522156, 0.26158785820007324, 0.5619913935661316]
[0.4795272946357727, 0.5745413899421692, 0.45089831948280334, 0.31428322196006775, 0.5167970061302185]
[0.4057077467441559, 0.5631409883499146, 0.45207908749580383, 0.33237364888191223, 0.5046440362930298]
[0.4711803197860718, 0.5460428595542908, 0.4858202636241913, 0.35055527091026306, 0.44930168986320496]
[0.4898518919944763, 0.5552737712860107, 0.4415395259857178, 0.33210229873657227, 0.4855235517024994]
[0.40711709856987, 0.505537211894989, 0.5115212202072144, 0.409643292427063, 0.4639364778995514]
[0.4538084864616394, 0.5681665539741516, 0.447286993265152, 0.31553784012794495, 0.4862501621246338]
[0.4072619080543518, 0.5478111505508423, 0.4388308525085449, 0.3012891113758087, 0.4761715829372406]
[0.50332111120224, 0.5693034529685974, 0.4451184570789337, 0.29288408160209656, 0.5385269522666931]
[0.5020905137062073, 0.5559996962547302, 0.4489079415798187, 0.3216823637485504, 0.5000823140144348]
[0.4424262046813965, 0.5374483466148376, 0.4627716541290283, 0.33836445212364197, 0.4825495183467865]
[0.4877433478832245, 0.5378330945968628, 0.45285215973854065, 0.3444195091724396, 0.49287769198417664]
[0.4707891047000885, 0.5369833707809448, 0.47658029198646545, 0.3615255057811737, 0.49669721722602844]
[0.5206316113471985, 0.5791252255439758, 0.4397676885128021, 0.27541300654411316, 0.5473576784133911]
[0.49724283814430237, 0.5594850182533264, 0.4658389389514923, 0.3429821729660034, 0.525479793548584]
[0.5387684106826782, 0.5571905970573425, 0.44864422082901, 0.3055654764175415, 0.5480629801750183]
[0.394254207611084, 0.5444145798683167, 0.45393234491348267, 0.3310585618019104, 0.48402896523475647]
[0.4933415949344635, 0.5604870319366455, 0.44914761185646057, 0.2899631857872009, 0.5571098327636719]
[0.4760547876358032, 0.561172366142273, 0.4509691894054413, 0.32225096225738525, 0.47913143038749695]
[0.5628917217254639, 0.5856437087059021, 0.40525785088539124, 0.2619220018386841, 0.566261351108551]
[0.43295326828956604, 0.5557324290275574, 0.46241921186447144, 0.31409889459609985, 0.4683283865451813]
[0.4028012454509735, 0.5461418628692627, 0.49900925159454346, 0.3601377606391907, 0.4865664541721344]
[0.41953015327453613, 0.5537847876548767, 0.45853540301322937, 0.2932469844818115, 0.49035942554473877]
[0.4662642180919647, 0.5682485699653625, 0.46304455399513245, 0.303713321685791, 0.5070284008979797]
[0.4755324721336365, 0.584412157535553, 0.4394518733024597, 0.2854270040988922, 0.5440612435340881]
[0.4555432200431824, 0.5529088973999023, 0.4583703875541687, 0.32361745834350586, 0.4922621548175812]
[0.5154941082000732, 0.5755808353424072, 0.44001874327659607, 0.2903965413570404, 0.5504637956619263]
[0.5006290674209595, 0.5483471155166626, 0.4348970651626587, 0.3021758198738098, 0.5208165645599365]
[0.458146870136261, 0.5631322264671326, 0.44032254815101624, 0.32115766406059265, 0.49698418378829956]
[0.5206316113471985, 0.5791252255439758, 0.4397676885128021, 0.27541300654411316, 0.5473576784133911]
[0.48689088225364685, 0.5800182819366455, 0.43411269783973694, 0.30200180411338806, 0.5100167989730835]
[0.30206170678138733, 0.5358768105506897, 0.48315417766571045, 0.37249934673309326, 0.4425796568393707]
[0.5141494274139404, 0.5643337368965149, 0.4403286576271057, 0.3188563883304596, 0.5352970361709595]
[0.5695321559906006, 0.5869939923286438, 0.4243922233581543, 0.2918524444103241, 0.5746646523475647]
[0.44689634442329407, 0.5627375841140747, 0.4174732565879822, 0.2879750430583954, 0.4971238970756531]
[0.521691083908081, 0.5878927707672119, 0.4193263351917267, 0.279192179441452, 0.5255200266838074]
[0.5113725066184998, 0.5636343955993652, 0.4051760733127594, 0.2767837643623352, 0.5271379947662354]
[0.5570403337478638, 0.5852468609809875, 0.42026832699775696, 0.28207236528396606, 0.5624920129776001]
[0.45821189880371094, 0.5594655871391296, 0.4242691397666931, 0.2833292782306671, 0.5143144726753235]
[0.4907844066619873, 0.5775863528251648, 0.43462011218070984, 0.2805531919002533, 0.5128400921821594]
