0
#卫士说晚安#【心理成熟12标志】1、不再盲目跟风；2、不再犹豫；3、合理安排时间；4、开始关注新闻国事；5、开始养生；6、在爱情、友情、亲情之间，首先想到亲情；7、不再用哭闹来解决问题；8.重视身边的朋友；9、让周围的人快乐；10、在得失方面变得大度；11、学着尊重每个人；12、自信地生活。
[0.49408262968063354, 0.5511456727981567, 0.46718311309814453, 0.3230157792568207, 0.530746340751648]
[0.3681488037109375, 0.5454139113426208, 0.48670172691345215, 0.34474775195121765, 0.42782536149024963]
[0.5239294767379761, 0.5886878967285156, 0.4314235746860504, 0.29015249013900757, 0.5469301342964172]
[0.4767967760562897, 0.5725765824317932, 0.42374756932258606, 0.27744466066360474, 0.4900552034378052]
[0.48671019077301025, 0.5701920390129089, 0.4398871660232544, 0.2969898283481598, 0.5188841819763184]
[0.5088211894035339, 0.5645333528518677, 0.4172089695930481, 0.3164743185043335, 0.489192932844162]
[0.4538084864616394, 0.5681665539741516, 0.447286993265152, 0.31553784012794495, 0.4862501621246338]
[0.49555298686027527, 0.570673942565918, 0.4313119649887085, 0.2879068851470947, 0.5146951675415039]
[0.4530487060546875, 0.5657031536102295, 0.4427131116390228, 0.3340816795825958, 0.482214093208313]
[0.5953975319862366, 0.5574953556060791, 0.41433146595954895, 0.3076026737689972, 0.5472413301467896]
[0.5058286190032959, 0.5804699659347534, 0.446666955947876, 0.2869815528392792, 0.5364251732826233]
[0.4518757462501526, 0.575960099697113, 0.4319794476032257, 0.2812439501285553, 0.46737128496170044]
[0.5111966133117676, 0.5792294144630432, 0.4188641905784607, 0.2890976071357727, 0.5260682106018066]
[0.45102837681770325, 0.5708268880844116, 0.45126768946647644, 0.2955198585987091, 0.4743800163269043]
[0.5540806651115417, 0.5835105180740356, 0.40393227338790894, 0.27797144651412964, 0.5514065623283386]
[0.44724634289741516, 0.5297498106956482, 0.4609236717224121, 0.3301950991153717, 0.49298423528671265]
[0.5435887575149536, 0.5633276104927063, 0.4351828098297119, 0.31265777349472046, 0.552636981010437]
[0.4822347164154053, 0.519565999507904, 0.4681006371974945, 0.3456939458847046, 0.5376015305519104]
[0.566304087638855, 0.58315110206604, 0.4196346402168274, 0.2730069160461426, 0.5612311363220215]
[0.4818243384361267, 0.5708656311035156, 0.4372061491012573, 0.3015848398208618, 0.5091744065284729]
[0.4696393609046936, 0.5703451633453369, 0.44015058875083923, 0.3028118908405304, 0.5183524489402771]
[0.41389986872673035, 0.5620976090431213, 0.44953495264053345, 0.34743568301200867, 0.44367048144340515]
[0.48175859451293945, 0.5836384296417236, 0.45153582096099854, 0.2793831527233124, 0.505193829536438]
[0.5241792798042297, 0.5762844681739807, 0.41321441531181335, 0.2809767425060272, 0.5514782071113586]
[0.5436158776283264, 0.5934147238731384, 0.41629040241241455, 0.2520195543766022, 0.5564393401145935]
[0.5037123560905457, 0.5533506870269775, 0.42703673243522644, 0.2884148359298706, 0.4861919581890106]
[0.5339388251304626, 0.5752707719802856, 0.4111902713775635, 0.30288994312286377, 0.5217265486717224]
[0.5409902334213257, 0.5806593298912048, 0.4367496967315674, 0.2771332859992981, 0.5596991777420044]
[0.5040035247802734, 0.5719863772392273, 0.43091994524002075, 0.27657848596572876, 0.5261465907096863]
[0.4996589422225952, 0.5596298575401306, 0.45389339327812195, 0.3348393440246582, 0.5071772336959839]
[0.44287562370300293, 0.577059805393219, 0.4590776264667511, 0.29089975357055664, 0.4843814969062805]
[0.518609881401062, 0.5660691857337952, 0.43561679124832153, 0.32619255781173706, 0.5180790424346924]
[0.5315653681755066, 0.572420060634613, 0.4370304048061371, 0.2803654968738556, 0.5122629404067993]
[0.5001546144485474, 0.5728683471679688, 0.4316682815551758, 0.2809883952140808, 0.5437592267990112]
[0.535548985004425, 0.5743044018745422, 0.4219232201576233, 0.27131181955337524, 0.5345061421394348]
[0.5122151970863342, 0.5645692944526672, 0.4449536204338074, 0.3287505805492401, 0.5099239945411682]
[0.3876630365848541, 0.5400404930114746, 0.48545658588409424, 0.4105103015899658, 0.4359082579612732]
[0.5210034251213074, 0.5770034193992615, 0.416972279548645, 0.27051401138305664, 0.5478389263153076]
[0.42679235339164734, 0.5633376240730286, 0.448292076587677, 0.2689932584762573, 0.473892480134964]
[0.44650426506996155, 0.566417396068573, 0.4444303512573242, 0.29200923442840576, 0.48195600509643555]
[0.49438977241516113, 0.5606827139854431, 0.45777571201324463, 0.3339536190032959, 0.5198682546615601]
[0.5169546604156494, 0.5746133327484131, 0.4281754195690155, 0.2877969741821289, 0.5448668003082275]
[0.5118609666824341, 0.5808466076850891, 0.42492640018463135, 0.2830960154533386, 0.5417618751525879]
[0.4917965829372406, 0.5642513632774353, 0.44473153352737427, 0.292820006608963, 0.504958987236023]
[0.5183590054512024, 0.5897426009178162, 0.4288714826107025, 0.2847387194633484, 0.5190214514732361]
[0.46548429131507874, 0.5593851804733276, 0.47372347116470337, 0.36184456944465637, 0.4727121591567993]
[0.5416902303695679, 0.587300181388855, 0.4152318239212036, 0.2833581566810608, 0.5519086718559265]
[0.4635390043258667, 0.5762473344802856, 0.423153817653656, 0.2876511216163635, 0.49913325905799866]
[0.4488125443458557, 0.589165449142456, 0.4848219156265259, 0.30999165773391724, 0.5120813846588135]
[0.5074967741966248, 0.5909740328788757, 0.40729448199272156, 0.26415514945983887, 0.5380536317825317]
[0.5187511444091797, 0.5657637715339661, 0.4381132125854492, 0.2819228768348694, 0.518878698348999]
[0.49867528676986694, 0.5648296475410461, 0.4523150622844696, 0.3379126191139221, 0.5087162852287292]
[0.44287562370300293, 0.577059805393219, 0.4590776264667511, 0.29089975357055664, 0.4843814969062805]
[0.5039466619491577, 0.5903909802436829, 0.4639583230018616, 0.29716166853904724, 0.5306797623634338]
[0.5462914109230042, 0.5896530151367188, 0.4247035086154938, 0.2692394256591797, 0.5529143810272217]
[0.512550413608551, 0.5785850286483765, 0.4509446620941162, 0.2896566092967987, 0.5115854740142822]
