0
20130720华龙网华龙娱摆摆报道：#李准基# 新剧#两周2weeks# 曝光首版预告片 场面震撼剧情虐心 -- 视频频道 (时长01:43）
[0.5406975150108337, 0.5016605257987976, 0.46194666624069214, 0.3319149613380432, 0.5293169617652893]
[0.48924726247787476, 0.5564787983894348, 0.4694270193576813, 0.31775394082069397, 0.5124502778053284]
[0.5058897137641907, 0.5832006335258484, 0.43435025215148926, 0.26824602484703064, 0.5498504638671875]
[0.5865604281425476, 0.5677616000175476, 0.3868273198604584, 0.24166339635849, 0.6000543236732483]
[0.46947407722473145, 0.5200753211975098, 0.503579318523407, 0.3889615535736084, 0.47293269634246826]
[0.4598758816719055, 0.581083357334137, 0.42160147428512573, 0.28882262110710144, 0.49149414896965027]
[0.4333322048187256, 0.4935181438922882, 0.5197232961654663, 0.44078919291496277, 0.5117281675338745]
[0.4494174122810364, 0.5332027673721313, 0.4655487835407257, 0.2997226119041443, 0.4996362030506134]
[0.4230111539363861, 0.568568229675293, 0.4356203079223633, 0.25977131724357605, 0.4746658504009247]
[0.4053611755371094, 0.5474664568901062, 0.455668568611145, 0.32598453760147095, 0.46899279952049255]
[0.5426754355430603, 0.5489528775215149, 0.431505024433136, 0.30591681599617004, 0.5582149028778076]
[0.512985110282898, 0.5643652081489563, 0.4281083345413208, 0.28217461705207825, 0.5316117405891418]
[0.566275954246521, 0.5419906377792358, 0.4353698194026947, 0.28312456607818604, 0.5442919731140137]
[0.5683527588844299, 0.5508353114128113, 0.43737998604774475, 0.26041629910469055, 0.552810549736023]
[0.4230111539363861, 0.568568229675293, 0.4356203079223633, 0.25977131724357605, 0.4746658504009247]
[0.5092990398406982, 0.5302951335906982, 0.4853269159793854, 0.35192668437957764, 0.5298652052879333]
[0.4666711390018463, 0.5579834580421448, 0.4480815529823303, 0.32805004715919495, 0.5203028321266174]
[0.4711642265319824, 0.5624604225158691, 0.4277600049972534, 0.3147314190864563, 0.47737711668014526]
[0.5386924743652344, 0.5907590985298157, 0.43074601888656616, 0.30014514923095703, 0.5346190929412842]
[0.343013733625412, 0.5544819831848145, 0.4951323866844177, 0.31983789801597595, 0.4460751414299011]
[0.49549537897109985, 0.5486869812011719, 0.4824677109718323, 0.3136569559574127, 0.5204132795333862]
[0.6471808552742004, 0.5103546977043152, 0.47156137228012085, 0.3550659418106079, 0.619821310043335]
[0.49876418709754944, 0.5253286957740784, 0.46031564474105835, 0.35616835951805115, 0.5425594449043274]
[0.5430936813354492, 0.5933454632759094, 0.4148803949356079, 0.2509933412075043, 0.5609080791473389]
[0.47103723883628845, 0.5534392595291138, 0.4568198323249817, 0.3090951144695282, 0.47894343733787537]
[0.3648819923400879, 0.5510976314544678, 0.4414547085762024, 0.28446704149246216, 0.46492767333984375]
