0
#电视剧兰陵王#又来一个凶残的！热门微博排行榜，我王一不小心占了三个位置胖兰你真是在用绳命屠榜！
[0.5106165409088135, 0.5423716306686401, 0.44231218099594116, 0.30419906973838806, 0.5337570905685425]
[0.52632075548172, 0.5169910788536072, 0.4621126353740692, 0.35205507278442383, 0.5296147465705872]
[0.5139212012290955, 0.5765054225921631, 0.4116376042366028, 0.2544540464878082, 0.5088529586791992]
[0.43371066451072693, 0.562063455581665, 0.46077823638916016, 0.2845967411994934, 0.49700579047203064]
[0.5072096586227417, 0.594859778881073, 0.45020201802253723, 0.2692480981349945, 0.5232618451118469]
[0.5041995644569397, 0.5810359120368958, 0.4364263117313385, 0.2831815779209137, 0.5097805261611938]
[0.5139212012290955, 0.5765054225921631, 0.4116376042366028, 0.2544540464878082, 0.5088529586791992]
[0.6027534604072571, 0.5743367671966553, 0.39195725321769714, 0.2542770504951477, 0.5919712781906128]
[0.5482915639877319, 0.5840216875076294, 0.4086476266384125, 0.25347521901130676, 0.5239405632019043]
[0.4259539842605591, 0.5706022381782532, 0.4329887628555298, 0.29683035612106323, 0.5040034055709839]
[0.5259027481079102, 0.574748158454895, 0.4409331679344177, 0.3048713803291321, 0.5395247936248779]
[0.4930099546909332, 0.5328834652900696, 0.47376102209091187, 0.3699831962585449, 0.5172610282897949]
[0.5269595384597778, 0.5834534168243408, 0.4368996024131775, 0.28594937920570374, 0.5321303009986877]
[0.4458015263080597, 0.5393033027648926, 0.4683994650840759, 0.3492894768714905, 0.4854925870895386]
[0.5958503484725952, 0.5057790279388428, 0.4651077091693878, 0.36137285828590393, 0.581996500492096]
[0.5139212012290955, 0.5765054225921631, 0.4116376042366028, 0.2544540464878082, 0.5088529586791992]
[0.5139212012290955, 0.5765054225921631, 0.4116376042366028, 0.2544540464878082, 0.5088529586791992]
[0.5153188705444336, 0.5626304745674133, 0.4244864583015442, 0.3170253038406372, 0.5469146966934204]
[0.5139212012290955, 0.5765054225921631, 0.4116376042366028, 0.2544540464878082, 0.5088529586791992]
[0.46847108006477356, 0.5435314178466797, 0.48962506651878357, 0.34962335228919983, 0.5046354532241821]
[0.5707598328590393, 0.5576202869415283, 0.43821802735328674, 0.28435778617858887, 0.5565667748451233]
[0.4910362660884857, 0.5683069825172424, 0.44867807626724243, 0.30730217695236206, 0.5151827931404114]
[0.5517382025718689, 0.5922783613204956, 0.41502925753593445, 0.2658179998397827, 0.5728915333747864]
[0.548603355884552, 0.5731152892112732, 0.411749005317688, 0.24785415828227997, 0.5246872901916504]
[0.5139212012290955, 0.5765054225921631, 0.4116376042366028, 0.2544540464878082, 0.5088529586791992]
[0.5139212012290955, 0.5765054225921631, 0.4116376042366028, 0.2544540464878082, 0.5088529586791992]
[0.5198290944099426, 0.5634113550186157, 0.45005762577056885, 0.3312408924102783, 0.5310146808624268]
[0.44531944394111633, 0.5608447194099426, 0.4809471368789673, 0.34123358130455017, 0.4980311691761017]
[0.5093342661857605, 0.5480265021324158, 0.45535191893577576, 0.3021494746208191, 0.5424035787582397]
[0.5670307874679565, 0.5919502377510071, 0.4176141023635864, 0.2588256895542145, 0.5656061172485352]
[0.4927707612514496, 0.5512893199920654, 0.4632975459098816, 0.3552913963794708, 0.5205127000808716]
[0.5139212012290955, 0.5765054225921631, 0.4116376042366028, 0.2544540464878082, 0.5088529586791992]
[0.5287947058677673, 0.5723685026168823, 0.4180050492286682, 0.2600958049297333, 0.5443190336227417]
[0.5707598328590393, 0.5576202869415283, 0.43821802735328674, 0.28435778617858887, 0.5565667748451233]
[0.5549448728561401, 0.5614376068115234, 0.4087103009223938, 0.27094119787216187, 0.553366482257843]
[0.5300460457801819, 0.5836101770401001, 0.4338240325450897, 0.26199889183044434, 0.542118489742279]
[0.5487694144248962, 0.5774558782577515, 0.4418114125728607, 0.27680277824401855, 0.5330865383148193]
[0.5953564643859863, 0.5767367482185364, 0.4004163146018982, 0.259062796831131, 0.5640427470207214]
[0.506343424320221, 0.5444144606590271, 0.43281012773513794, 0.29949820041656494, 0.48822274804115295]
[0.49046778678894043, 0.5392463803291321, 0.463583379983902, 0.3485890030860901, 0.5224215984344482]
[0.5296347737312317, 0.5723020434379578, 0.41527149081230164, 0.3058997690677643, 0.49860888719558716]
[0.5746524930000305, 0.5638840198516846, 0.41168925166130066, 0.29569971561431885, 0.5285575985908508]
[0.4591456651687622, 0.5673505067825317, 0.44654354453086853, 0.3062317967414856, 0.5257150530815125]
[0.42826512455940247, 0.5262618660926819, 0.46850791573524475, 0.3598271310329437, 0.4782278835773468]
[0.5491297841072083, 0.5834508538246155, 0.41346195340156555, 0.2571549117565155, 0.5249325633049011]
[0.5083191394805908, 0.5376130938529968, 0.4780706465244293, 0.35013794898986816, 0.5233906507492065]
[0.5175930261611938, 0.5598089098930359, 0.42402735352516174, 0.2812338173389435, 0.521171510219574]
[0.5641328692436218, 0.5660691261291504, 0.44145336747169495, 0.29355019330978394, 0.5121002197265625]
[0.5526660084724426, 0.579358696937561, 0.41166961193084717, 0.27227622270584106, 0.5557101964950562]
[0.4832122325897217, 0.566049337387085, 0.43593716621398926, 0.27322667837142944, 0.5331079363822937]
[0.44879308342933655, 0.5314267873764038, 0.46284353733062744, 0.3588898479938507, 0.4975593686103821]
[0.4907926917076111, 0.5637834668159485, 0.4414612948894501, 0.2947947084903717, 0.49108949303627014]
[0.5491297841072083, 0.5834508538246155, 0.41346195340156555, 0.2571549117565155, 0.5249325633049011]
[0.5535972118377686, 0.5165274143218994, 0.4806141257286072, 0.3769792318344116, 0.551529586315155]
[0.5611862540245056, 0.5593644976615906, 0.4399523138999939, 0.28585243225097656, 0.561063289642334]
[0.5104213953018188, 0.5777580142021179, 0.40242481231689453, 0.25596320629119873, 0.5489996671676636]
[0.5170614123344421, 0.5575829744338989, 0.4296680986881256, 0.30971476435661316, 0.49815478920936584]
[0.5081221461296082, 0.5713829398155212, 0.44389280676841736, 0.31046682596206665, 0.49830010533332825]
[0.49563977122306824, 0.5405941009521484, 0.4715830981731415, 0.34162387251853943, 0.44914281368255615]
[0.5320003628730774, 0.5646195411682129, 0.44455331563949585, 0.2790331542491913, 0.4991309344768524]
[0.5230321288108826, 0.566317617893219, 0.46357882022857666, 0.33646345138549805, 0.5397045016288757]
[0.45766881108283997, 0.5565320253372192, 0.45954862236976624, 0.3005372881889343, 0.49435529112815857]
[0.565427839756012, 0.591644287109375, 0.4028909504413605, 0.24301664531230927, 0.5538987517356873]
[0.555381178855896, 0.5734090209007263, 0.4577515125274658, 0.3059025704860687, 0.5539976358413696]
[0.5560966730117798, 0.5828012228012085, 0.41412660479545593, 0.25712037086486816, 0.5265710353851318]
[0.5249328017234802, 0.5910364389419556, 0.4134911000728607, 0.2675403654575348, 0.5428435206413269]
[0.5360506176948547, 0.5675702691078186, 0.4287105202674866, 0.28332754969596863, 0.5275217890739441]
[0.3515256345272064, 0.4932236671447754, 0.5427550673484802, 0.5784257650375366, 0.47263485193252563]
[0.5352980494499207, 0.5790575742721558, 0.4238628149032593, 0.2897372841835022, 0.554631233215332]
[0.5747817754745483, 0.5970849990844727, 0.3888976573944092, 0.24475033581256866, 0.5748627185821533]
[0.557981550693512, 0.5587459802627563, 0.44400671124458313, 0.2825916111469269, 0.5658363103866577]
[0.4292781352996826, 0.5364363789558411, 0.4650636613368988, 0.3509024381637573, 0.4617098569869995]
[0.5357397198677063, 0.5422231554985046, 0.47965627908706665, 0.33573058247566223, 0.4952985346317291]
[0.4353374242782593, 0.5217723846435547, 0.47555410861968994, 0.32070833444595337, 0.5112190842628479]
[0.4698607325553894, 0.5552655458450317, 0.4542410671710968, 0.31050795316696167, 0.4837717115879059]
[0.4017859399318695, 0.5342522859573364, 0.46075770258903503, 0.2978561520576477, 0.5144277215003967]
[0.37079083919525146, 0.5319671034812927, 0.45463088154792786, 0.3228268623352051, 0.46046310663223267]
[0.517018735408783, 0.565167248249054, 0.43808841705322266, 0.28333166241645813, 0.5386042594909668]
[0.5367783904075623, 0.5695648193359375, 0.43356844782829285, 0.2764730751514435, 0.5020439624786377]
[0.5225714445114136, 0.5358911156654358, 0.46631044149398804, 0.3273073136806488, 0.5215391516685486]
[0.5746524930000305, 0.5638840198516846, 0.41168925166130066, 0.29569971561431885, 0.5285575985908508]
[0.5429877638816833, 0.5833584666252136, 0.3895098567008972, 0.22457771003246307, 0.5440283417701721]
[0.4560118615627289, 0.5562118291854858, 0.4466138184070587, 0.3029847741127014, 0.4928556978702545]
[0.5476624369621277, 0.5789222717285156, 0.3909563422203064, 0.27461910247802734, 0.5621818900108337]
[0.3936912715435028, 0.5126286745071411, 0.4880928695201874, 0.37781041860580444, 0.46713152527809143]
[0.5579898357391357, 0.5621305108070374, 0.44309139251708984, 0.29168757796287537, 0.5156648755073547]
[0.5553537011146545, 0.5501812696456909, 0.4376373887062073, 0.31486600637435913, 0.5350276231765747]
[0.5166575908660889, 0.5721545815467834, 0.4143701195716858, 0.28635168075561523, 0.5223051905632019]
[0.5139212012290955, 0.5765054225921631, 0.4116376042366028, 0.2544540464878082, 0.5088529586791992]
[0.46009376645088196, 0.5713940262794495, 0.4398585855960846, 0.2917298674583435, 0.48435330390930176]
[0.5938776731491089, 0.5656566023826599, 0.4169846475124359, 0.2761935293674469, 0.5804349780082703]
[0.58011394739151, 0.5672410130500793, 0.3995174765586853, 0.2794974148273468, 0.5504896640777588]
[0.45028284192085266, 0.5638468861579895, 0.4426599442958832, 0.30329370498657227, 0.5314126014709473]
[0.4977790415287018, 0.5600661635398865, 0.4414680302143097, 0.30946776270866394, 0.484595388174057]
[0.5936146378517151, 0.5695496201515198, 0.40825387835502625, 0.26288217306137085, 0.5607777833938599]
[0.4679584503173828, 0.5418415069580078, 0.4676939845085144, 0.40227630734443665, 0.5021065473556519]
[0.5139212012290955, 0.5765054225921631, 0.4116376042366028, 0.2544540464878082, 0.5088529586791992]
[0.391298770904541, 0.5270344614982605, 0.48474928736686707, 0.34874454140663147, 0.4453010559082031]
[0.317782461643219, 0.5064420700073242, 0.5152451992034912, 0.5209816694259644, 0.4727998673915863]
[0.531765341758728, 0.5850959420204163, 0.4249650239944458, 0.273686945438385, 0.5376484990119934]
[0.43697279691696167, 0.541554868221283, 0.47014307975769043, 0.3558903634548187, 0.4602045714855194]
