0
送票啦！关注 并爱特三位好友将有机会获得 成龙跨界巨星峰会门票 中国史上独创飞跃电影人生演唱会 华语乐坛大牌云集就在2013年9月30日 杭州黄龙体育中心 售票网址:中演票务通www.t3.com.cn 售票0571-85355536 明星阵容权志龙 谢霆锋李宇春古巨基容祖儿 周蕙 杨幂 房祖名黑girl
[0.49951815605163574, 0.5218499898910522, 0.5096357464790344, 0.362981915473938, 0.5184717178344727]
[0.528951108455658, 0.5935364365577698, 0.4224620759487152, 0.25618740916252136, 0.5610214471817017]
[0.5405778884887695, 0.5806612372398376, 0.41325676441192627, 0.26740792393684387, 0.5568718910217285]
[0.5374622941017151, 0.5803154110908508, 0.44238850474357605, 0.29854023456573486, 0.5434749722480774]
[0.5077052116394043, 0.5666524171829224, 0.43051037192344666, 0.3170851171016693, 0.5095803737640381]
[0.5588922500610352, 0.5683672428131104, 0.41884034872055054, 0.3012717664241791, 0.5568507313728333]
[0.4719805121421814, 0.5739355087280273, 0.44227468967437744, 0.27813416719436646, 0.48715096712112427]
[0.52289217710495, 0.5787708163261414, 0.4223117530345917, 0.2651854157447815, 0.5394552946090698]
[0.5296387672424316, 0.5728797912597656, 0.45173048973083496, 0.2950190603733063, 0.5198575258255005]
[0.43632063269615173, 0.5451402068138123, 0.45327576994895935, 0.29812565445899963, 0.4695128798484802]
[0.5107101202011108, 0.550055205821991, 0.45923569798469543, 0.32762283086776733, 0.5355172753334045]
[0.5384047031402588, 0.5766716003417969, 0.43623223900794983, 0.2897352874279022, 0.5310627818107605]
[0.52570641040802, 0.5524004101753235, 0.44892945885658264, 0.3173060715198517, 0.539263129234314]
[0.489948034286499, 0.5033353567123413, 0.5069579482078552, 0.465745747089386, 0.4958837628364563]
[0.4504922032356262, 0.5541244149208069, 0.48483121395111084, 0.34189140796661377, 0.4522600471973419]
[0.4829052984714508, 0.5719791054725647, 0.4274376630783081, 0.3015865087509155, 0.5014662146568298]
[0.5578494071960449, 0.5460851192474365, 0.4425116181373596, 0.30232077836990356, 0.5848923325538635]
[0.34257644414901733, 0.5156374573707581, 0.5634964108467102, 0.5603276491165161, 0.4184679090976715]
[0.5177450776100159, 0.574787437915802, 0.42351263761520386, 0.27986857295036316, 0.5004767179489136]
[0.5629236102104187, 0.5949968099594116, 0.4161503314971924, 0.25186488032341003, 0.5718082189559937]
[0.4879487454891205, 0.5569021701812744, 0.43575093150138855, 0.2945116460323334, 0.4743567407131195]
[0.45328086614608765, 0.5170126557350159, 0.5082780122756958, 0.38790032267570496, 0.4651089310646057]
[0.5269696116447449, 0.5234590172767639, 0.4447357654571533, 0.3267177939414978, 0.5577116012573242]
[0.5496921539306641, 0.5761014819145203, 0.4118020236492157, 0.2712690234184265, 0.5610551834106445]
[0.48262014985084534, 0.5566525459289551, 0.47080713510513306, 0.3318444490432739, 0.49227556586265564]
[0.5005593299865723, 0.4999094307422638, 0.4815768301486969, 0.4178840219974518, 0.47883549332618713]
[0.49687784910202026, 0.5657528638839722, 0.43565815687179565, 0.25986742973327637, 0.5162898302078247]
[0.44332948327064514, 0.5704247951507568, 0.44569769501686096, 0.31863799691200256, 0.48601821064949036]
[0.4609045386314392, 0.5429701209068298, 0.4427211582660675, 0.3102312684059143, 0.4840761423110962]
[0.5080419182777405, 0.5845346450805664, 0.43518298864364624, 0.30715522170066833, 0.5272156000137329]
[0.5135349631309509, 0.5744869709014893, 0.4460631310939789, 0.3268989324569702, 0.497314989566803]
[0.5135349631309509, 0.5744869709014893, 0.4460631310939789, 0.3268989324569702, 0.497314989566803]
[0.5077052116394043, 0.5666524171829224, 0.43051037192344666, 0.3170851171016693, 0.5095803737640381]
[0.5212772488594055, 0.5766459107398987, 0.4186098277568817, 0.29859256744384766, 0.5353868007659912]
[0.4910660982131958, 0.5702228546142578, 0.45608147978782654, 0.3011568784713745, 0.4818441569805145]
[0.47045934200286865, 0.49106547236442566, 0.49409404397010803, 0.4510931372642517, 0.4613952040672302]
[0.5446425676345825, 0.5914759039878845, 0.4097513258457184, 0.2573103606700897, 0.563560962677002]
[0.48262014985084534, 0.5566525459289551, 0.47080713510513306, 0.3318444490432739, 0.49227556586265564]
[0.52289217710495, 0.5787708163261414, 0.4223117530345917, 0.2651854157447815, 0.5394552946090698]
[0.44888022541999817, 0.5608348846435547, 0.46315398812294006, 0.3003758490085602, 0.49401605129241943]
[0.44334888458251953, 0.5421268939971924, 0.4459662437438965, 0.3507150113582611, 0.49034708738327026]
[0.5072760581970215, 0.5804494023323059, 0.4417254328727722, 0.2708721458911896, 0.5077833533287048]
[0.5384573340415955, 0.5879080891609192, 0.416483610868454, 0.27396759390830994, 0.5655428171157837]
[0.524641215801239, 0.5820888876914978, 0.4295453727245331, 0.3069598376750946, 0.5412665605545044]
[0.5078179836273193, 0.5600209832191467, 0.4396210014820099, 0.27913060784339905, 0.49978742003440857]
[0.5649057030677795, 0.5356268286705017, 0.40177181363105774, 0.28843173384666443, 0.5687857270240784]
[0.4447196424007416, 0.5796159505844116, 0.4227713942527771, 0.2771713137626648, 0.4865506589412689]
[0.45218944549560547, 0.5372884273529053, 0.46392497420310974, 0.36580219864845276, 0.49599719047546387]
[0.3522079885005951, 0.5635944604873657, 0.4413967728614807, 0.283486545085907, 0.4643082916736603]
[0.5936809182167053, 0.5570158958435059, 0.41379207372665405, 0.28020045161247253, 0.6039366126060486]
[0.45320913195610046, 0.5420346260070801, 0.45243406295776367, 0.3635934293270111, 0.4774110019207001]
[0.4763337969779968, 0.5592795014381409, 0.42318806052207947, 0.2963102459907532, 0.5191074013710022]
[0.4980911314487457, 0.5333248972892761, 0.466700941324234, 0.3373301327228546, 0.4644005298614502]
[0.4819023907184601, 0.5700960755348206, 0.4381822347640991, 0.2772255837917328, 0.5247058868408203]
[0.4207210838794708, 0.5234391689300537, 0.5083954930305481, 0.4193870425224304, 0.4487231373786926]
[0.6140815615653992, 0.5629850029945374, 0.4392147362232208, 0.2800511121749878, 0.5678112506866455]
[0.5299608111381531, 0.5729364156723022, 0.4563230574131012, 0.3138357996940613, 0.5359094142913818]
[0.48661544919013977, 0.555621862411499, 0.4188237190246582, 0.31436294317245483, 0.5280537605285645]
[0.4013062119483948, 0.5435454249382019, 0.4610169529914856, 0.3484686017036438, 0.4718903601169586]
[0.47268882393836975, 0.5885440707206726, 0.4360859990119934, 0.2892935574054718, 0.5125231742858887]
[0.502629816532135, 0.594465970993042, 0.43540704250335693, 0.27936381101608276, 0.5374372601509094]
[0.5161343812942505, 0.5281668305397034, 0.4412422776222229, 0.3284575641155243, 0.530936598777771]
[0.4220117926597595, 0.5659433603286743, 0.433157742023468, 0.309522807598114, 0.4722294211387634]
[0.4811883866786957, 0.5579227805137634, 0.4199273884296417, 0.2777588665485382, 0.5232478976249695]
[0.4972301125526428, 0.5353940725326538, 0.43785223364830017, 0.33004674315452576, 0.5124800801277161]
[0.5080060362815857, 0.5401604175567627, 0.41061168909072876, 0.282605916261673, 0.5544551610946655]
[0.5153088569641113, 0.5545535683631897, 0.4277188777923584, 0.29669129848480225, 0.5384958982467651]
[0.589573860168457, 0.5605299472808838, 0.4065408706665039, 0.24966785311698914, 0.5721505284309387]
[0.589573860168457, 0.5605299472808838, 0.4065408706665039, 0.24966785311698914, 0.5721505284309387]
[0.4791586697101593, 0.5248194336891174, 0.4538382887840271, 0.342227041721344, 0.4963439702987671]
[0.4447196424007416, 0.5796159505844116, 0.4227713942527771, 0.2771713137626648, 0.4865506589412689]
[0.6143770813941956, 0.5607405304908752, 0.37466758489608765, 0.24731755256652832, 0.5941409468650818]
[0.4720859229564667, 0.5799694061279297, 0.42899712920188904, 0.2883280813694, 0.4969491958618164]
[0.5078694820404053, 0.5814239382743835, 0.4098280072212219, 0.27283260226249695, 0.5422909259796143]
[0.4692635238170624, 0.5565465688705444, 0.4349658191204071, 0.2920967638492584, 0.47625160217285156]
[0.5582135915756226, 0.5315213799476624, 0.4301680326461792, 0.3235490918159485, 0.5393965840339661]
[0.535636305809021, 0.5637686252593994, 0.44665947556495667, 0.2883719801902771, 0.5461102724075317]
[0.48262014985084534, 0.5566525459289551, 0.47080713510513306, 0.3318444490432739, 0.49227556586265564]
[0.5230729579925537, 0.5848919153213501, 0.44164180755615234, 0.2819742262363434, 0.5286920666694641]
[0.5348078608512878, 0.5686798095703125, 0.40770047903060913, 0.2693800628185272, 0.5213027596473694]
[0.45227086544036865, 0.4707072675228119, 0.5244475603103638, 0.5042429566383362, 0.4429120421409607]
[0.4650244116783142, 0.5768699049949646, 0.4432328939437866, 0.2886543273925781, 0.5188762545585632]
[0.5747599601745605, 0.576355516910553, 0.40989333391189575, 0.2753441035747528, 0.5751144886016846]
[0.4447196424007416, 0.5796159505844116, 0.4227713942527771, 0.2771713137626648, 0.4865506589412689]
[0.5694572925567627, 0.584628701210022, 0.41415858268737793, 0.2915707528591156, 0.5524008274078369]
[0.5747599601745605, 0.576355516910553, 0.40989333391189575, 0.2753441035747528, 0.5751144886016846]
[0.43947550654411316, 0.5569753050804138, 0.46542516350746155, 0.3587515354156494, 0.47164562344551086]
[0.5696716904640198, 0.549614429473877, 0.3994101285934448, 0.26459258794784546, 0.5407549142837524]
[0.45934435725212097, 0.5419517159461975, 0.502697765827179, 0.3639124035835266, 0.5123441219329834]
[0.5631308555603027, 0.5772855281829834, 0.424102783203125, 0.2892771363258362, 0.5284310579299927]
[0.52289217710495, 0.5787708163261414, 0.4223117530345917, 0.2651854157447815, 0.5394552946090698]
[0.4728327989578247, 0.5648663640022278, 0.43842825293540955, 0.3055826425552368, 0.5349253416061401]
[0.48294422030448914, 0.569993793964386, 0.45687395334243774, 0.3057418465614319, 0.5243171453475952]
[0.52289217710495, 0.5787708163261414, 0.4223117530345917, 0.2651854157447815, 0.5394552946090698]
[0.4545391798019409, 0.5573599338531494, 0.44645246863365173, 0.30011630058288574, 0.5131211876869202]
[0.4487948715686798, 0.5343343615531921, 0.476701945066452, 0.3617393374443054, 0.4883800446987152]
[0.5747599601745605, 0.576355516910553, 0.40989333391189575, 0.2753441035747528, 0.5751144886016846]
[0.5174674391746521, 0.5431643724441528, 0.45570164918899536, 0.30779382586479187, 0.5320681929588318]
[0.4598710834980011, 0.5904701948165894, 0.43240925669670105, 0.26791852712631226, 0.5179033875465393]
[0.5346643924713135, 0.5453982353210449, 0.45392292737960815, 0.3019973039627075, 0.5188083052635193]
[0.49450793862342834, 0.5394015312194824, 0.4599563777446747, 0.36047112941741943, 0.48645809292793274]
