0
【为斯诺登颁发揭秘者奖仪式在柏林举行】人民网9月2日讯 据德国媒体报道，为斯诺登颁发第8届揭秘者奖颁奖仪式9月1日在柏林举行，300多名科学家，知识份子和政界人士出席颁奖仪式。由于斯诺登目前在俄罗斯避难，因此不能亲自来领奖。在颁奖现场，组织方为他放置了一把空椅子。详情:
[0.4755690395832062, 0.5376299023628235, 0.5184604525566101, 0.45104074478149414, 0.5094495415687561]
[0.4603874385356903, 0.5820246338844299, 0.41688859462738037, 0.23585212230682373, 0.5146844387054443]
[0.4864194989204407, 0.5863093733787537, 0.4096740186214447, 0.2880319356918335, 0.5349611043930054]
[0.5117895007133484, 0.5578073859214783, 0.45342954993247986, 0.3300968408584595, 0.540117084980011]
[0.5152891278266907, 0.5788976550102234, 0.46074098348617554, 0.30971387028694153, 0.5188456177711487]
[0.5522687435150146, 0.5542192459106445, 0.40529152750968933, 0.2777204215526581, 0.562688410282135]
[0.5545821785926819, 0.5471717715263367, 0.4338773488998413, 0.32641667127609253, 0.5606756210327148]
[0.5384810566902161, 0.5975238680839539, 0.40350455045700073, 0.2510181963443756, 0.5451484322547913]
[0.39611080288887024, 0.49838986992836, 0.5259419679641724, 0.419699102640152, 0.45865538716316223]
[0.3615967631340027, 0.5571056604385376, 0.4276745021343231, 0.27688685059547424, 0.45782628655433655]
[0.49434518814086914, 0.5803680419921875, 0.44675686955451965, 0.2944798767566681, 0.5217357873916626]
[0.5320315361022949, 0.574224591255188, 0.4192360043525696, 0.2856217622756958, 0.5532828569412231]
[0.48375773429870605, 0.5712199807167053, 0.41584429144859314, 0.24944910407066345, 0.5347733497619629]
[0.47043338418006897, 0.5420066118240356, 0.46989211440086365, 0.35620546340942383, 0.5084854960441589]
[0.4816206693649292, 0.5790877342224121, 0.43570759892463684, 0.30072468519210815, 0.4921608567237854]
[0.3785252273082733, 0.512627899646759, 0.4853608012199402, 0.38694316148757935, 0.416531503200531]
[0.4906611442565918, 0.551446259021759, 0.4482283592224121, 0.3312307298183441, 0.4694182872772217]
[0.5041893720626831, 0.5507570505142212, 0.4674507677555084, 0.3231864273548126, 0.5351668000221252]
[0.5633319020271301, 0.5827445387840271, 0.40507975220680237, 0.2626980245113373, 0.5652384161949158]
[0.46307942271232605, 0.5446152091026306, 0.441223680973053, 0.2944466173648834, 0.48331084847450256]
[0.4722781479358673, 0.5553136467933655, 0.4355602264404297, 0.3016214370727539, 0.4776540994644165]
[0.5692582130432129, 0.5746758580207825, 0.4029220640659332, 0.2599518597126007, 0.559773862361908]
[0.5149227380752563, 0.5872234106063843, 0.4202536642551422, 0.2797633707523346, 0.5144637823104858]
[0.5507482886314392, 0.5853149890899658, 0.4029153883457184, 0.25902479887008667, 0.5662776827812195]
[0.49035435914993286, 0.567529559135437, 0.43209096789360046, 0.2774105668067932, 0.529086172580719]
[0.49344658851623535, 0.5205467939376831, 0.43628159165382385, 0.3046742379665375, 0.5489144325256348]
[0.44443899393081665, 0.5269877314567566, 0.5020496249198914, 0.4109605848789215, 0.4666569232940674]
[0.46168309450149536, 0.571491539478302, 0.42184698581695557, 0.2939096987247467, 0.47642600536346436]
[0.4786498248577118, 0.556594729423523, 0.44809964299201965, 0.29852309823036194, 0.5051029920578003]
