0
#胜女的代价2# 天齐锅生日献礼之菲宝宝的爱情告白…… #郑爽#
[0.5130656957626343, 0.5307749509811401, 0.4654865860939026, 0.300621896982193, 0.5162000060081482]
[0.5580161809921265, 0.549029529094696, 0.4267604351043701, 0.29193350672721863, 0.542011022567749]
[0.4946729242801666, 0.5730534791946411, 0.43612372875213623, 0.2902134954929352, 0.5169023275375366]
[0.5504782199859619, 0.5493489503860474, 0.4319797158241272, 0.296524316072464, 0.5378507971763611]
[0.5580161809921265, 0.549029529094696, 0.4267604351043701, 0.29193350672721863, 0.542011022567749]
[0.5504782199859619, 0.5493489503860474, 0.4319797158241272, 0.296524316072464, 0.5378507971763611]
[0.4051845967769623, 0.5236626267433167, 0.46126532554626465, 0.2999994158744812, 0.4162136912345886]
[0.5459917783737183, 0.5380340814590454, 0.4338825047016144, 0.30635714530944824, 0.532664954662323]
[0.5504782199859619, 0.5493489503860474, 0.4319797158241272, 0.296524316072464, 0.5378507971763611]
[0.4051845967769623, 0.5236626267433167, 0.46126532554626465, 0.2999994158744812, 0.4162136912345886]
[0.48936575651168823, 0.5241953730583191, 0.49696099758148193, 0.367649108171463, 0.5144802331924438]
[0.4903784394264221, 0.5603265762329102, 0.4377884566783905, 0.3368642032146454, 0.5132479667663574]
[0.5828799605369568, 0.5555983781814575, 0.42629289627075195, 0.273888498544693, 0.5572317838668823]
[0.5201421976089478, 0.5851923823356628, 0.4306345283985138, 0.27878645062446594, 0.5724536180496216]
[0.5546388626098633, 0.5817076563835144, 0.42918315529823303, 0.2593177556991577, 0.5646688938140869]
[0.5899409651756287, 0.5444912910461426, 0.4136103093624115, 0.2712310254573822, 0.5590357184410095]
[0.5762226581573486, 0.5894396901130676, 0.4206608235836029, 0.2766183614730835, 0.5636525750160217]
[0.5220497846603394, 0.567905843257904, 0.4346829950809479, 0.2954955995082855, 0.5382351279258728]
[0.5816020369529724, 0.5661698579788208, 0.4116002023220062, 0.25992903113365173, 0.5752409100532532]
[0.5504782199859619, 0.5493489503860474, 0.4319797158241272, 0.296524316072464, 0.5378507971763611]
[0.5828799605369568, 0.5555983781814575, 0.42629289627075195, 0.273888498544693, 0.5572317838668823]
[0.5943197011947632, 0.5168240666389465, 0.5107141733169556, 0.45385611057281494, 0.5957027673721313]
[0.5504782199859619, 0.5493489503860474, 0.4319797158241272, 0.296524316072464, 0.5378507971763611]
[0.4051937460899353, 0.5374559760093689, 0.4983871877193451, 0.4406942129135132, 0.47043853998184204]
[0.5504782199859619, 0.5493489503860474, 0.4319797158241272, 0.296524316072464, 0.5378507971763611]
[0.4518633484840393, 0.5338084697723389, 0.527118444442749, 0.44938430190086365, 0.4734208285808563]
[0.553165853023529, 0.5416889190673828, 0.4370550811290741, 0.29886046051979065, 0.526059091091156]
[0.6021493673324585, 0.5718974471092224, 0.40658554434776306, 0.24744531512260437, 0.5769236087799072]
[0.5580161809921265, 0.549029529094696, 0.4267604351043701, 0.29193350672721863, 0.542011022567749]
[0.5303720235824585, 0.5294992923736572, 0.4818356931209564, 0.3249504566192627, 0.4903762638568878]
[0.47464197874069214, 0.5088580846786499, 0.47195640206336975, 0.3482746183872223, 0.4924650192260742]
[0.5580161809921265, 0.549029529094696, 0.4267604351043701, 0.29193350672721863, 0.542011022567749]
[0.5370967388153076, 0.580051839351654, 0.4282722473144531, 0.277290403842926, 0.5451544523239136]
[0.5674359202384949, 0.5517945289611816, 0.37905895709991455, 0.2630261182785034, 0.5638192892074585]
[0.5622363686561584, 0.5727728605270386, 0.42815783619880676, 0.2744436264038086, 0.5726726055145264]
[0.5560082197189331, 0.5602442026138306, 0.449836403131485, 0.3167152404785156, 0.5369784832000732]
[0.5756973624229431, 0.5190004110336304, 0.4782513976097107, 0.375200092792511, 0.5601989030838013]
[0.539671778678894, 0.5551305413246155, 0.4367113411426544, 0.2860702872276306, 0.5328177213668823]
[0.5666951537132263, 0.5736156702041626, 0.4287145435810089, 0.28328803181648254, 0.546786367893219]
[0.5672330856323242, 0.5653865933418274, 0.42096471786499023, 0.2610597610473633, 0.5518015027046204]
[0.5091350674629211, 0.5656532049179077, 0.44555526971817017, 0.300638884305954, 0.5371818542480469]
[0.46131280064582825, 0.527908205986023, 0.4624449908733368, 0.3593752980232239, 0.5015637874603271]
[0.4051845967769623, 0.5236626267433167, 0.46126532554626465, 0.2999994158744812, 0.4162136912345886]
[0.5461795330047607, 0.5485087633132935, 0.40062257647514343, 0.2618437707424164, 0.5548654794692993]
[0.5580161809921265, 0.549029529094696, 0.4267604351043701, 0.29193350672721863, 0.542011022567749]
[0.6052756309509277, 0.5648130774497986, 0.4233931005001068, 0.2584177255630493, 0.5647050738334656]
[0.5899409651756287, 0.5444912910461426, 0.4136103093624115, 0.2712310254573822, 0.5590357184410095]
[0.5193629860877991, 0.5856478810310364, 0.41173920035362244, 0.282301664352417, 0.5441094636917114]
[0.5504782199859619, 0.5493489503860474, 0.4319797158241272, 0.296524316072464, 0.5378507971763611]
[0.5135851502418518, 0.5665825605392456, 0.4307837188243866, 0.27936992049217224, 0.5198671221733093]
[0.5580161809921265, 0.549029529094696, 0.4267604351043701, 0.29193350672721863, 0.542011022567749]
[0.5731554627418518, 0.5271180868148804, 0.4631655514240265, 0.32399338483810425, 0.5601667165756226]
[0.5580161809921265, 0.549029529094696, 0.4267604351043701, 0.29193350672721863, 0.542011022567749]
[0.513412594795227, 0.5155221223831177, 0.48089200258255005, 0.38695743680000305, 0.5172629356384277]
[0.5504782199859619, 0.5493489503860474, 0.4319797158241272, 0.296524316072464, 0.5378507971763611]
[0.48903733491897583, 0.5672839283943176, 0.44686591625213623, 0.32212382555007935, 0.5399630665779114]
[0.5459064841270447, 0.5648961067199707, 0.4632422924041748, 0.27674728631973267, 0.5281348824501038]
[0.5580161809921265, 0.549029529094696, 0.4267604351043701, 0.29193350672721863, 0.542011022567749]
[0.5828799605369568, 0.5555983781814575, 0.42629289627075195, 0.273888498544693, 0.5572317838668823]
[0.462516188621521, 0.5803120136260986, 0.44832560420036316, 0.31460249423980713, 0.5126466155052185]
[0.5482015609741211, 0.5762035846710205, 0.4442112445831299, 0.28100237250328064, 0.5204139947891235]
[0.5535129904747009, 0.5142572522163391, 0.4936738610267639, 0.4194197356700897, 0.5744674205780029]
[0.5504782199859619, 0.5493489503860474, 0.4319797158241272, 0.296524316072464, 0.5378507971763611]
[0.5828799605369568, 0.5555983781814575, 0.42629289627075195, 0.273888498544693, 0.5572317838668823]
[0.5546388626098633, 0.5817076563835144, 0.42918315529823303, 0.2593177556991577, 0.5646688938140869]
[0.5303688049316406, 0.5384894013404846, 0.4664239287376404, 0.3673785328865051, 0.5308371782302856]
[0.4383316934108734, 0.5262296795845032, 0.4817497432231903, 0.3747601807117462, 0.4881138801574707]
[0.5580161809921265, 0.549029529094696, 0.4267604351043701, 0.29193350672721863, 0.542011022567749]
[0.5360156893730164, 0.567261815071106, 0.42525002360343933, 0.2949855625629425, 0.5550643801689148]
[0.5334951877593994, 0.5555647015571594, 0.42399898171424866, 0.30080920457839966, 0.5319480299949646]
[0.5580161809921265, 0.549029529094696, 0.4267604351043701, 0.29193350672721863, 0.542011022567749]
[0.5504782199859619, 0.5493489503860474, 0.4319797158241272, 0.296524316072464, 0.5378507971763611]
[0.5693372488021851, 0.5332158207893372, 0.43388986587524414, 0.3012830317020416, 0.5518443584442139]
[0.5789917707443237, 0.5500642657279968, 0.39634665846824646, 0.28868335485458374, 0.5589724779129028]
[0.4051845967769623, 0.5236626267433167, 0.46126532554626465, 0.2999994158744812, 0.4162136912345886]
[0.5277857184410095, 0.5835859775543213, 0.43904680013656616, 0.2935968041419983, 0.5349770188331604]
[0.5504782199859619, 0.5493489503860474, 0.4319797158241272, 0.296524316072464, 0.5378507971763611]
[0.6161821484565735, 0.5134428143501282, 0.4338180720806122, 0.3146117627620697, 0.5959564447402954]
[0.573747456073761, 0.5238444209098816, 0.40755245089530945, 0.2680071294307709, 0.5812674760818481]
[0.5421120524406433, 0.5584720969200134, 0.4483819305896759, 0.28615155816078186, 0.5589001774787903]
[0.5139179229736328, 0.5540830492973328, 0.4291752576828003, 0.289887934923172, 0.508980393409729]
[0.5910161733627319, 0.5540416240692139, 0.43568184971809387, 0.28441616892814636, 0.5603246688842773]
[0.5546388626098633, 0.5817076563835144, 0.42918315529823303, 0.2593177556991577, 0.5646688938140869]
[0.5504782199859619, 0.5493489503860474, 0.4319797158241272, 0.296524316072464, 0.5378507971763611]
[0.5691688060760498, 0.5369459390640259, 0.4381416440010071, 0.2948344349861145, 0.5563244819641113]
[0.5179184675216675, 0.5486605763435364, 0.46013039350509644, 0.32012245059013367, 0.517711341381073]
[0.5645201802253723, 0.5217058658599854, 0.48577141761779785, 0.33183830976486206, 0.5446967482566833]
[0.5504782199859619, 0.5493489503860474, 0.4319797158241272, 0.296524316072464, 0.5378507971763611]
[0.5691688060760498, 0.5369459390640259, 0.4381416440010071, 0.2948344349861145, 0.5563244819641113]
[0.5580161809921265, 0.549029529094696, 0.4267604351043701, 0.29193350672721863, 0.542011022567749]
[0.47546306252479553, 0.542615532875061, 0.49551400542259216, 0.4183412492275238, 0.4979988932609558]
[0.5077833533287048, 0.5230717658996582, 0.4375303387641907, 0.3145780861377716, 0.4881400763988495]
[0.50537109375, 0.5291240811347961, 0.5027360916137695, 0.44624319672584534, 0.5287939310073853]
[0.5743621587753296, 0.5334376096725464, 0.45932015776634216, 0.347478985786438, 0.5308545231819153]
[0.5504782199859619, 0.5493489503860474, 0.4319797158241272, 0.296524316072464, 0.5378507971763611]
[0.5098061561584473, 0.5357611179351807, 0.4582798480987549, 0.3287554681301117, 0.4948505759239197]
[0.5310633778572083, 0.5913262367248535, 0.406970739364624, 0.2608931064605713, 0.5577508211135864]
[0.4051845967769623, 0.5236626267433167, 0.46126532554626465, 0.2999994158744812, 0.4162136912345886]
[0.5580161809921265, 0.549029529094696, 0.4267604351043701, 0.29193350672721863, 0.542011022567749]
[0.4051845967769623, 0.5236626267433167, 0.46126532554626465, 0.2999994158744812, 0.4162136912345886]
[0.5691688060760498, 0.5369459390640259, 0.4381416440010071, 0.2948344349861145, 0.5563244819641113]
