0
刚刚我趴在楼上阳台吃葱油饼,听到楼下有一对男女的谈话.男的脸红说:"你能和我交往吗?"女孩冷冷地说:"只要天上掉葱油饼我就和你交...."我一听,顺势就把葱油饼丢到了女孩头上...加油吧!小兄弟!只能帮你到这了!
[0.3404559791088104, 0.5028870701789856, 0.5759498476982117, 0.6801784634590149, 0.49707522988319397]
[0.5238559246063232, 0.5681883692741394, 0.4290097951889038, 0.3008403480052948, 0.5120459794998169]
[0.5125359892845154, 0.5692030787467957, 0.4359235167503357, 0.27426373958587646, 0.5351802110671997]
[0.5507717132568359, 0.5909622311592102, 0.40944868326187134, 0.2621532380580902, 0.5716155767440796]
[0.4680568277835846, 0.5654180645942688, 0.4413887858390808, 0.28164908289909363, 0.5198924541473389]
[0.478137344121933, 0.5625221133232117, 0.4374650716781616, 0.28778842091560364, 0.5113123655319214]
[0.4145800471305847, 0.5602164268493652, 0.4270014762878418, 0.2625711262226105, 0.4717119336128235]
[0.4907926917076111, 0.5637834668159485, 0.4414612948894501, 0.2947947084903717, 0.49108949303627014]
[0.49066361784935, 0.5768001675605774, 0.43589431047439575, 0.31173229217529297, 0.5130518078804016]
[0.5104114413261414, 0.5902310609817505, 0.4252094328403473, 0.26736128330230713, 0.5515074133872986]
[0.5146082639694214, 0.5500903129577637, 0.4170253276824951, 0.29743215441703796, 0.534768283367157]
[0.43141359090805054, 0.5571847558021545, 0.4475431740283966, 0.3039919435977936, 0.4682607352733612]
[0.5193629860877991, 0.5856478810310364, 0.41173920035362244, 0.282301664352417, 0.5441094636917114]
[0.48379552364349365, 0.5937032699584961, 0.41920071840286255, 0.2830924987792969, 0.4925927221775055]
[0.48604968190193176, 0.5686357617378235, 0.4624164402484894, 0.32484591007232666, 0.5167813897132874]
[0.5260461568832397, 0.5862242579460144, 0.4310151934623718, 0.2730245292186737, 0.5295546650886536]
[0.4663451910018921, 0.5655397176742554, 0.4253520667552948, 0.2912582755088806, 0.494852215051651]
[0.4877224266529083, 0.5593771934509277, 0.45601779222488403, 0.3086259067058563, 0.5442935228347778]
[0.5354865789413452, 0.5888907313346863, 0.41922876238822937, 0.2605830132961273, 0.5253303050994873]
[0.48606905341148376, 0.5653390884399414, 0.42291659116744995, 0.2744303345680237, 0.5293554067611694]
[0.4794832766056061, 0.5642222166061401, 0.44027355313301086, 0.32129958271980286, 0.48435598611831665]
[0.5552852153778076, 0.5857468843460083, 0.4001559317111969, 0.27149248123168945, 0.5646634697914124]
[0.45863497257232666, 0.5507941246032715, 0.4438121020793915, 0.32000118494033813, 0.5247117877006531]
[0.537532389163971, 0.5870782732963562, 0.41496220231056213, 0.24765248596668243, 0.5576273798942566]
[0.5067535638809204, 0.5962961316108704, 0.41018155217170715, 0.25474223494529724, 0.5455000996589661]
[0.5222907662391663, 0.5878953337669373, 0.4257510006427765, 0.27943873405456543, 0.5309963226318359]
[0.479471892118454, 0.5489704012870789, 0.4144592881202698, 0.31292951107025146, 0.5229067802429199]
[0.5100741982460022, 0.5729206800460815, 0.41460171341896057, 0.2897509038448334, 0.5183582305908203]
[0.4954248070716858, 0.5530633330345154, 0.4345283508300781, 0.29555150866508484, 0.5086821913719177]
[0.5070725679397583, 0.5795678496360779, 0.4309682846069336, 0.25872695446014404, 0.538472592830658]
[0.4145800471305847, 0.5602164268493652, 0.4270014762878418, 0.2625711262226105, 0.4717119336128235]
[0.4907926917076111, 0.5637834668159485, 0.4414612948894501, 0.2947947084903717, 0.49108949303627014]
[0.43784281611442566, 0.5480871200561523, 0.4760363698005676, 0.35096463561058044, 0.4866258502006531]
[0.5376738905906677, 0.5810485482215881, 0.40510639548301697, 0.28802356123924255, 0.5352571606636047]
[0.48064133524894714, 0.5660057067871094, 0.4344986379146576, 0.2938864231109619, 0.5184688568115234]
[0.4549036920070648, 0.5506383776664734, 0.4522766172885895, 0.31669455766677856, 0.4877864420413971]
[0.526962161064148, 0.5917417407035828, 0.4024435877799988, 0.26393193006515503, 0.5602583885192871]
[0.48731106519699097, 0.5707895755767822, 0.43179431557655334, 0.2953539192676544, 0.5516064763069153]
[0.49819183349609375, 0.5695810914039612, 0.4092336595058441, 0.28381651639938354, 0.5330636501312256]
[0.5598461627960205, 0.5597557425498962, 0.3864290714263916, 0.2706988751888275, 0.5650601387023926]
[0.6575060486793518, 0.5175157785415649, 0.4437137544155121, 0.3192242681980133, 0.6027522683143616]
[0.5552852153778076, 0.5857468843460083, 0.4001559317111969, 0.27149248123168945, 0.5646634697914124]
[0.4809638559818268, 0.5808899998664856, 0.4491732716560364, 0.3249214291572571, 0.503584623336792]
[0.3987013101577759, 0.5600584149360657, 0.4603978991508484, 0.3058127760887146, 0.4819374978542328]
[0.48606905341148376, 0.5653390884399414, 0.42291659116744995, 0.2744303345680237, 0.5293554067611694]
[0.49819183349609375, 0.5695810914039612, 0.4092336595058441, 0.28381651639938354, 0.5330636501312256]
[0.4535811245441437, 0.5465879440307617, 0.4628068208694458, 0.3347063362598419, 0.47992438077926636]
[0.4811401963233948, 0.5508946180343628, 0.4306332468986511, 0.29418593645095825, 0.5193722248077393]
[0.4278497099876404, 0.5654309391975403, 0.4568594694137573, 0.2747919261455536, 0.4823925793170929]
[0.6206127405166626, 0.5694409012794495, 0.37554073333740234, 0.24117134511470795, 0.6033797860145569]
[0.48379552364349365, 0.5937032699584961, 0.41920071840286255, 0.2830924987792969, 0.4925927221775055]
[0.45860278606414795, 0.5445501208305359, 0.4818028509616852, 0.3569811284542084, 0.4637608230113983]
[0.48404809832572937, 0.5552269816398621, 0.441615492105484, 0.2882511615753174, 0.5254335403442383]
[0.500465989112854, 0.5456047654151917, 0.43777328729629517, 0.3601033091545105, 0.48552265763282776]
[0.41395509243011475, 0.5692394375801086, 0.4429236948490143, 0.30327174067497253, 0.4869564473628998]
[0.32669609785079956, 0.5209854245185852, 0.5037437081336975, 0.42195239663124084, 0.4530560374259949]
[0.500465989112854, 0.5456047654151917, 0.43777328729629517, 0.3601033091545105, 0.48552265763282776]
[0.500465989112854, 0.5456047654151917, 0.43777328729629517, 0.3601033091545105, 0.48552265763282776]
[0.5357034206390381, 0.5836284160614014, 0.4279828667640686, 0.25863465666770935, 0.5416134595870972]
[0.4887058138847351, 0.5865228176116943, 0.4211687445640564, 0.2740577757358551, 0.5035997629165649]
[0.5052921175956726, 0.5746998190879822, 0.4237533509731293, 0.29281580448150635, 0.5414260029792786]
[0.521908164024353, 0.5656313896179199, 0.4355131983757019, 0.3061251640319824, 0.5475955009460449]
[0.42908692359924316, 0.5389328002929688, 0.49958598613739014, 0.3841433823108673, 0.5075379014015198]
[0.48606905341148376, 0.5653390884399414, 0.42291659116744995, 0.2744303345680237, 0.5293554067611694]
[0.4435317814350128, 0.5810612440109253, 0.4615700840950012, 0.32859575748443604, 0.48802050948143005]
[0.48606905341148376, 0.5653390884399414, 0.42291659116744995, 0.2744303345680237, 0.5293554067611694]
[0.4145800471305847, 0.5602164268493652, 0.4270014762878418, 0.2625711262226105, 0.4717119336128235]
[0.5345159769058228, 0.5695018768310547, 0.4401167631149292, 0.26450929045677185, 0.5559332966804504]
[0.4761551320552826, 0.5344216823577881, 0.46576306223869324, 0.31283900141716003, 0.5096996426582336]
[0.470046728849411, 0.5666710138320923, 0.46596449613571167, 0.3082108497619629, 0.49306097626686096]
[0.4918902516365051, 0.5779764652252197, 0.4707934856414795, 0.32675349712371826, 0.5338632464408875]
[0.48379552364349365, 0.5937032699584961, 0.41920071840286255, 0.2830924987792969, 0.4925927221775055]
[0.42861396074295044, 0.5562018752098083, 0.4500509798526764, 0.30940788984298706, 0.4760214388370514]
[0.5725283026695251, 0.5860087871551514, 0.3959594666957855, 0.2663499116897583, 0.5649439692497253]
[0.46428272128105164, 0.577767014503479, 0.45473217964172363, 0.2921246886253357, 0.47673797607421875]
[0.5422282814979553, 0.5863180160522461, 0.40551844239234924, 0.2753317654132843, 0.556081235408783]
[0.5634029507637024, 0.5783467292785645, 0.39400532841682434, 0.27352380752563477, 0.574043333530426]
[0.45493221282958984, 0.5649586915969849, 0.49098244309425354, 0.35236644744873047, 0.4848080277442932]
[0.4585382044315338, 0.5536133050918579, 0.4551770091056824, 0.35191863775253296, 0.5052298903465271]
[0.5229251980781555, 0.5467721223831177, 0.4447280764579773, 0.3021225929260254, 0.5438621640205383]
[0.4916827380657196, 0.5667576193809509, 0.43254637718200684, 0.2843955159187317, 0.5096560716629028]
[0.45098787546157837, 0.5397149920463562, 0.44213807582855225, 0.2829759418964386, 0.4971030354499817]
[0.43773508071899414, 0.5566216111183167, 0.4562847912311554, 0.32141366600990295, 0.4523738920688629]
[0.502667248249054, 0.5590876936912537, 0.4416850507259369, 0.33061128854751587, 0.5290932059288025]
[0.5056578516960144, 0.5231392979621887, 0.43100839853286743, 0.3087678849697113, 0.5279741883277893]
[0.5819026827812195, 0.5828160047531128, 0.3900133967399597, 0.2539634704589844, 0.5722749829292297]
[0.5262235999107361, 0.5879753828048706, 0.4138278067111969, 0.2589208781719208, 0.5410710573196411]
[0.48606905341148376, 0.5653390884399414, 0.42291659116744995, 0.2744303345680237, 0.5293554067611694]
[0.6314446926116943, 0.5596553683280945, 0.38216057419776917, 0.24828824400901794, 0.6096954941749573]
[0.6418641209602356, 0.5494634509086609, 0.39774274826049805, 0.2644623816013336, 0.6195327043533325]
[0.3219890594482422, 0.5456490516662598, 0.47605419158935547, 0.3481837213039398, 0.4182083010673523]
[0.4548719823360443, 0.5645430088043213, 0.43137896060943604, 0.28755873441696167, 0.5058131814002991]
[0.6314446926116943, 0.5596553683280945, 0.38216057419776917, 0.24828824400901794, 0.6096954941749573]
[0.448617160320282, 0.5824729800224304, 0.4258478879928589, 0.2755565941333771, 0.505855917930603]
[0.5422282814979553, 0.5863180160522461, 0.40551844239234924, 0.2753317654132843, 0.556081235408783]
[0.5527383685112, 0.5646374821662903, 0.40901386737823486, 0.25128310918807983, 0.5797427296638489]
[0.377202570438385, 0.5675201416015625, 0.4594901204109192, 0.2993837594985962, 0.4692065417766571]
[0.5422282814979553, 0.5863180160522461, 0.40551844239234924, 0.2753317654132843, 0.556081235408783]
[0.5529336333274841, 0.5841859579086304, 0.44333747029304504, 0.29540273547172546, 0.563743531703949]
[0.48256778717041016, 0.5718513131141663, 0.43116143345832825, 0.2713066041469574, 0.5607991218566895]
[0.5615060329437256, 0.5841159224510193, 0.39749354124069214, 0.27023908495903015, 0.5706154108047485]
