0
#微镜头#【也许你跑得不够快，但必须穿得帅！】今天，2013上海国际马拉松开赛，发令枪响，一个个“奇葩”形象冲出了起跑线，米老鼠、小黄牛、兵马俑、超人，还有一只鞋……
[0.4976276159286499, 0.5219294428825378, 0.4907216429710388, 0.3712286353111267, 0.4947814643383026]
[0.48747485876083374, 0.5467751026153564, 0.455925315618515, 0.3487682044506073, 0.4937664568424225]
[0.5489630103111267, 0.5657063722610474, 0.40643230080604553, 0.2551324665546417, 0.5673980712890625]
[0.535548985004425, 0.5743044018745422, 0.4219232201576233, 0.27131181955337524, 0.5345061421394348]
[0.5275508761405945, 0.5712538361549377, 0.4221792221069336, 0.2996254563331604, 0.5228271484375]
[0.5011674165725708, 0.5654696822166443, 0.441593736410141, 0.312374472618103, 0.5107013583183289]
[0.5172800421714783, 0.5405579805374146, 0.430383563041687, 0.3200434744358063, 0.5415824055671692]
[0.47920531034469604, 0.5811893343925476, 0.41673505306243896, 0.28207045793533325, 0.5196965336799622]
[0.5193629860877991, 0.5856478810310364, 0.41173920035362244, 0.282301664352417, 0.5441094636917114]
[0.47741007804870605, 0.5622340440750122, 0.41321662068367004, 0.29464033246040344, 0.5328683257102966]
[0.5126628279685974, 0.5864224433898926, 0.42671850323677063, 0.2821241021156311, 0.5387477278709412]
[0.5193629860877991, 0.5856478810310364, 0.41173920035362244, 0.282301664352417, 0.5441094636917114]
[0.5084660649299622, 0.5705410242080688, 0.4353964626789093, 0.2540062367916107, 0.515224039554596]
[0.45619168877601624, 0.5451663136482239, 0.4529013931751251, 0.337022602558136, 0.4628062844276428]
[0.5082178711891174, 0.5608017444610596, 0.4691191613674164, 0.3513016402721405, 0.5278114080429077]
[0.6368913650512695, 0.5372554063796997, 0.4383852481842041, 0.3087625801563263, 0.6090137958526611]
[0.4283948242664337, 0.5269254446029663, 0.5181845426559448, 0.4073762893676758, 0.45418450236320496]
[0.4491308927536011, 0.5714744329452515, 0.42772793769836426, 0.27696385979652405, 0.4827463924884796]
[0.5139543414115906, 0.5713449716567993, 0.435493141412735, 0.2958109378814697, 0.5462659597396851]
[0.4993380606174469, 0.5492544174194336, 0.48594337701797485, 0.3338662385940552, 0.4954947531223297]
[0.5496564507484436, 0.5867111086845398, 0.41277530789375305, 0.2783188819885254, 0.5432941317558289]
[0.5375891327857971, 0.5936415195465088, 0.42892560362815857, 0.2769445478916168, 0.5404124855995178]
[0.3608156144618988, 0.5122441053390503, 0.5116586685180664, 0.38362428545951843, 0.4494818449020386]
[0.506066620349884, 0.5687865018844604, 0.4466347396373749, 0.3119748830795288, 0.5187088847160339]
[0.5259581208229065, 0.5961923003196716, 0.42466554045677185, 0.2691284716129303, 0.5454602241516113]
[0.48268991708755493, 0.5370046496391296, 0.45497050881385803, 0.301115483045578, 0.49489739537239075]
[0.5899916291236877, 0.5797030329704285, 0.40737250447273254, 0.2597729563713074, 0.5636694431304932]
[0.49621593952178955, 0.5689651370048523, 0.4712609648704529, 0.32617124915122986, 0.5483890771865845]
[0.5335750579833984, 0.5642755031585693, 0.44798094034194946, 0.297616183757782, 0.5199430584907532]
[0.5333060026168823, 0.5694469213485718, 0.4303886890411377, 0.293264776468277, 0.5498125553131104]
[0.5133916735649109, 0.5753152370452881, 0.4381934106349945, 0.31431183218955994, 0.5323296785354614]
[0.5176787376403809, 0.5636252164840698, 0.44640499353408813, 0.307719886302948, 0.5206252932548523]
[0.48747485876083374, 0.5467751026153564, 0.455925315618515, 0.3487682044506073, 0.4937664568424225]
[0.506604015827179, 0.5301657915115356, 0.4714474678039551, 0.3478901982307434, 0.5203731656074524]
[0.45006051659584045, 0.5762691497802734, 0.45053380727767944, 0.323009729385376, 0.5169265866279602]
[0.493265300989151, 0.5838271379470825, 0.43135780096054077, 0.28920626640319824, 0.5114336609840393]
[0.5193629860877991, 0.5856478810310364, 0.41173920035362244, 0.282301664352417, 0.5441094636917114]
[0.43843716382980347, 0.5501427054405212, 0.4584742486476898, 0.3142523765563965, 0.44327014684677124]
[0.4751492440700531, 0.565251886844635, 0.4695822596549988, 0.3168189525604248, 0.5181748270988464]
[0.42098087072372437, 0.5600793361663818, 0.4729706943035126, 0.30862873792648315, 0.48237863183021545]
[0.5098573565483093, 0.5722808241844177, 0.44509652256965637, 0.3074572682380676, 0.5404465198516846]
[0.531680703163147, 0.5896697044372559, 0.44006937742233276, 0.27654168009757996, 0.552705705165863]
[0.5470633506774902, 0.5397568345069885, 0.4624217450618744, 0.308469295501709, 0.5108416676521301]
[0.4527266323566437, 0.5775907635688782, 0.4259577691555023, 0.26697787642478943, 0.49316614866256714]
[0.4746212661266327, 0.5723400712013245, 0.4491313695907593, 0.3133254051208496, 0.48642921447753906]
[0.4860193729400635, 0.5963447093963623, 0.43336302042007446, 0.2841981053352356, 0.5173650979995728]
[0.5440632104873657, 0.5788407921791077, 0.4183571934700012, 0.27411264181137085, 0.5538321137428284]
[0.5193629860877991, 0.5856478810310364, 0.41173920035362244, 0.282301664352417, 0.5441094636917114]
[0.4760547876358032, 0.561172366142273, 0.4509691894054413, 0.32225096225738525, 0.47913143038749695]
[0.4758692681789398, 0.5671343803405762, 0.4664519131183624, 0.3051452934741974, 0.4674079716205597]
[0.4917052686214447, 0.5651508569717407, 0.44686025381088257, 0.2835923433303833, 0.5467165112495422]
[0.4451572299003601, 0.5582067370414734, 0.43245571851730347, 0.3045182228088379, 0.5191935300827026]
[0.5174325108528137, 0.5436736941337585, 0.4331689476966858, 0.3190324604511261, 0.5145626664161682]
[0.5151064991950989, 0.5747038125991821, 0.424662321805954, 0.28126558661460876, 0.5288636088371277]
[0.5240132808685303, 0.5638526082038879, 0.46045222878456116, 0.33152446150779724, 0.5256913304328918]
[0.5516680479049683, 0.5658663511276245, 0.4629944860935211, 0.3421395719051361, 0.5360801815986633]
[0.5139371156692505, 0.5721971988677979, 0.43216317892074585, 0.29974257946014404, 0.52681964635849]
[0.473650723695755, 0.5786438584327698, 0.45495787262916565, 0.2936609983444214, 0.5089249014854431]
[0.5150063633918762, 0.574282705783844, 0.43504685163497925, 0.29734140634536743, 0.5493431091308594]
[0.4639207720756531, 0.5494329929351807, 0.47855374217033386, 0.3254864811897278, 0.5036696791648865]
[0.43289124965667725, 0.5768650770187378, 0.4425683617591858, 0.2807326018810272, 0.516941487789154]
[0.49393460154533386, 0.5753617882728577, 0.43176454305648804, 0.2822020351886749, 0.5095145106315613]
[0.5193629860877991, 0.5856478810310364, 0.41173920035362244, 0.282301664352417, 0.5441094636917114]
[0.4606894850730896, 0.5615648031234741, 0.4404510259628296, 0.3140479028224945, 0.48577064275741577]
[0.5159499049186707, 0.5557013750076294, 0.4554440975189209, 0.27729183435440063, 0.5068769454956055]
[0.4594641625881195, 0.5794338583946228, 0.4552612900733948, 0.30096298456192017, 0.5017428398132324]
[0.5165876150131226, 0.540611207485199, 0.4350992739200592, 0.29758384823799133, 0.5347349047660828]
[0.47514989972114563, 0.5687426328659058, 0.45727190375328064, 0.315376341342926, 0.5066727995872498]
[0.5335750579833984, 0.5642755031585693, 0.44798094034194946, 0.297616183757782, 0.5199430584907532]
[0.5631400346755981, 0.5833446383476257, 0.42478084564208984, 0.26708221435546875, 0.5571869015693665]
[0.4018602669239044, 0.49730026721954346, 0.5629140138626099, 0.5954148173332214, 0.49200138449668884]
[0.3980659246444702, 0.5676062703132629, 0.4500005543231964, 0.2906647026538849, 0.4348086714744568]
[0.43258756399154663, 0.555526614189148, 0.4713059663772583, 0.3460206389427185, 0.45605984330177307]
[0.4267411231994629, 0.5670562982559204, 0.43758368492126465, 0.31542253494262695, 0.47692444920539856]
[0.5017891526222229, 0.5576673746109009, 0.4361902177333832, 0.3132091164588928, 0.4959060549736023]
[0.46289268136024475, 0.5129924416542053, 0.5105783939361572, 0.4292854070663452, 0.4654744863510132]
[0.4267071783542633, 0.5491915941238403, 0.5007304549217224, 0.38852062821388245, 0.43535125255584717]
[0.478348046541214, 0.5358073711395264, 0.47661668062210083, 0.37377431988716125, 0.5393446683883667]
[0.5335750579833984, 0.5642755031585693, 0.44798094034194946, 0.297616183757782, 0.5199430584907532]
[0.527854323387146, 0.5857251286506653, 0.42558375000953674, 0.27191784977912903, 0.5264109373092651]
[0.46108075976371765, 0.5551460981369019, 0.48735660314559937, 0.33826586604118347, 0.5016864538192749]
[0.5561572909355164, 0.5937171578407288, 0.41795048117637634, 0.2560843825340271, 0.5541695356369019]
[0.5093654990196228, 0.5829081535339355, 0.43033915758132935, 0.30672168731689453, 0.5291067957878113]
[0.4835261404514313, 0.5491400361061096, 0.44652387499809265, 0.3196687698364258, 0.5191853642463684]
[0.492062509059906, 0.5814051032066345, 0.4413062036037445, 0.27865615487098694, 0.531220555305481]
[0.5219772458076477, 0.5873788595199585, 0.4128667712211609, 0.2667549252510071, 0.5276853442192078]
[0.4725256562232971, 0.5645783543586731, 0.45586079359054565, 0.329336017370224, 0.5027390122413635]
[0.49819183349609375, 0.5695810914039612, 0.4092336595058441, 0.28381651639938354, 0.5330636501312256]
[0.5211098790168762, 0.5733072757720947, 0.44557127356529236, 0.3042775094509125, 0.527563750743866]
[0.5232354998588562, 0.563440203666687, 0.4345598518848419, 0.2841252088546753, 0.5166675448417664]
[0.5568175315856934, 0.5568729043006897, 0.42307785153388977, 0.27086007595062256, 0.5676135420799255]
[0.4899495244026184, 0.5457671284675598, 0.4967039227485657, 0.33976298570632935, 0.5185509920120239]
[0.5019962787628174, 0.5860031247138977, 0.4374144673347473, 0.27633407711982727, 0.531513512134552]
[0.5160178542137146, 0.5895063281059265, 0.4181462824344635, 0.26784566044807434, 0.5280237793922424]
[0.4796596169471741, 0.582149088382721, 0.4188553988933563, 0.2546803951263428, 0.5546982884407043]
[0.47474396228790283, 0.5353821516036987, 0.47468313574790955, 0.32469096779823303, 0.4925910532474518]
[0.511719822883606, 0.5873969197273254, 0.44127920269966125, 0.2841515839099884, 0.5271244645118713]
[0.5057823061943054, 0.5871379375457764, 0.4311233162879944, 0.28419291973114014, 0.5114562511444092]
[0.4417378604412079, 0.5692811012268066, 0.4551094174385071, 0.3072013258934021, 0.5154035091400146]
[0.553992509841919, 0.5778987407684326, 0.41700974106788635, 0.2645968794822693, 0.579470157623291]
[0.4907926917076111, 0.5637834668159485, 0.4414612948894501, 0.2947947084903717, 0.49108949303627014]
