0
【《二叔》成黑马 年末获重奖】年终岁尾，大剧混战，山东卫视同海宁北辰影视公司联合打造的订制剧《二叔》杀出重围，收视率一路攀升，全国网和46测量仪城市冲进省级卫视第二，收视成长高达110%！观众反应热烈，几乎零差评。鉴于该剧优良的社会效果和优异的收视表现，山东卫视决定对该剧给予百万巨奖。
[0.5152922868728638, 0.5347570180892944, 0.4943509101867676, 0.3798534870147705, 0.5226547122001648]
[0.4743291139602661, 0.5698409080505371, 0.4385664463043213, 0.33048015832901, 0.5010707378387451]
[0.5185606479644775, 0.5735364556312561, 0.4189332127571106, 0.261856347322464, 0.5351032614707947]
[0.30404314398765564, 0.5568644404411316, 0.5325714349746704, 0.527552604675293, 0.4629872143268585]
[0.47974950075149536, 0.5581446886062622, 0.4543554186820984, 0.284233421087265, 0.5234507918357849]
[0.5162266492843628, 0.530910313129425, 0.4316558539867401, 0.2775022089481354, 0.4912845492362976]
[0.5162266492843628, 0.530910313129425, 0.4316558539867401, 0.2775022089481354, 0.4912845492362976]
[0.5005075931549072, 0.5733388066291809, 0.4394795000553131, 0.28667500615119934, 0.5126408934593201]
[0.5164691805839539, 0.559941291809082, 0.42924824357032776, 0.29555627703666687, 0.5375561714172363]
[0.5046936273574829, 0.5379585027694702, 0.4637904763221741, 0.37482479214668274, 0.5064152479171753]
[0.5449645519256592, 0.550917387008667, 0.45382586121559143, 0.33383801579475403, 0.5356847643852234]
[0.4838753938674927, 0.5436096787452698, 0.46526670455932617, 0.3220612108707428, 0.5093861818313599]
[0.5142320394515991, 0.5579532980918884, 0.45034003257751465, 0.33673426508903503, 0.509429395198822]
[0.49846115708351135, 0.5206443071365356, 0.5025455355644226, 0.37542831897735596, 0.5362403392791748]
[0.5214592814445496, 0.5552638173103333, 0.43236324191093445, 0.32513242959976196, 0.5022618770599365]
[0.5074986219406128, 0.5656560659408569, 0.44242924451828003, 0.3686980903148651, 0.5128986835479736]
[0.5377839803695679, 0.5692285895347595, 0.41569867730140686, 0.3233262896537781, 0.5107254981994629]
[0.4940638244152069, 0.556887149810791, 0.4362412095069885, 0.32499438524246216, 0.49261483550071716]
[0.4768860638141632, 0.5080649256706238, 0.48693332076072693, 0.38023656606674194, 0.49701645970344543]
[0.4933029115200043, 0.5518328547477722, 0.4498094618320465, 0.37056902050971985, 0.49530795216560364]
[0.319126158952713, 0.5153824687004089, 0.48619702458381653, 0.34577396512031555, 0.41439011693000793]
[0.491435706615448, 0.5634840130805969, 0.46282291412353516, 0.30246657133102417, 0.48291897773742676]
[0.5150162577629089, 0.5483388304710388, 0.43465325236320496, 0.2652381360530853, 0.5175957083702087]
[0.5608471632003784, 0.5774184465408325, 0.41053304076194763, 0.26901689171791077, 0.5483118891716003]
[0.48393023014068604, 0.5372884273529053, 0.47727057337760925, 0.42271047830581665, 0.4830258786678314]
[0.4739396274089813, 0.547968864440918, 0.44620606303215027, 0.31333446502685547, 0.48122552037239075]
[0.43972548842430115, 0.5574588179588318, 0.4412747919559479, 0.3103024661540985, 0.4779708981513977]
[0.5060200691223145, 0.5422375798225403, 0.44925451278686523, 0.3467354476451874, 0.4911137521266937]
[0.49788951873779297, 0.5581594705581665, 0.4237329959869385, 0.30572909116744995, 0.5241134166717529]
[0.4929245114326477, 0.5759339332580566, 0.44227683544158936, 0.2899864614009857, 0.5122012495994568]
[0.5005075931549072, 0.5733388066291809, 0.4394795000553131, 0.28667500615119934, 0.5126408934593201]
[0.49476417899131775, 0.5516649484634399, 0.43646103143692017, 0.2981734871864319, 0.5013819336891174]
[0.385852575302124, 0.5593848824501038, 0.45914506912231445, 0.2989233136177063, 0.4251597821712494]
[0.42336326837539673, 0.530013918876648, 0.4616318643093109, 0.36125215888023376, 0.4900563359260559]
[0.4227067232131958, 0.5262048244476318, 0.5018404722213745, 0.3946545422077179, 0.4609924554824829]
[0.535548985004425, 0.5743044018745422, 0.4219232201576233, 0.27131181955337524, 0.5345061421394348]
[0.5403047800064087, 0.5613563060760498, 0.41674739122390747, 0.2702363431453705, 0.5101600885391235]
[0.4661923348903656, 0.5783988237380981, 0.44311049580574036, 0.29517608880996704, 0.5124367475509644]
[0.42803558707237244, 0.54897540807724, 0.45790424942970276, 0.3280015289783478, 0.4668039083480835]
[0.5141192078590393, 0.5152940154075623, 0.4807257056236267, 0.3804857134819031, 0.5365043878555298]
[0.4850775897502899, 0.59764564037323, 0.43330132961273193, 0.2934236526489258, 0.49432066082954407]
[0.5422282814979553, 0.5863180160522461, 0.40551844239234924, 0.2753317654132843, 0.556081235408783]
[0.5179240703582764, 0.5780224800109863, 0.4429507255554199, 0.2916001081466675, 0.5411413908004761]
[0.4644615352153778, 0.5305771231651306, 0.5112804174423218, 0.34563684463500977, 0.509596049785614]
[0.600121259689331, 0.5292197465896606, 0.43635085225105286, 0.34905117750167847, 0.5722112059593201]
[0.48824116587638855, 0.5728490352630615, 0.4403124749660492, 0.3237677812576294, 0.5261081457138062]
[0.5239843726158142, 0.5233761072158813, 0.45129090547561646, 0.35834428668022156, 0.5144807696342468]
[0.3729974925518036, 0.5576369762420654, 0.4369077682495117, 0.2890550494194031, 0.41789117455482483]
[0.5769063830375671, 0.5471927523612976, 0.4161865711212158, 0.2926151752471924, 0.5798339247703552]
[0.5070725679397583, 0.5795678496360779, 0.4309682846069336, 0.25872695446014404, 0.538472592830658]
[0.5178426504135132, 0.5317263603210449, 0.5046119689941406, 0.45484617352485657, 0.5226197838783264]
[0.5692201256752014, 0.5725523233413696, 0.4082506597042084, 0.2540647089481354, 0.5825848579406738]
[0.48393023014068604, 0.5372884273529053, 0.47727057337760925, 0.42271047830581665, 0.4830258786678314]
[0.5407834053039551, 0.5863849520683289, 0.4023686945438385, 0.24222326278686523, 0.5739560127258301]
[0.5110751390457153, 0.5742514729499817, 0.42760688066482544, 0.3082679808139801, 0.5413396954536438]
[0.5165303349494934, 0.5562936663627625, 0.44309091567993164, 0.3342617154121399, 0.5326291918754578]
[0.5395385026931763, 0.5452761650085449, 0.45657601952552795, 0.32508525252342224, 0.5442168712615967]
[0.5318000316619873, 0.5539077520370483, 0.42952659726142883, 0.3031257390975952, 0.5270342826843262]
[0.512243926525116, 0.56295245885849, 0.4386783242225647, 0.3062414526939392, 0.5169615149497986]
[0.6499391794204712, 0.5081978440284729, 0.4774957001209259, 0.3624647259712219, 0.6216922402381897]
[0.4469466209411621, 0.557973325252533, 0.4575282335281372, 0.3209336996078491, 0.483650267124176]
[0.5091405510902405, 0.5635392665863037, 0.4116646349430084, 0.26796942949295044, 0.552161693572998]
[0.36306875944137573, 0.5451125502586365, 0.43933528661727905, 0.31389331817626953, 0.4269064664840698]
[0.469232439994812, 0.5363157391548157, 0.4584923982620239, 0.34358662366867065, 0.48828208446502686]
[0.5744139552116394, 0.5044699311256409, 0.5292407274246216, 0.4895240366458893, 0.5979283452033997]
[0.385852575302124, 0.5593848824501038, 0.45914506912231445, 0.2989233136177063, 0.4251597821712494]
[0.5089471340179443, 0.5516871213912964, 0.45125362277030945, 0.3040120005607605, 0.5027108192443848]
[0.5257371068000793, 0.5863508582115173, 0.43752768635749817, 0.2891451418399811, 0.5236495137214661]
[0.4849919080734253, 0.563245415687561, 0.43378204107284546, 0.31212225556373596, 0.4969334900379181]
[0.4907926917076111, 0.5637834668159485, 0.4414612948894501, 0.2947947084903717, 0.49108949303627014]
[0.46848928928375244, 0.5710611343383789, 0.44989079236984253, 0.3125932216644287, 0.5187504291534424]
[0.48182761669158936, 0.5494529604911804, 0.4865507483482361, 0.3765912652015686, 0.515802264213562]
[0.477293998003006, 0.5418432950973511, 0.48255789279937744, 0.3613162934780121, 0.5050917863845825]
[0.5082916617393494, 0.5451058745384216, 0.454088032245636, 0.33890676498413086, 0.5035948753356934]
[0.4897773563861847, 0.5595359206199646, 0.4305524230003357, 0.3105143904685974, 0.507719099521637]
[0.5506592988967896, 0.5819041132926941, 0.41472938656806946, 0.283904492855072, 0.5445783138275146]
[0.33277857303619385, 0.524022102355957, 0.4616580903530121, 0.3548995852470398, 0.4394155442714691]
[0.5247995853424072, 0.5572853088378906, 0.41825568675994873, 0.2660921812057495, 0.541980504989624]
[0.423332154750824, 0.5311891436576843, 0.5252505540847778, 0.4281497597694397, 0.47224047780036926]
[0.47770822048187256, 0.5324520468711853, 0.4965031147003174, 0.39101532101631165, 0.5103864073753357]
[0.45289480686187744, 0.5528630018234253, 0.4530009329319, 0.3516283631324768, 0.484483003616333]
[0.5381800532341003, 0.5452189445495605, 0.4326852858066559, 0.32079342007637024, 0.49979397654533386]
[0.5366796851158142, 0.5395725965499878, 0.45654940605163574, 0.3464829623699188, 0.5141841769218445]
