0
#超凡蜘蛛侠2#【中文】预告出炉，配乐恢弘，场面震撼，惊喜不断。三大反派犀牛人、小绿魔、电光人将与蜘蛛侠一决高下。3D版制作使用了第一人称视角，带观众跟随蜘蛛侠的辗转腾挪，一起体验上天入地的视觉快感。本片配乐由音乐大师汉斯·季默与菲董Pharrell Williams联手打造！
[0.4727644622325897, 0.5578032732009888, 0.4433861970901489, 0.2963472604751587, 0.5240462422370911]
[0.4117184579372406, 0.5805709958076477, 0.4446988105773926, 0.29661092162132263, 0.477663516998291]
[0.4491831362247467, 0.5827124118804932, 0.4432498812675476, 0.3100131154060364, 0.48405516147613525]
[0.35005369782447815, 0.548804759979248, 0.45135074853897095, 0.3015742003917694, 0.4178348481655121]
[0.5155519843101501, 0.5877448320388794, 0.4426470994949341, 0.2957081198692322, 0.5045723915100098]
[0.5683045983314514, 0.5068029165267944, 0.5045396089553833, 0.3987799286842346, 0.586104154586792]
[0.4914993345737457, 0.5982964634895325, 0.4286304712295532, 0.2769787609577179, 0.5201640725135803]
[0.502517819404602, 0.5510751008987427, 0.4772662818431854, 0.37438520789146423, 0.5195575952529907]
[0.5070725679397583, 0.5795678496360779, 0.4309682846069336, 0.25872695446014404, 0.538472592830658]
[0.46353858709335327, 0.565906286239624, 0.4567951560020447, 0.32014408707618713, 0.5097830295562744]
[0.5198977589607239, 0.5863368511199951, 0.4254748523235321, 0.25921735167503357, 0.5709702968597412]
[0.5092769861221313, 0.5646233558654785, 0.4197598397731781, 0.29697516560554504, 0.4803350567817688]
[0.5646782517433167, 0.563401997089386, 0.42405763268470764, 0.2921792268753052, 0.5494914650917053]
[0.5062665939331055, 0.5659285187721252, 0.4501025974750519, 0.30945801734924316, 0.5137338042259216]
[0.6373794078826904, 0.5107251405715942, 0.473981112241745, 0.3700939118862152, 0.6104548573493958]
[0.44739919900894165, 0.556174099445343, 0.468351811170578, 0.31546491384506226, 0.4727051258087158]
[0.5227383971214294, 0.5120740532875061, 0.4512943923473358, 0.335002601146698, 0.4672625660896301]
[0.4470462203025818, 0.5494387149810791, 0.4569479823112488, 0.31773608922958374, 0.4556673467159271]
[0.497152179479599, 0.551821768283844, 0.4624006450176239, 0.2930612564086914, 0.5457747578620911]
[0.5302528738975525, 0.539581298828125, 0.45359867811203003, 0.2851778268814087, 0.5645612478256226]
[0.531915009021759, 0.5532994866371155, 0.4277343153953552, 0.32301661372184753, 0.5150306820869446]
[0.5086200833320618, 0.5813959836959839, 0.4108423888683319, 0.29402878880500793, 0.5223483443260193]
[0.4610886573791504, 0.5384202599525452, 0.45615243911743164, 0.29986903071403503, 0.44939520955085754]
[0.4718802571296692, 0.5577095150947571, 0.46111175417900085, 0.3428099751472473, 0.4946514666080475]
[0.44792211055755615, 0.5533768534660339, 0.4528099298477173, 0.3188886046409607, 0.47894731163978577]
[0.4830392301082611, 0.5970549583435059, 0.4371512532234192, 0.2963651418685913, 0.49627795815467834]
[0.5618120431900024, 0.595737099647522, 0.3936688005924225, 0.24775026738643646, 0.5814264416694641]
[0.5199768543243408, 0.5492197871208191, 0.44343194365501404, 0.302802711725235, 0.5310602188110352]
[0.4615016281604767, 0.5654951333999634, 0.45736539363861084, 0.29769566655158997, 0.5291171669960022]
[0.468064546585083, 0.5760833024978638, 0.425519198179245, 0.27499982714653015, 0.5015510320663452]
[0.5370810627937317, 0.5374565720558167, 0.4443182051181793, 0.2985547184944153, 0.5068458318710327]
[0.46868896484375, 0.5488758087158203, 0.4474221467971802, 0.33054184913635254, 0.48876050114631653]
[0.5097057819366455, 0.5852569937705994, 0.4685954749584198, 0.2908931374549866, 0.5323691368103027]
[0.4544004201889038, 0.5670934319496155, 0.4499188959598541, 0.27583518624305725, 0.5067664384841919]
[0.385852575302124, 0.5593848824501038, 0.45914506912231445, 0.2989233136177063, 0.4251597821712494]
[0.5182875990867615, 0.5778167247772217, 0.4126511216163635, 0.29011496901512146, 0.5224162936210632]
[0.535548985004425, 0.5743044018745422, 0.4219232201576233, 0.27131181955337524, 0.5345061421394348]
[0.5192661881446838, 0.5742159485816956, 0.4113008379936218, 0.26845791935920715, 0.5533852577209473]
[0.5232653021812439, 0.5812867879867554, 0.42544740438461304, 0.29523760080337524, 0.5196050405502319]
[0.4581953287124634, 0.5559677481651306, 0.43469032645225525, 0.27727729082107544, 0.4776420593261719]
[0.5008816123008728, 0.5645263195037842, 0.4219352900981903, 0.2755751311779022, 0.5508099794387817]
[0.5304659008979797, 0.5849179625511169, 0.42454567551612854, 0.25364843010902405, 0.5505304336547852]
[0.5388455986976624, 0.5604899525642395, 0.42620405554771423, 0.31129175424575806, 0.5141449570655823]
[0.3468015491962433, 0.5648034811019897, 0.44619446992874146, 0.2789972722530365, 0.4450432062149048]
[0.474709689617157, 0.5545540452003479, 0.4412505030632019, 0.33128517866134644, 0.46988117694854736]
[0.46066203713417053, 0.5645942091941833, 0.43707695603370667, 0.3106388449668884, 0.49539676308631897]
[0.5110708475112915, 0.573052167892456, 0.4429486095905304, 0.2792108952999115, 0.5444062352180481]
[0.4773257076740265, 0.5649427771568298, 0.4277607798576355, 0.2862274944782257, 0.509145975112915]
[0.33687251806259155, 0.5210089683532715, 0.47428908944129944, 0.34725987911224365, 0.4269258379936218]
[0.5068845748901367, 0.5774178504943848, 0.42669960856437683, 0.29310911893844604, 0.5177056789398193]
[0.5229830741882324, 0.5677518248558044, 0.43987545371055603, 0.3327236771583557, 0.5207595229148865]
[0.48325082659721375, 0.5471888780593872, 0.47111406922340393, 0.3296580910682678, 0.512346088886261]
[0.4965798258781433, 0.5535149574279785, 0.44629067182540894, 0.3134653866291046, 0.49570491909980774]
[0.5256065130233765, 0.572419285774231, 0.42782020568847656, 0.27756813168525696, 0.5273375511169434]
[0.4567984938621521, 0.5384972095489502, 0.4804089069366455, 0.36243659257888794, 0.5010847449302673]
[0.5208341479301453, 0.5174481272697449, 0.4886093735694885, 0.31863436102867126, 0.5122071504592896]
[0.4337763488292694, 0.559985339641571, 0.4409828186035156, 0.3202081322669983, 0.4687059223651886]
[0.5453639030456543, 0.5847468972206116, 0.412757933139801, 0.24190093576908112, 0.5554067492485046]
[0.483641117811203, 0.5437084436416626, 0.48400935530662537, 0.3524581789970398, 0.47983819246292114]
[0.5462360382080078, 0.5881468653678894, 0.4231009781360626, 0.28235965967178345, 0.539649486541748]
[0.5352638959884644, 0.5904921293258667, 0.44677260518074036, 0.2650942802429199, 0.5411695837974548]
[0.5142722725868225, 0.5737383961677551, 0.4197702407836914, 0.2962685227394104, 0.5132719874382019]
[0.5462360382080078, 0.5881468653678894, 0.4231009781360626, 0.28235965967178345, 0.539649486541748]
[0.5462360382080078, 0.5881468653678894, 0.4231009781360626, 0.28235965967178345, 0.539649486541748]
[0.5462360382080078, 0.5881468653678894, 0.4231009781360626, 0.28235965967178345, 0.539649486541748]
[0.385852575302124, 0.5593848824501038, 0.45914506912231445, 0.2989233136177063, 0.4251597821712494]
[0.50211101770401, 0.5767053365707397, 0.42473146319389343, 0.29485854506492615, 0.5230798125267029]
[0.471782922744751, 0.5530314445495605, 0.4642598330974579, 0.3054727613925934, 0.4749683141708374]
[0.5812302827835083, 0.578432559967041, 0.3918042480945587, 0.2529713809490204, 0.5684525966644287]
[0.521691083908081, 0.5878927707672119, 0.4193263351917267, 0.279192179441452, 0.5255200266838074]
[0.46980106830596924, 0.5546286106109619, 0.46626827120780945, 0.31360888481140137, 0.5101549029350281]
[0.5650160312652588, 0.5027295351028442, 0.47803229093551636, 0.3094714283943176, 0.572649359703064]
[0.4564291536808014, 0.5857940912246704, 0.42485615611076355, 0.25843575596809387, 0.5223307013511658]
[0.5399213433265686, 0.5422809720039368, 0.4322147071361542, 0.308380663394928, 0.5144749879837036]
[0.48756203055381775, 0.5368655323982239, 0.46034619212150574, 0.34122100472450256, 0.5033623576164246]
[0.48614856600761414, 0.5712684988975525, 0.4431110918521881, 0.3117481470108032, 0.4941999912261963]
[0.4643462300300598, 0.5737143754959106, 0.4401424527168274, 0.2869545817375183, 0.503208577632904]
[0.5200245380401611, 0.5896287560462952, 0.43705180287361145, 0.287913978099823, 0.5421262383460999]
