0
【请不要在影院内讲话，这TM不是你家客厅！】《爱在午夜降临前》两主演伊桑·霍克和朱莉·德尔佩正在聊天，突然朱莉转头对屏幕外的观众破口大骂：“老娘快要忍无可忍了！你TM有病吗？”这其实是两人和“爱在”系列导演理查德·林克莱特为一个院线拍的公益广告 （赵翔宇solomon）
[0.5342742800712585, 0.5660035014152527, 0.42890775203704834, 0.30330124497413635, 0.5380503535270691]
[0.34872013330459595, 0.5581761002540588, 0.4386136531829834, 0.2960062623023987, 0.44835206866264343]
[0.5422282814979553, 0.5863180160522461, 0.40551844239234924, 0.2753317654132843, 0.556081235408783]
[0.474521279335022, 0.5598812103271484, 0.45491111278533936, 0.3174213767051697, 0.5165791511535645]
[0.46659794449806213, 0.5677174925804138, 0.43648019433021545, 0.30726537108421326, 0.49280884861946106]
[0.49575865268707275, 0.5437874794006348, 0.45093783736228943, 0.29428428411483765, 0.49320706725120544]
[0.5422282814979553, 0.5863180160522461, 0.40551844239234924, 0.2753317654132843, 0.556081235408783]
[0.49393460154533386, 0.5753617882728577, 0.43176454305648804, 0.2822020351886749, 0.5095145106315613]
[0.5755075216293335, 0.5829415321350098, 0.39886370301246643, 0.2424280047416687, 0.5824046730995178]
[0.5144733786582947, 0.5673723220825195, 0.44799959659576416, 0.3138437271118164, 0.5286058783531189]
[0.46601602435112, 0.5651649832725525, 0.4377492070198059, 0.2894585430622101, 0.48092910647392273]
[0.5864148736000061, 0.5727881193161011, 0.4012603163719177, 0.24445219337940216, 0.5989380478858948]
[0.5193629860877991, 0.5856478810310364, 0.41173920035362244, 0.282301664352417, 0.5441094636917114]
[0.5536770224571228, 0.5820435881614685, 0.4196477234363556, 0.2659108638763428, 0.558001697063446]
[0.5260183215141296, 0.5755746364593506, 0.44621405005455017, 0.31316500902175903, 0.5372108817100525]
[0.46368208527565, 0.5215871930122375, 0.46262994408607483, 0.2943834364414215, 0.5371251106262207]
[0.4344184398651123, 0.5740671157836914, 0.4493701457977295, 0.31166547536849976, 0.46853137016296387]
[0.4575834274291992, 0.5644984245300293, 0.4712364375591278, 0.35109707713127136, 0.46478691697120667]
[0.517715573310852, 0.5464757084846497, 0.431930810213089, 0.30754175782203674, 0.5229352712631226]
[0.558429479598999, 0.5319388508796692, 0.4222283363342285, 0.2708612382411957, 0.5722559094429016]
[0.4709606468677521, 0.5301505327224731, 0.4725151062011719, 0.3436981439590454, 0.4871210753917694]
[0.4981949031352997, 0.5603275895118713, 0.44069620966911316, 0.30652281641960144, 0.49535641074180603]
[0.5415946841239929, 0.5569044947624207, 0.41442981362342834, 0.2679973542690277, 0.5341575145721436]
[0.5144733786582947, 0.5673723220825195, 0.44799959659576416, 0.3138437271118164, 0.5286058783531189]
[0.39627861976623535, 0.5260738134384155, 0.515710175037384, 0.42190393805503845, 0.42481517791748047]
[0.4837900698184967, 0.5474545955657959, 0.47497114539146423, 0.35282376408576965, 0.4945511221885681]
[0.3856872320175171, 0.5164809823036194, 0.5393051505088806, 0.4525328576564789, 0.4741264879703522]
[0.5117024183273315, 0.5666925311088562, 0.423755019903183, 0.3089318573474884, 0.530443549156189]
[0.5133504271507263, 0.5793352127075195, 0.416593074798584, 0.27634477615356445, 0.528611421585083]
[0.5424737334251404, 0.572766125202179, 0.43656378984451294, 0.3218976855278015, 0.5313553214073181]
[0.49888384342193604, 0.5711642503738403, 0.4217897951602936, 0.29960760474205017, 0.5318391919136047]
[0.5353347063064575, 0.5693928599357605, 0.42442813515663147, 0.27699169516563416, 0.5458691120147705]
[0.5615060329437256, 0.5841159224510193, 0.39749354124069214, 0.27023908495903015, 0.5706154108047485]
[0.5378933548927307, 0.5648152828216553, 0.42714568972587585, 0.2947482168674469, 0.5229564905166626]
[0.49938514828681946, 0.582304835319519, 0.4272194504737854, 0.2899210453033447, 0.5476500391960144]
[0.4586060345172882, 0.5542004108428955, 0.49506962299346924, 0.35476088523864746, 0.503921627998352]
[0.46601602435112, 0.5651649832725525, 0.4377492070198059, 0.2894585430622101, 0.48092910647392273]
[0.5240856409072876, 0.5547705888748169, 0.4303439259529114, 0.3054228723049164, 0.5386695265769958]
[0.5541344285011292, 0.5701088309288025, 0.4524022936820984, 0.3042066991329193, 0.5725406408309937]
[0.48002368211746216, 0.5668062567710876, 0.4385146498680115, 0.3166976869106293, 0.4927319586277008]
[0.5119385123252869, 0.5232490301132202, 0.48145854473114014, 0.39871931076049805, 0.5116097927093506]
[0.4692043960094452, 0.5747298002243042, 0.43284398317337036, 0.32157081365585327, 0.4860348701477051]
[0.49819183349609375, 0.5695810914039612, 0.4092336595058441, 0.28381651639938354, 0.5330636501312256]
[0.4560532569885254, 0.5865623354911804, 0.46629470586776733, 0.28526070713996887, 0.4967609941959381]
[0.49393460154533386, 0.5753617882728577, 0.43176454305648804, 0.2822020351886749, 0.5095145106315613]
[0.4854529798030853, 0.5782368183135986, 0.4528845250606537, 0.3081325888633728, 0.5060783624649048]
[0.5529255867004395, 0.5726612210273743, 0.3992071747779846, 0.2633056342601776, 0.5395120978355408]
[0.4825395345687866, 0.5520734190940857, 0.4287581741809845, 0.29277342557907104, 0.5241941213607788]
[0.5079392194747925, 0.5611467361450195, 0.44249632954597473, 0.3012114465236664, 0.5276017189025879]
[0.385270357131958, 0.5301105976104736, 0.456966757774353, 0.3576776385307312, 0.45204782485961914]
[0.41707202792167664, 0.5377945899963379, 0.4765531122684479, 0.3732679784297943, 0.4717024862766266]
[0.48261135816574097, 0.5601797699928284, 0.4684390127658844, 0.33112895488739014, 0.5254799127578735]
[0.6360252499580383, 0.5575088262557983, 0.38244131207466125, 0.24997219443321228, 0.6117737889289856]
[0.46879974007606506, 0.539756715297699, 0.45622316002845764, 0.3523086905479431, 0.4846891462802887]
[0.4599630832672119, 0.549826443195343, 0.5216200947761536, 0.37786707282066345, 0.5124939680099487]
[0.46709516644477844, 0.5673820972442627, 0.45479509234428406, 0.3460283577442169, 0.4966314733028412]
[0.47787684202194214, 0.5623665452003479, 0.45027220249176025, 0.3260578513145447, 0.5276365876197815]
[0.5127279758453369, 0.5384031534194946, 0.44599586725234985, 0.29849231243133545, 0.5257834196090698]
[0.6151899099349976, 0.5472357273101807, 0.3723829686641693, 0.2473973035812378, 0.6166318655014038]
[0.3664727509021759, 0.554492712020874, 0.4789113998413086, 0.287409245967865, 0.4113079607486725]
[0.4881680905818939, 0.5509257912635803, 0.43545687198638916, 0.331699401140213, 0.5153540372848511]
[0.466911256313324, 0.5325437188148499, 0.5014531016349792, 0.42557579278945923, 0.5031642317771912]
[0.47428378462791443, 0.5580585598945618, 0.43912622332572937, 0.30976104736328125, 0.5233619213104248]
[0.4497394561767578, 0.5722719430923462, 0.4251389503479004, 0.2720549702644348, 0.49816545844078064]
[0.5226908922195435, 0.5476983189582825, 0.43691176176071167, 0.32712942361831665, 0.4969077706336975]
[0.4629693329334259, 0.5376758575439453, 0.48074159026145935, 0.37328559160232544, 0.5007963180541992]
[0.5076541900634766, 0.5581629276275635, 0.45254793763160706, 0.3256472647190094, 0.5292187333106995]
[0.4148096740245819, 0.5410141348838806, 0.4861656725406647, 0.3862370252609253, 0.47125443816185]
[0.5193629860877991, 0.5856478810310364, 0.41173920035362244, 0.282301664352417, 0.5441094636917114]
[0.5299352407455444, 0.5749280452728271, 0.4163699150085449, 0.27751901745796204, 0.5488448143005371]
[0.5009059906005859, 0.5763686895370483, 0.42173585295677185, 0.29218173027038574, 0.5063732266426086]
[0.4718952476978302, 0.5437042117118835, 0.4508277177810669, 0.34153538942337036, 0.5096036791801453]
[0.4487622082233429, 0.5716210603713989, 0.4600348174571991, 0.3031274080276489, 0.45275557041168213]
[0.505446195602417, 0.5657596588134766, 0.4278298020362854, 0.3032718598842621, 0.5184376835823059]
[0.4630306661128998, 0.5676949620246887, 0.43907368183135986, 0.28517988324165344, 0.5028223991394043]
[0.49410057067871094, 0.5317128300666809, 0.4632282555103302, 0.3747473657131195, 0.5127384662628174]
[0.5485278367996216, 0.5275874733924866, 0.4774322211742401, 0.3370882272720337, 0.5576280355453491]
[0.5158482789993286, 0.5665527582168579, 0.44861772656440735, 0.32527080178260803, 0.5090160965919495]
[0.5584173202514648, 0.5865077376365662, 0.40607792139053345, 0.2639559507369995, 0.5507233142852783]
[0.4957549571990967, 0.5583391785621643, 0.4553937613964081, 0.3347052037715912, 0.5067307949066162]
[0.48802754282951355, 0.5671548843383789, 0.4447656273841858, 0.308402955532074, 0.5292536616325378]
[0.4211405813694, 0.5351643562316895, 0.5121015906333923, 0.4140649735927582, 0.4652150571346283]
[0.45300230383872986, 0.5547090768814087, 0.44024693965911865, 0.2951945662498474, 0.5190145969390869]
[0.47954261302948, 0.567974865436554, 0.4531194269657135, 0.3092901110649109, 0.540309488773346]
[0.5127530097961426, 0.5786845088005066, 0.4280870854854584, 0.29168248176574707, 0.5217596888542175]
[0.4705025553703308, 0.5342907309532166, 0.4329153597354889, 0.3075951933860779, 0.48833146691322327]
[0.49819183349609375, 0.5695810914039612, 0.4092336595058441, 0.28381651639938354, 0.5330636501312256]
[0.5258914232254028, 0.563320517539978, 0.43494561314582825, 0.30497464537620544, 0.5231261253356934]
[0.46007266640663147, 0.5664366483688354, 0.4465964138507843, 0.30267783999443054, 0.4937458634376526]
[0.5171954035758972, 0.5449181795120239, 0.45995551347732544, 0.3513367176055908, 0.5284166932106018]
[0.4343191683292389, 0.560291588306427, 0.4513099789619446, 0.3572121262550354, 0.48981910943984985]
[0.5135349631309509, 0.5631177425384521, 0.4296513795852661, 0.30370959639549255, 0.5452343225479126]
[0.5315984487533569, 0.582485556602478, 0.42198869585990906, 0.2908848524093628, 0.5332373380661011]
[0.5144733786582947, 0.5673723220825195, 0.44799959659576416, 0.3138437271118164, 0.5286058783531189]
[0.4752258062362671, 0.5691908001899719, 0.4391210675239563, 0.3077876567840576, 0.4840574860572815]
[0.4743756055831909, 0.5737354755401611, 0.4215826690196991, 0.2771739661693573, 0.4918225407600403]
[0.5593582391738892, 0.5450857281684875, 0.44770029187202454, 0.3504045605659485, 0.5413598418235779]
[0.5825213193893433, 0.5737583041191101, 0.399076908826828, 0.24907508492469788, 0.5797950625419617]
[0.49770674109458923, 0.5338507294654846, 0.4812808632850647, 0.34364253282546997, 0.5252890586853027]
[0.4732852578163147, 0.5819274187088013, 0.4301641881465912, 0.28033447265625, 0.5049147605895996]
[0.4589877128601074, 0.5625496506690979, 0.4499940872192383, 0.3146185278892517, 0.49727749824523926]
