0
参战明天漳州市中级人民法院二审的郑龙江涉黑案部分辩护律师正在研究案情，对细节继续进行分析。明天上午八点半正式开庭，欢迎旁听。广泛大面积刑讯逼供是本案件特点！另：广泛征集了解漳浦县看守所特审室情况的证人，该特审室位于距离看守所大门最远处。电话：13904527179。 我在:
[0.505698025226593, 0.5159536600112915, 0.5220698714256287, 0.42598408460617065, 0.5061030983924866]
[0.5547774434089661, 0.5513896346092224, 0.4466894567012787, 0.3266265392303467, 0.5184049606323242]
[0.4972100555896759, 0.5938507914543152, 0.4200008511543274, 0.2732256352901459, 0.5362664461135864]
[0.5064727067947388, 0.5944552421569824, 0.413406640291214, 0.26406705379486084, 0.5348892211914062]
[0.5576019287109375, 0.5651558041572571, 0.41773656010627747, 0.27786317467689514, 0.5673909783363342]
[0.3321322500705719, 0.5619553327560425, 0.44466179609298706, 0.28787761926651, 0.4495306611061096]
[0.4975356459617615, 0.5245205163955688, 0.47044435143470764, 0.3236629068851471, 0.4578378200531006]
[0.3321322500705719, 0.5619553327560425, 0.44466179609298706, 0.28787761926651, 0.4495306611061096]
[0.4360659122467041, 0.5376242995262146, 0.4445090591907501, 0.3019596338272095, 0.4847085177898407]
[0.4632601737976074, 0.5655472278594971, 0.46248283982276917, 0.3187014162540436, 0.5166831612586975]
[0.4991738200187683, 0.5881320238113403, 0.4235677123069763, 0.2631475329399109, 0.5368020534515381]
[0.537929892539978, 0.5765820741653442, 0.42731043696403503, 0.286879301071167, 0.5682196021080017]
[0.5603006482124329, 0.5415210127830505, 0.4415470361709595, 0.2957654893398285, 0.5333783030509949]
[0.5023278594017029, 0.5567882657051086, 0.4379846453666687, 0.2987229526042938, 0.5146607756614685]
[0.5586198568344116, 0.5719684958457947, 0.4065486192703247, 0.26705464720726013, 0.5472625494003296]
[0.4797063171863556, 0.5623592734336853, 0.4480001628398895, 0.31394264101982117, 0.5026493072509766]
[0.4865204989910126, 0.5599693655967712, 0.45546042919158936, 0.3323615789413452, 0.5188015699386597]
[0.416271448135376, 0.5763152837753296, 0.4356174170970917, 0.290353387594223, 0.4663355350494385]
[0.48486945033073425, 0.5635585188865662, 0.4509313404560089, 0.3016868531703949, 0.49555402994155884]
[0.4860062599182129, 0.5847538113594055, 0.42435747385025024, 0.25989794731140137, 0.5238702297210693]
[0.5568603873252869, 0.5772837996482849, 0.4197705090045929, 0.280365914106369, 0.5764816999435425]
[0.47603851556777954, 0.5114679932594299, 0.5141187310218811, 0.4367244243621826, 0.47405070066452026]
[0.5631989240646362, 0.568479597568512, 0.42302602529525757, 0.2914731800556183, 0.539533257484436]
[0.4431205987930298, 0.5206449031829834, 0.4792598485946655, 0.3550396263599396, 0.472011923789978]
[0.44217583537101746, 0.5432674288749695, 0.4942823350429535, 0.39606061577796936, 0.513239324092865]
[0.49246838688850403, 0.5695486664772034, 0.426209419965744, 0.27804771065711975, 0.52493816614151]
[0.4782567322254181, 0.5842335224151611, 0.43084779381752014, 0.30079886317253113, 0.512948215007782]
[0.3321322500705719, 0.5619553327560425, 0.44466179609298706, 0.28787761926651, 0.4495306611061096]
[0.5281059145927429, 0.5554789304733276, 0.4556780755519867, 0.2832065224647522, 0.5184562802314758]
[0.43001124262809753, 0.5731877684593201, 0.4754085838794708, 0.3340078294277191, 0.5063290596008301]
[0.5085204839706421, 0.5815619826316833, 0.4227951765060425, 0.269003301858902, 0.5169546604156494]
[0.5026950836181641, 0.5836017727851868, 0.4391592741012573, 0.29931938648223877, 0.5120417475700378]
[0.5255023837089539, 0.5661378502845764, 0.4307044744491577, 0.25831127166748047, 0.5578668713569641]
[0.5337521433830261, 0.5854774713516235, 0.39761629700660706, 0.2669346332550049, 0.5389049053192139]
[0.5462360382080078, 0.5881468653678894, 0.4231009781360626, 0.28235965967178345, 0.539649486541748]
[0.377202570438385, 0.5675201416015625, 0.4594901204109192, 0.2993837594985962, 0.4692065417766571]
[0.4949099123477936, 0.5487906336784363, 0.44164687395095825, 0.30245494842529297, 0.5010666251182556]
[0.4920044541358948, 0.5675951838493347, 0.42226383090019226, 0.2518988251686096, 0.5019955039024353]
[0.3919559121131897, 0.5509427785873413, 0.45460373163223267, 0.3103273808956146, 0.4768918752670288]
