0
【中国人说英语为什么听起来没有礼貌？】老外们时常议论，很多中国人在说英语时，听起来没有礼貌；并不是这些中国人本身没礼貌，而是他们还没有习惯英语的礼貌表达方式……「转」
[0.5320578813552856, 0.5264841914176941, 0.4983997941017151, 0.3944827914237976, 0.5605537295341492]
[0.49819183349609375, 0.5695810914039612, 0.4092336595058441, 0.28381651639938354, 0.5330636501312256]
[0.48506200313568115, 0.5660913586616516, 0.4325677454471588, 0.295868456363678, 0.49542316794395447]
[0.49819183349609375, 0.5695810914039612, 0.4092336595058441, 0.28381651639938354, 0.5330636501312256]
[0.5428680181503296, 0.5790722370147705, 0.4187805652618408, 0.2600475251674652, 0.5502006411552429]
[0.49708572030067444, 0.5809188485145569, 0.43258658051490784, 0.27698373794555664, 0.5255975127220154]
[0.5338190793991089, 0.5624887943267822, 0.44700121879577637, 0.30067986249923706, 0.49146270751953125]
[0.4492020308971405, 0.5500373244285583, 0.4751928448677063, 0.3409217894077301, 0.49361443519592285]
[0.5624324679374695, 0.5736335515975952, 0.41379860043525696, 0.2620755732059479, 0.5702996850013733]
[0.5299224257469177, 0.5933120846748352, 0.41561439633369446, 0.2586609721183777, 0.5408734679222107]
[0.518643319606781, 0.5795661211013794, 0.43667668104171753, 0.2685704827308655, 0.5344675779342651]
[0.4966955780982971, 0.586071252822876, 0.4447823762893677, 0.286556214094162, 0.5380181074142456]
[0.5325873494148254, 0.5880876183509827, 0.42129048705101013, 0.2533036768436432, 0.5475322008132935]
[0.5071219801902771, 0.5768290758132935, 0.42536818981170654, 0.28159648180007935, 0.5538379549980164]
[0.4860730469226837, 0.5791559815406799, 0.4289521872997284, 0.29594290256500244, 0.5044213533401489]
[0.5338190793991089, 0.5624887943267822, 0.44700121879577637, 0.30067986249923706, 0.49146270751953125]
[0.4615371823310852, 0.5770171284675598, 0.4235055446624756, 0.3003650903701782, 0.5191866755485535]
[0.49819183349609375, 0.5695810914039612, 0.4092336595058441, 0.28381651639938354, 0.5330636501312256]
[0.37261706590652466, 0.5743075013160706, 0.45699432492256165, 0.296398788690567, 0.45108574628829956]
[0.49819183349609375, 0.5695810914039612, 0.4092336595058441, 0.28381651639938354, 0.5330636501312256]
[0.532029926776886, 0.5677662491798401, 0.4201810956001282, 0.28881585597991943, 0.5295447111129761]
[0.3139108121395111, 0.56053626537323, 0.4509721100330353, 0.2867964208126068, 0.4229436218738556]
[0.5338190793991089, 0.5624887943267822, 0.44700121879577637, 0.30067986249923706, 0.49146270751953125]
[0.4650244116783142, 0.5768699049949646, 0.4432328939437866, 0.2886543273925781, 0.5188762545585632]
[0.5234349370002747, 0.5674130916595459, 0.4264214038848877, 0.2762106657028198, 0.5367887020111084]
[0.43928033113479614, 0.5755216479301453, 0.43812182545661926, 0.28464990854263306, 0.4676651954650879]
[0.49819183349609375, 0.5695810914039612, 0.4092336595058441, 0.28381651639938354, 0.5330636501312256]
[0.47735223174095154, 0.575262725353241, 0.43174487352371216, 0.2925332486629486, 0.5156015157699585]
[0.6189061999320984, 0.5073291659355164, 0.4217676818370819, 0.28774914145469666, 0.5993795990943909]
[0.5070725679397583, 0.5795678496360779, 0.4309682846069336, 0.25872695446014404, 0.538472592830658]
[0.4164220690727234, 0.5501483082771301, 0.43717271089553833, 0.2647448480129242, 0.4439863860607147]
[0.49819183349609375, 0.5695810914039612, 0.4092336595058441, 0.28381651639938354, 0.5330636501312256]
[0.495039701461792, 0.5723162293434143, 0.4243268668651581, 0.28767386078834534, 0.5372248291969299]
[0.49819183349609375, 0.5695810914039612, 0.4092336595058441, 0.28381651639938354, 0.5330636501312256]
[0.49819183349609375, 0.5695810914039612, 0.4092336595058441, 0.28381651639938354, 0.5330636501312256]
[0.49434933066368103, 0.5575997233390808, 0.4280599057674408, 0.3122110068798065, 0.5285523533821106]
[0.5165226459503174, 0.5935536623001099, 0.44374459981918335, 0.2907809019088745, 0.5458182096481323]
[0.3786165118217468, 0.5276492834091187, 0.5160439610481262, 0.42610812187194824, 0.4349776804447174]
[0.5262508392333984, 0.5609989762306213, 0.45832616090774536, 0.28875455260276794, 0.5213527679443359]
[0.4101405441761017, 0.5343449711799622, 0.511813759803772, 0.387478232383728, 0.4518505036830902]
[0.515805184841156, 0.5838490724563599, 0.41966313123703003, 0.27705416083335876, 0.551986575126648]
[0.5652694702148438, 0.5752645134925842, 0.4121880829334259, 0.26689374446868896, 0.5759999752044678]
[0.38084888458251953, 0.5723817348480225, 0.4537689983844757, 0.2887296676635742, 0.4711882770061493]
[0.49375295639038086, 0.5783133506774902, 0.45450490713119507, 0.29023781418800354, 0.505050003528595]
[0.41478994488716125, 0.5789244771003723, 0.4615342319011688, 0.34881505370140076, 0.44292014837265015]
[0.49819183349609375, 0.5695810914039612, 0.4092336595058441, 0.28381651639938354, 0.5330636501312256]
[0.5065202116966248, 0.5603808164596558, 0.43458470702171326, 0.3115789592266083, 0.48890554904937744]
[0.38084888458251953, 0.5723817348480225, 0.4537689983844757, 0.2887296676635742, 0.4711882770061493]
[0.3531044125556946, 0.5549448132514954, 0.47370848059654236, 0.31149858236312866, 0.4280789792537689]
[0.5025586485862732, 0.5717107653617859, 0.42433521151542664, 0.2799359858036041, 0.49905240535736084]
[0.49819183349609375, 0.5695810914039612, 0.4092336595058441, 0.28381651639938354, 0.5330636501312256]
[0.5174285173416138, 0.5726639032363892, 0.4475781321525574, 0.3205781877040863, 0.5432384610176086]
[0.5079305171966553, 0.5760245323181152, 0.43423521518707275, 0.2908772826194763, 0.5503803491592407]
[0.558176577091217, 0.5837705731391907, 0.4205693006515503, 0.26933491230010986, 0.5672476291656494]
[0.49819183349609375, 0.5695810914039612, 0.4092336595058441, 0.28381651639938354, 0.5330636501312256]
[0.5359944701194763, 0.5825049877166748, 0.41244903206825256, 0.26725539565086365, 0.5338192582130432]
[0.5012686252593994, 0.5487785935401917, 0.4419969916343689, 0.317940354347229, 0.5224062204360962]
[0.49819183349609375, 0.5695810914039612, 0.4092336595058441, 0.28381651639938354, 0.5330636501312256]
[0.5449435114860535, 0.6114264130592346, 0.41436967253685, 0.2650452256202698, 0.5421960353851318]
[0.4391036629676819, 0.5467432141304016, 0.4839271008968353, 0.33592769503593445, 0.4819595515727997]
[0.4360930323600769, 0.5443812608718872, 0.46269840002059937, 0.3102734088897705, 0.5002380609512329]
[0.3139108121395111, 0.56053626537323, 0.4509721100330353, 0.2867964208126068, 0.4229436218738556]
[0.3139108121395111, 0.56053626537323, 0.4509721100330353, 0.2867964208126068, 0.4229436218738556]
[0.49819183349609375, 0.5695810914039612, 0.4092336595058441, 0.28381651639938354, 0.5330636501312256]
[0.4148401618003845, 0.5729259848594666, 0.4488210380077362, 0.29278144240379333, 0.4584646224975586]
[0.3139108121395111, 0.56053626537323, 0.4509721100330353, 0.2867964208126068, 0.4229436218738556]
[0.5069571733474731, 0.5634296536445618, 0.4287395477294922, 0.3221975862979889, 0.5072595477104187]
[0.5668720006942749, 0.5522617697715759, 0.4093054234981537, 0.26661086082458496, 0.5629123449325562]
[0.49299734830856323, 0.5517105460166931, 0.44605809450149536, 0.33581221103668213, 0.5015400648117065]
[0.49819183349609375, 0.5695810914039612, 0.4092336595058441, 0.28381651639938354, 0.5330636501312256]
[0.5427445769309998, 0.5868414044380188, 0.3979063034057617, 0.259543240070343, 0.5521202683448792]
[0.48755353689193726, 0.5759904980659485, 0.4397714138031006, 0.30579376220703125, 0.5129346251487732]
[0.5325873494148254, 0.5880876183509827, 0.42129048705101013, 0.2533036768436432, 0.5475322008132935]
[0.5338190793991089, 0.5624887943267822, 0.44700121879577637, 0.30067986249923706, 0.49146270751953125]
[0.5306135416030884, 0.5938197374343872, 0.39999866485595703, 0.261221706867218, 0.5508377552032471]
[0.4615371823310852, 0.5770171284675598, 0.4235055446624756, 0.3003650903701782, 0.5191866755485535]
[0.5369597673416138, 0.5854213833808899, 0.40693584084510803, 0.27459582686424255, 0.5393497943878174]
[0.4669353663921356, 0.582728922367096, 0.44123461842536926, 0.28493860363960266, 0.48972705006599426]
[0.4509603679180145, 0.5687118768692017, 0.4431702196598053, 0.28443393111228943, 0.5245500802993774]
[0.37261706590652466, 0.5743075013160706, 0.45699432492256165, 0.296398788690567, 0.45108574628829956]
[0.47368574142456055, 0.549883246421814, 0.465370774269104, 0.33446332812309265, 0.5070310235023499]
[0.49819183349609375, 0.5695810914039612, 0.4092336595058441, 0.28381651639938354, 0.5330636501312256]
[0.4423736333847046, 0.5570282340049744, 0.4309695363044739, 0.30954208970069885, 0.49146467447280884]
[0.4792824685573578, 0.553648829460144, 0.4601399898529053, 0.3623441159725189, 0.4898860454559326]
[0.4792824685573578, 0.553648829460144, 0.4601399898529053, 0.3623441159725189, 0.4898860454559326]
[0.43817317485809326, 0.553978443145752, 0.47288647294044495, 0.3547438979148865, 0.4989778995513916]
[0.4487622082233429, 0.5716210603713989, 0.4600348174571991, 0.3031274080276489, 0.45275557041168213]
[0.49819183349609375, 0.5695810914039612, 0.4092336595058441, 0.28381651639938354, 0.5330636501312256]
