0
【《邪恶力量》衍生剧改名及确定女主角！】CW宣布《邪恶力量》衍生剧改名为《邪恶力量：血统》（Supernatural: Bloodlines），同时Melissa Roxburgh成为衍生剧女主角。该剧描述芝加哥城中恶魔猎人和各种灵异生物之间永无休止的战争。《血统》的试映集将在4月29日作为《邪恶力量》的常规集进行播出。
[0.5357362031936646, 0.5545151233673096, 0.48359695076942444, 0.3698631227016449, 0.5132755637168884]
[0.49555298686027527, 0.570673942565918, 0.4313119649887085, 0.2879068851470947, 0.5146951675415039]
[0.5239130854606628, 0.5951701998710632, 0.4250253438949585, 0.26938754320144653, 0.5479219555854797]
[0.5071302056312561, 0.5873398780822754, 0.41314586997032166, 0.27869564294815063, 0.5326618552207947]
[0.45441627502441406, 0.5621703863143921, 0.4512130916118622, 0.31811970472335815, 0.4635017216205597]
[0.5179314017295837, 0.5511336326599121, 0.4641823172569275, 0.33634981513023376, 0.49817824363708496]
[0.4989042580127716, 0.585421621799469, 0.43873894214630127, 0.2811700105667114, 0.5410438776016235]
[0.5245007276535034, 0.5746533274650574, 0.44570794701576233, 0.27274438738822937, 0.4944303333759308]
[0.46225327253341675, 0.5708364248275757, 0.43807998299598694, 0.30785948038101196, 0.4902653098106384]
[0.5459573864936829, 0.5739445090293884, 0.42708712816238403, 0.2854178547859192, 0.5316691398620605]
[0.48359230160713196, 0.5927678942680359, 0.43945881724357605, 0.2975825071334839, 0.5169289112091064]
[0.5330408215522766, 0.5564355254173279, 0.42038145661354065, 0.3005245625972748, 0.528050422668457]
[0.4116383194923401, 0.5649791955947876, 0.44589146971702576, 0.28560060262680054, 0.46465858817100525]
[0.42169493436813354, 0.5647996664047241, 0.440237432718277, 0.2755470871925354, 0.5072508454322815]
[0.4593072831630707, 0.5867677927017212, 0.44131094217300415, 0.2762044370174408, 0.4986322522163391]
[0.43928033113479614, 0.5755216479301453, 0.43812182545661926, 0.28464990854263306, 0.4676651954650879]
[0.5356758832931519, 0.5875645279884338, 0.3988873064517975, 0.2612370550632477, 0.5325288772583008]
[0.49005502462387085, 0.567225456237793, 0.4520854353904724, 0.31225043535232544, 0.5145310163497925]
[0.4650244116783142, 0.5768699049949646, 0.4432328939437866, 0.2886543273925781, 0.5188762545585632]
[0.48379552364349365, 0.5937032699584961, 0.41920071840286255, 0.2830924987792969, 0.4925927221775055]
[0.47512558102607727, 0.5627385377883911, 0.4505447447299957, 0.2943352162837982, 0.5017817616462708]
[0.5200654864311218, 0.5763803720474243, 0.4051123261451721, 0.26120778918266296, 0.5569101572036743]
[0.4713870584964752, 0.5655181407928467, 0.42409801483154297, 0.30426567792892456, 0.5117363333702087]
[0.3839971125125885, 0.5257807970046997, 0.47711917757987976, 0.36605122685432434, 0.4584801495075226]
[0.46777504682540894, 0.5609908699989319, 0.4297098219394684, 0.26096290349960327, 0.4997376501560211]
[0.5240887403488159, 0.5743856430053711, 0.40814390778541565, 0.2772517502307892, 0.5530965924263]
[0.5505344271659851, 0.5571386814117432, 0.46546778082847595, 0.2948243319988251, 0.5555576086044312]
[0.5907033085823059, 0.5826476216316223, 0.3971923291683197, 0.2588254511356354, 0.5621439814567566]
[0.5643337368965149, 0.599929928779602, 0.4381863474845886, 0.2704034447669983, 0.5430119633674622]
[0.524199366569519, 0.5715256333351135, 0.4251268804073334, 0.2830866873264313, 0.5357185006141663]
[0.6423520445823669, 0.5208008885383606, 0.45732542872428894, 0.3379642963409424, 0.6156503558158875]
[0.5035706758499146, 0.5937342643737793, 0.44470450282096863, 0.3046208322048187, 0.5202784538269043]
[0.48736634850502014, 0.5776757597923279, 0.4424632787704468, 0.28285178542137146, 0.519216001033783]
[0.49103808403015137, 0.5585989356040955, 0.442922979593277, 0.30503949522972107, 0.48935800790786743]
[0.546369731426239, 0.5800540447235107, 0.3996213972568512, 0.27573463320732117, 0.5529404282569885]
[0.4121122658252716, 0.5482187271118164, 0.46100908517837524, 0.2799608111381531, 0.45912396907806396]
[0.4722879230976105, 0.5401039719581604, 0.49739909172058105, 0.37963971495628357, 0.4868047535419464]
[0.5092002749443054, 0.5735558867454529, 0.42719578742980957, 0.2878227233886719, 0.5437257289886475]
[0.5349037647247314, 0.5819036960601807, 0.4674236476421356, 0.33078664541244507, 0.4996944069862366]
[0.5873531103134155, 0.5595425367355347, 0.41560837626457214, 0.2679625451564789, 0.5795661211013794]
[0.4840640425682068, 0.5583081841468811, 0.4272237718105316, 0.29921582341194153, 0.49449270963668823]
[0.4642818868160248, 0.5294272303581238, 0.49494078755378723, 0.43458274006843567, 0.500085711479187]
[0.44489210844039917, 0.5489596128463745, 0.4900382459163666, 0.36952322721481323, 0.48143625259399414]
[0.5456021428108215, 0.5407938957214355, 0.44259101152420044, 0.3415411412715912, 0.5208331346511841]
[0.4447590708732605, 0.5285161733627319, 0.45472803711891174, 0.3408576250076294, 0.436142235994339]
[0.42535802721977234, 0.571404218673706, 0.46967896819114685, 0.31797364354133606, 0.4773412346839905]
[0.49615371227264404, 0.5786253809928894, 0.4535840153694153, 0.31623515486717224, 0.5287220478057861]
[0.45474764704704285, 0.55152428150177, 0.4257945716381073, 0.28903645277023315, 0.5118233561515808]
[0.447270005941391, 0.5249989628791809, 0.49558764696121216, 0.4192749261856079, 0.47185468673706055]
[0.5495051145553589, 0.5879010558128357, 0.39906924962997437, 0.2578951418399811, 0.5674819946289062]
[0.4921210706233978, 0.5339998602867126, 0.4621453881263733, 0.351255863904953, 0.492599219083786]
[0.46994659304618835, 0.5702940225601196, 0.44006818532943726, 0.3058326840400696, 0.4991418123245239]
[0.44763216376304626, 0.5622595548629761, 0.4776708483695984, 0.3143680691719055, 0.4597608149051666]
[0.5231831073760986, 0.5927172899246216, 0.41695940494537354, 0.26191624999046326, 0.549167275428772]
[0.46847108006477356, 0.5628519058227539, 0.4453027546405792, 0.2673497796058655, 0.506542444229126]
[0.47049564123153687, 0.5550908446311951, 0.4660075902938843, 0.32969987392425537, 0.5045217275619507]
[0.5166685581207275, 0.5928656458854675, 0.43152928352355957, 0.28758275508880615, 0.5360638499259949]
[0.411127507686615, 0.526908814907074, 0.4983966648578644, 0.4289253056049347, 0.44529733061790466]
[0.5293712019920349, 0.5748531818389893, 0.40993067622184753, 0.27536672353744507, 0.547918438911438]
[0.4795248508453369, 0.5714090466499329, 0.45827749371528625, 0.30498600006103516, 0.5010434985160828]
[0.4941880702972412, 0.5328492522239685, 0.4643998146057129, 0.3279667794704437, 0.5045380592346191]
[0.5047492384910583, 0.5606378316879272, 0.45429372787475586, 0.3161293864250183, 0.5039404630661011]
[0.43928033113479614, 0.5755216479301453, 0.43812182545661926, 0.28464990854263306, 0.4676651954650879]
[0.4915240406990051, 0.5642621517181396, 0.41278523206710815, 0.27192118763923645, 0.5079116821289062]
[0.47466734051704407, 0.551095187664032, 0.4496523439884186, 0.3164624571800232, 0.5091373920440674]
[0.5594370365142822, 0.5768514275550842, 0.41792795062065125, 0.27047452330589294, 0.5611624717712402]
[0.5237072706222534, 0.6007999777793884, 0.4329036474227905, 0.2762477695941925, 0.5273768305778503]
[0.5303460359573364, 0.5728804469108582, 0.4330812096595764, 0.2848193347454071, 0.5271273851394653]
[0.4514545202255249, 0.5453923344612122, 0.46518847346305847, 0.32751375436782837, 0.49357080459594727]
[0.547616720199585, 0.5786662101745605, 0.43001994490623474, 0.268674373626709, 0.5238481163978577]
[0.4531739056110382, 0.5601589679718018, 0.4453171193599701, 0.2857927083969116, 0.45299428701400757]
[0.44512152671813965, 0.5417952537536621, 0.45123177766799927, 0.3195694386959076, 0.5213353037834167]
[0.4047642648220062, 0.5577961206436157, 0.4337772727012634, 0.3027675449848175, 0.46492230892181396]
[0.5240013003349304, 0.5904672145843506, 0.44034308195114136, 0.2982422709465027, 0.5368682742118835]
[0.4911160469055176, 0.5855297446250916, 0.4497063457965851, 0.2956824004650116, 0.5268457531929016]
[0.49493932723999023, 0.5638858079910278, 0.45897364616394043, 0.4049431085586548, 0.5047606229782104]
[0.4689619243144989, 0.5413615107536316, 0.43663489818573, 0.3063022494316101, 0.4623301029205322]
[0.5617616176605225, 0.5805113911628723, 0.4271945357322693, 0.27325335144996643, 0.5467243790626526]
[0.44968026876449585, 0.5401620864868164, 0.45972225069999695, 0.30963364243507385, 0.4466307461261749]
[0.480943888425827, 0.5604922771453857, 0.44899001717567444, 0.36773204803466797, 0.47585931420326233]
[0.5579781532287598, 0.5953483581542969, 0.40106889605522156, 0.26370561122894287, 0.5576211214065552]
[0.5171968936920166, 0.5958313345909119, 0.433142751455307, 0.2741435468196869, 0.5580134987831116]
[0.5139617323875427, 0.5929368138313293, 0.41964560747146606, 0.23943687975406647, 0.5214974880218506]
[0.49748310446739197, 0.5660279989242554, 0.430558979511261, 0.3181441128253937, 0.5264155864715576]
[0.4842270016670227, 0.5682049989700317, 0.42230844497680664, 0.2626378834247589, 0.5113649964332581]
[0.5395472049713135, 0.571539044380188, 0.41697531938552856, 0.26412034034729004, 0.5308020114898682]
[0.6063603758811951, 0.5582682490348816, 0.4172181487083435, 0.26939907670021057, 0.604728102684021]
[0.4768221378326416, 0.5610911250114441, 0.4330081641674042, 0.3161309063434601, 0.4839751720428467]
[0.4952593743801117, 0.5735650658607483, 0.4602140188217163, 0.3005754351615906, 0.5368324518203735]
[0.4620347023010254, 0.5599628686904907, 0.46774864196777344, 0.3126899003982544, 0.5144478678703308]
[0.4497655928134918, 0.5289293527603149, 0.4799421727657318, 0.335431843996048, 0.49649402499198914]
[0.49081945419311523, 0.5635650753974915, 0.4484366178512573, 0.30378931760787964, 0.5004839301109314]
[0.5117515325546265, 0.5685152411460876, 0.4087977409362793, 0.27463963627815247, 0.5431234240531921]
[0.5070725679397583, 0.5795678496360779, 0.4309682846069336, 0.25872695446014404, 0.538472592830658]
[0.44938158988952637, 0.543388307094574, 0.487898051738739, 0.3810967206954956, 0.5295833945274353]
[0.5045875310897827, 0.5553363561630249, 0.4302850663661957, 0.3057350218296051, 0.49284660816192627]
[0.43721362948417664, 0.5287846326828003, 0.4873179793357849, 0.3634554147720337, 0.482707679271698]
[0.4593087434768677, 0.5804238319396973, 0.42851412296295166, 0.27434155344963074, 0.49983900785446167]
[0.4612421989440918, 0.5472428798675537, 0.4913536012172699, 0.3722076416015625, 0.4930833578109741]
[0.4765015244483948, 0.5363121032714844, 0.4519575238227844, 0.3601453900337219, 0.4811753034591675]
[0.526732325553894, 0.5447205901145935, 0.44993752241134644, 0.3111376464366913, 0.4970249533653259]
