0
【】张叶满，刚刚来到这个世界才10个月，14日妈妈为她洗澡时，她从床上翻落，掉进开水盆，全身多处Ⅱ级烫伤，脱水休克。小叶满的爸妈是90后，无固定工作，未入新农合，无法承受30万治疗费…帮帮孩子！联系人：彝良阳光志愿者协会副会长吴学敏15096575162。（央视）
[0.5273306965827942, 0.5315166711807251, 0.49680382013320923, 0.3943607211112976, 0.5504600405693054]
[0.49819183349609375, 0.5695810914039612, 0.4092336595058441, 0.28381651639938354, 0.5330636501312256]
[0.3861103653907776, 0.5626804232597351, 0.42905399203300476, 0.2910979092121124, 0.48848703503608704]
[0.4645421802997589, 0.5897702574729919, 0.43959861993789673, 0.2829085886478424, 0.5130398869514465]
[0.4665891230106354, 0.5355736613273621, 0.45021048188209534, 0.3108711242675781, 0.5060791373252869]
[0.5070725679397583, 0.5795678496360779, 0.4309682846069336, 0.25872695446014404, 0.538472592830658]
[0.480351060628891, 0.5363393425941467, 0.4891187846660614, 0.34427931904792786, 0.49926555156707764]
[0.5373003482818604, 0.5480249524116516, 0.4252576231956482, 0.3196422755718231, 0.5403631925582886]
[0.5232700705528259, 0.5628159642219543, 0.41527581214904785, 0.29811689257621765, 0.5502089858055115]
[0.48822537064552307, 0.5332962870597839, 0.4448726773262024, 0.3183150887489319, 0.4919327199459076]
[0.48300474882125854, 0.5576982498168945, 0.4215124249458313, 0.2585113048553467, 0.4726227819919586]
[0.5009097456932068, 0.5764686465263367, 0.4375709593296051, 0.2808176875114441, 0.5377026200294495]
[0.4639429450035095, 0.5794245004653931, 0.47270187735557556, 0.33724740147590637, 0.5214627385139465]
[0.5095378756523132, 0.6065253615379333, 0.41734227538108826, 0.28586915135383606, 0.5413092374801636]
[0.5185301899909973, 0.5842947959899902, 0.43323150277137756, 0.27660179138183594, 0.5368744730949402]
[0.46393895149230957, 0.554112434387207, 0.45831313729286194, 0.3077538013458252, 0.5208969116210938]
[0.41666167974472046, 0.5565720200538635, 0.443448543548584, 0.3397335410118103, 0.47451815009117126]
[0.5033884644508362, 0.5598276853561401, 0.4391900897026062, 0.3224988579750061, 0.5093157887458801]
[0.45486700534820557, 0.5588392615318298, 0.49056920409202576, 0.3902842700481415, 0.47191137075424194]
[0.4856528043746948, 0.60005784034729, 0.4519892632961273, 0.29477617144584656, 0.5076454877853394]
[0.5301759243011475, 0.5829324722290039, 0.40018388628959656, 0.2666611969470978, 0.5496729016304016]
[0.4774150848388672, 0.5445172786712646, 0.4293598532676697, 0.3056904971599579, 0.5233268737792969]
[0.490007221698761, 0.5700329542160034, 0.4384685158729553, 0.28044649958610535, 0.5145707726478577]
[0.48029038310050964, 0.557876706123352, 0.4356098175048828, 0.27341845631599426, 0.5016898512840271]
[0.4569704234600067, 0.5670064091682434, 0.468845009803772, 0.34421631693840027, 0.48502328991889954]
[0.5277944207191467, 0.5593462586402893, 0.43218064308166504, 0.3085467219352722, 0.5465181469917297]
[0.3925979733467102, 0.5827486515045166, 0.43968722224235535, 0.28990069031715393, 0.49348166584968567]
[0.5190494656562805, 0.5687922835350037, 0.43049678206443787, 0.3172400891780853, 0.5236859321594238]
[0.477521687746048, 0.5851191282272339, 0.4358082115650177, 0.2826486825942993, 0.5386361479759216]
[0.546332597732544, 0.5741355419158936, 0.4039890766143799, 0.27196207642555237, 0.5665473341941833]
[0.5686506628990173, 0.5608762502670288, 0.4348157048225403, 0.3183019459247589, 0.5667388439178467]
[0.5547880530357361, 0.5767519474029541, 0.3985322117805481, 0.2621447443962097, 0.5577864050865173]
[0.4963510036468506, 0.593437135219574, 0.43236708641052246, 0.2857392430305481, 0.5347331166267395]
[0.3861103653907776, 0.5626804232597351, 0.42905399203300476, 0.2910979092121124, 0.48848703503608704]
[0.43152785301208496, 0.5701628923416138, 0.46269670128822327, 0.3063422441482544, 0.4714118540287018]
[0.3861103653907776, 0.5626804232597351, 0.42905399203300476, 0.2910979092121124, 0.48848703503608704]
[0.47518089413642883, 0.5844701528549194, 0.4386751353740692, 0.2857070863246918, 0.5236069560050964]
[0.5244545936584473, 0.578716516494751, 0.4271422326564789, 0.2968856692314148, 0.5574971437454224]
[0.33419448137283325, 0.5596022009849548, 0.44180619716644287, 0.30573782324790955, 0.4624442756175995]
[0.47112634778022766, 0.5833551287651062, 0.4385415017604828, 0.281551718711853, 0.519355058670044]
[0.5197311639785767, 0.5887247920036316, 0.4259112775325775, 0.2924499213695526, 0.5606306791305542]
[0.5239611268043518, 0.5913594365119934, 0.4191100001335144, 0.28520724177360535, 0.528921902179718]
[0.5715761184692383, 0.5723978281021118, 0.4170871675014496, 0.28228873014450073, 0.5682357549667358]
[0.47828608751296997, 0.5811502933502197, 0.4505615830421448, 0.28011152148246765, 0.5265137553215027]
[0.4995199143886566, 0.5955585837364197, 0.43626853823661804, 0.2836359441280365, 0.5426662564277649]
[0.4553871154785156, 0.4900076687335968, 0.48753392696380615, 0.3767933249473572, 0.4982430934906006]
[0.49047771096229553, 0.5639554858207703, 0.4293237328529358, 0.2793808877468109, 0.5267709493637085]
[0.525197446346283, 0.5908897519111633, 0.4276946485042572, 0.27646908164024353, 0.5599805116653442]
[0.3861103653907776, 0.5626804232597351, 0.42905399203300476, 0.2910979092121124, 0.48848703503608704]
[0.4539050757884979, 0.5834280848503113, 0.43466073274612427, 0.2825918197631836, 0.5263208150863647]
[0.5218262672424316, 0.5986858010292053, 0.41449469327926636, 0.26475194096565247, 0.5471800565719604]
[0.5354865789413452, 0.5888907313346863, 0.41922876238822937, 0.2605830132961273, 0.5253303050994873]
[0.48544150590896606, 0.569993257522583, 0.44351062178611755, 0.2957419157028198, 0.49754011631011963]
[0.5397323966026306, 0.5986484289169312, 0.42316994071006775, 0.2700996696949005, 0.5608393549919128]
[0.5070725679397583, 0.5795678496360779, 0.4309682846069336, 0.25872695446014404, 0.538472592830658]
[0.4439089000225067, 0.5271198153495789, 0.4968831539154053, 0.35968461632728577, 0.5051184892654419]
[0.5523383021354675, 0.5372182726860046, 0.4582775831222534, 0.36203715205192566, 0.5700056552886963]
[0.4809674322605133, 0.5717371106147766, 0.4707892835140228, 0.31958556175231934, 0.5375279188156128]
[0.43397876620292664, 0.5783022046089172, 0.4764059782028198, 0.35633769631385803, 0.49993371963500977]
[0.49819183349609375, 0.5695810914039612, 0.4092336595058441, 0.28381651639938354, 0.5330636501312256]
[0.5249328017234802, 0.5910364389419556, 0.4134911000728607, 0.2675403654575348, 0.5428435206413269]
[0.5099807977676392, 0.5774742364883423, 0.4505247175693512, 0.2910856008529663, 0.5537300705909729]
[0.5147577524185181, 0.5877888202667236, 0.4419100880622864, 0.2774305045604706, 0.5485533475875854]
[0.4442934989929199, 0.5662875771522522, 0.42154157161712646, 0.29839637875556946, 0.49925437569618225]
[0.41024869680404663, 0.5219670534133911, 0.4940098822116852, 0.38598552346229553, 0.49265995621681213]
[0.5388752222061157, 0.5813342332839966, 0.41870883107185364, 0.2782093584537506, 0.5604758262634277]
[0.4574545621871948, 0.5587002038955688, 0.4603329598903656, 0.35805079340934753, 0.5020735263824463]
[0.5024142861366272, 0.5834909081459045, 0.42193418741226196, 0.27403342723846436, 0.5458738207817078]
[0.5080060362815857, 0.5401604175567627, 0.41061168909072876, 0.282605916261673, 0.5544551610946655]
[0.5070725679397583, 0.5795678496360779, 0.4309682846069336, 0.25872695446014404, 0.538472592830658]
[0.49356940388679504, 0.5733916759490967, 0.4619024097919464, 0.3263126611709595, 0.48165711760520935]
[0.5096340179443359, 0.5676091909408569, 0.4536508619785309, 0.3357737958431244, 0.5358394980430603]
[0.5086894631385803, 0.5602404475212097, 0.43850016593933105, 0.3241041898727417, 0.5274166464805603]
[0.4567047357559204, 0.5554312467575073, 0.4630849063396454, 0.3147377073764801, 0.5079447627067566]
[0.5400522351264954, 0.5885457396507263, 0.4147205948829651, 0.2709696888923645, 0.5519013404846191]
[0.5608706474304199, 0.5921117663383484, 0.4097330868244171, 0.24906928837299347, 0.5580546855926514]
[0.4790530502796173, 0.5385442972183228, 0.4693554639816284, 0.3697003126144409, 0.5275565385818481]
[0.5530468225479126, 0.548363983631134, 0.4449753761291504, 0.28826597332954407, 0.5742854475975037]
[0.5644893646240234, 0.5456730127334595, 0.4380943477153778, 0.3518170118331909, 0.5683382153511047]
[0.499697744846344, 0.5674864053726196, 0.4149770736694336, 0.3061235249042511, 0.5159391760826111]
[0.4968504309654236, 0.5474821925163269, 0.44931459426879883, 0.32110390067100525, 0.5501713156700134]
[0.493248850107193, 0.579992949962616, 0.44536668062210083, 0.30237168073654175, 0.5327059030532837]
[0.5352013111114502, 0.5770253539085388, 0.41487744450569153, 0.27538371086120605, 0.551015317440033]
[0.445904940366745, 0.563453197479248, 0.4410410523414612, 0.32104337215423584, 0.47486811876296997]
[0.5095977783203125, 0.5841509103775024, 0.42826876044273376, 0.28852230310440063, 0.5426188111305237]
[0.5249328017234802, 0.5910364389419556, 0.4134911000728607, 0.2675403654575348, 0.5428435206413269]
[0.44704729318618774, 0.572766900062561, 0.4483374059200287, 0.3104389011859894, 0.5050662159919739]
[0.5070725679397583, 0.5795678496360779, 0.4309682846069336, 0.25872695446014404, 0.538472592830658]
[0.4966997504234314, 0.5529974102973938, 0.41831108927726746, 0.2531577944755554, 0.5470728278160095]
[0.35272935032844543, 0.57756108045578, 0.4564403295516968, 0.3002152442932129, 0.44867509603500366]
[0.48379552364349365, 0.5937032699584961, 0.41920071840286255, 0.2830924987792969, 0.4925927221775055]
[0.5322895646095276, 0.5965308547019958, 0.4247530698776245, 0.2785166800022125, 0.5463840961456299]
[0.5354865789413452, 0.5888907313346863, 0.41922876238822937, 0.2605830132961273, 0.5253303050994873]
