0
【英媒：中国官方首次承认大量农储粮或已严重受损】暗访画面记录了中国东北中储粮仓库官员以折扣价格购买陈粮或低质粮食，在填写相关文件时却显示是按国家规定的价格购买新粮。报道中曝光的粮食已发芽、变色或发霉。政府组织的粮食和棉花拍卖经常流拍，质量已差到无法商用的地步。
[0.5798104405403137, 0.5220847725868225, 0.45887723565101624, 0.347733736038208, 0.5869438648223877]
[0.5725282430648804, 0.5823888778686523, 0.4134780466556549, 0.28601881861686707, 0.5599246621131897]
[0.5074397325515747, 0.5866943597793579, 0.43022093176841736, 0.2748125195503235, 0.5486545562744141]
[0.40765976905822754, 0.5653262138366699, 0.45804646611213684, 0.33382508158683777, 0.4755088686943054]
[0.4364118278026581, 0.5453352332115173, 0.4637725353240967, 0.315511018037796, 0.49073487520217896]
[0.4993889629840851, 0.5700188875198364, 0.4566594660282135, 0.3257039785385132, 0.5324699878692627]
[0.48829105496406555, 0.5497883558273315, 0.4370812177658081, 0.3014804422855377, 0.519507884979248]
[0.42220786213874817, 0.549297571182251, 0.48137134313583374, 0.34774383902549744, 0.47319772839546204]
[0.4927709698677063, 0.5445868968963623, 0.44820037484169006, 0.3174419403076172, 0.5409479141235352]
[0.5392200350761414, 0.5970238447189331, 0.41107693314552307, 0.2731446325778961, 0.5353922247886658]
[0.5531231760978699, 0.5504555106163025, 0.4412837326526642, 0.30624863505363464, 0.5796272158622742]
[0.3628522753715515, 0.5277619957923889, 0.464697003364563, 0.3166566491127014, 0.45009201765060425]
[0.4905673861503601, 0.5569081902503967, 0.4579416513442993, 0.3216938376426697, 0.48564857244491577]
[0.47239452600479126, 0.5665349960327148, 0.45445147156715393, 0.2786804437637329, 0.5512346029281616]
[0.4603210985660553, 0.5623943209648132, 0.4597286581993103, 0.333030104637146, 0.4904394745826721]
[0.48181137442588806, 0.5412372350692749, 0.45336073637008667, 0.3295046091079712, 0.54058837890625]
[0.5375247001647949, 0.580754280090332, 0.4261278510093689, 0.27236005663871765, 0.5492024421691895]
[0.45291534066200256, 0.5601760745048523, 0.44644632935523987, 0.2843398451805115, 0.4748622179031372]
[0.4454634487628937, 0.522113561630249, 0.5032492280006409, 0.43903377652168274, 0.4957391321659088]
[0.4150600731372833, 0.5193526148796082, 0.5104161500930786, 0.449034720659256, 0.4874532222747803]
[0.47626397013664246, 0.595449686050415, 0.4367913603782654, 0.2947956919670105, 0.5225423574447632]
[0.43928033113479614, 0.5755216479301453, 0.43812182545661926, 0.28464990854263306, 0.4676651954650879]
[0.5223668813705444, 0.5840875506401062, 0.4374594986438751, 0.2734966278076172, 0.5628322958946228]
[0.476700097322464, 0.5774152278900146, 0.434286504983902, 0.28602170944213867, 0.5255011916160583]
[0.48379552364349365, 0.5937032699584961, 0.41920071840286255, 0.2830924987792969, 0.4925927221775055]
[0.44489461183547974, 0.5545904040336609, 0.46217888593673706, 0.33200201392173767, 0.49050191044807434]
[0.49819183349609375, 0.5695810914039612, 0.4092336595058441, 0.28381651639938354, 0.5330636501312256]
[0.5074397325515747, 0.5866943597793579, 0.43022093176841736, 0.2748125195503235, 0.5486545562744141]
[0.4707898497581482, 0.5589927434921265, 0.4358088970184326, 0.3085302710533142, 0.49809226393699646]
[0.5412356853485107, 0.5557938814163208, 0.42425787448883057, 0.3122195303440094, 0.5481545329093933]
[0.5001823902130127, 0.5576571822166443, 0.4616827666759491, 0.3655150234699249, 0.5133916735649109]
[0.560043215751648, 0.5556150078773499, 0.41829079389572144, 0.26889148354530334, 0.5713251233100891]
[0.5090441107749939, 0.5420898795127869, 0.4252459406852722, 0.2891785800457001, 0.5488893985748291]
[0.549691379070282, 0.5871497988700867, 0.4130420386791229, 0.26551756262779236, 0.5281603336334229]
[0.47278088331222534, 0.5904685854911804, 0.4520806670188904, 0.28460949659347534, 0.5060031414031982]
