0
不要被料理看似普通的名字所迷惑！未满18岁的未成年人请把家长赶走后再观看链接内具体教程
[0.4943397343158722, 0.5837680697441101, 0.42614516615867615, 0.27976903319358826, 0.5472221374511719]
[0.509316086769104, 0.5599886178970337, 0.40156424045562744, 0.28738924860954285, 0.5406304597854614]
[0.4196557402610779, 0.5215946435928345, 0.5057572722434998, 0.38392388820648193, 0.4845989942550659]
[0.5559095740318298, 0.578885555267334, 0.43300682306289673, 0.2779805064201355, 0.5474165081977844]
[0.4535732567310333, 0.5571405291557312, 0.44890645146369934, 0.30643460154533386, 0.47864294052124023]
[0.3291623294353485, 0.538038432598114, 0.45875677466392517, 0.30893221497535706, 0.41363525390625]
[0.558176577091217, 0.5837705731391907, 0.4205693006515503, 0.26933491230010986, 0.5672476291656494]
[0.5504789352416992, 0.5504522323608398, 0.46797049045562744, 0.3006422519683838, 0.5575739741325378]
[0.38052132725715637, 0.5526986718177795, 0.4531288743019104, 0.27529680728912354, 0.4398117959499359]
[0.4198550283908844, 0.5522313117980957, 0.44476595520973206, 0.28485003113746643, 0.46735310554504395]
[0.5070725679397583, 0.5795678496360779, 0.4309682846069336, 0.25872695446014404, 0.538472592830658]
[0.4901520907878876, 0.569171667098999, 0.4351520836353302, 0.27546483278274536, 0.5422202348709106]
[0.48916611075401306, 0.5297656655311584, 0.49366995692253113, 0.3729729652404785, 0.5021083354949951]
[0.36854109168052673, 0.5409471392631531, 0.45743700861930847, 0.3223268985748291, 0.4618552327156067]
[0.46638035774230957, 0.5648683309555054, 0.4494856297969818, 0.3282828629016876, 0.4706222414970398]
[0.5668720006942749, 0.5522617697715759, 0.4093054234981537, 0.26661086082458496, 0.5629123449325562]
[0.3659789264202118, 0.5145890116691589, 0.5359874963760376, 0.4588858187198639, 0.41717278957366943]
[0.5347440242767334, 0.5740447044372559, 0.42325443029403687, 0.26994413137435913, 0.5455179810523987]
[0.6297778487205505, 0.5625876188278198, 0.37571021914482117, 0.23899582028388977, 0.6055384874343872]
[0.43653252720832825, 0.5394842028617859, 0.473929762840271, 0.3415251672267914, 0.4604012370109558]
[0.5041306018829346, 0.5874426960945129, 0.40374234318733215, 0.29070553183555603, 0.5360449552536011]
[0.4797956049442291, 0.5668861865997314, 0.4358992874622345, 0.29587098956108093, 0.5107479095458984]
[0.46886253356933594, 0.5476328134536743, 0.43635180592536926, 0.29493600130081177, 0.4667779207229614]
[0.4372877776622772, 0.5426607728004456, 0.44984862208366394, 0.31459179520606995, 0.4663454592227936]
[0.4555138349533081, 0.5433461666107178, 0.46930497884750366, 0.3432742655277252, 0.4831959903240204]
[0.48088908195495605, 0.5481487512588501, 0.4622710049152374, 0.358848512172699, 0.54726243019104]
[0.43363723158836365, 0.5595736503601074, 0.46931490302085876, 0.3116127848625183, 0.509334921836853]
[0.43053439259529114, 0.5115612745285034, 0.4800414443016052, 0.36077484488487244, 0.47961804270744324]
[0.507051408290863, 0.5055607557296753, 0.45466533303260803, 0.31406721472740173, 0.48530614376068115]
[0.500741183757782, 0.5613216757774353, 0.4627368152141571, 0.3143616020679474, 0.49958038330078125]
[0.6000707149505615, 0.5337573289871216, 0.47871658205986023, 0.3712497651576996, 0.5988777875900269]
[0.5061912536621094, 0.5856555104255676, 0.4498581886291504, 0.2879752516746521, 0.5206619501113892]
[0.37261706590652466, 0.5743075013160706, 0.45699432492256165, 0.296398788690567, 0.45108574628829956]
[0.6120377779006958, 0.5440452694892883, 0.4167357087135315, 0.27204784750938416, 0.5937614440917969]
[0.5787253379821777, 0.5966041684150696, 0.4066254496574402, 0.24483628571033478, 0.5837547183036804]
[0.558176577091217, 0.5837705731391907, 0.4205693006515503, 0.26933491230010986, 0.5672476291656494]
[0.45291078090667725, 0.5442301630973816, 0.4642363488674164, 0.3628169298171997, 0.4918355941772461]
[0.5376362800598145, 0.5699427723884583, 0.419710248708725, 0.2861243486404419, 0.5396512150764465]
[0.48379552364349365, 0.5937032699584961, 0.41920071840286255, 0.2830924987792969, 0.4925927221775055]
[0.5428680181503296, 0.5790722370147705, 0.4187805652618408, 0.2600475251674652, 0.5502006411552429]
[0.5397049188613892, 0.5841234922409058, 0.41551893949508667, 0.27103325724601746, 0.5668923854827881]
[0.3717663288116455, 0.5591752529144287, 0.44442230463027954, 0.2877909243106842, 0.4457230567932129]
[0.44257521629333496, 0.5313631892204285, 0.4832487106323242, 0.33321645855903625, 0.49942147731781006]
[0.4973580539226532, 0.5464001893997192, 0.4553130269050598, 0.33730533719062805, 0.509461522102356]
[0.5511891841888428, 0.5591713190078735, 0.4153226912021637, 0.27857932448387146, 0.5304405689239502]
[0.5756714344024658, 0.5849572420120239, 0.41363781690597534, 0.27317771315574646, 0.5806744694709778]
[0.5306008458137512, 0.5637316107749939, 0.4353974163532257, 0.3058529794216156, 0.558286726474762]
[0.5296455025672913, 0.5762996673583984, 0.43596816062927246, 0.2986769676208496, 0.5433436632156372]
[0.4886610507965088, 0.5744521617889404, 0.44476285576820374, 0.30866944789886475, 0.5009108185768127]
[0.5419483780860901, 0.5821787118911743, 0.4244675040245056, 0.29881715774536133, 0.49841538071632385]
[0.5860657691955566, 0.5499721765518188, 0.3813231289386749, 0.2727277874946594, 0.583022952079773]
[0.5518914461135864, 0.5650985836982727, 0.4631362855434418, 0.3278922140598297, 0.5571417212486267]
[0.4823952913284302, 0.5523809790611267, 0.4533442258834839, 0.30485740303993225, 0.491643488407135]
[0.41725465655326843, 0.5583194494247437, 0.46229225397109985, 0.3254815936088562, 0.4716903865337372]
[0.4478726387023926, 0.5051589608192444, 0.5085256695747375, 0.4517320394515991, 0.4704999625682831]
[0.5342528223991394, 0.565152108669281, 0.42343926429748535, 0.2689880430698395, 0.5647534132003784]
[0.5437508821487427, 0.5427799224853516, 0.48771482706069946, 0.3467991352081299, 0.512073814868927]
[0.46067389845848083, 0.5539986491203308, 0.4567660987377167, 0.3115033209323883, 0.4895560145378113]
[0.46098992228507996, 0.5481017827987671, 0.4671246111392975, 0.3655490577220917, 0.47054949402809143]
[0.4960736930370331, 0.5817458629608154, 0.4275607168674469, 0.2769326865673065, 0.5239862203598022]
[0.48746001720428467, 0.542935311794281, 0.4830741584300995, 0.39652496576309204, 0.47956451773643494]
[0.5371711254119873, 0.5475622415542603, 0.441689133644104, 0.3480517864227295, 0.5481591820716858]
[0.4769105315208435, 0.5488474369049072, 0.4167155921459198, 0.27257800102233887, 0.5440916419029236]
[0.48526453971862793, 0.5741373896598816, 0.4519746005535126, 0.2894515097141266, 0.5574039220809937]
[0.49614232778549194, 0.5755116939544678, 0.45050981640815735, 0.31491371989250183, 0.4848436117172241]
[0.44603779911994934, 0.5803183913230896, 0.45097580552101135, 0.2973345220088959, 0.5040410161018372]
[0.456737756729126, 0.539120078086853, 0.4587416350841522, 0.353911429643631, 0.47309139370918274]
[0.5054979920387268, 0.5787212252616882, 0.43766602873802185, 0.2727557420730591, 0.5288200378417969]
[0.4943222999572754, 0.5423097014427185, 0.42453882098197937, 0.31170040369033813, 0.5151167511940002]
[0.4339037835597992, 0.5556249022483826, 0.4604683518409729, 0.30886101722717285, 0.5026456117630005]
[0.5374317765235901, 0.558924674987793, 0.45366936922073364, 0.306051641702652, 0.5453576445579529]
[0.4599674344062805, 0.5677997469902039, 0.44576361775398254, 0.3279564082622528, 0.5059366226196289]
[0.6420375108718872, 0.5503091812133789, 0.3936220109462738, 0.2616586685180664, 0.6189441084861755]
[0.4998452067375183, 0.575654149055481, 0.4451197683811188, 0.2825964391231537, 0.5015033483505249]
[0.46052286028862, 0.5668390989303589, 0.43182075023651123, 0.281137615442276, 0.4978996217250824]
[0.5300593972206116, 0.5832571983337402, 0.4182244539260864, 0.2540411055088043, 0.567214846611023]
[0.43898752331733704, 0.5553479194641113, 0.4827072322368622, 0.3475654721260071, 0.4806843400001526]
[0.494418203830719, 0.5477765798568726, 0.4558999240398407, 0.33328887820243835, 0.5125345587730408]
[0.5612142086029053, 0.5932204723358154, 0.4019295871257782, 0.2523210048675537, 0.5623869299888611]
[0.43363597989082336, 0.5725923776626587, 0.47561994194984436, 0.3235853910446167, 0.4879252016544342]
[0.506532609462738, 0.5959643125534058, 0.4126585125923157, 0.2743836045265198, 0.5137982964515686]
[0.38222938776016235, 0.5249316096305847, 0.4880022406578064, 0.3653680682182312, 0.421383261680603]
[0.4892401695251465, 0.5622547268867493, 0.4343951344490051, 0.3167882561683655, 0.5050653219223022]
[0.4524513781070709, 0.5397534370422363, 0.4517771899700165, 0.33397164940834045, 0.47743526101112366]
[0.40140223503112793, 0.5261667966842651, 0.47548413276672363, 0.35095593333244324, 0.4760172367095947]
[0.4710645377635956, 0.563786506652832, 0.4491232931613922, 0.320944607257843, 0.5119784474372864]
[0.35345834493637085, 0.5303621292114258, 0.5195704698562622, 0.5518667697906494, 0.4818617105484009]
[0.41106006503105164, 0.5436375737190247, 0.4623018205165863, 0.33230119943618774, 0.4624177813529968]
[0.5432630181312561, 0.5556160807609558, 0.4127747416496277, 0.2916972041130066, 0.5479158163070679]
[0.46336182951927185, 0.5632009506225586, 0.4084515869617462, 0.28905966877937317, 0.522782027721405]
[0.6125024557113647, 0.5697990655899048, 0.37771227955818176, 0.24393963813781738, 0.6001202464103699]
[0.43159908056259155, 0.554509699344635, 0.45990824699401855, 0.32751962542533875, 0.4974652826786041]
[0.4885411262512207, 0.5657982230186462, 0.4507068395614624, 0.30779311060905457, 0.5396126508712769]
[0.49491655826568604, 0.5750483274459839, 0.4505278468132019, 0.3065870404243469, 0.5026581287384033]
[0.47533997893333435, 0.5351057052612305, 0.47431114315986633, 0.32898107171058655, 0.4726978838443756]
[0.611920952796936, 0.534489631652832, 0.4099535346031189, 0.3179475665092468, 0.5948054790496826]
[0.5307317972183228, 0.5654177665710449, 0.42619073390960693, 0.2725313603878021, 0.546629011631012]
[0.4932921230792999, 0.5370388627052307, 0.4699876308441162, 0.3388267457485199, 0.48840442299842834]
[0.45481544733047485, 0.559377908706665, 0.4553369879722595, 0.32458987832069397, 0.45874011516571045]
[0.5183163285255432, 0.5788654088973999, 0.4170806407928467, 0.2741190791130066, 0.5529577732086182]
[0.5367200374603271, 0.5774166584014893, 0.41999730467796326, 0.27548137307167053, 0.5386841893196106]
