0
【独家组图：巴基斯坦枭龙战机编队 为习近平专机护航】4月20日，习近平主席所乘专机进入巴基斯坦领空，巴方枭龙战机编队护航。（央视记者王宇波）
[0.3288216292858124, 0.4902781546115875, 0.5291065573692322, 0.3661770224571228, 0.4264470338821411]
[0.49819183349609375, 0.5695810914039612, 0.4092336595058441, 0.28381651639938354, 0.5330636501312256]
[0.49819183349609375, 0.5695810914039612, 0.4092336595058441, 0.28381651639938354, 0.5330636501312256]
[0.43426254391670227, 0.5812171101570129, 0.43480953574180603, 0.28240838646888733, 0.47765424847602844]
[0.4442863464355469, 0.5564329028129578, 0.44261834025382996, 0.30742207169532776, 0.4814646244049072]
[0.5349944233894348, 0.5894750952720642, 0.42958441376686096, 0.2822292745113373, 0.5640490651130676]
[0.5563256740570068, 0.5749613046646118, 0.42190706729888916, 0.2897808253765106, 0.5527837872505188]
[0.5070599913597107, 0.586982786655426, 0.43467703461647034, 0.2982790470123291, 0.5151023864746094]
[0.5496450662612915, 0.6006152629852295, 0.42016997933387756, 0.2474251687526703, 0.5501489043235779]
[0.5664172172546387, 0.5499868392944336, 0.42559126019477844, 0.3005066215991974, 0.5242393016815186]
[0.5174822807312012, 0.5683295130729675, 0.42644888162612915, 0.31107988953590393, 0.5158867239952087]
[0.4850994944572449, 0.5647679567337036, 0.4293339252471924, 0.28889209032058716, 0.5106105804443359]
[0.43372195959091187, 0.5776039361953735, 0.4284563362598419, 0.27846717834472656, 0.47131162881851196]
[0.42043423652648926, 0.5472502708435059, 0.4565816819667816, 0.30492398142814636, 0.45045047998428345]
[0.5351905226707458, 0.5787865519523621, 0.4479222893714905, 0.3067488372325897, 0.5489884614944458]
[0.5127704739570618, 0.5739724636077881, 0.43487241864204407, 0.2626781463623047, 0.5326114296913147]
[0.535548985004425, 0.5743044018745422, 0.4219232201576233, 0.27131181955337524, 0.5345061421394348]
[0.45166048407554626, 0.5535175800323486, 0.44724881649017334, 0.3184517025947571, 0.4849104881286621]
[0.468816876411438, 0.5430220365524292, 0.489419162273407, 0.3747827410697937, 0.48871487379074097]
[0.47092288732528687, 0.5568886399269104, 0.4670199155807495, 0.35408034920692444, 0.48680731654167175]
[0.5920987129211426, 0.5469774603843689, 0.39378196001052856, 0.2609737813472748, 0.5914780497550964]
[0.4559272825717926, 0.5748746395111084, 0.45087674260139465, 0.2845858037471771, 0.5477645993232727]
[0.38881340622901917, 0.5228158831596375, 0.48713383078575134, 0.38217657804489136, 0.4222047030925751]
[0.4868687391281128, 0.5574554800987244, 0.4467354118824005, 0.3324316740036011, 0.4651546776294708]
[0.48938581347465515, 0.5796074271202087, 0.42373672127723694, 0.2979719340801239, 0.4956071078777313]
[0.4808235466480255, 0.5546702146530151, 0.46343979239463806, 0.3318648040294647, 0.4867696166038513]
[0.5347549319267273, 0.5568815469741821, 0.4150175154209137, 0.2657216787338257, 0.5204894542694092]
[0.5231970548629761, 0.5626857280731201, 0.43551918864250183, 0.28097307682037354, 0.5356971025466919]
[0.5301564931869507, 0.5667132139205933, 0.4053962826728821, 0.2772199809551239, 0.5588488578796387]
[0.566440224647522, 0.5897478461265564, 0.40480926632881165, 0.23926879465579987, 0.5660151839256287]
[0.4907926917076111, 0.5637834668159485, 0.4414612948894501, 0.2947947084903717, 0.49108949303627014]
[0.5433662533760071, 0.5674439668655396, 0.4324192404747009, 0.2901402711868286, 0.5404359698295593]
[0.4553683400154114, 0.5484137535095215, 0.45732229948043823, 0.34462079405784607, 0.5024781823158264]
[0.41232722997665405, 0.5298507809638977, 0.5320608019828796, 0.43257683515548706, 0.4172441363334656]
[0.5496450662612915, 0.6006152629852295, 0.42016997933387756, 0.2474251687526703, 0.5501489043235779]
[0.5101357698440552, 0.5694770812988281, 0.434386670589447, 0.28455138206481934, 0.5459021925926208]
[0.517519474029541, 0.5757803916931152, 0.4294571876525879, 0.26640748977661133, 0.5384683609008789]
[0.4864073395729065, 0.5598104596138, 0.4442178010940552, 0.31666916608810425, 0.5153013467788696]
[0.4674440026283264, 0.5616869330406189, 0.47402051091194153, 0.32696694135665894, 0.47233206033706665]
[0.49892762303352356, 0.5882226824760437, 0.4329893887042999, 0.2935132086277008, 0.5064210295677185]
[0.46475949883461, 0.5573426485061646, 0.4592958986759186, 0.30744877457618713, 0.501503586769104]
[0.5080732703208923, 0.5841720104217529, 0.4352741241455078, 0.26866671442985535, 0.522329568862915]
[0.5002120137214661, 0.5779457092285156, 0.44994890689849854, 0.27986806631088257, 0.5117133259773254]
[0.495573490858078, 0.5680716633796692, 0.4284079074859619, 0.3006403148174286, 0.5354324579238892]
[0.5275691747665405, 0.571280300617218, 0.4304727017879486, 0.2916714549064636, 0.5374647378921509]
[0.5230644941329956, 0.593233048915863, 0.42922818660736084, 0.2881224751472473, 0.5396323800086975]
[0.5389147400856018, 0.5994296669960022, 0.3987221419811249, 0.22488118708133698, 0.5731325149536133]
[0.5227229595184326, 0.5854045152664185, 0.4193301796913147, 0.2562139928340912, 0.5399842858314514]
[0.43426254391670227, 0.5812171101570129, 0.43480953574180603, 0.28240838646888733, 0.47765424847602844]
[0.5290716886520386, 0.5789588093757629, 0.42151522636413574, 0.2706153392791748, 0.5638817548751831]
[0.43072509765625, 0.5727948546409607, 0.43492016196250916, 0.2859058082103729, 0.46413496136665344]
[0.5671601295471191, 0.5206296443939209, 0.4687140882015228, 0.30174461007118225, 0.5718286037445068]
[0.3288216292858124, 0.4902781546115875, 0.5291065573692322, 0.3661770224571228, 0.4264470338821411]
[0.5830004215240479, 0.5431846380233765, 0.410812109708786, 0.2884390652179718, 0.596910834312439]
[0.5342097282409668, 0.595075249671936, 0.43886807560920715, 0.2798309922218323, 0.5385196805000305]
[0.41099122166633606, 0.5652234554290771, 0.46581369638442993, 0.3077957332134247, 0.4610205888748169]
[0.43426254391670227, 0.5812171101570129, 0.43480953574180603, 0.28240838646888733, 0.47765424847602844]
[0.5522270202636719, 0.6008251905441284, 0.4203122854232788, 0.27835261821746826, 0.5681780576705933]
[0.49819183349609375, 0.5695810914039612, 0.4092336595058441, 0.28381651639938354, 0.5330636501312256]
[0.5070725679397583, 0.5795678496360779, 0.4309682846069336, 0.25872695446014404, 0.538472592830658]
[0.5374294519424438, 0.5660831928253174, 0.4245143532752991, 0.28775572776794434, 0.5280640125274658]
[0.43258756399154663, 0.555526614189148, 0.4713059663772583, 0.3460206389427185, 0.45605984330177307]
[0.35606318712234497, 0.5487664341926575, 0.4385971426963806, 0.29584017395973206, 0.4273494780063629]
[0.5354133248329163, 0.5833241939544678, 0.41393589973449707, 0.26496621966362, 0.5349710583686829]
[0.47126832604408264, 0.5628644227981567, 0.44191497564315796, 0.29787376523017883, 0.5016054511070251]
[0.4436776638031006, 0.5699735879898071, 0.4369967579841614, 0.2904462218284607, 0.44389984011650085]
[0.5215720534324646, 0.5764214992523193, 0.4178540110588074, 0.2679750919342041, 0.5484546422958374]
[0.465705931186676, 0.5534242391586304, 0.4640974998474121, 0.3133136034011841, 0.5027571320533752]
[0.48402073979377747, 0.5588092803955078, 0.4313216209411621, 0.3136636018753052, 0.49995893239974976]
[0.48343369364738464, 0.5703004598617554, 0.4344676733016968, 0.2835272550582886, 0.49101442098617554]
[0.3288216292858124, 0.4902781546115875, 0.5291065573692322, 0.3661770224571228, 0.4264470338821411]
[0.4664627015590668, 0.5611566305160522, 0.4446255564689636, 0.29626554250717163, 0.47392067313194275]
[0.468064546585083, 0.5760833024978638, 0.425519198179245, 0.27499982714653015, 0.5015510320663452]
[0.468064546585083, 0.5760833024978638, 0.425519198179245, 0.27499982714653015, 0.5015510320663452]
[0.5075143575668335, 0.5352839827537537, 0.45986923575401306, 0.33002373576164246, 0.521419107913971]
[0.43593448400497437, 0.5432919859886169, 0.46122366189956665, 0.2991560399532318, 0.4733384847640991]
[0.5409989953041077, 0.5713059306144714, 0.4493667781352997, 0.31175127625465393, 0.5529680848121643]
[0.3463270664215088, 0.5590580701828003, 0.4426838755607605, 0.30563104152679443, 0.45327505469322205]
[0.43593448400497437, 0.5432919859886169, 0.46122366189956665, 0.2991560399532318, 0.4733384847640991]
[0.5027807950973511, 0.5813271403312683, 0.41228172183036804, 0.26087626814842224, 0.5392953753471375]
[0.554131805896759, 0.5892736315727234, 0.4033311903476715, 0.2550659775733948, 0.5684008598327637]
[0.5023790001869202, 0.5594680905342102, 0.4460519850254059, 0.3130350708961487, 0.5078580379486084]
[0.5208484530448914, 0.5772369503974915, 0.4374644458293915, 0.26355043053627014, 0.5399084091186523]
[0.4888552725315094, 0.5682018995285034, 0.45840078592300415, 0.33208727836608887, 0.49702340364456177]
[0.5791918635368347, 0.5951932072639465, 0.3972586691379547, 0.24247828125953674, 0.585947573184967]
[0.529963493347168, 0.584160566329956, 0.4579327404499054, 0.29139941930770874, 0.5257498025894165]
[0.468964546918869, 0.5653230547904968, 0.4281793534755707, 0.32389935851097107, 0.505265474319458]
[0.5562946200370789, 0.5641605257987976, 0.44385212659835815, 0.2779926657676697, 0.5596797466278076]
[0.3533700704574585, 0.5484033226966858, 0.45280537009239197, 0.30458593368530273, 0.43690288066864014]
[0.5390323996543884, 0.5815233588218689, 0.41689974069595337, 0.27767664194107056, 0.5354681611061096]
[0.5390323996543884, 0.5815233588218689, 0.41689974069595337, 0.27767664194107056, 0.5354681611061096]
[0.43254464864730835, 0.5225823521614075, 0.556757926940918, 0.46087372303009033, 0.47305282950401306]
[0.4618319272994995, 0.5763543248176575, 0.4742242693901062, 0.3130453824996948, 0.4960654675960541]
[0.4920424818992615, 0.576848030090332, 0.4221261739730835, 0.28325676918029785, 0.5222646594047546]
[0.46230727434158325, 0.5473048090934753, 0.4732247292995453, 0.3156546652317047, 0.48630738258361816]
[0.4320334196090698, 0.5574016571044922, 0.48385635018348694, 0.3394795060157776, 0.4842798411846161]
[0.6423520445823669, 0.5208008885383606, 0.45732542872428894, 0.3379642963409424, 0.6156503558158875]
[0.5010277628898621, 0.5715558528900146, 0.43183907866477966, 0.27070915699005127, 0.49896135926246643]
[0.5506844520568848, 0.5918773412704468, 0.43268051743507385, 0.26259925961494446, 0.5526567697525024]
[0.46201851963996887, 0.551348090171814, 0.44807350635528564, 0.2707761824131012, 0.5411598086357117]
[0.5583561062812805, 0.5559470057487488, 0.39180564880371094, 0.26153355836868286, 0.5388877987861633]
