0
【巴基斯坦老人自愿守护中国英雄陵墓37年】在巴基斯坦吉尔吉特有一座烈士陵园，88位为修筑喀喇昆仑公路牺牲的中国建设者长眠于此。59岁的巴基斯坦老人阿里·艾哈迈德1978年起自愿守护陵墓，他说：“我亲眼看到中国人为巴基斯坦的发展昼夜劳作,为我们牺牲,我会用一生守护这座陵园”
[0.46135127544403076, 0.538954496383667, 0.4657919406890869, 0.26539167761802673, 0.5070409178733826]
[0.5227229595184326, 0.5854045152664185, 0.4193301796913147, 0.2562139928340912, 0.5399842858314514]
[0.505798876285553, 0.5795238018035889, 0.4195566773414612, 0.2715757191181183, 0.5192181468009949]
[0.33172908425331116, 0.5378847718238831, 0.461023211479187, 0.27915680408477783, 0.42682114243507385]
[0.590081512928009, 0.5199559926986694, 0.4698307514190674, 0.37602660059928894, 0.5555766820907593]
[0.49645569920539856, 0.577126681804657, 0.45535925030708313, 0.2945028841495514, 0.5266048908233643]
[0.4347212016582489, 0.547836184501648, 0.4697036147117615, 0.3091735541820526, 0.48970600962638855]
[0.47298353910446167, 0.5738598108291626, 0.4220636487007141, 0.2910245358943939, 0.5074976086616516]
[0.3463270664215088, 0.5590580701828003, 0.4426838755607605, 0.30563104152679443, 0.45327505469322205]
[0.45713746547698975, 0.5745595693588257, 0.44875723123550415, 0.3067280650138855, 0.4765883982181549]
[0.3463270664215088, 0.5590580701828003, 0.4426838755607605, 0.30563104152679443, 0.45327505469322205]
[0.5290716886520386, 0.5789588093757629, 0.42151522636413574, 0.2706153392791748, 0.5638817548751831]
[0.5137745141983032, 0.585109531879425, 0.4120892882347107, 0.28196242451667786, 0.5340241193771362]
[0.5070725679397583, 0.5795678496360779, 0.4309682846069336, 0.25872695446014404, 0.538472592830658]
[0.5124583840370178, 0.5706934928894043, 0.4320066273212433, 0.2833068072795868, 0.5237617492675781]
[0.4620322585105896, 0.5446821451187134, 0.4815298318862915, 0.320384681224823, 0.4943881332874298]
[0.41146400570869446, 0.5351525545120239, 0.4555690884590149, 0.30017203092575073, 0.42997977137565613]
[0.4376108646392822, 0.5455137491226196, 0.4671172797679901, 0.28776103258132935, 0.49270302057266235]
[0.5047212243080139, 0.5834941864013672, 0.41759464144706726, 0.28534531593322754, 0.5140362977981567]
[0.48606905341148376, 0.5653390884399414, 0.42291659116744995, 0.2744303345680237, 0.5293554067611694]
[0.5005912184715271, 0.5932679772377014, 0.4345420300960541, 0.2795102298259735, 0.5416944622993469]
[0.507634699344635, 0.5229712128639221, 0.47003301978111267, 0.3881537616252899, 0.5187047719955444]
[0.5496450662612915, 0.6006152629852295, 0.42016997933387756, 0.2474251687526703, 0.5501489043235779]
[0.42347976565361023, 0.5829863548278809, 0.44421032071113586, 0.2735614776611328, 0.4874866008758545]
[0.5404441952705383, 0.5789754986763, 0.406850665807724, 0.25495603680610657, 0.5600401163101196]
[0.5241172313690186, 0.5849148631095886, 0.4210233986377716, 0.265076220035553, 0.5400421023368835]
[0.5240236520767212, 0.5545726418495178, 0.42535439133644104, 0.26922374963760376, 0.5326958298683167]
[0.3463270664215088, 0.5590580701828003, 0.4426838755607605, 0.30563104152679443, 0.45327505469322205]
[0.5496450662612915, 0.6006152629852295, 0.42016997933387756, 0.2474251687526703, 0.5501489043235779]
[0.535548985004425, 0.5743044018745422, 0.4219232201576233, 0.27131181955337524, 0.5345061421394348]
[0.5151576399803162, 0.5661821365356445, 0.44305235147476196, 0.2964807152748108, 0.5313593745231628]
[0.5070725679397583, 0.5795678496360779, 0.4309682846069336, 0.25872695446014404, 0.538472592830658]
[0.5288468599319458, 0.569105863571167, 0.4223887324333191, 0.27298131585121155, 0.5188754200935364]
[0.5027636289596558, 0.5789580941200256, 0.43116721510887146, 0.2813897728919983, 0.514246940612793]
[0.4538084864616394, 0.5681665539741516, 0.447286993265152, 0.31553784012794495, 0.4862501621246338]
[0.5175265669822693, 0.5711449980735779, 0.4271359443664551, 0.28061985969543457, 0.506279468536377]
[0.4734925627708435, 0.5481642484664917, 0.457142174243927, 0.360771119594574, 0.5057461857795715]
[0.5647226572036743, 0.5842422246932983, 0.3996996581554413, 0.2608722448348999, 0.54198157787323]
[0.5411586761474609, 0.5890092253684998, 0.4296264350414276, 0.25819581747055054, 0.5639625787734985]
[0.5202862024307251, 0.5810336470603943, 0.4101262390613556, 0.26850610971450806, 0.5348315834999084]
[0.4089233875274658, 0.5518733263015747, 0.4409227967262268, 0.29243770241737366, 0.47078368067741394]
[0.47861289978027344, 0.5715060234069824, 0.4543871283531189, 0.30950966477394104, 0.5023165345191956]
[0.3661326766014099, 0.5417408347129822, 0.5374623537063599, 0.5341890454292297, 0.47916147112846375]
[0.5164981484413147, 0.5642969608306885, 0.41763240098953247, 0.2621919810771942, 0.5334110856056213]
[0.5496450662612915, 0.6006152629852295, 0.42016997933387756, 0.2474251687526703, 0.5501489043235779]
[0.5143052935600281, 0.5574110150337219, 0.4185279607772827, 0.27680504322052, 0.5337803363800049]
[0.5411586761474609, 0.5890092253684998, 0.4296264350414276, 0.25819581747055054, 0.5639625787734985]
[0.5543327927589417, 0.569368839263916, 0.4211534261703491, 0.29293423891067505, 0.5536169409751892]
[0.5080748200416565, 0.551977813243866, 0.46211493015289307, 0.343305379152298, 0.514714777469635]
[0.49938860535621643, 0.5624989867210388, 0.40205517411231995, 0.22809725999832153, 0.48945266008377075]
[0.42653927206993103, 0.5737385749816895, 0.42159315943717957, 0.2814728021621704, 0.4679858386516571]
[0.49078378081321716, 0.5649749636650085, 0.4405418634414673, 0.2915819585323334, 0.5229236483573914]
[0.5624814033508301, 0.5851163268089294, 0.39911869168281555, 0.2551935315132141, 0.5639050006866455]
[0.4669974446296692, 0.5349212288856506, 0.47190532088279724, 0.33933624625205994, 0.49937939643859863]
[0.5716199278831482, 0.5898736715316772, 0.4042623043060303, 0.25980210304260254, 0.5557905435562134]
[0.38579756021499634, 0.5594429969787598, 0.5009610652923584, 0.37231364846229553, 0.479022741317749]
[0.5647226572036743, 0.5842422246932983, 0.3996996581554413, 0.2608722448348999, 0.54198157787323]
[0.5707364678382874, 0.5738154649734497, 0.40636181831359863, 0.2539101839065552, 0.5507789254188538]
[0.5539289712905884, 0.5366758108139038, 0.46024835109710693, 0.33307012915611267, 0.5418415069580078]
[0.5470148324966431, 0.5845101475715637, 0.4058162271976471, 0.27663758397102356, 0.5672115683555603]
[0.5315716862678528, 0.5889734029769897, 0.4215376675128937, 0.27600526809692383, 0.5593278408050537]
[0.5070725679397583, 0.5795678496360779, 0.4309682846069336, 0.25872695446014404, 0.538472592830658]
[0.5432462692260742, 0.5803426504135132, 0.39503130316734314, 0.26149672269821167, 0.5593435764312744]
[0.4873676896095276, 0.537909984588623, 0.48338693380355835, 0.35761648416519165, 0.5243325233459473]
[0.5070725679397583, 0.5795678496360779, 0.4309682846069336, 0.25872695446014404, 0.538472592830658]
[0.505748450756073, 0.5464179515838623, 0.46580594778060913, 0.32019221782684326, 0.5047627091407776]
[0.4602905809879303, 0.5686227083206177, 0.42156490683555603, 0.3037451207637787, 0.48100367188453674]
[0.5470148324966431, 0.5845101475715637, 0.4058162271976471, 0.27663758397102356, 0.5672115683555603]
[0.5070725679397583, 0.5795678496360779, 0.4309682846069336, 0.25872695446014404, 0.538472592830658]
[0.5216140151023865, 0.5845977663993835, 0.4113461673259735, 0.26650670170783997, 0.5308921337127686]
[0.3790021538734436, 0.5516557693481445, 0.4393388628959656, 0.3041813373565674, 0.46809104084968567]
[0.4575372636318207, 0.5397356748580933, 0.461637943983078, 0.355599045753479, 0.4920955300331116]
[0.5470148324966431, 0.5845101475715637, 0.4058162271976471, 0.27663758397102356, 0.5672115683555603]
[0.5202862024307251, 0.5810336470603943, 0.4101262390613556, 0.26850610971450806, 0.5348315834999084]
[0.5138843059539795, 0.5753456354141235, 0.44623133540153503, 0.30059492588043213, 0.5480430722236633]
[0.5583892464637756, 0.5943871736526489, 0.4324738085269928, 0.250506192445755, 0.556086003780365]
[0.5647226572036743, 0.5842422246932983, 0.3996996581554413, 0.2608722448348999, 0.54198157787323]
[0.535548985004425, 0.5743044018745422, 0.4219232201576233, 0.27131181955337524, 0.5345061421394348]
[0.5003625750541687, 0.5887195467948914, 0.42405858635902405, 0.2525935173034668, 0.5320120453834534]
[0.5568352341651917, 0.5811437368392944, 0.40151435136795044, 0.24265852570533752, 0.541877806186676]
[0.3584214746952057, 0.5487715601921082, 0.4370112717151642, 0.30469733476638794, 0.4265046715736389]
[0.5170656442642212, 0.5732738971710205, 0.4398065507411957, 0.30548208951950073, 0.5358064770698547]
[0.4680884778499603, 0.575491189956665, 0.4383341670036316, 0.2785361111164093, 0.49769148230552673]
[0.48154494166374207, 0.5673578977584839, 0.4485107958316803, 0.318304181098938, 0.5252671241760254]
[0.49598145484924316, 0.6013443470001221, 0.42027556896209717, 0.26502281427383423, 0.5257218480110168]
[0.5198719501495361, 0.5662251710891724, 0.44361552596092224, 0.2808222770690918, 0.48362258076667786]
[0.4548856317996979, 0.5741393566131592, 0.4698199927806854, 0.32726922631263733, 0.5034946799278259]
[0.5496450662612915, 0.6006152629852295, 0.42016997933387756, 0.2474251687526703, 0.5501489043235779]
[0.4890933334827423, 0.5686373114585876, 0.4223669171333313, 0.2892829477787018, 0.5191932320594788]
[0.5463098883628845, 0.5834863185882568, 0.4139225482940674, 0.2692672312259674, 0.5685749053955078]
[0.4564164876937866, 0.5614577531814575, 0.4415087401866913, 0.30561909079551697, 0.4970422089099884]
[0.5516690015792847, 0.58717280626297, 0.39423128962516785, 0.26591330766677856, 0.561324417591095]
[0.537928581237793, 0.5664322972297668, 0.4075731337070465, 0.2791604697704315, 0.559799313545227]
[0.47688791155815125, 0.578620970249176, 0.41605931520462036, 0.27588483691215515, 0.5188615918159485]
[0.5633870363235474, 0.5743133425712585, 0.40407228469848633, 0.2767394781112671, 0.5620668530464172]
[0.5176671147346497, 0.5664988160133362, 0.44260314106941223, 0.28762805461883545, 0.5448756217956543]
[0.4757145643234253, 0.5598963499069214, 0.4354665279388428, 0.311922550201416, 0.5104844570159912]
[0.47633299231529236, 0.5804497599601746, 0.44537410140037537, 0.26740676164627075, 0.5112553238868713]
[0.5392881035804749, 0.5664576888084412, 0.4141589105129242, 0.29688072204589844, 0.532962441444397]
[0.53395676612854, 0.5617101192474365, 0.40539222955703735, 0.28794392943382263, 0.5449308753013611]
[0.5056138038635254, 0.558973491191864, 0.41112208366394043, 0.28495514392852783, 0.5131206512451172]
