0
【想让男性为你两肋插刀，请穿上高跟鞋】前方一位穿着高跟鞋、摇曳生姿的女性走过，突然，她的包包掉啦！你会怎么办？法国研究人员发现，相比平底鞋和低跟鞋，穿着高跟鞋的女性被试更容易获得男性路人的帮助，但对女性路人则没有影响。
[0.4759177565574646, 0.54142826795578, 0.5424107909202576, 0.46379169821739197, 0.5431196689605713]
[0.5636253952980042, 0.5939995050430298, 0.4170762598514557, 0.2580678462982178, 0.5506877899169922]
[0.3127070367336273, 0.5143330693244934, 0.4920289218425751, 0.4722409248352051, 0.416675329208374]
[0.5270737409591675, 0.5907071232795715, 0.4050944447517395, 0.26415500044822693, 0.555263102054596]
[0.4261815547943115, 0.5770528316497803, 0.4510345757007599, 0.32580435276031494, 0.4646334648132324]
[0.6208150386810303, 0.5670924186706543, 0.3775027096271515, 0.2436373084783554, 0.6026049256324768]
[0.5744659304618835, 0.562004566192627, 0.3704032897949219, 0.2321426421403885, 0.5887469053268433]
[0.5926990509033203, 0.5748687386512756, 0.4076104164123535, 0.25019025802612305, 0.5825099945068359]
[0.5122442841529846, 0.5897111296653748, 0.4311293661594391, 0.3005746006965637, 0.5387318134307861]
[0.5186833143234253, 0.5764954686164856, 0.4394832253456116, 0.2843320369720459, 0.5354310274124146]
[0.48482081294059753, 0.5683302283287048, 0.4411173164844513, 0.31550660729408264, 0.49512210488319397]
[0.5132659077644348, 0.5948955416679382, 0.4292841851711273, 0.278634250164032, 0.5175221562385559]
[0.5212432742118835, 0.5608157515525818, 0.45614615082740784, 0.3006540536880493, 0.5362656712532043]
[0.5348789691925049, 0.5988049507141113, 0.42255526781082153, 0.25698766112327576, 0.5305522084236145]
[0.4895946979522705, 0.5850561261177063, 0.43437251448631287, 0.278474897146225, 0.5219709277153015]
[0.4917873740196228, 0.5667048692703247, 0.4327123463153839, 0.3059617280960083, 0.5179030299186707]
[0.5125671625137329, 0.5888878703117371, 0.4344117045402527, 0.31014764308929443, 0.5232409834861755]
[0.4806714951992035, 0.5741528272628784, 0.45797258615493774, 0.2920849025249481, 0.48867666721343994]
[0.49723222851753235, 0.561824381351471, 0.4466839134693146, 0.3187512457370758, 0.5070905089378357]
[0.5514597296714783, 0.570040225982666, 0.4260779023170471, 0.2878321409225464, 0.5729398131370544]
[0.49827611446380615, 0.5739955902099609, 0.42242515087127686, 0.29060736298561096, 0.5053455233573914]
[0.3779204785823822, 0.5303773283958435, 0.5333999991416931, 0.4808329641819, 0.45583611726760864]
[0.3609098196029663, 0.5401350259780884, 0.44855162501335144, 0.31768667697906494, 0.42998695373535156]
[0.4449154734611511, 0.5603482127189636, 0.45608827471733093, 0.3264578580856323, 0.4974972605705261]
[0.5236257910728455, 0.5509334802627563, 0.4464433491230011, 0.31237903237342834, 0.5507392287254333]
[0.46362510323524475, 0.5409068465232849, 0.4658946394920349, 0.3887667953968048, 0.5061978101730347]
[0.45446503162384033, 0.5671737790107727, 0.4764898717403412, 0.33754128217697144, 0.47064852714538574]
[0.46188661456108093, 0.568041205406189, 0.45337435603141785, 0.2963312864303589, 0.48498061299324036]
[0.5232147574424744, 0.5530217885971069, 0.45819878578186035, 0.3483366370201111, 0.5195714831352234]
[0.49433383345603943, 0.588226854801178, 0.45153677463531494, 0.28668951988220215, 0.518023669719696]
[0.44593754410743713, 0.5423584580421448, 0.4765144884586334, 0.37576690316200256, 0.4945375621318817]
[0.46098923683166504, 0.5745933651924133, 0.44970083236694336, 0.30598723888397217, 0.5172565579414368]
[0.4415702819824219, 0.5454870462417603, 0.4634942412376404, 0.3148357570171356, 0.4787788689136505]
[0.5767836570739746, 0.5583545565605164, 0.4081677794456482, 0.26408690214157104, 0.5827812552452087]
[0.5130005478858948, 0.5682405829429626, 0.43822333216667175, 0.33809080719947815, 0.4851333796977997]
[0.4236726760864258, 0.5689765810966492, 0.4612061679363251, 0.30114510655403137, 0.494712233543396]
[0.4816824495792389, 0.5589263439178467, 0.4473225772380829, 0.309273898601532, 0.5217214822769165]
[0.4535811245441437, 0.5465879440307617, 0.4628068208694458, 0.3347063362598419, 0.47992438077926636]
[0.4097729027271271, 0.5546073913574219, 0.45237457752227783, 0.33174046874046326, 0.44352826476097107]
[0.4961836636066437, 0.5510779619216919, 0.47200724482536316, 0.3198196291923523, 0.5172010064125061]
[0.46934643387794495, 0.5591106414794922, 0.4571022093296051, 0.33913949131965637, 0.4563600718975067]
[0.46009397506713867, 0.571377694606781, 0.44005638360977173, 0.2868129312992096, 0.49163955450057983]
[0.41412654519081116, 0.5462170243263245, 0.47632548213005066, 0.39052820205688477, 0.4713258743286133]
[0.46910715103149414, 0.5657016634941101, 0.43730106949806213, 0.29909396171569824, 0.45313766598701477]
[0.43363749980926514, 0.5726951360702515, 0.4707171618938446, 0.3057696223258972, 0.48508915305137634]
[0.43928033113479614, 0.5755216479301453, 0.43812182545661926, 0.28464990854263306, 0.4676651954650879]
[0.5034286975860596, 0.5653677582740784, 0.43089523911476135, 0.3131314218044281, 0.4996531009674072]
[0.5218917727470398, 0.5864588022232056, 0.41773322224617004, 0.274553120136261, 0.5387725234031677]
[0.5181242227554321, 0.5711444616317749, 0.43782609701156616, 0.3034428060054779, 0.5481102466583252]
[0.34194067120552063, 0.5469815731048584, 0.47625651955604553, 0.3302995562553406, 0.44411924481391907]
[0.4736066460609436, 0.547768235206604, 0.4794473350048065, 0.35411185026168823, 0.5034106373786926]
[0.49819183349609375, 0.5695810914039612, 0.4092336595058441, 0.28381651639938354, 0.5330636501312256]
[0.5218032598495483, 0.571898877620697, 0.42561060190200806, 0.29349464178085327, 0.5556908249855042]
[0.5202940106391907, 0.5667181015014648, 0.4635411500930786, 0.3356083631515503, 0.5305954217910767]
[0.5411926507949829, 0.5421834588050842, 0.4425206780433655, 0.33491966128349304, 0.5025677680969238]
[0.4443609118461609, 0.5604474544525146, 0.49756643176078796, 0.4148270785808563, 0.4759131073951721]
[0.5354074835777283, 0.5943781137466431, 0.41721248626708984, 0.26374551653862, 0.5559985637664795]
[0.5727249979972839, 0.549344003200531, 0.4181345999240875, 0.2683020532131195, 0.5752370357513428]
[0.46877720952033997, 0.554934561252594, 0.4455012083053589, 0.28036418557167053, 0.5137184262275696]
[0.5648413300514221, 0.5436537861824036, 0.43615883588790894, 0.30491164326667786, 0.5187414288520813]
[0.5019399523735046, 0.5692219734191895, 0.4276329576969147, 0.2867918312549591, 0.5433336496353149]
[0.46261781454086304, 0.5851858258247375, 0.44135144352912903, 0.30679935216903687, 0.4957207441329956]
[0.4941919445991516, 0.5772261023521423, 0.4526645839214325, 0.3139670789241791, 0.5395057201385498]
[0.5197131633758545, 0.5971303582191467, 0.4155695140361786, 0.26010632514953613, 0.5423253178596497]
[0.46146222949028015, 0.5659447908401489, 0.43874043226242065, 0.333840936422348, 0.49515682458877563]
[0.3933817744255066, 0.5397122502326965, 0.5022723078727722, 0.3813783824443817, 0.4578617513179779]
[0.5302045941352844, 0.5888622403144836, 0.4181148409843445, 0.2732143998146057, 0.5336147546768188]
[0.4532245397567749, 0.5576027631759644, 0.4575863182544708, 0.34485387802124023, 0.47652965784072876]
[0.5447683334350586, 0.5644724369049072, 0.4363172650337219, 0.29636886715888977, 0.5416749119758606]
[0.44748416543006897, 0.5256949067115784, 0.4950563907623291, 0.39395415782928467, 0.47796300053596497]
[0.48152580857276917, 0.5458646416664124, 0.49974942207336426, 0.39717498421669006, 0.49707069993019104]
[0.5631480813026428, 0.5501726865768433, 0.4082295596599579, 0.2669747471809387, 0.5752142667770386]
[0.5943518280982971, 0.5107686519622803, 0.47878193855285645, 0.3710479140281677, 0.5851448774337769]
[0.4582756757736206, 0.5474798083305359, 0.48579898476600647, 0.3880155086517334, 0.5026761293411255]
[0.5304989218711853, 0.5552144646644592, 0.46099236607551575, 0.3015473186969757, 0.5148735642433167]
[0.48269224166870117, 0.5760601758956909, 0.44727152585983276, 0.26733148097991943, 0.5323227643966675]
[0.49393460154533386, 0.5753617882728577, 0.43176454305648804, 0.2822020351886749, 0.5095145106315613]
[0.41253769397735596, 0.560373067855835, 0.46598199009895325, 0.3186380863189697, 0.4710707664489746]
[0.5578630566596985, 0.5819410681724548, 0.39593759179115295, 0.2714889645576477, 0.5701462030410767]
[0.49018463492393494, 0.578987717628479, 0.44493043422698975, 0.29721999168395996, 0.5144423842430115]
[0.509791910648346, 0.5462583899497986, 0.43776193261146545, 0.2605137825012207, 0.5414487719535828]
[0.5504789352416992, 0.5504522323608398, 0.46797049045562744, 0.3006422519683838, 0.5575739741325378]
[0.383635014295578, 0.5350323915481567, 0.45428556203842163, 0.31847482919692993, 0.45753172039985657]
[0.5233091115951538, 0.5627699494361877, 0.4280894994735718, 0.2826562523841858, 0.5067174434661865]
[0.5342528223991394, 0.565152108669281, 0.42343926429748535, 0.2689880430698395, 0.5647534132003784]
[0.5285348296165466, 0.5403581261634827, 0.4481574296951294, 0.3514724373817444, 0.5688040852546692]
[0.5646376013755798, 0.5790537595748901, 0.4039757549762726, 0.2502477467060089, 0.577741265296936]
[0.503851056098938, 0.5785413384437561, 0.41325244307518005, 0.28362247347831726, 0.5408008694648743]
[0.5590139627456665, 0.5448676347732544, 0.4400111138820648, 0.2875240445137024, 0.5488120317459106]
[0.5040035247802734, 0.5719863772392273, 0.43091994524002075, 0.27657848596572876, 0.5261465907096863]
[0.47337353229522705, 0.5379776954650879, 0.4899039566516876, 0.341064989566803, 0.4875361919403076]
[0.5565633177757263, 0.5356457829475403, 0.44471225142478943, 0.27291178703308105, 0.5527126789093018]
[0.5504789352416992, 0.5504522323608398, 0.46797049045562744, 0.3006422519683838, 0.5575739741325378]
[0.4637976586818695, 0.5579610466957092, 0.4607289433479309, 0.31190618872642517, 0.4941452741622925]
[0.5504789352416992, 0.5504522323608398, 0.46797049045562744, 0.3006422519683838, 0.5575739741325378]
[0.46955806016921997, 0.5875394344329834, 0.4237282872200012, 0.2775885760784149, 0.5223281383514404]
[0.535785436630249, 0.5534269213676453, 0.45115697383880615, 0.29107606410980225, 0.5243244767189026]
[0.46357810497283936, 0.523828387260437, 0.4618951082229614, 0.3076052963733673, 0.44588205218315125]
[0.49581483006477356, 0.5616424679756165, 0.4484713077545166, 0.30874890089035034, 0.512477695941925]
[0.46609795093536377, 0.5666236281394958, 0.44830432534217834, 0.3063010275363922, 0.518408477306366]
[0.48767030239105225, 0.5588930249214172, 0.4313782751560211, 0.2691052258014679, 0.5046823024749756]
