0
#涨姿势#教你一秒辨别好户型，看房、买房其实可以很容易~
[0.4336079955101013, 0.5468705296516418, 0.4925745725631714, 0.3864149749279022, 0.5158976316452026]
[0.3471529483795166, 0.5534290075302124, 0.5051109194755554, 0.5354823470115662, 0.47647953033447266]
[0.49233826994895935, 0.5599255561828613, 0.44961869716644287, 0.3369925320148468, 0.5068238377571106]
[0.5458851456642151, 0.5649540424346924, 0.39983218908309937, 0.24436406791210175, 0.561871349811554]
[0.4265078604221344, 0.5296006798744202, 0.4788132905960083, 0.3243691921234131, 0.5154007077217102]
[0.49819183349609375, 0.5695810914039612, 0.4092336595058441, 0.28381651639938354, 0.5330636501312256]
[0.5358060598373413, 0.5607860088348389, 0.43445971608161926, 0.3103099465370178, 0.5722434520721436]
[0.5827742218971252, 0.5781580805778503, 0.3800462782382965, 0.2495192587375641, 0.5904105305671692]
[0.5693991184234619, 0.5757246613502502, 0.39282551407814026, 0.22381334006786346, 0.5683477520942688]
[0.5074005722999573, 0.5615063309669495, 0.44871291518211365, 0.31523317098617554, 0.5140071511268616]
[0.4653099477291107, 0.5514097809791565, 0.500248372554779, 0.3713623583316803, 0.5106837749481201]
[0.5256757140159607, 0.5622954368591309, 0.42845678329467773, 0.3064309358596802, 0.5356506109237671]
[0.5698122978210449, 0.5701771974563599, 0.3986153304576874, 0.25397711992263794, 0.5839996933937073]
[0.538105845451355, 0.5879831314086914, 0.41182050108909607, 0.26826104521751404, 0.5607741475105286]
[0.45914486050605774, 0.5553573369979858, 0.4471626281738281, 0.31687188148498535, 0.46200060844421387]
[0.4965197741985321, 0.5354087352752686, 0.4980548918247223, 0.4229581356048584, 0.4846721589565277]
[0.37261706590652466, 0.5743075013160706, 0.45699432492256165, 0.296398788690567, 0.45108574628829956]
[0.45097342133522034, 0.5826473236083984, 0.43906286358833313, 0.2754814922809601, 0.5070205926895142]
[0.49819183349609375, 0.5695810914039612, 0.4092336595058441, 0.28381651639938354, 0.5330636501312256]
[0.5090579390525818, 0.5435219407081604, 0.4508398771286011, 0.3421156704425812, 0.5348342061042786]
[0.502245306968689, 0.5627667307853699, 0.45436742901802063, 0.33156463503837585, 0.5258467793464661]
[0.5160861611366272, 0.5797404646873474, 0.4300290644168854, 0.301846444606781, 0.5267243385314941]
[0.5476927161216736, 0.5623314380645752, 0.409932017326355, 0.25632089376449585, 0.5355091094970703]
[0.36732009053230286, 0.5611740946769714, 0.4423961639404297, 0.2842545509338379, 0.4558969736099243]
[0.5144408345222473, 0.5411825776100159, 0.47456756234169006, 0.2923485338687897, 0.4848548173904419]
[0.3139108121395111, 0.56053626537323, 0.4509721100330353, 0.2867964208126068, 0.4229436218738556]
[0.5187511444091797, 0.5657637715339661, 0.4381132125854492, 0.2819228768348694, 0.518878698348999]
[0.5053690671920776, 0.5770865082740784, 0.4234728217124939, 0.26742568612098694, 0.5389273762702942]
[0.43913713097572327, 0.5261836051940918, 0.5008271932601929, 0.35793983936309814, 0.49464771151542664]
[0.43913713097572327, 0.5261836051940918, 0.5008271932601929, 0.35793983936309814, 0.49464771151542664]
[0.5187511444091797, 0.5657637715339661, 0.4381132125854492, 0.2819228768348694, 0.518878698348999]
[0.4322660565376282, 0.5555173754692078, 0.4576936364173889, 0.2983802855014801, 0.5006892681121826]
[0.3670428693294525, 0.5437660217285156, 0.4409639835357666, 0.29074227809906006, 0.42662814259529114]
[0.5458851456642151, 0.5649540424346924, 0.39983218908309937, 0.24436406791210175, 0.561871349811554]
[0.4181275963783264, 0.5704780220985413, 0.45395827293395996, 0.2916615605354309, 0.5083028674125671]
[0.5817961096763611, 0.583579957485199, 0.38360682129859924, 0.24124778807163239, 0.5868054628372192]
[0.48379552364349365, 0.5937032699584961, 0.41920071840286255, 0.2830924987792969, 0.4925927221775055]
[0.49819183349609375, 0.5695810914039612, 0.4092336595058441, 0.28381651639938354, 0.5330636501312256]
[0.45916488766670227, 0.5640477538108826, 0.43755948543548584, 0.30315154790878296, 0.49385887384414673]
[0.518643319606781, 0.5795661211013794, 0.43667668104171753, 0.2685704827308655, 0.5344675779342651]
[0.4917965829372406, 0.5642513632774353, 0.44473153352737427, 0.292820006608963, 0.504958987236023]
[0.45412176847457886, 0.5678198933601379, 0.4416215419769287, 0.30848103761672974, 0.47406062483787537]
[0.43579238653182983, 0.5616884231567383, 0.4501558244228363, 0.3212602138519287, 0.4732399582862854]
[0.39897963404655457, 0.5537802577018738, 0.45555639266967773, 0.31934991478919983, 0.45144662261009216]
[0.4085480570793152, 0.5489730834960938, 0.4409447908401489, 0.3320503830909729, 0.4711235463619232]
[0.4865124821662903, 0.5685380101203918, 0.438345342874527, 0.30123627185821533, 0.5134254097938538]
[0.48714789748191833, 0.578732967376709, 0.40826666355133057, 0.2776813805103302, 0.5099747776985168]
[0.47097858786582947, 0.566274881362915, 0.4436773359775543, 0.301570326089859, 0.5096644759178162]
[0.3717663288116455, 0.5591752529144287, 0.44442230463027954, 0.2877909243106842, 0.4457230567932129]
[0.538105845451355, 0.5879831314086914, 0.41182050108909607, 0.26826104521751404, 0.5607741475105286]
[0.4373527765274048, 0.5629709959030151, 0.46325820684432983, 0.31629788875579834, 0.49852362275123596]
[0.37142571806907654, 0.5626001358032227, 0.43638572096824646, 0.2745276093482971, 0.4599746763706207]
[0.571702241897583, 0.5890331268310547, 0.4110758900642395, 0.2582379877567291, 0.5634952783584595]
[0.5430936813354492, 0.5933454632759094, 0.4148803949356079, 0.2509933412075043, 0.5609080791473389]
[0.4568774402141571, 0.5404500961303711, 0.4529721140861511, 0.3253816068172455, 0.48385289311408997]
[0.5300263166427612, 0.5812479853630066, 0.41425544023513794, 0.2580432891845703, 0.5546272993087769]
[0.5236198902130127, 0.5805022120475769, 0.4285762310028076, 0.2914084494113922, 0.5433967113494873]
[0.4571739435195923, 0.5832393765449524, 0.4429728090763092, 0.27419501543045044, 0.5171133279800415]
[0.48506200313568115, 0.5660913586616516, 0.4325677454471588, 0.295868456363678, 0.49542316794395447]
[0.4755237102508545, 0.5938897728919983, 0.43617796897888184, 0.25363796949386597, 0.5189237594604492]
[0.5303598642349243, 0.5747717022895813, 0.44675785303115845, 0.28700128197669983, 0.5348975658416748]
[0.4755237102508545, 0.5938897728919983, 0.43617796897888184, 0.25363796949386597, 0.5189237594604492]
[0.3771497905254364, 0.5554375052452087, 0.4602457284927368, 0.33899322152137756, 0.45516830682754517]
[0.4483307898044586, 0.5597571730613708, 0.4503381550312042, 0.2975800037384033, 0.5204134583473206]
[0.5181042551994324, 0.5742656588554382, 0.4577156603336334, 0.33194032311439514, 0.5277013778686523]
[0.5359944701194763, 0.5825049877166748, 0.41244903206825256, 0.26725539565086365, 0.5338192582130432]
