0
【山西同煤姜家湾煤矿透水事故：最新发现4人生还】4月19日，同煤集团地煤公司姜家湾煤矿综采一队8446工作面发生透水，24人被困。20日晚，在井下发现7名遇难者遗体，仍有17人被困。今天，井下发现4人生还，刚刚升井送入医院！目前，救援仍在进行。（央视记者韩逾昊）
[0.5247398614883423, 0.5369604825973511, 0.4806956350803375, 0.32975491881370544, 0.4852549433708191]
[0.5414575338363647, 0.58507239818573, 0.43212345242500305, 0.2513708472251892, 0.5775622725486755]
[0.5235349535942078, 0.5932881236076355, 0.41803109645843506, 0.27285242080688477, 0.5524725914001465]
[0.5070725679397583, 0.5795678496360779, 0.4309682846069336, 0.25872695446014404, 0.538472592830658]
[0.5185933113098145, 0.5886591672897339, 0.41420748829841614, 0.28358691930770874, 0.5321028828620911]
[0.48260194063186646, 0.5556713342666626, 0.4594985842704773, 0.3298441171646118, 0.482992559671402]
[0.5081770420074463, 0.5232669115066528, 0.4912838637828827, 0.41433262825012207, 0.5683473348617554]
[0.5070725679397583, 0.5795678496360779, 0.4309682846069336, 0.25872695446014404, 0.538472592830658]
[0.4391240179538727, 0.5807686448097229, 0.4209088981151581, 0.2932383716106415, 0.5050806999206543]
[0.5070725679397583, 0.5795678496360779, 0.4309682846069336, 0.25872695446014404, 0.538472592830658]
[0.5293900966644287, 0.5960212349891663, 0.4051457345485687, 0.26996365189552307, 0.5680757164955139]
[0.46800824999809265, 0.5151237845420837, 0.49066033959388733, 0.47002121806144714, 0.5035224556922913]
[0.5270827412605286, 0.5967831015586853, 0.41281893849372864, 0.26888126134872437, 0.5519604086875916]
[0.5240480899810791, 0.568534791469574, 0.4430893659591675, 0.32851099967956543, 0.540414571762085]
[0.5244512557983398, 0.5905895233154297, 0.4172618091106415, 0.2694428265094757, 0.5448654294013977]
[0.5070725679397583, 0.5795678496360779, 0.4309682846069336, 0.25872695446014404, 0.538472592830658]
[0.5260461568832397, 0.5862242579460144, 0.4310151934623718, 0.2730245292186737, 0.5295546650886536]
[0.5519367456436157, 0.5948122143745422, 0.40590789914131165, 0.26719725131988525, 0.5647894740104675]
[0.4057139456272125, 0.5586037039756775, 0.47196948528289795, 0.3334866762161255, 0.4809936285018921]
[0.4953007698059082, 0.5462477803230286, 0.4915870726108551, 0.3875950574874878, 0.5164124369621277]
[0.5509776473045349, 0.5861294269561768, 0.3893229067325592, 0.2706756591796875, 0.5508344769477844]
[0.4801279902458191, 0.5120013952255249, 0.4725911319255829, 0.3383106589317322, 0.49365299940109253]
[0.5178287625312805, 0.5127023458480835, 0.45440956950187683, 0.32871192693710327, 0.5561265349388123]
[0.5194366574287415, 0.580337643623352, 0.42273154854774475, 0.2797723114490509, 0.5523464679718018]
[0.5416796803474426, 0.5631229281425476, 0.4323444366455078, 0.32095664739608765, 0.5171230435371399]
[0.561684250831604, 0.5891079902648926, 0.3839205503463745, 0.25753283500671387, 0.5645296573638916]
[0.47874727845191956, 0.5400717258453369, 0.45681658387184143, 0.3093985915184021, 0.5082448124885559]
[0.4459259808063507, 0.5748198628425598, 0.4595475196838379, 0.313040554523468, 0.47609519958496094]
[0.5270827412605286, 0.5967831015586853, 0.41281893849372864, 0.26888126134872437, 0.5519604086875916]
[0.4838446378707886, 0.5578998923301697, 0.4090501666069031, 0.2578710913658142, 0.5481311082839966]
[0.49794113636016846, 0.5913714170455933, 0.463191419839859, 0.3244594633579254, 0.5208491683006287]
[0.5179698467254639, 0.5950044393539429, 0.40353620052337646, 0.25073885917663574, 0.5519951581954956]
[0.5070725679397583, 0.5795678496360779, 0.4309682846069336, 0.25872695446014404, 0.538472592830658]
[0.5070725679397583, 0.5795678496360779, 0.4309682846069336, 0.25872695446014404, 0.538472592830658]
[0.4230252206325531, 0.5840869545936584, 0.42882421612739563, 0.28455185890197754, 0.5011635422706604]
[0.46528157591819763, 0.5584778785705566, 0.44262006878852844, 0.2820143699645996, 0.4960242211818695]
[0.4383559823036194, 0.5795822739601135, 0.4175054430961609, 0.27643531560897827, 0.5017744302749634]
[0.49892958998680115, 0.5266695022583008, 0.5036336779594421, 0.4186076819896698, 0.5252975821495056]
[0.4402640461921692, 0.5466257929801941, 0.43649986386299133, 0.300953209400177, 0.4862712025642395]
[0.47448214888572693, 0.579021155834198, 0.4057256281375885, 0.28002411127090454, 0.5144662857055664]
[0.4987732470035553, 0.5298812985420227, 0.47878995537757874, 0.40365204215049744, 0.49294981360435486]
[0.4845637083053589, 0.5604819059371948, 0.4303010404109955, 0.2963825464248657, 0.5193896293640137]
[0.48359230160713196, 0.5927678942680359, 0.43945881724357605, 0.2975825071334839, 0.5169289112091064]
[0.5074096918106079, 0.5905137658119202, 0.42286908626556396, 0.27135273814201355, 0.5313239097595215]
[0.4291066825389862, 0.5752043128013611, 0.4163989722728729, 0.28432145714759827, 0.5003528594970703]
[0.46676233410835266, 0.5725009441375732, 0.47021088004112244, 0.32969483733177185, 0.49575167894363403]
[0.377202570438385, 0.5675201416015625, 0.4594901204109192, 0.2993837594985962, 0.4692065417766571]
[0.4383559823036194, 0.5795822739601135, 0.4175054430961609, 0.27643531560897827, 0.5017744302749634]
[0.5504333972930908, 0.5631834268569946, 0.44375941157341003, 0.3031482994556427, 0.5381799340248108]
[0.4383559823036194, 0.5795822739601135, 0.4175054430961609, 0.27643531560897827, 0.5017744302749634]
[0.5070725679397583, 0.5795678496360779, 0.4309682846069336, 0.25872695446014404, 0.538472592830658]
[0.5270827412605286, 0.5967831015586853, 0.41281893849372864, 0.26888126134872437, 0.5519604086875916]
[0.5590689778327942, 0.5828008651733398, 0.4058225154876709, 0.28250396251678467, 0.5657593607902527]
[0.4681362807750702, 0.57663893699646, 0.4505113959312439, 0.28344404697418213, 0.5163792371749878]
[0.4775446057319641, 0.5570471882820129, 0.4520924389362335, 0.3253285884857178, 0.5145055651664734]
[0.5561572909355164, 0.5937171578407288, 0.41795048117637634, 0.2560843825340271, 0.5541695356369019]
[0.5270827412605286, 0.5967831015586853, 0.41281893849372864, 0.26888126134872437, 0.5519604086875916]
[0.5179698467254639, 0.5950044393539429, 0.40353620052337646, 0.25073885917663574, 0.5519951581954956]
[0.47241121530532837, 0.5714503526687622, 0.45980364084243774, 0.298358291387558, 0.5045388340950012]
[0.5947819948196411, 0.5226765275001526, 0.4830038547515869, 0.3843625485897064, 0.6308351159095764]
[0.5270827412605286, 0.5967831015586853, 0.41281893849372864, 0.26888126134872437, 0.5519604086875916]
[0.5533649325370789, 0.5922772884368896, 0.4088630974292755, 0.2677921652793884, 0.5596466064453125]
[0.5070725679397583, 0.5795678496360779, 0.4309682846069336, 0.25872695446014404, 0.538472592830658]
[0.5046968460083008, 0.5721406936645508, 0.41431358456611633, 0.26721927523612976, 0.5349233746528625]
[0.4125325381755829, 0.5092921853065491, 0.4908336400985718, 0.3912724256515503, 0.43990886211395264]
[0.5486987829208374, 0.5552405714988708, 0.42947110533714294, 0.3161548972129822, 0.5595521926879883]
[0.5179698467254639, 0.5950044393539429, 0.40353620052337646, 0.25073885917663574, 0.5519951581954956]
[0.48046568036079407, 0.5560068488121033, 0.43412941694259644, 0.30195730924606323, 0.4806012213230133]
[0.5486987829208374, 0.5552405714988708, 0.42947110533714294, 0.3161548972129822, 0.5595521926879883]
[0.5533649325370789, 0.5922772884368896, 0.4088630974292755, 0.2677921652793884, 0.5596466064453125]
[0.4925852119922638, 0.5552869439125061, 0.42619115114212036, 0.3064669668674469, 0.49533140659332275]
[0.5070725679397583, 0.5795678496360779, 0.4309682846069336, 0.25872695446014404, 0.538472592830658]
[0.5211889743804932, 0.5816422700881958, 0.457754909992218, 0.33149808645248413, 0.5367944836616516]
[0.4774811267852783, 0.5928694009780884, 0.4410421848297119, 0.29204216599464417, 0.5213106274604797]
[0.47599536180496216, 0.5695580244064331, 0.4321802258491516, 0.29951760172843933, 0.4936116337776184]
[0.519511878490448, 0.5795804262161255, 0.4313141405582428, 0.2867125868797302, 0.5253034830093384]
[0.5332347750663757, 0.5519275069236755, 0.4795382618904114, 0.3784829378128052, 0.5298866629600525]
[0.49772679805755615, 0.5847389101982117, 0.44912323355674744, 0.27211225032806396, 0.5407699942588806]
[0.4997347891330719, 0.5967060327529907, 0.42869141697883606, 0.2783973515033722, 0.5370179414749146]
[0.5758337378501892, 0.5597098469734192, 0.4033423960208893, 0.2784455716609955, 0.56168133020401]
[0.5278905034065247, 0.5806140899658203, 0.3995905816555023, 0.2710803151130676, 0.5434150695800781]
[0.5781620144844055, 0.5832182168960571, 0.41358625888824463, 0.2597285509109497, 0.5731070041656494]
[0.5658561587333679, 0.5957083702087402, 0.3951316177845001, 0.252066969871521, 0.5831427574157715]
[0.4652004539966583, 0.5960708260536194, 0.4548622667789459, 0.2861900329589844, 0.5089635252952576]
[0.5364865064620972, 0.5858796834945679, 0.3970129191875458, 0.24851341545581818, 0.5673507452011108]
[0.4696716368198395, 0.5549660325050354, 0.4583151936531067, 0.33449068665504456, 0.5066695213317871]
[0.47960928082466125, 0.581097424030304, 0.45799025893211365, 0.34526777267456055, 0.5209882855415344]
[0.4844588339328766, 0.5615494847297668, 0.4585385024547577, 0.3239963948726654, 0.5197425484657288]
[0.5270827412605286, 0.5967831015586853, 0.41281893849372864, 0.26888126134872437, 0.5519604086875916]
[0.49711260199546814, 0.5687560439109802, 0.47473010420799255, 0.306294709444046, 0.5389884114265442]
[0.4429534375667572, 0.5632385611534119, 0.4420328736305237, 0.274984747171402, 0.4797077476978302]
[0.572162389755249, 0.575800895690918, 0.4075125455856323, 0.26573196053504944, 0.5492257475852966]
[0.496601939201355, 0.53279048204422, 0.4869762361049652, 0.3293898403644562, 0.5329813361167908]
[0.48720782995224, 0.574844479560852, 0.41403645277023315, 0.2745511829853058, 0.5233948826789856]
[0.5205760598182678, 0.5893607139587402, 0.4286401569843292, 0.29298990964889526, 0.5465260148048401]
[0.45142465829849243, 0.5239064693450928, 0.5354472994804382, 0.4693329930305481, 0.517780065536499]
[0.5468898415565491, 0.5420351028442383, 0.4131045341491699, 0.2730996906757355, 0.5581501722335815]
[0.5719768404960632, 0.5913892984390259, 0.3911932110786438, 0.24472473561763763, 0.5825605988502502]
[0.4320327043533325, 0.580361008644104, 0.4439273774623871, 0.3277483582496643, 0.490519255399704]
[0.5140244364738464, 0.5573893785476685, 0.4420616626739502, 0.31660139560699463, 0.5183084011077881]
[0.5258890986442566, 0.5830190181732178, 0.43136125802993774, 0.2776724100112915, 0.5741550326347351]
