0
【辣条又上黑榜啦！】北京市食药监局公布7种不合格食品，其中调味面制品“台式烤香肠”、“马上有钱”、“鸡汁牛肉”，“找你妹”方便食品等甜蜜素超标。专家提醒：廉价劣质食品，含大量食品添加剂，摄入量大，甚至可能影响身高智力。转发扩散！（央视记者余静英）
[0.4881686568260193, 0.5215771198272705, 0.448913037776947, 0.26630768179893494, 0.5131523609161377]
[0.5145235061645508, 0.5632001161575317, 0.4516443908214569, 0.3121984004974365, 0.5399776697158813]
[0.542164146900177, 0.5744282007217407, 0.43287572264671326, 0.25552037358283997, 0.5530746579170227]
[0.48581093549728394, 0.5546094179153442, 0.4393799602985382, 0.33000266551971436, 0.508710503578186]
[0.41237717866897583, 0.5868756175041199, 0.4492399990558624, 0.28170305490493774, 0.4814044237136841]
[0.565935492515564, 0.5752848982810974, 0.41012611985206604, 0.264243483543396, 0.564369797706604]
[0.4731026589870453, 0.5635591745376587, 0.43747392296791077, 0.2947491407394409, 0.4981549084186554]
[0.5001094341278076, 0.5884568095207214, 0.4444633722305298, 0.3130234479904175, 0.5373579263687134]
[0.48300474882125854, 0.5576982498168945, 0.4215124249458313, 0.2585113048553467, 0.4726227819919586]
[0.38433408737182617, 0.5056015849113464, 0.5149000883102417, 0.42682456970214844, 0.4946694076061249]
[0.5448570847511292, 0.5992358326911926, 0.4335053563117981, 0.2642391622066498, 0.5558105707168579]
[0.5029655694961548, 0.5714306235313416, 0.43854132294654846, 0.3023982346057892, 0.5204955339431763]
[0.40461453795433044, 0.5437779426574707, 0.48594701290130615, 0.35524019598960876, 0.5119722485542297]
[0.48399001359939575, 0.557929277420044, 0.45495325326919556, 0.3774457573890686, 0.4930724501609802]
[0.45203399658203125, 0.5696611404418945, 0.436684787273407, 0.2951662838459015, 0.5073059797286987]
[0.4929632544517517, 0.582230269908905, 0.42408737540245056, 0.27694275975227356, 0.5200573801994324]
[0.4940849542617798, 0.5547972917556763, 0.4270213842391968, 0.3227711021900177, 0.49255847930908203]
[0.5233269333839417, 0.5700322985649109, 0.42520609498023987, 0.26375675201416016, 0.5156592130661011]
[0.46577873826026917, 0.5658997893333435, 0.43652620911598206, 0.2903638184070587, 0.510594367980957]
[0.416271448135376, 0.5763152837753296, 0.4356174170970917, 0.290353387594223, 0.4663355350494385]
[0.44413071870803833, 0.5696401000022888, 0.42715251445770264, 0.30303189158439636, 0.49024415016174316]
[0.5511391758918762, 0.5778985023498535, 0.4239027500152588, 0.31794601678848267, 0.4984954595565796]
[0.43585842847824097, 0.5501278042793274, 0.4611862599849701, 0.3780483603477478, 0.497400164604187]
[0.5434539914131165, 0.5784748792648315, 0.4174779951572418, 0.2873663604259491, 0.5373298525810242]
[0.44526177644729614, 0.5782157182693481, 0.43330898880958557, 0.3055168688297272, 0.4906873404979706]
[0.4692090153694153, 0.5759707093238831, 0.43866387009620667, 0.27758970856666565, 0.5261483788490295]
[0.4099479615688324, 0.5337795615196228, 0.46881914138793945, 0.3826388716697693, 0.43529751896858215]
[0.44219914078712463, 0.5537795424461365, 0.5015600323677063, 0.39601781964302063, 0.47949856519699097]
[0.5070725679397583, 0.5795678496360779, 0.4309682846069336, 0.25872695446014404, 0.538472592830658]
[0.5151200890541077, 0.5808430910110474, 0.40573546290397644, 0.27179786562919617, 0.5335167050361633]
[0.45706284046173096, 0.5602536201477051, 0.4394369125366211, 0.2755230665206909, 0.49363359808921814]
[0.39000606536865234, 0.5268428325653076, 0.48036134243011475, 0.34676727652549744, 0.47038373351097107]
[0.549703061580658, 0.5518101453781128, 0.41671252250671387, 0.30305683612823486, 0.5559074282646179]
[0.4899464249610901, 0.5424994826316833, 0.4225435256958008, 0.2753675580024719, 0.5305808782577515]
[0.5148327946662903, 0.5662735104560852, 0.4385257363319397, 0.27896493673324585, 0.5443670749664307]
[0.5597196817398071, 0.5716016292572021, 0.43713507056236267, 0.2927907109260559, 0.48982810974121094]
[0.5671951174736023, 0.5820927023887634, 0.4109325110912323, 0.23470538854599, 0.5698809623718262]
[0.5070725679397583, 0.5795678496360779, 0.4309682846069336, 0.25872695446014404, 0.538472592830658]
[0.5207390785217285, 0.54250168800354, 0.4868449866771698, 0.35527896881103516, 0.5677540302276611]
[0.45070305466651917, 0.5448513627052307, 0.45638731122016907, 0.3619154393672943, 0.46604517102241516]
[0.432736873626709, 0.5470969676971436, 0.4658709168434143, 0.3171500861644745, 0.4801143705844879]
[0.5024007558822632, 0.583762526512146, 0.475983202457428, 0.2883063852787018, 0.5235313177108765]
[0.4440653324127197, 0.5529499650001526, 0.47549766302108765, 0.3556172549724579, 0.4807776212692261]
[0.5216878056526184, 0.5543673634529114, 0.4433251917362213, 0.3214227557182312, 0.531502902507782]
[0.4586663842201233, 0.5379573106765747, 0.46004369854927063, 0.33889180421829224, 0.48135820031166077]
[0.4411802291870117, 0.5575293898582458, 0.45770737528800964, 0.33738747239112854, 0.47898444533348083]
[0.48317867517471313, 0.5442972183227539, 0.4614015221595764, 0.32735684514045715, 0.5065954923629761]
[0.42237967252731323, 0.5681453347206116, 0.4740535020828247, 0.3434743285179138, 0.4688532054424286]
[0.443098783493042, 0.5306597352027893, 0.45525476336479187, 0.3121700882911682, 0.4913043975830078]
[0.5265293121337891, 0.5889855623245239, 0.41622814536094666, 0.2639209032058716, 0.5449332594871521]
[0.4854797124862671, 0.5566465854644775, 0.4359360337257385, 0.2638368010520935, 0.5098045468330383]
[0.5382689237594604, 0.5481283068656921, 0.4509374797344208, 0.314293771982193, 0.5591984987258911]
[0.4590834975242615, 0.5556929707527161, 0.45388519763946533, 0.32949650287628174, 0.47371384501457214]
[0.4125089645385742, 0.5612038969993591, 0.4331773817539215, 0.25771984457969666, 0.48712703585624695]
[0.42304104566574097, 0.5484688878059387, 0.471129834651947, 0.30390170216560364, 0.4647689759731293]
[0.4817706048488617, 0.5681768655776978, 0.44774824380874634, 0.32642412185668945, 0.480448842048645]
[0.5262548923492432, 0.5940651297569275, 0.4181249439716339, 0.25035423040390015, 0.5449739098548889]
[0.48471763730049133, 0.5773383378982544, 0.439546138048172, 0.29266655445098877, 0.5122434496879578]
[0.5217018723487854, 0.5848590731620789, 0.4152766466140747, 0.27405789494514465, 0.565820574760437]
[0.42041778564453125, 0.5556838512420654, 0.46134549379348755, 0.3177923262119293, 0.4828355014324188]
[0.4878807067871094, 0.5621774792671204, 0.44447341561317444, 0.3044174015522003, 0.5062284469604492]
[0.4477100074291229, 0.539909303188324, 0.46268853545188904, 0.35392212867736816, 0.4683428704738617]
[0.49645158648490906, 0.5844929814338684, 0.4356350600719452, 0.28392213582992554, 0.5471743941307068]
[0.4705682694911957, 0.49833768606185913, 0.4662547707557678, 0.36757782101631165, 0.5260489583015442]
[0.49035826325416565, 0.5584190487861633, 0.4757208228111267, 0.32858145236968994, 0.5369460582733154]
[0.5016735196113586, 0.5825465321540833, 0.4230867028236389, 0.2481139600276947, 0.5291932821273804]
[0.4935567378997803, 0.585102915763855, 0.43072620034217834, 0.2854960262775421, 0.5374647974967957]
[0.4455696940422058, 0.564021646976471, 0.439116507768631, 0.28836339712142944, 0.5222559571266174]
[0.4470140337944031, 0.5677231550216675, 0.4706830680370331, 0.35882216691970825, 0.49703872203826904]
[0.49819183349609375, 0.5695810914039612, 0.4092336595058441, 0.28381651639938354, 0.5330636501312256]
[0.547374427318573, 0.5491565465927124, 0.45860037207603455, 0.298119455575943, 0.5315653681755066]
[0.4748002886772156, 0.5517527461051941, 0.43467065691947937, 0.30190059542655945, 0.5318878293037415]
[0.5210173726081848, 0.5732250213623047, 0.4182918965816498, 0.26105692982673645, 0.5188249945640564]
[0.5534457564353943, 0.5781348943710327, 0.4150362014770508, 0.2906700372695923, 0.582083523273468]
[0.5354865789413452, 0.5888907313346863, 0.41922876238822937, 0.2605830132961273, 0.5253303050994873]
[0.4655454158782959, 0.576432466506958, 0.46982842683792114, 0.29991579055786133, 0.5058601498603821]
[0.5254605412483215, 0.5739140510559082, 0.42598676681518555, 0.28867942094802856, 0.550126314163208]
[0.49675440788269043, 0.5689271688461304, 0.44323083758354187, 0.2947997748851776, 0.5304012298583984]
[0.5160998702049255, 0.5332238078117371, 0.4546741545200348, 0.35613885521888733, 0.5351041555404663]
[0.5025904178619385, 0.572308361530304, 0.4253150522708893, 0.29627037048339844, 0.5402289628982544]
[0.5272045731544495, 0.5704716444015503, 0.4399065673351288, 0.31766656041145325, 0.5257246494293213]
[0.4841534495353699, 0.5421922206878662, 0.47073009610176086, 0.35282233357429504, 0.5150626301765442]
[0.5336881279945374, 0.5823857188224792, 0.41128209233283997, 0.2821764051914215, 0.5431299805641174]
[0.42772066593170166, 0.5371841192245483, 0.4558617174625397, 0.32690444588661194, 0.48759859800338745]
[0.5354865789413452, 0.5888907313346863, 0.41922876238822937, 0.2605830132961273, 0.5253303050994873]
[0.5151200890541077, 0.5808430910110474, 0.40573546290397644, 0.27179786562919617, 0.5335167050361633]
[0.5070725679397583, 0.5795678496360779, 0.4309682846069336, 0.25872695446014404, 0.538472592830658]
[0.36150506138801575, 0.5191437602043152, 0.48760080337524414, 0.3917391300201416, 0.43560874462127686]
[0.4013622999191284, 0.5414823889732361, 0.4552673101425171, 0.3409285843372345, 0.4757847189903259]
[0.5841691493988037, 0.5862666964530945, 0.40598592162132263, 0.2427680790424347, 0.587046205997467]
[0.37701091170310974, 0.5707271695137024, 0.459838330745697, 0.28747686743736267, 0.4555027484893799]
[0.534892737865448, 0.5501887798309326, 0.44407013058662415, 0.28580811619758606, 0.5419349074363708]
[0.5322983860969543, 0.5556355118751526, 0.42095306515693665, 0.2766283452510834, 0.5463384389877319]
[0.5075885057449341, 0.5423495769500732, 0.4245600700378418, 0.30256980657577515, 0.5537036657333374]
[0.47216546535491943, 0.5197754502296448, 0.46415817737579346, 0.3057987689971924, 0.4683291018009186]
[0.46559569239616394, 0.5655978322029114, 0.42883771657943726, 0.28499722480773926, 0.4915258288383484]
[0.468673437833786, 0.5742737054824829, 0.44915831089019775, 0.3153740167617798, 0.49325358867645264]
[0.5358364582061768, 0.5676199793815613, 0.4195788502693176, 0.29369795322418213, 0.5526978969573975]
[0.4917451739311218, 0.5554194450378418, 0.46295973658561707, 0.3550933003425598, 0.49547722935676575]
[0.4869474172592163, 0.5624144077301025, 0.4645330309867859, 0.3265134394168854, 0.5234050750732422]
[0.4049704372882843, 0.5781086087226868, 0.44653889536857605, 0.28648239374160767, 0.4788837134838104]
