0
【塑料瓶底部的秘密】塑料瓶经常用，但你知道塑料瓶底的数字代表的含义吗？为了你的健康请看完全文，并转给我们的亲朋好友。（转）
[0.4607085585594177, 0.529686689376831, 0.47624489665031433, 0.34988775849342346, 0.5068366527557373]
[0.5325873494148254, 0.5880876183509827, 0.42129048705101013, 0.2533036768436432, 0.5475322008132935]
[0.5359944701194763, 0.5825049877166748, 0.41244903206825256, 0.26725539565086365, 0.5338192582130432]
[0.47335007786750793, 0.5523775219917297, 0.4229457974433899, 0.2753788232803345, 0.5228055715560913]
[0.36732009053230286, 0.5611740946769714, 0.4423961639404297, 0.2842545509338379, 0.4558969736099243]
[0.518330991268158, 0.5568216443061829, 0.4335614740848541, 0.3101218342781067, 0.5376975536346436]
[0.5057485103607178, 0.562789797782898, 0.43459969758987427, 0.30264803767204285, 0.5227249264717102]
[0.47460639476776123, 0.5389370918273926, 0.46607065200805664, 0.3424345850944519, 0.5170831680297852]
[0.5246276259422302, 0.5872648358345032, 0.4330253303050995, 0.2714240252971649, 0.5404440760612488]
[0.4359443187713623, 0.5716291666030884, 0.44512054324150085, 0.2869274616241455, 0.48760107159614563]
[0.5056399703025818, 0.5712970495223999, 0.425638347864151, 0.2811429798603058, 0.5285833477973938]
[0.41839495301246643, 0.5520805716514587, 0.43993526697158813, 0.3201856315135956, 0.4826206862926483]
[0.3139108121395111, 0.56053626537323, 0.4509721100330353, 0.2867964208126068, 0.4229436218738556]
[0.6154114603996277, 0.5686695575714111, 0.3757597506046295, 0.22706849873065948, 0.5986262559890747]
[0.49819183349609375, 0.5695810914039612, 0.4092336595058441, 0.28381651639938354, 0.5330636501312256]
[0.4697542190551758, 0.5587957501411438, 0.4567560851573944, 0.2924940288066864, 0.529434859752655]
[0.41046983003616333, 0.545324444770813, 0.4761664867401123, 0.3492865264415741, 0.4903617203235626]
[0.5245885252952576, 0.5744498372077942, 0.41011399030685425, 0.2704698443412781, 0.5377980470657349]
[0.5338190793991089, 0.5624887943267822, 0.44700121879577637, 0.30067986249923706, 0.49146270751953125]
[0.5070725679397583, 0.5795678496360779, 0.4309682846069336, 0.25872695446014404, 0.538472592830658]
[0.5174317359924316, 0.5996103882789612, 0.4178231954574585, 0.257856547832489, 0.5308322906494141]
[0.4916249215602875, 0.5863743424415588, 0.42839714884757996, 0.2992270886898041, 0.501563549041748]
[0.5010198950767517, 0.5803277492523193, 0.44776418805122375, 0.2949030101299286, 0.5265817046165466]
[0.5030351281166077, 0.5975708961486816, 0.41521158814430237, 0.27875080704689026, 0.5353478789329529]
[0.5070725679397583, 0.5795678496360779, 0.4309682846069336, 0.25872695446014404, 0.538472592830658]
[0.5676234364509583, 0.5783307552337646, 0.41847410798072815, 0.26762932538986206, 0.5697449445724487]
[0.5159106850624084, 0.5763325095176697, 0.4185645580291748, 0.2864248752593994, 0.5364948511123657]
[0.49153873324394226, 0.5869148373603821, 0.4331999719142914, 0.2908521294593811, 0.5233922004699707]
[0.5175832509994507, 0.5923318266868591, 0.40317362546920776, 0.25177621841430664, 0.5388357639312744]
[0.4408528506755829, 0.5374327898025513, 0.474916934967041, 0.3315996825695038, 0.4615212380886078]
[0.4479174017906189, 0.5458943843841553, 0.47738611698150635, 0.3345367908477783, 0.5215281844139099]
[0.5527663826942444, 0.5834845304489136, 0.4088178277015686, 0.25325989723205566, 0.5634087324142456]
[0.5187511444091797, 0.5657637715339661, 0.4381132125854492, 0.2819228768348694, 0.518878698348999]
[0.5633915066719055, 0.5560356378555298, 0.4145090878009796, 0.2562929093837738, 0.580747127532959]
[0.5174317359924316, 0.5996103882789612, 0.4178231954574585, 0.257856547832489, 0.5308322906494141]
[0.4756714105606079, 0.563405454158783, 0.44874128699302673, 0.27060383558273315, 0.46416598558425903]
[0.42570528388023376, 0.5464742183685303, 0.466391921043396, 0.3393153250217438, 0.4793623983860016]
[0.538105845451355, 0.5879831314086914, 0.41182050108909607, 0.26826104521751404, 0.5607741475105286]
[0.5342221856117249, 0.5842459797859192, 0.41376614570617676, 0.2618439197540283, 0.5515210032463074]
[0.47109735012054443, 0.5614417791366577, 0.47220954298973083, 0.33304500579833984, 0.511760950088501]
[0.5154847502708435, 0.5784673094749451, 0.4093785881996155, 0.2830372452735901, 0.5373417139053345]
[0.4607085585594177, 0.529686689376831, 0.47624489665031433, 0.34988775849342346, 0.5068366527557373]
[0.5422282814979553, 0.5863180160522461, 0.40551844239234924, 0.2753317654132843, 0.556081235408783]
[0.528118908405304, 0.5852379202842712, 0.43063226342201233, 0.2623966634273529, 0.5555712580680847]
[0.5295156240463257, 0.5814796686172485, 0.43400606513023376, 0.28138428926467896, 0.5658888220787048]
[0.43259313702583313, 0.5864244103431702, 0.46693485975265503, 0.309617280960083, 0.5177777409553528]
[0.536253035068512, 0.5601306557655334, 0.42090490460395813, 0.2645948827266693, 0.5565235614776611]
[0.49819183349609375, 0.5695810914039612, 0.4092336595058441, 0.28381651639938354, 0.5330636501312256]
[0.47735223174095154, 0.575262725353241, 0.43174487352371216, 0.2925332486629486, 0.5156015157699585]
[0.519974946975708, 0.5862996578216553, 0.4478980302810669, 0.2641419768333435, 0.5497052669525146]
[0.5300263166427612, 0.5812479853630066, 0.41425544023513794, 0.2580432891845703, 0.5546272993087769]
[0.5555643439292908, 0.5246040225028992, 0.4209772050380707, 0.33952876925468445, 0.5867025256156921]
[0.5354865789413452, 0.5888907313346863, 0.41922876238822937, 0.2605830132961273, 0.5253303050994873]
[0.5350306630134583, 0.580062747001648, 0.40391460061073303, 0.28343331813812256, 0.5424686074256897]
[0.49819183349609375, 0.5695810914039612, 0.4092336595058441, 0.28381651639938354, 0.5330636501312256]
[0.533340334892273, 0.5975444316864014, 0.4326668381690979, 0.2739633619785309, 0.5453365445137024]
[0.535548985004425, 0.5743044018745422, 0.4219232201576233, 0.27131181955337524, 0.5345061421394348]
[0.49819183349609375, 0.5695810914039612, 0.4092336595058441, 0.28381651639938354, 0.5330636501312256]
[0.3922611474990845, 0.5496257543563843, 0.4571712613105774, 0.28528687357902527, 0.4713066518306732]
[0.49819183349609375, 0.5695810914039612, 0.4092336595058441, 0.28381651639938354, 0.5330636501312256]
[0.44381970167160034, 0.5589949488639832, 0.4486669898033142, 0.3397601246833801, 0.4784865379333496]
[0.41518446803092957, 0.5445555448532104, 0.4444485902786255, 0.2878269553184509, 0.4460816979408264]
[0.5070725679397583, 0.5795678496360779, 0.4309682846069336, 0.25872695446014404, 0.538472592830658]
[0.5599308609962463, 0.6036190986633301, 0.4170824885368347, 0.2510661482810974, 0.582830011844635]
[0.5303249359130859, 0.582039475440979, 0.41632330417633057, 0.2547679841518402, 0.5604867935180664]
[0.3717663288116455, 0.5591752529144287, 0.44442230463027954, 0.2877909243106842, 0.4457230567932129]
[0.43815091252326965, 0.5670178532600403, 0.4917576313018799, 0.331910103559494, 0.5166403651237488]
[0.49819183349609375, 0.5695810914039612, 0.4092336595058441, 0.28381651639938354, 0.5330636501312256]
[0.4809417426586151, 0.5734701752662659, 0.45875421166419983, 0.28962910175323486, 0.5196584463119507]
[0.40777117013931274, 0.5454955697059631, 0.47025051712989807, 0.3200433850288391, 0.4685150384902954]
[0.49276554584503174, 0.5815361142158508, 0.4431927502155304, 0.28245314955711365, 0.5292410850524902]
[0.5438777208328247, 0.5828495621681213, 0.40330350399017334, 0.276263564825058, 0.566936731338501]
[0.32230567932128906, 0.5526045560836792, 0.45014631748199463, 0.3056265711784363, 0.430368572473526]
[0.5563711524009705, 0.5437349081039429, 0.44127973914146423, 0.33146703243255615, 0.5479139685630798]
[0.5468242168426514, 0.5881170630455017, 0.4244714081287384, 0.26115211844444275, 0.5662531852722168]
[0.45997458696365356, 0.5631375908851624, 0.4458351731300354, 0.29511168599128723, 0.5096672177314758]
[0.4820747673511505, 0.5686141848564148, 0.4493542015552521, 0.30013149976730347, 0.49912747740745544]
[0.5674596428871155, 0.5502859354019165, 0.3951869308948517, 0.30014854669570923, 0.57231605052948]
[0.4366118609905243, 0.569333553314209, 0.45121464133262634, 0.29303014278411865, 0.5029022693634033]
[0.4834224283695221, 0.5623782873153687, 0.4595161974430084, 0.30897974967956543, 0.5283666849136353]
[0.49819183349609375, 0.5695810914039612, 0.4092336595058441, 0.28381651639938354, 0.5330636501312256]
[0.4753492474555969, 0.5805472135543823, 0.42990997433662415, 0.2950056493282318, 0.5272809267044067]
[0.5371676683425903, 0.5703386664390564, 0.448170006275177, 0.3007482886314392, 0.5455226898193359]
[0.50380539894104, 0.5977815985679626, 0.4270743429660797, 0.2716008126735687, 0.5197534561157227]
[0.49812284111976624, 0.5559598803520203, 0.42447730898857117, 0.26116836071014404, 0.5469083189964294]
[0.4465450644493103, 0.5594806671142578, 0.42920732498168945, 0.2666192948818207, 0.4783044755458832]
[0.4487622082233429, 0.5716210603713989, 0.4600348174571991, 0.3031274080276489, 0.45275557041168213]
[0.4359598755836487, 0.5795577764511108, 0.43983763456344604, 0.2880033850669861, 0.5002403855323792]
[0.3830062448978424, 0.5538111329078674, 0.4548491835594177, 0.3284439742565155, 0.4490242302417755]
[0.5205943584442139, 0.5831683278083801, 0.4050350785255432, 0.2789579927921295, 0.5154598951339722]
[0.5561572909355164, 0.5937171578407288, 0.41795048117637634, 0.2560843825340271, 0.5541695356369019]
[0.49819183349609375, 0.5695810914039612, 0.4092336595058441, 0.28381651639938354, 0.5330636501312256]
[0.5070725679397583, 0.5795678496360779, 0.4309682846069336, 0.25872695446014404, 0.538472592830658]
[0.4034457206726074, 0.5702529549598694, 0.45332980155944824, 0.333516925573349, 0.4492672383785248]
[0.5070725679397583, 0.5795678496360779, 0.4309682846069336, 0.25872695446014404, 0.538472592830658]
[0.5175832509994507, 0.5923318266868591, 0.40317362546920776, 0.25177621841430664, 0.5388357639312744]
[0.570806622505188, 0.5521805286407471, 0.42689743638038635, 0.2792394161224365, 0.5818992257118225]
[0.5019966959953308, 0.5889410972595215, 0.4441416561603546, 0.2722527086734772, 0.5110267996788025]
[0.49506866931915283, 0.5650999546051025, 0.421929270029068, 0.3043830096721649, 0.5060327649116516]
[0.49761685729026794, 0.5777846574783325, 0.42459291219711304, 0.2792431116104126, 0.5200966596603394]
[0.4410645365715027, 0.5772431492805481, 0.43443575501441956, 0.28233614563941956, 0.49395751953125]
