0
如果你能拥有下面一个技能，你会选哪一个______？（转）
[0.45938485860824585, 0.5605568885803223, 0.48374128341674805, 0.3321809470653534, 0.4864824712276459]
[0.399858295917511, 0.508316695690155, 0.4512086510658264, 0.3321210741996765, 0.43772566318511963]
[0.3160286843776703, 0.5557241439819336, 0.47433656454086304, 0.3201051354408264, 0.4116578996181488]
[0.414532870054245, 0.5280787348747253, 0.47456926107406616, 0.3788664638996124, 0.4592505097389221]
[0.3520753085613251, 0.551589846611023, 0.4651380181312561, 0.31066158413887024, 0.430914044380188]
[0.49375295639038086, 0.5783133506774902, 0.45450490713119507, 0.29023781418800354, 0.505050003528595]
[0.46249282360076904, 0.5471099615097046, 0.4786945581436157, 0.37496688961982727, 0.4665304720401764]
[0.4477047026157379, 0.5758174061775208, 0.45084938406944275, 0.286833256483078, 0.47227227687835693]
[0.4673563539981842, 0.5822675228118896, 0.4551338255405426, 0.2818213701248169, 0.48450225591659546]
[0.43326351046562195, 0.5854916572570801, 0.4599108397960663, 0.29516831040382385, 0.4726795554161072]
[0.4384884238243103, 0.544916570186615, 0.45294106006622314, 0.3659033477306366, 0.48290857672691345]
[0.5005646347999573, 0.5735089182853699, 0.4363420903682709, 0.28759047389030457, 0.5260819792747498]
[0.4673563539981842, 0.5822675228118896, 0.4551338255405426, 0.2818213701248169, 0.48450225591659546]
[0.49006539583206177, 0.5498095154762268, 0.4305143356323242, 0.27292361855506897, 0.5089684128761292]
[0.5105463266372681, 0.5686862468719482, 0.44416216015815735, 0.3263181447982788, 0.5086497068405151]
[0.47707563638687134, 0.5615928769111633, 0.451720654964447, 0.2884553372859955, 0.539419412612915]
[0.5146969556808472, 0.5697934031486511, 0.42316487431526184, 0.268253356218338, 0.5390762686729431]
[0.45938485860824585, 0.5605568885803223, 0.48374128341674805, 0.3321809470653534, 0.4864824712276459]
[0.3234175443649292, 0.5401877760887146, 0.4748045802116394, 0.30625611543655396, 0.41190510988235474]
[0.45866501331329346, 0.5774602293968201, 0.4360419511795044, 0.3123966157436371, 0.4936239421367645]
[0.45165255665779114, 0.5893328785896301, 0.4447060227394104, 0.30864229798316956, 0.48371440172195435]
[0.49554726481437683, 0.5938609838485718, 0.438642680644989, 0.28816983103752136, 0.5053329467773438]
[0.4295670688152313, 0.5661188960075378, 0.4637919068336487, 0.28810203075408936, 0.48143190145492554]
[0.49428483843803406, 0.5470414161682129, 0.44380149245262146, 0.3203548789024353, 0.5049789547920227]
[0.5021848678588867, 0.5757404565811157, 0.4504048824310303, 0.2802554666996002, 0.5289395451545715]
[0.4539797008037567, 0.545401394367218, 0.4510793089866638, 0.31278684735298157, 0.52546226978302]
[0.42790383100509644, 0.5752543210983276, 0.45562517642974854, 0.3079690635204315, 0.5069525241851807]
[0.49981600046157837, 0.575165867805481, 0.4516450762748718, 0.29170310497283936, 0.5183330774307251]
[0.37639233469963074, 0.5416135787963867, 0.453919380903244, 0.3006303906440735, 0.4364599287509918]
[0.46302708983421326, 0.5547560453414917, 0.47842055559158325, 0.3548113703727722, 0.49679380655288696]
[0.4968634843826294, 0.5644946098327637, 0.41845786571502686, 0.2566262483596802, 0.536714494228363]
[0.40370386838912964, 0.5381656289100647, 0.45864591002464294, 0.3285655081272125, 0.49416670203208923]
[0.32747983932495117, 0.5577786564826965, 0.4410993158817291, 0.29118484258651733, 0.43499886989593506]
[0.45184481143951416, 0.5514931678771973, 0.4578409194946289, 0.29122093319892883, 0.45413926243782043]
[0.43605780601501465, 0.5436460375785828, 0.46900802850723267, 0.33858492970466614, 0.46669450402259827]
[0.3830762803554535, 0.5624433159828186, 0.4624323546886444, 0.3004853427410126, 0.46082693338394165]
[0.47266826033592224, 0.5460955500602722, 0.4694611430168152, 0.33081063628196716, 0.5224037170410156]
[0.4908025562763214, 0.5644811987876892, 0.4408121705055237, 0.3282684087753296, 0.5187327265739441]
[0.32747983932495117, 0.5577786564826965, 0.4410993158817291, 0.29118484258651733, 0.43499886989593506]
[0.5127333998680115, 0.555270254611969, 0.436453253030777, 0.33084866404533386, 0.505500316619873]
[0.366647332906723, 0.5581315755844116, 0.46756574511528015, 0.32329076528549194, 0.45402824878692627]
[0.5031324028968811, 0.5304450988769531, 0.4616345167160034, 0.2964186370372772, 0.5377417206764221]
[0.38529807329177856, 0.5311571955680847, 0.5049067735671997, 0.37272319197654724, 0.45566022396087646]
[0.5276973247528076, 0.5815714597702026, 0.42784860730171204, 0.2547743022441864, 0.5602868795394897]
[0.49375295639038086, 0.5783133506774902, 0.45450490713119507, 0.29023781418800354, 0.505050003528595]
[0.574425995349884, 0.5729849934577942, 0.42217445373535156, 0.2673666179180145, 0.5632240176200867]
[0.3647570312023163, 0.5309192538261414, 0.5017907023429871, 0.3552943170070648, 0.4449082612991333]
[0.4871019124984741, 0.5471559166908264, 0.47554996609687805, 0.34827616810798645, 0.5097959637641907]
[0.5492984652519226, 0.589783787727356, 0.42184799909591675, 0.2729170620441437, 0.5640434622764587]
[0.4648974537849426, 0.5054512619972229, 0.5138461589813232, 0.4545900225639343, 0.49531200528144836]
[0.5336746573448181, 0.5302188992500305, 0.4553317725658417, 0.39298513531684875, 0.48197293281555176]
[0.4565763473510742, 0.5587191581726074, 0.46326908469200134, 0.33642280101776123, 0.4981794059276581]
[0.5348421931266785, 0.5765920877456665, 0.41594403982162476, 0.25919750332832336, 0.5447936058044434]
[0.3291623294353485, 0.538038432598114, 0.45875677466392517, 0.30893221497535706, 0.41363525390625]
[0.4695506989955902, 0.5682857632637024, 0.4387876093387604, 0.26438426971435547, 0.4910353422164917]
[0.5757365226745605, 0.5897319316864014, 0.40643736720085144, 0.25071677565574646, 0.5680649280548096]
[0.49375295639038086, 0.5783133506774902, 0.45450490713119507, 0.29023781418800354, 0.505050003528595]
[0.47686487436294556, 0.5613295435905457, 0.4797997772693634, 0.33136096596717834, 0.5186201333999634]
[0.33783093094825745, 0.5341956615447998, 0.48428016901016235, 0.3908059000968933, 0.4041602313518524]
[0.5053291320800781, 0.5663790702819824, 0.43614867329597473, 0.3035864531993866, 0.50539231300354]
[0.45938485860824585, 0.5605568885803223, 0.48374128341674805, 0.3321809470653534, 0.4864824712276459]
[0.4317129850387573, 0.5078496932983398, 0.5077996850013733, 0.45050331950187683, 0.4911251366138458]
[0.32747983932495117, 0.5577786564826965, 0.4410993158817291, 0.29118484258651733, 0.43499886989593506]
[0.4522469639778137, 0.5375466346740723, 0.4708852469921112, 0.4050412178039551, 0.4595113694667816]
[0.34190401434898376, 0.5495637059211731, 0.46583428978919983, 0.30918726325035095, 0.43013879656791687]
[0.5994098782539368, 0.5919056534767151, 0.3917059898376465, 0.22058862447738647, 0.5948398113250732]
[0.489190012216568, 0.5674687027931213, 0.45166295766830444, 0.28276556730270386, 0.5042200088500977]
[0.3621048033237457, 0.5428599715232849, 0.45232129096984863, 0.293266624212265, 0.44231119751930237]
[0.5255635380744934, 0.5875167846679688, 0.4254823625087738, 0.263129323720932, 0.5472647547721863]
[0.36115774512290955, 0.5508941411972046, 0.4659852087497711, 0.3186151385307312, 0.4324018359184265]
[0.47169771790504456, 0.5717601180076599, 0.4372783899307251, 0.30259111523628235, 0.5020222663879395]
[0.34859520196914673, 0.5391497015953064, 0.5202147960662842, 0.42424967885017395, 0.43723350763320923]
[0.49512821435928345, 0.5809654593467712, 0.43380773067474365, 0.3088059723377228, 0.5071887373924255]
[0.4984567165374756, 0.5758614540100098, 0.4304518699645996, 0.31024613976478577, 0.5308597683906555]
[0.44523075222969055, 0.569866955280304, 0.44956332445144653, 0.31422075629234314, 0.4971104860305786]
[0.43249601125717163, 0.5507162809371948, 0.44447487592697144, 0.3253409266471863, 0.47967201471328735]
[0.32747983932495117, 0.5577786564826965, 0.4410993158817291, 0.29118484258651733, 0.43499886989593506]
[0.3849077522754669, 0.5391610264778137, 0.4853239059448242, 0.32368355989456177, 0.5050964951515198]
[0.3676673173904419, 0.5642209649085999, 0.43235623836517334, 0.2861552834510803, 0.45502328872680664]
[0.364690363407135, 0.5545195937156677, 0.46606194972991943, 0.28129076957702637, 0.42426252365112305]
[0.5353958606719971, 0.5854340195655823, 0.42896080017089844, 0.25576815009117126, 0.5616158843040466]
[0.5492984652519226, 0.589783787727356, 0.42184799909591675, 0.2729170620441437, 0.5640434622764587]
[0.4158434271812439, 0.5530852675437927, 0.4757218658924103, 0.3102918267250061, 0.5215400457382202]
[0.3559419512748718, 0.5612238049507141, 0.46109524369239807, 0.3224755525588989, 0.4395671784877777]
[0.3559419512748718, 0.5612238049507141, 0.46109524369239807, 0.3224755525588989, 0.4395671784877777]
[0.32747983932495117, 0.5577786564826965, 0.4410993158817291, 0.29118484258651733, 0.43499886989593506]
[0.437903493642807, 0.5435448288917542, 0.460171103477478, 0.32743197679519653, 0.479735791683197]
[0.5144869089126587, 0.5917291641235352, 0.42981886863708496, 0.2763787508010864, 0.5408317446708679]
[0.5103393793106079, 0.5681027770042419, 0.4358719289302826, 0.2811852693557739, 0.5333943367004395]
[0.49799391627311707, 0.5810126066207886, 0.4244674742221832, 0.2758495807647705, 0.5080980658531189]
[0.3559419512748718, 0.5612238049507141, 0.46109524369239807, 0.3224755525588989, 0.4395671784877777]
[0.42379310727119446, 0.536423921585083, 0.470559298992157, 0.3584969639778137, 0.47210994362831116]
[0.5234712362289429, 0.5988357663154602, 0.44546422362327576, 0.2775266468524933, 0.533500611782074]
[0.3676673173904419, 0.5642209649085999, 0.43235623836517334, 0.2861552834510803, 0.45502328872680664]
[0.49375295639038086, 0.5783133506774902, 0.45450490713119507, 0.29023781418800354, 0.505050003528595]
[0.43318668007850647, 0.5312086939811707, 0.5178139209747314, 0.3939332365989685, 0.4916839003562927]
[0.4952908754348755, 0.5551096796989441, 0.44175195693969727, 0.2965822219848633, 0.5281226634979248]
[0.43442732095718384, 0.5703542828559875, 0.4444405734539032, 0.3077442944049835, 0.49141544103622437]
[0.6163300275802612, 0.5639463663101196, 0.3621712625026703, 0.22732596099376678, 0.6057111024856567]
[0.3676673173904419, 0.5642209649085999, 0.43235623836517334, 0.2861552834510803, 0.45502328872680664]
[0.3559419512748718, 0.5612238049507141, 0.46109524369239807, 0.3224755525588989, 0.4395671784877777]
