0
【2015普利策奖】大约有1200件新闻作品参加了今年的第99届普利策奖角逐，美国南卡罗莱纳州日发行量8.5万份的《信使邮报》(The Post and Courier)因为一系列有关该州大量家暴致死事件的报道，获得了公共服务奖的金牌。这是该奖项五年来首次被如此小型的报纸获得。完整获奖名单请看下图↓↓
[0.5490295886993408, 0.5505825281143188, 0.4594913423061371, 0.31753700971603394, 0.5273016095161438]
[0.46385839581489563, 0.5852295160293579, 0.4263814091682434, 0.28740888833999634, 0.5018996596336365]
[0.5277246832847595, 0.5370723605155945, 0.461938738822937, 0.3452335298061371, 0.5371719002723694]
[0.558176577091217, 0.5837705731391907, 0.4205693006515503, 0.26933491230010986, 0.5672476291656494]
[0.49640998244285583, 0.5606224536895752, 0.45313307642936707, 0.2591541111469269, 0.5259849429130554]
[0.5293606519699097, 0.537078320980072, 0.43833327293395996, 0.31798839569091797, 0.5430206060409546]
[0.5193508267402649, 0.5554582476615906, 0.41929715871810913, 0.25519728660583496, 0.5457351803779602]
[0.5082213282585144, 0.5581353902816772, 0.444368451833725, 0.3283402621746063, 0.5221220254898071]
[0.5513180494308472, 0.5755364298820496, 0.41022294759750366, 0.28187069296836853, 0.5453576445579529]
[0.5383135676383972, 0.5479648113250732, 0.4693850874900818, 0.2871669828891754, 0.5032188296318054]
[0.5029617547988892, 0.5774723291397095, 0.4224066734313965, 0.29877063632011414, 0.5198671817779541]
[0.48468825221061707, 0.5677255392074585, 0.4489520490169525, 0.292036235332489, 0.5167679786682129]
[0.3998338282108307, 0.5440996289253235, 0.500556230545044, 0.33041656017303467, 0.45874956250190735]
[0.5661016702651978, 0.5492227077484131, 0.4429035782814026, 0.3044731318950653, 0.5542910695075989]
[0.4315700829029083, 0.548793613910675, 0.4446049928665161, 0.28993165493011475, 0.47454386949539185]
[0.525676965713501, 0.5194973349571228, 0.4715896248817444, 0.37470588088035583, 0.5430170893669128]
