0
【植物油做饭可致癌？食用油常见误区】近日英国科学家称使用植物油做饭可致癌，小伙伴们都惊呆了！对此中国专家表示，“植物油拒高温烹饪，低温使用无危害。”关于食用油，你知道多少？那购买家庭用油该如何选取？平常我们做饭用油又存在哪些误区呢？……这些你应知道↓↓为健康，转发收藏！
[0.4340299665927887, 0.5193399786949158, 0.5209548473358154, 0.4258865416049957, 0.49932506680488586]
[0.5092177987098694, 0.5608645081520081, 0.4105808734893799, 0.2517193853855133, 0.543491780757904]
[0.5092177987098694, 0.5608645081520081, 0.4105808734893799, 0.2517193853855133, 0.543491780757904]
[0.5189836025238037, 0.5485502481460571, 0.41207194328308105, 0.23853936791419983, 0.5702611207962036]
[0.4812415540218353, 0.5779233574867249, 0.4284210801124573, 0.2683022618293762, 0.5018681287765503]
[0.3919354975223541, 0.5626255869865417, 0.4534982740879059, 0.3034674823284149, 0.4678128659725189]
[0.5070725679397583, 0.5795678496360779, 0.4309682846069336, 0.25872695446014404, 0.538472592830658]
[0.43092381954193115, 0.5522220134735107, 0.45125091075897217, 0.3102230131626129, 0.46799415349960327]
[0.5189836025238037, 0.5485502481460571, 0.41207194328308105, 0.23853936791419983, 0.5702611207962036]
[0.48148319125175476, 0.550334095954895, 0.42352819442749023, 0.3049858510494232, 0.4967719316482544]
[0.5237941145896912, 0.5711159110069275, 0.4414087235927582, 0.315412312746048, 0.5333237648010254]
[0.5206412076950073, 0.5485731959342957, 0.45011666417121887, 0.3043941259384155, 0.5393118262290955]
[0.48925143480300903, 0.551581621170044, 0.4434799551963806, 0.2996722459793091, 0.5056339502334595]
[0.6120377779006958, 0.5440452694892883, 0.4167357087135315, 0.27204784750938416, 0.5937614440917969]
[0.4596651792526245, 0.5474627017974854, 0.47853508591651917, 0.3896033465862274, 0.47952890396118164]
[0.4893529713153839, 0.5687392354011536, 0.40052154660224915, 0.23940834403038025, 0.5463631749153137]
[0.5332514643669128, 0.5683228969573975, 0.42774882912635803, 0.25945135951042175, 0.5636913180351257]
[0.4893529713153839, 0.5687392354011536, 0.40052154660224915, 0.23940834403038025, 0.5463631749153137]
[0.5430936813354492, 0.5933454632759094, 0.4148803949356079, 0.2509933412075043, 0.5609080791473389]
[0.41153302788734436, 0.547365665435791, 0.5067207217216492, 0.3981817364692688, 0.4624388813972473]
[0.41153302788734436, 0.547365665435791, 0.5067207217216492, 0.3981817364692688, 0.4624388813972473]
[0.4275378882884979, 0.5718470811843872, 0.44574612379074097, 0.29460960626602173, 0.4921588897705078]
[0.4198013246059418, 0.5585904717445374, 0.4837281107902527, 0.36162617802619934, 0.4357376992702484]
[0.5423617959022522, 0.5407940745353699, 0.4583545923233032, 0.3099772036075592, 0.5513437390327454]
[0.5132416486740112, 0.5765411257743835, 0.4204089343547821, 0.2780870497226715, 0.5275075435638428]
[0.4059743881225586, 0.5090967416763306, 0.5659766793251038, 0.6339496374130249, 0.5126419067382812]
[0.5385649800300598, 0.5495920777320862, 0.43984612822532654, 0.3058778941631317, 0.5416303873062134]
[0.42924007773399353, 0.5319918394088745, 0.5166754126548767, 0.4595613181591034, 0.4723021686077118]
[0.4954637885093689, 0.5565103888511658, 0.42940619587898254, 0.3093743324279785, 0.5300422310829163]
[0.49819183349609375, 0.5695810914039612, 0.4092336595058441, 0.28381651639938354, 0.5330636501312256]
[0.5300263166427612, 0.5812479853630066, 0.41425544023513794, 0.2580432891845703, 0.5546272993087769]
[0.5092177987098694, 0.5608645081520081, 0.4105808734893799, 0.2517193853855133, 0.543491780757904]
[0.48887863755226135, 0.5696813464164734, 0.4423620104789734, 0.2601175010204315, 0.516411542892456]
[0.5428680181503296, 0.5790722370147705, 0.4187805652618408, 0.2600475251674652, 0.5502006411552429]
[0.45511773228645325, 0.534051239490509, 0.5389389395713806, 0.4421616196632385, 0.5272284746170044]
[0.4729844033718109, 0.5474823117256165, 0.4875907003879547, 0.3813108205795288, 0.5301241278648376]
[0.5312389731407166, 0.5873775482177734, 0.39293989539146423, 0.25327324867248535, 0.5764265060424805]
[0.46225327253341675, 0.5708364248275757, 0.43807998299598694, 0.30785948038101196, 0.4902653098106384]
[0.46654215455055237, 0.5701289772987366, 0.43927696347236633, 0.29837632179260254, 0.526925802230835]
[0.41677090525627136, 0.5757638216018677, 0.4515039920806885, 0.28451627492904663, 0.48920753598213196]
[0.45668303966522217, 0.5864216685295105, 0.4432324171066284, 0.27939361333847046, 0.5156283378601074]
[0.49819183349609375, 0.5695810914039612, 0.4092336595058441, 0.28381651639938354, 0.5330636501312256]
[0.646457850933075, 0.5036957263946533, 0.48242542147636414, 0.3700905740261078, 0.6146938800811768]
[0.44515687227249146, 0.5208826065063477, 0.4657186269760132, 0.3101414442062378, 0.47964712977409363]
[0.5092177987098694, 0.5608645081520081, 0.4105808734893799, 0.2517193853855133, 0.543491780757904]
[0.4893529713153839, 0.5687392354011536, 0.40052154660224915, 0.23940834403038025, 0.5463631749153137]
[0.5831053256988525, 0.5727877020835876, 0.38082456588745117, 0.23230117559432983, 0.5762948989868164]
[0.40375399589538574, 0.5021728873252869, 0.486640065908432, 0.38293227553367615, 0.42539745569229126]
[0.5189836025238037, 0.5485502481460571, 0.41207194328308105, 0.23853936791419983, 0.5702611207962036]
[0.3826068341732025, 0.5489069819450378, 0.473023384809494, 0.35944125056266785, 0.43539872765541077]
[0.5058445930480957, 0.5535731911659241, 0.43572792410850525, 0.2953394651412964, 0.5119470953941345]
[0.4621710181236267, 0.5891709923744202, 0.4664279520511627, 0.2953432500362396, 0.47238674759864807]
