0
有人说，银川附近的羊，喝的是碱性泉水，吃的是甘草、枸杞和苦豆草，拉的是六味地黄丸。手抓羊肉、羊杂汤、羊肉蒸饺、羊肉汤面…根本停不下来！#创新中国银川论坛#即将于12日拉开帷幕，届时将有众多大咖到场，共同探讨区域中心的开放与发展。来银川吧，周刊君请你吃羊肉~~
[0.4873659908771515, 0.5142635703086853, 0.5287639498710632, 0.4283738136291504, 0.5428129434585571]
[0.5153765678405762, 0.5964211225509644, 0.416239470243454, 0.27122339606285095, 0.5197373628616333]
[0.37572309374809265, 0.5598386526107788, 0.4479338526725769, 0.2974708676338196, 0.4574747383594513]
[0.6261113286018372, 0.5576387047767639, 0.3645469844341278, 0.22864075005054474, 0.6178209185600281]
[0.49053966999053955, 0.5258891582489014, 0.44256776571273804, 0.3133344054222107, 0.5302048921585083]
[0.4827888011932373, 0.5769385099411011, 0.43137598037719727, 0.2765761613845825, 0.5229055881500244]
[0.5070725679397583, 0.5795678496360779, 0.4309682846069336, 0.25872695446014404, 0.538472592830658]
[0.5234184265136719, 0.5822424292564392, 0.4063851237297058, 0.24631451070308685, 0.5774605870246887]
[0.4290158152580261, 0.5459643602371216, 0.4443743824958801, 0.2988612949848175, 0.4809764325618744]
[0.5218107104301453, 0.5836902260780334, 0.4238126277923584, 0.27520132064819336, 0.5456475019454956]
[0.5694615244865417, 0.5888253450393677, 0.4156618118286133, 0.2594481408596039, 0.558655858039856]
[0.48057055473327637, 0.57651287317276, 0.4390086829662323, 0.2941281199455261, 0.5065724849700928]
[0.4957728683948517, 0.5931525826454163, 0.42569977045059204, 0.32471391558647156, 0.5308287143707275]
[0.4049704372882843, 0.5781086087226868, 0.44653889536857605, 0.28648239374160767, 0.4788837134838104]
[0.5193629860877991, 0.5856478810310364, 0.41173920035362244, 0.282301664352417, 0.5441094636917114]
[0.46638035774230957, 0.5648683309555054, 0.4494856297969818, 0.3282828629016876, 0.4706222414970398]
[0.4555889070034027, 0.5303686857223511, 0.5297595858573914, 0.4338018298149109, 0.5408681035041809]
[0.49387574195861816, 0.5673161149024963, 0.43413373827934265, 0.3231181800365448, 0.5339462161064148]
[0.47257453203201294, 0.5866119861602783, 0.42759907245635986, 0.25901123881340027, 0.5376236438751221]
[0.5234172940254211, 0.5736077427864075, 0.41410475969314575, 0.27402809262275696, 0.5251444578170776]
[0.5414436459541321, 0.5663029551506042, 0.42270150780677795, 0.2774982154369354, 0.5723105669021606]
[0.5382601022720337, 0.5885269641876221, 0.415409117937088, 0.2558174133300781, 0.5624793171882629]
[0.4836191236972809, 0.5699156522750854, 0.4312719702720642, 0.2998711168766022, 0.544601559638977]
[0.5653793215751648, 0.582434892654419, 0.39132294058799744, 0.2585252821445465, 0.5461805462837219]
[0.49109333753585815, 0.5746580958366394, 0.43385565280914307, 0.2737477421760559, 0.5313708186149597]
[0.46638035774230957, 0.5648683309555054, 0.4494856297969818, 0.3282828629016876, 0.4706222414970398]
[0.47550100088119507, 0.5551964640617371, 0.47354355454444885, 0.32862457633018494, 0.5162931084632874]
[0.3620375394821167, 0.5135364532470703, 0.5098643898963928, 0.4433835744857788, 0.43021106719970703]
[0.5737556219100952, 0.5655109286308289, 0.4162478446960449, 0.2677258551120758, 0.5539464950561523]
[0.43399888277053833, 0.5469235181808472, 0.44656407833099365, 0.33263900876045227, 0.46364888548851013]
[0.3709120750427246, 0.5604962706565857, 0.456217885017395, 0.3100482225418091, 0.462637722492218]
[0.4692309498786926, 0.5337494015693665, 0.4607503116130829, 0.35923272371292114, 0.5070891380310059]
[0.49819183349609375, 0.5695810914039612, 0.4092336595058441, 0.28381651639938354, 0.5330636501312256]
[0.5342405438423157, 0.5725778937339783, 0.4030405580997467, 0.2520004212856293, 0.5533826947212219]
[0.5495955944061279, 0.5881289839744568, 0.41777125000953674, 0.2697252631187439, 0.5754327774047852]
[0.48979079723358154, 0.5518685579299927, 0.46711650490760803, 0.32427728176116943, 0.5186994671821594]
[0.458337664604187, 0.5752480626106262, 0.44658413529396057, 0.30208736658096313, 0.5034015774726868]
[0.33542609214782715, 0.5608751773834229, 0.4464673399925232, 0.29548168182373047, 0.4357109069824219]
[0.4621730446815491, 0.5535919070243835, 0.46198004484176636, 0.31539738178253174, 0.515683114528656]
[0.4549866020679474, 0.5604081749916077, 0.4483579695224762, 0.32748445868492126, 0.5122799277305603]
[0.467360258102417, 0.5419333577156067, 0.4782448709011078, 0.3557799756526947, 0.5092546939849854]
[0.385852575302124, 0.5593848824501038, 0.45914506912231445, 0.2989233136177063, 0.4251597821712494]
[0.49379032850265503, 0.5595393180847168, 0.42731472849845886, 0.27675899863243103, 0.5281371474266052]
[0.5538725852966309, 0.565750002861023, 0.4200359582901001, 0.27210733294487, 0.5357730388641357]
[0.4633893668651581, 0.5454415678977966, 0.438936710357666, 0.300701379776001, 0.5003930330276489]
[0.48220589756965637, 0.5544077754020691, 0.437808096408844, 0.32325366139411926, 0.4929567873477936]
[0.5039404630661011, 0.5842458009719849, 0.41818779706954956, 0.28044232726097107, 0.5207676291465759]
[0.5376547574996948, 0.575888991355896, 0.41261208057403564, 0.2702982425689697, 0.5719753503799438]
[0.5241041779518127, 0.5837278962135315, 0.4474230706691742, 0.3062465190887451, 0.5526458621025085]
[0.5274168252944946, 0.5635470747947693, 0.4541560709476471, 0.33542630076408386, 0.5128066539764404]
[0.4773257076740265, 0.5649427771568298, 0.4277607798576355, 0.2862274944782257, 0.509145975112915]
[0.42645618319511414, 0.5639510750770569, 0.4549804925918579, 0.3221416175365448, 0.4675178825855255]
[0.4925921559333801, 0.5850316286087036, 0.4239097237586975, 0.28559553623199463, 0.5097174644470215]
[0.42745521664619446, 0.5470028519630432, 0.4480394721031189, 0.30296704173088074, 0.48103997111320496]
[0.5961878299713135, 0.561729371547699, 0.3919525146484375, 0.2415703535079956, 0.600679337978363]
[0.5051720142364502, 0.566202700138092, 0.4260534346103668, 0.2662658393383026, 0.49776312708854675]
[0.3131788969039917, 0.5250455737113953, 0.5092693567276001, 0.46669429540634155, 0.41397765278816223]
[0.5139886736869812, 0.5662002563476562, 0.42588743567466736, 0.2814006209373474, 0.5267884731292725]
[0.5696072578430176, 0.5809373259544373, 0.4141545593738556, 0.2653293311595917, 0.5554296374320984]
[0.4379459619522095, 0.538945734500885, 0.45688366889953613, 0.3371063470840454, 0.4946087598800659]
[0.49930039048194885, 0.5750637054443359, 0.4217296838760376, 0.2998446524143219, 0.5298905968666077]
[0.5194900631904602, 0.5542628765106201, 0.4288140535354614, 0.2708277702331543, 0.5447193384170532]
[0.41434627771377563, 0.551521360874176, 0.46500298380851746, 0.32416805624961853, 0.4717380404472351]
[0.5005767345428467, 0.5702547430992126, 0.41936808824539185, 0.26804864406585693, 0.5322413444519043]
[0.46638035774230957, 0.5648683309555054, 0.4494856297969818, 0.3282828629016876, 0.4706222414970398]
[0.3967093527317047, 0.5517565608024597, 0.4713621139526367, 0.36151212453842163, 0.44200649857521057]
[0.49769705533981323, 0.5714791417121887, 0.4519866406917572, 0.28805264830589294, 0.5472851395606995]
[0.5098814964294434, 0.5757413506507874, 0.4203537404537201, 0.30285152792930603, 0.5045268535614014]
[0.42589130997657776, 0.5440564155578613, 0.4663134515285492, 0.3372635841369629, 0.44279929995536804]
[0.5070725679397583, 0.5795678496360779, 0.4309682846069336, 0.25872695446014404, 0.538472592830658]
[0.49606406688690186, 0.5704576969146729, 0.43155333399772644, 0.3042943477630615, 0.5105224251747131]
[0.5405488610267639, 0.5827150344848633, 0.4166642129421234, 0.25499507784843445, 0.553001344203949]
[0.5156591534614563, 0.5510607361793518, 0.4465620219707489, 0.3117837905883789, 0.5646998882293701]
[0.5488684773445129, 0.5857451558113098, 0.4072473645210266, 0.26074132323265076, 0.5631961822509766]
[0.4956667125225067, 0.5808746218681335, 0.4344361424446106, 0.28867292404174805, 0.5210682153701782]
[0.4390107989311218, 0.5442763566970825, 0.46399441361427307, 0.31112316250801086, 0.4891462028026581]
[0.48468196392059326, 0.558914840221405, 0.44303083419799805, 0.33341163396835327, 0.49640917778015137]
[0.39422884583473206, 0.5567142367362976, 0.4512946903705597, 0.30694296956062317, 0.44609519839286804]
[0.49819183349609375, 0.5695810914039612, 0.4092336595058441, 0.28381651639938354, 0.5330636501312256]
[0.5067358613014221, 0.5803183913230896, 0.4172995090484619, 0.28144627809524536, 0.5168295502662659]
[0.4725969433784485, 0.5479602813720703, 0.4499698877334595, 0.32187461853027344, 0.4945794641971588]
[0.4914586842060089, 0.5598971247673035, 0.4470609128475189, 0.31037411093711853, 0.5033780932426453]
[0.6006714105606079, 0.5921800136566162, 0.39053988456726074, 0.2326512187719345, 0.585294246673584]
[0.559479296207428, 0.5869139432907104, 0.4130575954914093, 0.2560831308364868, 0.5629488229751587]
[0.5324891209602356, 0.5938754677772522, 0.4111337959766388, 0.2608973979949951, 0.5583580136299133]
[0.496083527803421, 0.5350931882858276, 0.47777679562568665, 0.3610706031322479, 0.49968644976615906]
[0.5080502033233643, 0.5601457357406616, 0.43860048055648804, 0.27606722712516785, 0.5241583585739136]
[0.5011988878250122, 0.5406734347343445, 0.4525594115257263, 0.3452267050743103, 0.556152880191803]
