0
小米4c发布一个多月，口碑非常好。今天双11我们准备了充足货源，特别是很多人要的高配3GB+32GB，五种颜色都有货。大家可以上小米天猫旗舰店看看。
[0.49402478337287903, 0.5426357984542847, 0.4822622239589691, 0.32570499181747437, 0.517620861530304]
[0.5232853889465332, 0.5583535432815552, 0.4123738706111908, 0.2870956361293793, 0.5229158997535706]
[0.4243660867214203, 0.5409676432609558, 0.46759915351867676, 0.3416746258735657, 0.45925918221473694]
[0.5151369571685791, 0.5470312833786011, 0.4620856046676636, 0.30130431056022644, 0.5237374305725098]
[0.3764584958553314, 0.5432219505310059, 0.47593924403190613, 0.33709782361984253, 0.4521380066871643]
[0.5338466167449951, 0.5652258992195129, 0.4400336444377899, 0.3091740608215332, 0.5428329110145569]
[0.45850232243537903, 0.553715705871582, 0.4780200123786926, 0.28658565878868103, 0.5129169821739197]
[0.5211288928985596, 0.5754336714744568, 0.43401873111724854, 0.28429114818573, 0.5291023254394531]
[0.39906081557273865, 0.5469198226928711, 0.49598580598831177, 0.3600153923034668, 0.461478054523468]
[0.5397030711174011, 0.5773258209228516, 0.4157488942146301, 0.2815210223197937, 0.5664998888969421]
[0.4674217998981476, 0.5599139332771301, 0.4612455368041992, 0.34338024258613586, 0.5114884376525879]
[0.579244077205658, 0.5762677192687988, 0.384125292301178, 0.24575093388557434, 0.5830616354942322]
[0.5010042190551758, 0.5739945769309998, 0.4431957006454468, 0.2819318473339081, 0.5343583822250366]
[0.5620900988578796, 0.5942291021347046, 0.419325053691864, 0.2666260004043579, 0.5534039735794067]
[0.4975811541080475, 0.5661845207214355, 0.44319838285446167, 0.2916390597820282, 0.5200803279876709]
[0.3973057270050049, 0.568011999130249, 0.42668217420578003, 0.2769911289215088, 0.45669108629226685]
[0.46601602435112, 0.5651649832725525, 0.4377492070198059, 0.2894585430622101, 0.48092910647392273]
[0.5060534477233887, 0.5519686341285706, 0.4546896815299988, 0.29912441968917847, 0.5291982293128967]
[0.43979281187057495, 0.5523074865341187, 0.5062629580497742, 0.38930994272232056, 0.5128466486930847]
[0.5132696032524109, 0.5649383068084717, 0.41785579919815063, 0.28478366136550903, 0.5302034616470337]
[0.49367183446884155, 0.5538734197616577, 0.44500377774238586, 0.30166658759117126, 0.5255431532859802]
[0.4586080014705658, 0.5707542300224304, 0.4403623640537262, 0.30527979135513306, 0.4926402270793915]
[0.4758446514606476, 0.5555997490882874, 0.45538273453712463, 0.32111603021621704, 0.5003281235694885]
[0.4758446514606476, 0.5555997490882874, 0.45538273453712463, 0.32111603021621704, 0.5003281235694885]
[0.5096127986907959, 0.5809389352798462, 0.42594221234321594, 0.30490759015083313, 0.5117291212081909]
[0.4707932770252228, 0.55934739112854, 0.4367453455924988, 0.2733519673347473, 0.5101855397224426]
[0.4783422648906708, 0.5764992237091064, 0.4197210967540741, 0.2904745936393738, 0.5066479444503784]
[0.48046523332595825, 0.5639002919197083, 0.41178345680236816, 0.302655428647995, 0.5141086578369141]
[0.46631181240081787, 0.5865070819854736, 0.4394555985927582, 0.2910762429237366, 0.5190455317497253]
[0.4712764620780945, 0.5458014607429504, 0.49374550580978394, 0.37651506066322327, 0.47134625911712646]
[0.4741998016834259, 0.5627774596214294, 0.4473574161529541, 0.3230328857898712, 0.4769991338253021]
[0.46799004077911377, 0.5363473296165466, 0.47172826528549194, 0.34398606419563293, 0.4827795922756195]
[0.4560709595680237, 0.5512410402297974, 0.44675323367118835, 0.3067053258419037, 0.49563053250312805]
[0.43552732467651367, 0.5399194955825806, 0.4756888747215271, 0.3873552083969116, 0.43387648463249207]
[0.46033382415771484, 0.5565834045410156, 0.46466416120529175, 0.3436850607395172, 0.4476352632045746]
[0.46936196088790894, 0.5224205255508423, 0.5149844884872437, 0.401965469121933, 0.48393183946609497]
[0.47657227516174316, 0.5632407665252686, 0.4468362033367157, 0.3285926282405853, 0.48486265540122986]
[0.5091961026191711, 0.5751601457595825, 0.44134995341300964, 0.28955328464508057, 0.5439876317977905]
[0.46749433875083923, 0.5517990589141846, 0.4604904055595398, 0.31626856327056885, 0.4899224042892456]
[0.4678027033805847, 0.5550988912582397, 0.46751314401626587, 0.3188978433609009, 0.4848311245441437]
[0.45107007026672363, 0.5685319900512695, 0.4339258074760437, 0.28703030943870544, 0.5045535564422607]
[0.46601602435112, 0.5651649832725525, 0.4377492070198059, 0.2894585430622101, 0.48092910647392273]
[0.47134795784950256, 0.5524048805236816, 0.44481322169303894, 0.31537628173828125, 0.47903215885162354]
[0.46059247851371765, 0.5365723371505737, 0.4921082854270935, 0.40095627307891846, 0.4939254820346832]
[0.5392667651176453, 0.5937446355819702, 0.42697662115097046, 0.2697639465332031, 0.5498833060264587]
[0.4956510066986084, 0.5572919249534607, 0.4433901309967041, 0.31090080738067627, 0.4918091595172882]
[0.48614439368247986, 0.5599504113197327, 0.4244612455368042, 0.3037354648113251, 0.5209503769874573]
[0.4650244116783142, 0.5768699049949646, 0.4432328939437866, 0.2886543273925781, 0.5188762545585632]
[0.43251216411590576, 0.5839900970458984, 0.4558216631412506, 0.3086646795272827, 0.4926624000072479]
[0.5070725679397583, 0.5795678496360779, 0.4309682846069336, 0.25872695446014404, 0.538472592830658]
[0.45493537187576294, 0.5510169863700867, 0.4861691892147064, 0.35776954889297485, 0.5190905928611755]
[0.5284829139709473, 0.5936056971549988, 0.42674505710601807, 0.2614865303039551, 0.5558376312255859]
