0
双11来了，优惠加码，全场包邮！1、5元红包来即领，满168再减10元，满598减50，2全场好礼送不停，青汁、狮王牙膏、护手霜满额就送 3、整点抢免单、5个整点首位下单免单50%，1111元封顶！转发+关注 抽三位200元内免单。进店抢：
[0.49054786562919617, 0.5075173377990723, 0.4643523097038269, 0.34436196088790894, 0.4994398057460785]
[0.511804461479187, 0.5763559937477112, 0.42868900299072266, 0.28599950671195984, 0.5425341725349426]
[0.6128305196762085, 0.5705457329750061, 0.39677757024765015, 0.2501280605792999, 0.5904508233070374]
[0.4985242187976837, 0.5058901906013489, 0.48415639996528625, 0.36864349246025085, 0.5169485807418823]
[0.49392157793045044, 0.5628311038017273, 0.43753060698509216, 0.29566073417663574, 0.5054407119750977]
[0.49819183349609375, 0.5695810914039612, 0.4092336595058441, 0.28381651639938354, 0.5330636501312256]
[0.5135838985443115, 0.5490297079086304, 0.4208239018917084, 0.28534793853759766, 0.5325356125831604]
[0.5101027488708496, 0.5705361366271973, 0.45516732335090637, 0.3484165668487549, 0.524679958820343]
[0.49893927574157715, 0.5189498662948608, 0.48911404609680176, 0.3682166337966919, 0.5290953516960144]
[0.5504058003425598, 0.5615994930267334, 0.46759337186813354, 0.3453108072280884, 0.5485171675682068]
[0.47933757305145264, 0.5241907835006714, 0.46760210394859314, 0.3414064645767212, 0.5409074425697327]
[0.5244899392127991, 0.5804407000541687, 0.4237174093723297, 0.26375502347946167, 0.5491200685501099]
[0.5001099109649658, 0.5631083250045776, 0.41920775175094604, 0.2896673083305359, 0.5115642547607422]
[0.49819183349609375, 0.5695810914039612, 0.4092336595058441, 0.28381651639938354, 0.5330636501312256]
[0.5422282814979553, 0.5863180160522461, 0.40551844239234924, 0.2753317654132843, 0.556081235408783]
[0.48146387934684753, 0.5728874206542969, 0.42895448207855225, 0.27709197998046875, 0.5211549997329712]
[0.4930029511451721, 0.5987187623977661, 0.4276350140571594, 0.2643345594406128, 0.5347618460655212]
[0.49819183349609375, 0.5695810914039612, 0.4092336595058441, 0.28381651639938354, 0.5330636501312256]
[0.4840223491191864, 0.5832047462463379, 0.4502924680709839, 0.29513341188430786, 0.538489818572998]
[0.49819183349609375, 0.5695810914039612, 0.4092336595058441, 0.28381651639938354, 0.5330636501312256]
[0.4650244116783142, 0.5768699049949646, 0.4432328939437866, 0.2886543273925781, 0.5188762545585632]
[0.5108514428138733, 0.5822921395301819, 0.4128800928592682, 0.2881326377391815, 0.5347484350204468]
[0.4389764368534088, 0.5438642501831055, 0.4657793641090393, 0.33109724521636963, 0.490593820810318]
[0.49819183349609375, 0.5695810914039612, 0.4092336595058441, 0.28381651639938354, 0.5330636501312256]
[0.515180230140686, 0.5836222767829895, 0.4333701729774475, 0.2912060022354126, 0.5189551711082458]
[0.4827803671360016, 0.5707201361656189, 0.42528367042541504, 0.32016465067863464, 0.4997973144054413]
[0.5287531018257141, 0.5681487917900085, 0.43346938490867615, 0.28712889552116394, 0.5296147465705872]
[0.3525565266609192, 0.5549966096878052, 0.4557444751262665, 0.29298844933509827, 0.43208077549934387]
[0.5255932211875916, 0.5413070917129517, 0.4467105567455292, 0.32529395818710327, 0.4737151861190796]
[0.48146387934684753, 0.5728874206542969, 0.42895448207855225, 0.27709197998046875, 0.5211549997329712]
[0.46209973096847534, 0.560062825679779, 0.42035165429115295, 0.27489611506462097, 0.4754510223865509]
[0.3356206715106964, 0.5741469860076904, 0.45668721199035645, 0.2994770407676697, 0.4435373544692993]
[0.4715783894062042, 0.5739953517913818, 0.44842728972435, 0.29817160964012146, 0.48845362663269043]
[0.5044703483581543, 0.592989444732666, 0.43352848291397095, 0.28532835841178894, 0.5241885185241699]
[0.49819183349609375, 0.5695810914039612, 0.4092336595058441, 0.28381651639938354, 0.5330636501312256]
[0.5059245824813843, 0.5765551328659058, 0.4250810444355011, 0.28481581807136536, 0.5317521095275879]
[0.377202570438385, 0.5675201416015625, 0.4594901204109192, 0.2993837594985962, 0.4692065417766571]
[0.4650244116783142, 0.5768699049949646, 0.4432328939437866, 0.2886543273925781, 0.5188762545585632]
[0.4650244116783142, 0.5768699049949646, 0.4432328939437866, 0.2886543273925781, 0.5188762545585632]
[0.6050912141799927, 0.5028511881828308, 0.4995690584182739, 0.38888540863990784, 0.6185719966888428]
[0.5331584215164185, 0.5814765095710754, 0.42967715859413147, 0.27989184856414795, 0.5194615721702576]
[0.5033870935440063, 0.5884467959403992, 0.44139519333839417, 0.29380401968955994, 0.5270411372184753]
[0.47812512516975403, 0.5466224551200867, 0.4749355614185333, 0.3658076226711273, 0.5073938965797424]
[0.4880632162094116, 0.5868604779243469, 0.43443185091018677, 0.27956467866897583, 0.5300235748291016]
[0.50323086977005, 0.5774909257888794, 0.4246461093425751, 0.252209335565567, 0.5209246873855591]
[0.5104364156723022, 0.5822779536247253, 0.4276205003261566, 0.27098578214645386, 0.5360792875289917]
[0.4049126207828522, 0.57755047082901, 0.44388940930366516, 0.27381059527397156, 0.5007010102272034]
[0.5262554287910461, 0.5769550800323486, 0.41591814160346985, 0.3082653880119324, 0.530998170375824]
[0.48146387934684753, 0.5728874206542969, 0.42895448207855225, 0.27709197998046875, 0.5211549997329712]
[0.4876479506492615, 0.5886966586112976, 0.42714932560920715, 0.2668832838535309, 0.5402682423591614]
[0.5182599425315857, 0.5717209577560425, 0.42050138115882874, 0.2756241261959076, 0.5358752012252808]
[0.597391664981842, 0.5709680318832397, 0.3782927691936493, 0.24051181972026825, 0.6022881269454956]
[0.44951581954956055, 0.5843620896339417, 0.45074307918548584, 0.30201977491378784, 0.47219300270080566]
[0.5244899392127991, 0.5804407000541687, 0.4237174093723297, 0.26375502347946167, 0.5491200685501099]
[0.4057512581348419, 0.5587764382362366, 0.4729224145412445, 0.30927911400794983, 0.46434032917022705]
[0.5069711804389954, 0.5856666564941406, 0.442503958940506, 0.28003746271133423, 0.5542439222335815]
[0.5093894004821777, 0.5449249148368835, 0.42735883593559265, 0.3009534180164337, 0.507877767086029]
[0.4869535267353058, 0.5681707859039307, 0.45673710107803345, 0.34175676107406616, 0.4914464056491852]
[0.5504789352416992, 0.5504522323608398, 0.46797049045562744, 0.3006422519683838, 0.5575739741325378]
[0.5086014270782471, 0.5670779943466187, 0.4437568783760071, 0.320997416973114, 0.5004470348358154]
[0.4880632162094116, 0.5868604779243469, 0.43443185091018677, 0.27956467866897583, 0.5300235748291016]
[0.49091631174087524, 0.5866967439651489, 0.4481782615184784, 0.2963792383670807, 0.5011689066886902]
[0.49496597051620483, 0.5561511516571045, 0.466065376996994, 0.33107730746269226, 0.5355516076087952]
[0.4089055061340332, 0.5784577131271362, 0.45308005809783936, 0.2784103751182556, 0.48602575063705444]
[0.4882095456123352, 0.5691993832588196, 0.44144192337989807, 0.280158132314682, 0.5181082487106323]
[0.5244899392127991, 0.5804407000541687, 0.4237174093723297, 0.26375502347946167, 0.5491200685501099]
[0.5841442942619324, 0.574711799621582, 0.4023604094982147, 0.2806631028652191, 0.5914864540100098]
[0.5418444871902466, 0.5892711281776428, 0.404610812664032, 0.2569130063056946, 0.5373928546905518]
[0.5068845748901367, 0.5774178504943848, 0.42669960856437683, 0.29310911893844604, 0.5177056789398193]
[0.4880632162094116, 0.5868604779243469, 0.43443185091018677, 0.27956467866897583, 0.5300235748291016]
[0.5542387366294861, 0.5832670331001282, 0.4445949196815491, 0.2871345281600952, 0.5568243265151978]
[0.5282956957817078, 0.5719244480133057, 0.41397523880004883, 0.27425432205200195, 0.5397857427597046]
[0.5201146006584167, 0.5848080515861511, 0.42716124653816223, 0.27713897824287415, 0.5563421845436096]
[0.40188416838645935, 0.5412740707397461, 0.4571952819824219, 0.36576953530311584, 0.43530166149139404]
[0.47467637062072754, 0.5640486478805542, 0.4416162371635437, 0.3061012625694275, 0.5132075548171997]
[0.579244077205658, 0.5762677192687988, 0.384125292301178, 0.24575093388557434, 0.5830616354942322]
[0.4880632162094116, 0.5868604779243469, 0.43443185091018677, 0.27956467866897583, 0.5300235748291016]
[0.35482215881347656, 0.5794350504875183, 0.4506942629814148, 0.2822452485561371, 0.43928852677345276]
[0.5015556216239929, 0.5517686605453491, 0.43207642436027527, 0.32316040992736816, 0.5309377908706665]
[0.5244899392127991, 0.5804407000541687, 0.4237174093723297, 0.26375502347946167, 0.5491200685501099]
[0.4262622892856598, 0.5524963140487671, 0.4451774060726166, 0.31487801671028137, 0.45977139472961426]
[0.42318788170814514, 0.5436509251594543, 0.47160860896110535, 0.34578004479408264, 0.4522745907306671]
[0.5147109031677246, 0.561208963394165, 0.44328007102012634, 0.30466872453689575, 0.533713161945343]
[0.48146387934684753, 0.5728874206542969, 0.42895448207855225, 0.27709197998046875, 0.5211549997329712]
[0.40624499320983887, 0.5165684819221497, 0.48182493448257446, 0.382097065448761, 0.4669957756996155]
[0.49022307991981506, 0.5751314163208008, 0.4336961805820465, 0.29070451855659485, 0.5215864181518555]
[0.4181322157382965, 0.49827924370765686, 0.5318135023117065, 0.39742234349250793, 0.4447062611579895]
[0, 0, 0, 0, 0]
[0.4907797574996948, 0.5750347971916199, 0.4351513683795929, 0.2841712534427643, 0.5223138928413391]
[0.47417986392974854, 0.5704915523529053, 0.4456423819065094, 0.30608412623405457, 0.5179064273834229]
[0.4835895299911499, 0.5756505131721497, 0.4422573447227478, 0.304708868265152, 0.514451801776886]
[0.43877920508384705, 0.5198156833648682, 0.46615275740623474, 0.3434283435344696, 0.49438080191612244]
[0.4042923152446747, 0.5813460350036621, 0.44422096014022827, 0.27872464060783386, 0.48335954546928406]
[0.5260461568832397, 0.5862242579460144, 0.4310151934623718, 0.2730245292186737, 0.5295546650886536]
[0.4673368036746979, 0.5563782453536987, 0.4275703430175781, 0.3055897653102875, 0.5059061646461487]
[0.5274954438209534, 0.5847716331481934, 0.42042064666748047, 0.2743668854236603, 0.525130569934845]
[0.5016423463821411, 0.5812072157859802, 0.4328538477420807, 0.30369651317596436, 0.5257865786552429]
[0.48146387934684753, 0.5728874206542969, 0.42895448207855225, 0.27709197998046875, 0.5211549997329712]
[0.45964834094047546, 0.5912156105041504, 0.43292734026908875, 0.29910439252853394, 0.4982244372367859]
[0.45185166597366333, 0.5772860050201416, 0.45315685868263245, 0.2803291082382202, 0.5299842953681946]
[0.4057512581348419, 0.5587764382362366, 0.4729224145412445, 0.30927911400794983, 0.46434032917022705]
