0
#移说心语#无论何时，渊博的知识、良好的修养、文明的举止、优雅的谈吐及一颗充满爱的心，一定会让一个人活得足够漂亮。活得漂亮，就是要活出一种精神、一种品位、一份至真至性的精彩。一个人只要不自弃，没有人可以阻碍你。人可以生得不漂亮，但一定要活得漂亮。共勉~
[0.4712221324443817, 0.5290457010269165, 0.5028377771377563, 0.42254403233528137, 0.5173600316047668]
[0.5070725679397583, 0.5795678496360779, 0.4309682846069336, 0.25872695446014404, 0.538472592830658]
[0.5259044766426086, 0.5743697881698608, 0.4440251290798187, 0.29577234387397766, 0.5521768927574158]
[0.5273841619491577, 0.5816473960876465, 0.4096725583076477, 0.2561403512954712, 0.541370689868927]
[0.4758692681789398, 0.5671343803405762, 0.4664519131183624, 0.3051452934741974, 0.4674079716205597]
[0.5235729217529297, 0.5711023807525635, 0.42443227767944336, 0.2986707389354706, 0.5321202874183655]
[0.5399327278137207, 0.5841803550720215, 0.4279709756374359, 0.29245075583457947, 0.537103533744812]
[0.4917965829372406, 0.5642513632774353, 0.44473153352737427, 0.292820006608963, 0.504958987236023]
[0.5620900988578796, 0.5942291021347046, 0.419325053691864, 0.2666260004043579, 0.5534039735794067]
[0.44942763447761536, 0.5603695511817932, 0.4295128583908081, 0.31313058733940125, 0.45585206151008606]
[0.5273841619491577, 0.5816473960876465, 0.4096725583076477, 0.2561403512954712, 0.541370689868927]
[0.4615350365638733, 0.5614258050918579, 0.4444725215435028, 0.31736624240875244, 0.4974658787250519]
[0.4836288392543793, 0.5716702938079834, 0.4159703552722931, 0.3030439615249634, 0.491995632648468]
[0.5214704871177673, 0.5842159986495972, 0.42188695073127747, 0.2842995822429657, 0.5358594655990601]
[0.5070725679397583, 0.5795678496360779, 0.4309682846069336, 0.25872695446014404, 0.538472592830658]
[0.5070725679397583, 0.5795678496360779, 0.4309682846069336, 0.25872695446014404, 0.538472592830658]
[0.49555298686027527, 0.570673942565918, 0.4313119649887085, 0.2879068851470947, 0.5146951675415039]
[0.44750726222991943, 0.5566821694374084, 0.46521180868148804, 0.3157781958580017, 0.4969971477985382]
[0.470594584941864, 0.5594688057899475, 0.4667283296585083, 0.29165083169937134, 0.5031630396842957]
[0.48243507742881775, 0.5593571662902832, 0.43770721554756165, 0.29328641295433044, 0.5292683243751526]
[0.5197253823280334, 0.536878764629364, 0.4483742117881775, 0.2965373396873474, 0.515693187713623]
[0.5476956367492676, 0.5526692271232605, 0.42305752635002136, 0.28695085644721985, 0.5569322109222412]
[0.5744267106056213, 0.5531908273696899, 0.4026305675506592, 0.2574910819530487, 0.5533298850059509]
[0.5476050972938538, 0.5728070735931396, 0.4178857207298279, 0.26238811016082764, 0.5745206475257874]
