0
周杰伦在美国街头。。。路人的反应似乎在说，“哎哟，还不错哦！”
[0.4629654884338379, 0.5135664939880371, 0.5013134479522705, 0.4032967686653137, 0.5278869867324829]
[0.4253626763820648, 0.5315865278244019, 0.4585610032081604, 0.3159222900867462, 0.4671417474746704]
[0.3814694285392761, 0.5439850687980652, 0.4707558751106262, 0.3209136128425598, 0.44153904914855957]
[0.4345061480998993, 0.5568930506706238, 0.44924604892730713, 0.3036644160747528, 0.4710766077041626]
[0.4224623143672943, 0.5310166478157043, 0.4833473861217499, 0.3322949707508087, 0.47232481837272644]
[0.4409637153148651, 0.5312073826789856, 0.48000726103782654, 0.3298550844192505, 0.477173775434494]
[0.42394429445266724, 0.5350234508514404, 0.4798755645751953, 0.37869828939437866, 0.4678270220756531]
[0.49819183349609375, 0.5695810914039612, 0.4092336595058441, 0.28381651639938354, 0.5330636501312256]
[0.411592036485672, 0.5562819242477417, 0.46238717436790466, 0.35180509090423584, 0.4799267053604126]
[0.571392297744751, 0.5889698266983032, 0.3865046203136444, 0.23712404072284698, 0.582715630531311]
[0.5012465119361877, 0.5714327096939087, 0.4341084659099579, 0.2800934612751007, 0.5342463254928589]
[0.4409637153148651, 0.5312073826789856, 0.48000726103782654, 0.3298550844192505, 0.477173775434494]
[0.49819183349609375, 0.5695810914039612, 0.4092336595058441, 0.28381651639938354, 0.5330636501312256]
[0.45338669419288635, 0.5633638501167297, 0.43087735772132874, 0.3089973032474518, 0.4808022081851959]
[0.4409637153148651, 0.5312073826789856, 0.48000726103782654, 0.3298550844192505, 0.477173775434494]
[0.6423520445823669, 0.5208008885383606, 0.45732542872428894, 0.3379642963409424, 0.6156503558158875]
[0.49103808403015137, 0.5585989356040955, 0.442922979593277, 0.30503949522972107, 0.48935800790786743]
[0.4433785080909729, 0.56004798412323, 0.4437846839427948, 0.3226739764213562, 0.4795726537704468]
[0.46601602435112, 0.5651649832725525, 0.4377492070198059, 0.2894585430622101, 0.48092910647392273]
[0.42879730463027954, 0.5394944548606873, 0.49741822481155396, 0.3906804621219635, 0.46116626262664795]
[0.535548985004425, 0.5743044018745422, 0.4219232201576233, 0.27131181955337524, 0.5345061421394348]
[0.4102100133895874, 0.5800226926803589, 0.45531120896339417, 0.28771865367889404, 0.44651055335998535]
[0.5404885411262512, 0.5834584832191467, 0.4384745657444, 0.2654312551021576, 0.5383498072624207]
