0
恋人间最好的状态是怎样的？看完哭出声。
[0.48543521761894226, 0.5645210146903992, 0.44265276193618774, 0.30270707607269287, 0.5128275752067566]
[0.5029354691505432, 0.5632066130638123, 0.43413245677948, 0.31551939249038696, 0.5295059680938721]
[0.4831804633140564, 0.5774238705635071, 0.43600013852119446, 0.29613834619522095, 0.5046530961990356]
[0.531878650188446, 0.591961681842804, 0.42150241136550903, 0.25743991136550903, 0.5537905097007751]
[0.5228217244148254, 0.5769872665405273, 0.42957445979118347, 0.3040391802787781, 0.5261258482933044]
[0.4831804633140564, 0.5774238705635071, 0.43600013852119446, 0.29613834619522095, 0.5046530961990356]
[0.36576738953590393, 0.5626124739646912, 0.4492742419242859, 0.2773497402667999, 0.4441028833389282]
[0.4974372088909149, 0.573168158531189, 0.43143171072006226, 0.28781306743621826, 0.4998326301574707]
[0.4929848313331604, 0.5736279487609863, 0.4410451352596283, 0.3002786934375763, 0.5199180245399475]
[0.5578630566596985, 0.5819410681724548, 0.39593759179115295, 0.2714889645576477, 0.5701462030410767]
[0.48733916878700256, 0.5739020109176636, 0.42586496472358704, 0.2761390507221222, 0.4984787106513977]
[0.3900589644908905, 0.5459395051002502, 0.4470166862010956, 0.30353844165802, 0.4607824981212616]
[0.5787826180458069, 0.5892441272735596, 0.3877679109573364, 0.23554253578186035, 0.5695337653160095]
[0.5615060329437256, 0.5841159224510193, 0.39749354124069214, 0.27023908495903015, 0.5706154108047485]
[0.5232000946998596, 0.5921317338943481, 0.42008456587791443, 0.27339836955070496, 0.5302929282188416]
[0.4408087432384491, 0.5696208477020264, 0.4535301625728607, 0.339419960975647, 0.47765588760375977]
[0.5422282814979553, 0.5863180160522461, 0.40551844239234924, 0.2753317654132843, 0.556081235408783]
[0.4237355589866638, 0.5566639304161072, 0.45816755294799805, 0.3165076971054077, 0.46372437477111816]
[0.5445308685302734, 0.601671040058136, 0.41320666670799255, 0.24340757727622986, 0.5723528265953064]
[0.5070725679397583, 0.5795678496360779, 0.4309682846069336, 0.25872695446014404, 0.538472592830658]
[0.5167209506034851, 0.5633214712142944, 0.4319169521331787, 0.289650022983551, 0.5471745133399963]
[0.5427663922309875, 0.5875293612480164, 0.429707407951355, 0.28048351407051086, 0.5693190097808838]
[0.4902692139148712, 0.5560703277587891, 0.4484127461910248, 0.3292101323604584, 0.5001468658447266]
[0.5461786389350891, 0.5887779593467712, 0.4151786267757416, 0.26317059993743896, 0.5503546595573425]
[0.5404067039489746, 0.571084201335907, 0.42210936546325684, 0.29343926906585693, 0.525071918964386]
[0.46576789021492004, 0.5724173784255981, 0.42417028546333313, 0.2997518479824066, 0.4989967346191406]
[0.5422282814979553, 0.5863180160522461, 0.40551844239234924, 0.2753317654132843, 0.556081235408783]
[0.5021456480026245, 0.577404260635376, 0.443687379360199, 0.3021424412727356, 0.528471827507019]
[0.5070725679397583, 0.5795678496360779, 0.4309682846069336, 0.25872695446014404, 0.538472592830658]
[0.5011724829673767, 0.583110511302948, 0.4317406117916107, 0.29340115189552307, 0.5079672932624817]
[0.40140774846076965, 0.5481866598129272, 0.4890676736831665, 0.36546948552131653, 0.46835803985595703]
[0.4553529620170593, 0.5648073554039001, 0.442325234413147, 0.30366092920303345, 0.4709247052669525]
[0.4183022379875183, 0.5332033634185791, 0.4733075797557831, 0.3253691792488098, 0.44537264108657837]
[0.5202539563179016, 0.5914283394813538, 0.420060396194458, 0.2828359305858612, 0.5268925428390503]
[0.4605725109577179, 0.5820291042327881, 0.4515579342842102, 0.2975667715072632, 0.5268427133560181]
[0.48618102073669434, 0.5818985104560852, 0.4132881164550781, 0.2886797785758972, 0.5232941508293152]
[0.5068104863166809, 0.5897480249404907, 0.42435958981513977, 0.29259970784187317, 0.5426091551780701]
[0.5422282814979553, 0.5863180160522461, 0.40551844239234924, 0.2753317654132843, 0.556081235408783]
[0.5403273105621338, 0.5774176120758057, 0.41335490345954895, 0.2804892361164093, 0.5422325134277344]
[0.48143741488456726, 0.5540748834609985, 0.459514856338501, 0.33527347445487976, 0.5015628337860107]
[0.5552852153778076, 0.5857468843460083, 0.4001559317111969, 0.27149248123168945, 0.5646634697914124]
[0.5397323966026306, 0.5986484289169312, 0.42316994071006775, 0.2700996696949005, 0.5608393549919128]
[0.49204981327056885, 0.5688473582267761, 0.4361186921596527, 0.3041708171367645, 0.5188828110694885]
[0.5070725679397583, 0.5795678496360779, 0.4309682846069336, 0.25872695446014404, 0.538472592830658]
[0.5025759935379028, 0.5605772137641907, 0.42208948731422424, 0.3093242049217224, 0.4910795986652374]
[0.5787826180458069, 0.5892441272735596, 0.3877679109573364, 0.23554253578186035, 0.5695337653160095]
[0.49422770738601685, 0.5710603594779968, 0.4253995716571808, 0.2827663719654083, 0.5305100083351135]
[0.5445119738578796, 0.5843786597251892, 0.41506728529930115, 0.25699159502983093, 0.5592021942138672]
[0.4128647744655609, 0.5391401648521423, 0.4756576120853424, 0.36203533411026, 0.49105316400527954]
[0.5397323966026306, 0.5986484289169312, 0.42316994071006775, 0.2700996696949005, 0.5608393549919128]
[0.5070725679397583, 0.5795678496360779, 0.4309682846069336, 0.25872695446014404, 0.538472592830658]
[0.6075651049613953, 0.5756006240844727, 0.38899779319763184, 0.2510678768157959, 0.5964756011962891]
[0.4579063355922699, 0.5506805181503296, 0.44352900981903076, 0.33675625920295715, 0.5063149333000183]
[0.6389325261116028, 0.5565629005432129, 0.3838250935077667, 0.249906986951828, 0.615581214427948]
[0.5422282814979553, 0.5863180160522461, 0.40551844239234924, 0.2753317654132843, 0.556081235408783]
[0.4854668080806732, 0.5801616907119751, 0.42792558670043945, 0.28156778216362, 0.5200685262680054]
[0.4935838282108307, 0.5595954656600952, 0.4367464482784271, 0.2860628068447113, 0.5193273425102234]
[0.4805604815483093, 0.5508381724357605, 0.45177212357521057, 0.3285059332847595, 0.5029341578483582]
[0.5397323966026306, 0.5986484289169312, 0.42316994071006775, 0.2700996696949005, 0.5608393549919128]
[0.47835442423820496, 0.5559987425804138, 0.4308428168296814, 0.28498128056526184, 0.49384552240371704]
[0.507720410823822, 0.5675506591796875, 0.42550984025001526, 0.28019145131111145, 0.5392878651618958]
[0.5020353198051453, 0.558836817741394, 0.4401369094848633, 0.28586986660957336, 0.5225149989128113]
[0.5185644030570984, 0.5952879190444946, 0.4136977195739746, 0.2865343689918518, 0.5346536040306091]
[0.502126157283783, 0.5452255010604858, 0.4582705795764923, 0.34328049421310425, 0.5222141742706299]
[0.5011217594146729, 0.5639796257019043, 0.4316723644733429, 0.27940407395362854, 0.517728865146637]
[0.5070725679397583, 0.5795678496360779, 0.4309682846069336, 0.25872695446014404, 0.538472592830658]
[0.45927146077156067, 0.5197398662567139, 0.45790615677833557, 0.28416359424591064, 0.4654848277568817]
[0.42762836813926697, 0.5552635192871094, 0.4516046941280365, 0.31168481707572937, 0.44392192363739014]
[0.5422282814979553, 0.5863180160522461, 0.40551844239234924, 0.2753317654132843, 0.556081235408783]
[0.4974372088909149, 0.573168158531189, 0.43143171072006226, 0.28781306743621826, 0.4998326301574707]
[0.4392678737640381, 0.5580225586891174, 0.44213056564331055, 0.30616921186447144, 0.4589545428752899]
[0.5300657749176025, 0.571883499622345, 0.4328295588493347, 0.30869144201278687, 0.5353952646255493]
[0.6420375108718872, 0.5503091812133789, 0.3936220109462738, 0.2616586685180664, 0.6189441084861755]
[0.49880221486091614, 0.5776816606521606, 0.4183681607246399, 0.30981114506721497, 0.5182505249977112]
[0.4617270827293396, 0.5694071054458618, 0.45798763632774353, 0.2844363749027252, 0.4993147850036621]
[0.4912443161010742, 0.5833374857902527, 0.428093820810318, 0.27402809262275696, 0.5320985317230225]
[0.46857741475105286, 0.5606399774551392, 0.4395970404148102, 0.2910926640033722, 0.47573837637901306]
[0.5004206895828247, 0.5760725140571594, 0.4329943060874939, 0.30623477697372437, 0.5002053380012512]
[0.5354865789413452, 0.5888907313346863, 0.41922876238822937, 0.2605830132961273, 0.5253303050994873]
[0.5249328017234802, 0.5910364389419556, 0.4134911000728607, 0.2675403654575348, 0.5428435206413269]
[0.5376814007759094, 0.5695343613624573, 0.4435441195964813, 0.3006744682788849, 0.5699337124824524]
[0.5908455848693848, 0.6007892489433289, 0.3924446403980255, 0.23666639626026154, 0.5946279764175415]
[0.5070725679397583, 0.5795678496360779, 0.4309682846069336, 0.25872695446014404, 0.538472592830658]
[0.5496665239334106, 0.5737817287445068, 0.4600768983364105, 0.30534806847572327, 0.5135219097137451]
[0.45591697096824646, 0.5714421272277832, 0.4375375807285309, 0.2925458252429962, 0.5118342638015747]
[0.4205927550792694, 0.5422748327255249, 0.47515031695365906, 0.35359805822372437, 0.4779553711414337]
[0.49204981327056885, 0.5688473582267761, 0.4361186921596527, 0.3041708171367645, 0.5188828110694885]
[0.5153824687004089, 0.5652151703834534, 0.4319929778575897, 0.28121116757392883, 0.5184288024902344]
[0.4846193492412567, 0.5673037767410278, 0.44450774788856506, 0.2919192314147949, 0.5065104961395264]
[0.4905985891819, 0.5777121782302856, 0.42284855246543884, 0.2900243401527405, 0.5214143991470337]
[0.5522788166999817, 0.5533367395401001, 0.41018444299697876, 0.2716381549835205, 0.5693116784095764]
[0.47730106115341187, 0.5701468586921692, 0.4357093870639801, 0.28844353556632996, 0.5036776661872864]
[0.4470621347427368, 0.5702138543128967, 0.4618280529975891, 0.320738822221756, 0.483911395072937]
[0.5422282814979553, 0.5863180160522461, 0.40551844239234924, 0.2753317654132843, 0.556081235408783]
[0.4905985891819, 0.5777121782302856, 0.42284855246543884, 0.2900243401527405, 0.5214143991470337]
[0.39252331852912903, 0.575891375541687, 0.4413122534751892, 0.3239540755748749, 0.457012802362442]
[0.40022969245910645, 0.5496010184288025, 0.4523795545101166, 0.3133551776409149, 0.4310731589794159]
[0.4811425507068634, 0.5814248323440552, 0.44420748949050903, 0.2843967080116272, 0.5148383975028992]
[0.48796066641807556, 0.5703770518302917, 0.4474305212497711, 0.3190293312072754, 0.5032051801681519]
[0.49204981327056885, 0.5688473582267761, 0.4361186921596527, 0.3041708171367645, 0.5188828110694885]
[0.5149443745613098, 0.5838537216186523, 0.4112360179424286, 0.28766772150993347, 0.5201568007469177]
