0
【双十一战报：12分28秒天猫双11交易额破百亿 无线交易额占超70%】2015天猫双11全球狂欢节正式拉开帷幕，在狂欢节开始1分12秒后，成交额突破10亿元。12分28秒时，成交额突破100亿元。自开幕之后，无线成交占比始终超过70%，最高超80%。（央广网）
[0.47920751571655273, 0.5033053159713745, 0.5106258392333984, 0.3682403564453125, 0.4410572946071625]
[0.4713905453681946, 0.5742101073265076, 0.452862024307251, 0.28030693531036377, 0.5218210816383362]
[0.4966158866882324, 0.5767207145690918, 0.4420165717601776, 0.26970136165618896, 0.498125284910202]
[0.5027062296867371, 0.5710629820823669, 0.44470635056495667, 0.30175578594207764, 0.518401026725769]
[0.3925451636314392, 0.5418100953102112, 0.4524604082107544, 0.3135385513305664, 0.45121002197265625]
[0.5055398941040039, 0.5407307147979736, 0.4450524151325226, 0.3064309358596802, 0.5083729028701782]
[0.5444114208221436, 0.5928993225097656, 0.43424898386001587, 0.25755566358566284, 0.5224173665046692]
[0.5441411733627319, 0.5601316094398499, 0.4176357388496399, 0.27545860409736633, 0.5515683889389038]
[0.5200769305229187, 0.5920817852020264, 0.4207044541835785, 0.28540849685668945, 0.5135799050331116]
[0.42063483595848083, 0.5578494668006897, 0.4451676905155182, 0.2850758731365204, 0.4617929756641388]
[0.48982295393943787, 0.5678784847259521, 0.4297565519809723, 0.30092376470565796, 0.5150797367095947]
[0.5720105767250061, 0.5313155651092529, 0.4351440668106079, 0.27864664793014526, 0.5633848309516907]
[0.44002118706703186, 0.5458307266235352, 0.4836895167827606, 0.3176549971103668, 0.4741518497467041]
[0.48379552364349365, 0.5937032699584961, 0.41920071840286255, 0.2830924987792969, 0.4925927221775055]
[0.527800977230072, 0.5634105205535889, 0.41584086418151855, 0.3039725720882416, 0.538062334060669]
[0.5344333648681641, 0.565106213092804, 0.45070335268974304, 0.27662140130996704, 0.5177000164985657]
[0.5497667193412781, 0.5859836339950562, 0.41781920194625854, 0.26489022374153137, 0.5605595707893372]
[0.5528751611709595, 0.5739370584487915, 0.4324713945388794, 0.2945067882537842, 0.5504047870635986]
[0.5231072902679443, 0.542644739151001, 0.4477178752422333, 0.3461868166923523, 0.49089792370796204]
[0.540128231048584, 0.5845625996589661, 0.42627274990081787, 0.26644137501716614, 0.5404349565505981]
[0.4715527296066284, 0.5508897304534912, 0.4512692391872406, 0.3313217759132385, 0.4773063063621521]
[0.49605607986450195, 0.5321094393730164, 0.4665868282318115, 0.32924768328666687, 0.5412692427635193]
[0.4216020703315735, 0.4811314642429352, 0.5209773778915405, 0.4186146855354309, 0.47450119256973267]
[0.49341869354248047, 0.5717449188232422, 0.4409273862838745, 0.3215698301792145, 0.49466079473495483]
[0.4473520517349243, 0.5526123046875, 0.4556976556777954, 0.312549352645874, 0.48578837513923645]
[0.40905457735061646, 0.5458605885505676, 0.447526752948761, 0.31557685136795044, 0.4660322368144989]
[0.5014589428901672, 0.5791112184524536, 0.4536823332309723, 0.30429908633232117, 0.5245394706726074]
[0.42188578844070435, 0.5449305176734924, 0.48182544112205505, 0.3245735168457031, 0.48443761467933655]
[0.5250579118728638, 0.5907403230667114, 0.4243355393409729, 0.27173706889152527, 0.5415500998497009]
[0.5249130129814148, 0.5718504786491394, 0.43552759289741516, 0.3076990246772766, 0.5308215618133545]
[0.5405213832855225, 0.5647940039634705, 0.4380875825881958, 0.3028557300567627, 0.519004225730896]
[0.4870537221431732, 0.5236495137214661, 0.500287652015686, 0.41578900814056396, 0.5476505756378174]
[0.5352744460105896, 0.5914745330810547, 0.4375540316104889, 0.27428627014160156, 0.5324705839157104]
[0.5395355224609375, 0.5671406984329224, 0.48947757482528687, 0.3462812900543213, 0.5430885553359985]
[0.5183022022247314, 0.5434849262237549, 0.4492931067943573, 0.31373515725135803, 0.5061164498329163]
[0.5209298729896545, 0.5464957356452942, 0.4600130617618561, 0.303443044424057, 0.500552773475647]
[0.4776265025138855, 0.5792014598846436, 0.4260391294956207, 0.2817026674747467, 0.5171305537223816]
[0.4096609652042389, 0.5802712440490723, 0.4397919774055481, 0.32813408970832825, 0.4520302712917328]
[0.468283087015152, 0.5313361883163452, 0.4886504113674164, 0.36227765679359436, 0.484412282705307]
[0.40857115387916565, 0.5561627745628357, 0.4636852741241455, 0.3334687054157257, 0.4761596918106079]
[0.5212366580963135, 0.5828753709793091, 0.4138222336769104, 0.29266220331192017, 0.5223020911216736]
[0.5103527307510376, 0.5582929253578186, 0.4523198902606964, 0.3033298850059509, 0.5250142812728882]
[0.5042683482170105, 0.5750274658203125, 0.4465956389904022, 0.29070666432380676, 0.530184268951416]
[0.4227678179740906, 0.5479259490966797, 0.47538653016090393, 0.38000166416168213, 0.46787020564079285]
[0.50543212890625, 0.5719050168991089, 0.41740989685058594, 0.2887706756591797, 0.5214845538139343]
[0.5704239010810852, 0.5623751878738403, 0.4031306505203247, 0.26990753412246704, 0.5675188899040222]
[0.45426586270332336, 0.5582119226455688, 0.4739212095737457, 0.3298915922641754, 0.4421665072441101]
[0.4398457109928131, 0.5765336751937866, 0.43826112151145935, 0.25582998991012573, 0.5060955882072449]
[0.5045577883720398, 0.510179340839386, 0.5141997933387756, 0.4367949664592743, 0.4962644577026367]
[0.5504789352416992, 0.5504522323608398, 0.46797049045562744, 0.3006422519683838, 0.5575739741325378]
[0.39841458201408386, 0.5337904691696167, 0.47202375531196594, 0.37521597743034363, 0.4514572322368622]
[0.38662153482437134, 0.5533295273780823, 0.45258089900016785, 0.29161936044692993, 0.4375476837158203]
[0.4991551637649536, 0.5814778208732605, 0.4167037308216095, 0.2758522927761078, 0.5489105582237244]
[0.5731465220451355, 0.5712761282920837, 0.4287498891353607, 0.29491961002349854, 0.5503193140029907]
[0.5042683482170105, 0.5750274658203125, 0.4465956389904022, 0.29070666432380676, 0.530184268951416]
[0.5152897834777832, 0.49396148324012756, 0.49853944778442383, 0.4089668095111847, 0.5341488718986511]
[0.6042425632476807, 0.5829365849494934, 0.388955295085907, 0.25452762842178345, 0.5793682932853699]
[0.48204904794692993, 0.5696033239364624, 0.44142886996269226, 0.31828564405441284, 0.5334466099739075]
[0.5239201784133911, 0.5344025492668152, 0.47116345167160034, 0.3339967429637909, 0.5267429351806641]
[0.5082745552062988, 0.5524075627326965, 0.46010124683380127, 0.360467791557312, 0.5029103755950928]
[0.5135849714279175, 0.5828821659088135, 0.4438968896865845, 0.2899731993675232, 0.5275158286094666]
[0.3171909749507904, 0.5275654196739197, 0.4584566056728363, 0.3512326776981354, 0.42183512449264526]
[0.47951528429985046, 0.5720705986022949, 0.43386316299438477, 0.3104589283466339, 0.48910531401634216]
[0.4670560657978058, 0.5602574944496155, 0.43585261702537537, 0.2909426987171173, 0.49664416909217834]
[0.47980108857154846, 0.5304551720619202, 0.5120283365249634, 0.38565701246261597, 0.4853028953075409]
[0.3670795261859894, 0.5162360668182373, 0.49969762563705444, 0.34519726037979126, 0.4069201946258545]
[0.5174906849861145, 0.54634690284729, 0.4330246150493622, 0.2917495667934418, 0.5289319753646851]
[0.45191773772239685, 0.5434889793395996, 0.44840148091316223, 0.3289577066898346, 0.47687646746635437]
[0.44989633560180664, 0.5444290041923523, 0.4868573844432831, 0.35081663727760315, 0.47407904267311096]
[0.5717184543609619, 0.5791055560112, 0.41248565912246704, 0.2589412331581116, 0.5497856140136719]
[0.5042683482170105, 0.5750274658203125, 0.4465956389904022, 0.29070666432380676, 0.530184268951416]
[0.5530443787574768, 0.5252742171287537, 0.4579402506351471, 0.30634716153144836, 0.5655057430267334]
[0.4096267521381378, 0.5674200057983398, 0.46911293268203735, 0.2937310039997101, 0.48589545488357544]
[0.34412023425102234, 0.5278375744819641, 0.47684329748153687, 0.3836306035518646, 0.43261846899986267]
[0.5409254431724548, 0.5841920375823975, 0.4156280755996704, 0.25442320108413696, 0.5393245220184326]
[0.43643051385879517, 0.5474449992179871, 0.4611869156360626, 0.30870145559310913, 0.4582692086696625]
[0.5244597792625427, 0.5673940777778625, 0.42901942133903503, 0.28732484579086304, 0.508772611618042]
[0.5423752665519714, 0.5602195262908936, 0.4083753824234009, 0.26187217235565186, 0.5627017021179199]
[0.38360098004341125, 0.5294044017791748, 0.4563007354736328, 0.34387078881263733, 0.4233289659023285]
[0.5992571115493774, 0.5179814100265503, 0.44764089584350586, 0.3319160044193268, 0.5650944709777832]
[0.5042683482170105, 0.5750274658203125, 0.4465956389904022, 0.29070666432380676, 0.530184268951416]
[0.47036340832710266, 0.581171452999115, 0.42202433943748474, 0.2791232168674469, 0.5083855986595154]
[0.43928033113479614, 0.5755216479301453, 0.43812182545661926, 0.28464990854263306, 0.4676651954650879]
[0.5244137048721313, 0.5560612082481384, 0.424686998128891, 0.26872697472572327, 0.4864892363548279]
[0.5244597792625427, 0.5673940777778625, 0.42901942133903503, 0.28732484579086304, 0.508772611618042]
[0.5055032968521118, 0.575362503528595, 0.4445689916610718, 0.30539634823799133, 0.5143736004829407]
[0.5261114835739136, 0.5779626965522766, 0.4083186686038971, 0.25421079993247986, 0.5494397282600403]
[0.534547746181488, 0.5277056694030762, 0.46168455481529236, 0.2868553102016449, 0.4891207218170166]
[0.5440787076950073, 0.5975561738014221, 0.4107975661754608, 0.2606299817562103, 0.5532710552215576]
[0.4415873885154724, 0.5450266003608704, 0.4730897545814514, 0.3410395383834839, 0.4620055556297302]
[0.4786413908004761, 0.5352766513824463, 0.4496084749698639, 0.28599414229393005, 0.45592203736305237]
[0.5042683482170105, 0.5750274658203125, 0.4465956389904022, 0.29070666432380676, 0.530184268951416]
[0.4982679486274719, 0.5677655935287476, 0.44753286242485046, 0.2939114272594452, 0.5125981569290161]
[0.4191511571407318, 0.5319818258285522, 0.47625717520713806, 0.3577731251716614, 0.4627281129360199]
[0.540453314781189, 0.5378516912460327, 0.4543844759464264, 0.3235013484954834, 0.5359132885932922]
[0.496406227350235, 0.5308772921562195, 0.4891800284385681, 0.4011416733264923, 0.5279024839401245]
[0.6191518306732178, 0.4899158775806427, 0.49669814109802246, 0.3894698917865753, 0.5948550701141357]
[0.49627241492271423, 0.5332101583480835, 0.4400463104248047, 0.28420203924179077, 0.5064278841018677]
[0.5352744460105896, 0.5914745330810547, 0.4375540316104889, 0.27428627014160156, 0.5324705839157104]
[0.5769304633140564, 0.5457579493522644, 0.39635974168777466, 0.26711001992225647, 0.5563817024230957]
[0.5792722105979919, 0.5920242071151733, 0.4009076952934265, 0.24300988018512726, 0.5679585933685303]
