0
【银杏组成的时光隧道，你想看看吗？
[0.4933960437774658, 0.5650665163993835, 0.46803122758865356, 0.29260581731796265, 0.5566496253013611]
[0.5138278007507324, 0.5719684362411499, 0.4300827383995056, 0.2970241904258728, 0.5164225697517395]
[0.4370693862438202, 0.5642716288566589, 0.45062777400016785, 0.3410417437553406, 0.4687498211860657]
[0.48663344979286194, 0.5938396453857422, 0.42074933648109436, 0.2759591042995453, 0.5159928798675537]
[0.5151064991950989, 0.5747038125991821, 0.424662321805954, 0.28126558661460876, 0.5288636088371277]
[0.5050580501556396, 0.5712310671806335, 0.44224512577056885, 0.3037981390953064, 0.5046895742416382]
[0.5138278007507324, 0.5719684362411499, 0.4300827383995056, 0.2970241904258728, 0.5164225697517395]
[0.49224403500556946, 0.5557902455329895, 0.49274423718452454, 0.34097999334335327, 0.5287886261940002]
[0.5070725679397583, 0.5795678496360779, 0.4309682846069336, 0.25872695446014404, 0.538472592830658]
[0.5138278007507324, 0.5719684362411499, 0.4300827383995056, 0.2970241904258728, 0.5164225697517395]
[0.5138278007507324, 0.5719684362411499, 0.4300827383995056, 0.2970241904258728, 0.5164225697517395]
[0.39862334728240967, 0.570052981376648, 0.4573724567890167, 0.33594420552253723, 0.4674825072288513]
[0.3772037923336029, 0.5345442295074463, 0.47788769006729126, 0.35050275921821594, 0.44353005290031433]
[0.5138278007507324, 0.5719684362411499, 0.4300827383995056, 0.2970241904258728, 0.5164225697517395]
[0.48663344979286194, 0.5938396453857422, 0.42074933648109436, 0.2759591042995453, 0.5159928798675537]
[0.4332874119281769, 0.55461186170578, 0.43612754344940186, 0.3216984272003174, 0.4968779683113098]
[0.5563772916793823, 0.5556612610816956, 0.43394625186920166, 0.28583741188049316, 0.5286452770233154]
[0.43666839599609375, 0.5708569288253784, 0.4310759902000427, 0.28703945875167847, 0.47740235924720764]
[0.4186461865901947, 0.5308378338813782, 0.5116637945175171, 0.4224171042442322, 0.4905148148536682]
[0.48816999793052673, 0.5707655549049377, 0.4248655438423157, 0.28360283374786377, 0.5326667428016663]
[0.5596128106117249, 0.5633171796798706, 0.4189301133155823, 0.2628103494644165, 0.5596847534179688]
[0.5443740487098694, 0.5563973188400269, 0.43169090151786804, 0.2820444107055664, 0.5139787197113037]
[0.5395714044570923, 0.5767406821250916, 0.41542696952819824, 0.2551744282245636, 0.5630597472190857]
[0.5291847586631775, 0.5669334530830383, 0.4351608455181122, 0.27356618642807007, 0.5107067823410034]
[0.4600677788257599, 0.5728320479393005, 0.43155795335769653, 0.2906236946582794, 0.49145689606666565]
[0.4842974543571472, 0.5374977588653564, 0.5065328478813171, 0.39554449915885925, 0.494394451379776]
[0.49161261320114136, 0.5429002046585083, 0.461930513381958, 0.3148707449436188, 0.5398300290107727]
[0.47509899735450745, 0.5634612441062927, 0.4354955554008484, 0.3125930726528168, 0.5181892514228821]
[0.3995976746082306, 0.5632776021957397, 0.43023648858070374, 0.29177147150039673, 0.48184436559677124]
[0.44633379578590393, 0.5595264434814453, 0.4746617078781128, 0.344407856464386, 0.4771363139152527]
[0.5583699345588684, 0.5871456861495972, 0.42117294669151306, 0.29571935534477234, 0.5579919219017029]
[0.5482138991355896, 0.5715900659561157, 0.4266130328178406, 0.279158353805542, 0.5583277344703674]
[0.49917179346084595, 0.5741349458694458, 0.39122363924980164, 0.23155717551708221, 0.5468689203262329]
[0.42284008860588074, 0.5686895251274109, 0.4349801540374756, 0.2778923213481903, 0.5016546845436096]
[0.5591993927955627, 0.5843930840492249, 0.4371805489063263, 0.265297532081604, 0.5861086249351501]
[0.3301456868648529, 0.52431720495224, 0.5133342742919922, 0.5518897175788879, 0.47925788164138794]
[0.5779263377189636, 0.5927984118461609, 0.39518389105796814, 0.24731525778770447, 0.5653094053268433]
[0.5210322141647339, 0.5764999985694885, 0.414080411195755, 0.2752411365509033, 0.5457095503807068]
[0.42917710542678833, 0.533877968788147, 0.48628485202789307, 0.39134517312049866, 0.4593666195869446]
[0.473490834236145, 0.5760312080383301, 0.4354192614555359, 0.27095162868499756, 0.5335605144500732]
[0.4981636703014374, 0.5803433656692505, 0.4327216148376465, 0.2966333031654358, 0.5281644463539124]
[0.5194398164749146, 0.5634537935256958, 0.42866408824920654, 0.272695392370224, 0.5695111155509949]
[0.5077052116394043, 0.5666524171829224, 0.43051037192344666, 0.3170851171016693, 0.5095803737640381]
[0.5622087121009827, 0.57506263256073, 0.4213954508304596, 0.2635100781917572, 0.5676991939544678]
[0.45595797896385193, 0.5749718546867371, 0.45585349202156067, 0.2935277223587036, 0.5083827376365662]
[0.4845521152019501, 0.5770305395126343, 0.4249987304210663, 0.2801017761230469, 0.5222305059432983]
[0.5138278007507324, 0.5719684362411499, 0.4300827383995056, 0.2970241904258728, 0.5164225697517395]
[0.4723171591758728, 0.5626909732818604, 0.44071218371391296, 0.3144139051437378, 0.49084800481796265]
[0.4320555031299591, 0.5363680720329285, 0.4756053388118744, 0.36655765771865845, 0.47157150506973267]
[0.4676375687122345, 0.5683103799819946, 0.438495397567749, 0.30510371923446655, 0.5020607113838196]
[0.4850269556045532, 0.602915346622467, 0.419444739818573, 0.2994445860385895, 0.5037814974784851]
[0.5138278007507324, 0.5719684362411499, 0.4300827383995056, 0.2970241904258728, 0.5164225697517395]
[0.5138278007507324, 0.5719684362411499, 0.4300827383995056, 0.2970241904258728, 0.5164225697517395]
[0.5050580501556396, 0.5712310671806335, 0.44224512577056885, 0.3037981390953064, 0.5046895742416382]
[0.533901572227478, 0.5712665319442749, 0.43107566237449646, 0.28375744819641113, 0.5486169457435608]
[0.6308582425117493, 0.5532708764076233, 0.4350747764110565, 0.26282328367233276, 0.5653066635131836]
[0.5398064851760864, 0.5633246898651123, 0.40425390005111694, 0.2749710977077484, 0.5340642333030701]
[0.33861517906188965, 0.5150659084320068, 0.5182053446769714, 0.4816342294216156, 0.4452492594718933]
[0.47532597184181213, 0.51346355676651, 0.5342411398887634, 0.4920625686645508, 0.5688729882240295]
[0.5573725700378418, 0.566969633102417, 0.42279356718063354, 0.27961158752441406, 0.5446845293045044]
[0.4535117745399475, 0.570972740650177, 0.47108444571495056, 0.32453620433807373, 0.47908347845077515]
[0.4739208221435547, 0.5598056316375732, 0.4494304060935974, 0.31723305583000183, 0.49965357780456543]
[0.4686201512813568, 0.5415849089622498, 0.5035269260406494, 0.38826844096183777, 0.48159241676330566]
[0.4593377709388733, 0.5650169849395752, 0.438565731048584, 0.3073476254940033, 0.4940529465675354]
[0.48934823274612427, 0.5894595384597778, 0.4498222768306732, 0.2993853986263275, 0.5054900646209717]
[0.48663344979286194, 0.5938396453857422, 0.42074933648109436, 0.2759591042995453, 0.5159928798675537]
[0.5180813670158386, 0.55365389585495, 0.45411843061447144, 0.3362048268318176, 0.49091941118240356]
[0.5050580501556396, 0.5712310671806335, 0.44224512577056885, 0.3037981390953064, 0.5046895742416382]
[0.5482885241508484, 0.5830296277999878, 0.43365830183029175, 0.2935793697834015, 0.5541366934776306]
[0.5460237264633179, 0.5504875779151917, 0.4272143244743347, 0.3030131757259369, 0.5334951281547546]
[0.47805124521255493, 0.5800045132637024, 0.44900932908058167, 0.3028187155723572, 0.5586716532707214]
[0.5103533267974854, 0.5754494667053223, 0.42584848403930664, 0.3018236756324768, 0.5286523103713989]
[0.4256035089492798, 0.5452938079833984, 0.43875908851623535, 0.30666154623031616, 0.46561482548713684]
[0.5050580501556396, 0.5712310671806335, 0.44224512577056885, 0.3037981390953064, 0.5046895742416382]
[0.5070725679397583, 0.5795678496360779, 0.4309682846069336, 0.25872695446014404, 0.538472592830658]
[0.4502721428871155, 0.5374178290367126, 0.4756786525249481, 0.3682238757610321, 0.46438848972320557]
[0.577574610710144, 0.5764400959014893, 0.4048956334590912, 0.25880733132362366, 0.5527929067611694]
[0.5019501447677612, 0.5881970524787903, 0.42682522535324097, 0.29817596077919006, 0.5234425663948059]
[0.5196541547775269, 0.5612737536430359, 0.4368359446525574, 0.31139302253723145, 0.5090556144714355]
[0.5194160342216492, 0.553799569606781, 0.4230647087097168, 0.27952709794044495, 0.5373204350471497]
[0.48663344979286194, 0.5938396453857422, 0.42074933648109436, 0.2759591042995453, 0.5159928798675537]
[0.30392640829086304, 0.5413883328437805, 0.43876978754997253, 0.29437628388404846, 0.43125978112220764]
[0.5401765704154968, 0.5625630021095276, 0.4200584292411804, 0.25388550758361816, 0.5500860214233398]
[0.4856899678707123, 0.5694090127944946, 0.4466172456741333, 0.2876741588115692, 0.5178178548812866]
[0.4607248902320862, 0.5579726099967957, 0.4544212818145752, 0.35672885179519653, 0.4671993851661682]
[0.5501027703285217, 0.5565661787986755, 0.45345941185951233, 0.3475368320941925, 0.529398500919342]
[0.45567041635513306, 0.5762215852737427, 0.449806809425354, 0.3231251835823059, 0.4883516728878021]
[0.5553420782089233, 0.5827528834342957, 0.4139721095561981, 0.25392162799835205, 0.5960940718650818]
[0.49099215865135193, 0.5828176140785217, 0.42261847853660583, 0.28659677505493164, 0.5007804036140442]
[0.5138278007507324, 0.5719684362411499, 0.4300827383995056, 0.2970241904258728, 0.5164225697517395]
[0.5305640697479248, 0.5666400790214539, 0.4431535303592682, 0.3034076392650604, 0.5493729114532471]
[0.5672325491905212, 0.5474741458892822, 0.4216305613517761, 0.2819021940231323, 0.5574265718460083]
[0.505155086517334, 0.5599380731582642, 0.46882280707359314, 0.3012658357620239, 0.563019871711731]
[0.49017253518104553, 0.560356080532074, 0.44889214634895325, 0.33271515369415283, 0.5022864937782288]
[0.4858661890029907, 0.5735495686531067, 0.4368753433227539, 0.31497886776924133, 0.48255789279937744]
[0.48663344979286194, 0.5938396453857422, 0.42074933648109436, 0.2759591042995453, 0.5159928798675537]
[0.5046977400779724, 0.5865938067436218, 0.41029849648475647, 0.26682767271995544, 0.5189914703369141]
[0.49704450368881226, 0.5790351033210754, 0.4175871014595032, 0.2792583703994751, 0.5406041145324707]
[0.5138278007507324, 0.5719684362411499, 0.4300827383995056, 0.2970241904258728, 0.5164225697517395]
[0.43153783679008484, 0.5629658102989197, 0.4673917591571808, 0.32589441537857056, 0.4985058903694153]
[0.5050580501556396, 0.5712310671806335, 0.44224512577056885, 0.3037981390953064, 0.5046895742416382]
