0
【注意！电暖气离沙发、床太近会自燃】把电暖器放在距沙发不到30厘米处，对着沙发，几十分钟后布沙发起火了！小太阳电暖气在工作时，温度高达三四百度，使用时一定要远离布类、打火机、花露水、空气清新剂等易爆物品，以免发生灾祸。有老人、儿童的房间更要谨慎使用。
[0.5101249814033508, 0.5143256783485413, 0.49567297101020813, 0.4013780355453491, 0.5659509897232056]
[0.4952141046524048, 0.5602954030036926, 0.45310741662979126, 0.3201780915260315, 0.5192622542381287]
[0.4952141046524048, 0.5602954030036926, 0.45310741662979126, 0.3201780915260315, 0.5192622542381287]
[0.48549219965934753, 0.577217698097229, 0.4386543929576874, 0.29101449251174927, 0.5322778224945068]
[0.47415339946746826, 0.5764161348342896, 0.48433172702789307, 0.32181933522224426, 0.5231210589408875]
[0.5069110989570618, 0.5825087428092957, 0.4208717942237854, 0.26311996579170227, 0.5547881722450256]
[0.3791360557079315, 0.5214489698410034, 0.5126840472221375, 0.4267069399356842, 0.44633251428604126]
[0.48400455713272095, 0.5730235576629639, 0.4179913401603699, 0.30766916275024414, 0.4971405267715454]
[0.4824685752391815, 0.5538952946662903, 0.4483617842197418, 0.31831035017967224, 0.5289372205734253]
[0.4757523536682129, 0.5293847322463989, 0.45366156101226807, 0.3208054304122925, 0.5054653882980347]
[0.47159165143966675, 0.5814562439918518, 0.4314822256565094, 0.3037547171115875, 0.4885098934173584]
[0.5126112103462219, 0.5886135101318359, 0.4218950569629669, 0.2740228474140167, 0.5414739847183228]
[0.5558690428733826, 0.5694760084152222, 0.4009767174720764, 0.270791620016098, 0.545712411403656]
[0.4952141046524048, 0.5602954030036926, 0.45310741662979126, 0.3201780915260315, 0.5192622542381287]
[0.5271434783935547, 0.5614295601844788, 0.4677603244781494, 0.3308038115501404, 0.5529257655143738]
[0.4851590692996979, 0.565220296382904, 0.4405633807182312, 0.28873199224472046, 0.5025203824043274]
[0.48533833026885986, 0.585201621055603, 0.4275488555431366, 0.27578386664390564, 0.5377123355865479]
[0.519505500793457, 0.5519896149635315, 0.4779757261276245, 0.31985828280448914, 0.5134814977645874]
[0.6324337720870972, 0.5833252668380737, 0.361336886882782, 0.21165379881858826, 0.6128255724906921]
[0.5185933113098145, 0.5886591672897339, 0.41420748829841614, 0.28358691930770874, 0.5321028828620911]
[0.5101249814033508, 0.5143256783485413, 0.49567297101020813, 0.4013780355453491, 0.5659509897232056]
[0.48379552364349365, 0.5937032699584961, 0.41920071840286255, 0.2830924987792969, 0.4925927221775055]
[0.5404696464538574, 0.5898653864860535, 0.43282240629196167, 0.2617802619934082, 0.5480982661247253]
[0.4952141046524048, 0.5602954030036926, 0.45310741662979126, 0.3201780915260315, 0.5192622542381287]
[0.5101249814033508, 0.5143256783485413, 0.49567297101020813, 0.4013780355453491, 0.5659509897232056]
[0.49769333004951477, 0.544499397277832, 0.3837123215198517, 0.24029196798801422, 0.5322815775871277]
[0.4952141046524048, 0.5602954030036926, 0.45310741662979126, 0.3201780915260315, 0.5192622542381287]
[0.6045194268226624, 0.5925893783569336, 0.4229133427143097, 0.2530967593193054, 0.6038714051246643]
[0.5144298076629639, 0.5190950036048889, 0.5346067547798157, 0.4588257372379303, 0.5264420509338379]
[0.5638207197189331, 0.6010946035385132, 0.407207190990448, 0.2590916156768799, 0.578947126865387]
[0.5385345220565796, 0.589212954044342, 0.43386411666870117, 0.2822909951210022, 0.5516987442970276]
