0
我操！！！！
[0.43372195959091187, 0.5776039361953735, 0.4284563362598419, 0.27846717834472656, 0.47131162881851196]
[0.4064069390296936, 0.5255841016769409, 0.4630977511405945, 0.31784114241600037, 0.4504533112049103]
[0.5465208888053894, 0.5872267484664917, 0.41718989610671997, 0.28816771507263184, 0.5332985520362854]
[0.5149213075637817, 0.5745115280151367, 0.4294396936893463, 0.2818833291530609, 0.5206738114356995]
[0.47519510984420776, 0.5732764005661011, 0.42708078026771545, 0.29557621479034424, 0.5011827945709229]
[0.3480764329433441, 0.5472266674041748, 0.44087445735931396, 0.3213363289833069, 0.4376504421234131]
[0.37632307410240173, 0.5519793033599854, 0.45842444896698, 0.3008767366409302, 0.42202264070510864]
[0.527854323387146, 0.5857251286506653, 0.42558375000953674, 0.27191784977912903, 0.5264109373092651]
[0.49715855717658997, 0.5669677257537842, 0.4178315997123718, 0.29044482111930847, 0.5287474989891052]
[0.4675028920173645, 0.5466890931129456, 0.4707884192466736, 0.3779018521308899, 0.47149398922920227]
[0.4303288161754608, 0.5305021405220032, 0.48356762528419495, 0.32420095801353455, 0.48449990153312683]
[0.6043415665626526, 0.5196962356567383, 0.4488945007324219, 0.33424386382102966, 0.5985596776008606]
[0.43663686513900757, 0.5527818202972412, 0.46398216485977173, 0.3353676199913025, 0.4763515591621399]
[0.5272905230522156, 0.5933882594108582, 0.42096102237701416, 0.28318992257118225, 0.5264011025428772]
[0.5280789732933044, 0.5701825618743896, 0.43935543298721313, 0.27965953946113586, 0.563621997833252]
[0.3359111249446869, 0.5258376598358154, 0.49723729491233826, 0.3807317316532135, 0.4268587529659271]
[0.49353641271591187, 0.5752430558204651, 0.4204554557800293, 0.276672899723053, 0.5240631103515625]
[0.45645374059677124, 0.545497477054596, 0.4492219388484955, 0.32536551356315613, 0.48626241087913513]
[0.5152455568313599, 0.5720633864402771, 0.44126150012016296, 0.2766227722167969, 0.512859582901001]
[0.40417173504829407, 0.5544849038124084, 0.4432082176208496, 0.28724825382232666, 0.4483764171600342]
[0.44821661710739136, 0.5556536912918091, 0.44856593012809753, 0.35649633407592773, 0.47995343804359436]
[0.5632101893424988, 0.600226640701294, 0.4074583053588867, 0.24113832414150238, 0.5745576024055481]
[0.49502789974212646, 0.5825905203819275, 0.448177695274353, 0.31416055560112, 0.5053993463516235]
[0.4101620018482208, 0.5538391470909119, 0.4595377445220947, 0.3450716435909271, 0.4665551781654358]
[0.40941715240478516, 0.5784115791320801, 0.42960700392723083, 0.27518734335899353, 0.4813063144683838]
[0.3480764329433441, 0.5472266674041748, 0.44087445735931396, 0.3213363289833069, 0.4376504421234131]
[0.43372195959091187, 0.5776039361953735, 0.4284563362598419, 0.27846717834472656, 0.47131162881851196]
[0.566759467124939, 0.5735454559326172, 0.3919621706008911, 0.26466405391693115, 0.5829713344573975]
[0.5385362505912781, 0.5691548585891724, 0.438141405582428, 0.3178086280822754, 0.5053935050964355]
[0.5356723070144653, 0.5576260685920715, 0.43850189447402954, 0.32007938623428345, 0.4999585747718811]
[0.5952955484390259, 0.5733264684677124, 0.4121621251106262, 0.2609236538410187, 0.5721882581710815]
[0.4782848358154297, 0.5582212209701538, 0.4347148835659027, 0.2873988449573517, 0.5214172005653381]
[0.5070725679397583, 0.5795678496360779, 0.4309682846069336, 0.25872695446014404, 0.538472592830658]
[0.48205891251564026, 0.5665013194084167, 0.4302626848220825, 0.29839080572128296, 0.4927687346935272]
[0.47743019461631775, 0.5822853446006775, 0.46478524804115295, 0.2975651025772095, 0.5254839062690735]
[0.47813472151756287, 0.5632541179656982, 0.43620672821998596, 0.2908008396625519, 0.501964807510376]
[0.463093638420105, 0.557242751121521, 0.4679771363735199, 0.31306710839271545, 0.5121983885765076]
[0.4391712248325348, 0.5485256910324097, 0.4638434946537018, 0.3280586898326874, 0.45549800992012024]
[0.5030018091201782, 0.5772817730903625, 0.43836963176727295, 0.3069894313812256, 0.5410711169242859]
[0.5042369365692139, 0.5816283822059631, 0.43610191345214844, 0.29077082872390747, 0.5255596041679382]
