0
“你住的城市下雨了，很想问你有没有带伞。可是我忍住了，因为我怕你说没带，而我又无能为力，就像是我爱你，却给不到你想要的陪伴。”
[0.4033709764480591, 0.5516003370285034, 0.5267626047134399, 0.4129599630832672, 0.4923827052116394]
[0.49819183349609375, 0.5695810914039612, 0.4092336595058441, 0.28381651639938354, 0.5330636501312256]
[0.36045512557029724, 0.553272545337677, 0.4627559781074524, 0.30495697259902954, 0.44551512598991394]
[0.4033709764480591, 0.5516003370285034, 0.5267626047134399, 0.4129599630832672, 0.4923827052116394]
[0.5376777648925781, 0.5476844310760498, 0.45629456639289856, 0.3401156961917877, 0.5661012530326843]
[0.5188860297203064, 0.5849122405052185, 0.417818158864975, 0.28077465295791626, 0.5542014241218567]
[0.5399513244628906, 0.5562270879745483, 0.43156275153160095, 0.28209808468818665, 0.5401256084442139]
[0.5534879565238953, 0.5853130221366882, 0.4248564839363098, 0.2777930498123169, 0.5333250761032104]
[0.46752914786338806, 0.5602350831031799, 0.477047860622406, 0.3132798373699188, 0.5100085139274597]
[0.46209973096847534, 0.560062825679779, 0.42035165429115295, 0.27489611506462097, 0.4754510223865509]
[0.49108195304870605, 0.5858931541442871, 0.4475420415401459, 0.28717392683029175, 0.5540993809700012]
[0.4202077090740204, 0.5450021028518677, 0.4773952066898346, 0.3415328860282898, 0.4864790737628937]
[0.5053690671920776, 0.5770865082740784, 0.4234728217124939, 0.26742568612098694, 0.5389273762702942]
[0.46666428446769714, 0.5494791269302368, 0.4685189127922058, 0.34051254391670227, 0.4912896752357483]
[0.5129770636558533, 0.5804294943809509, 0.4188232719898224, 0.27664709091186523, 0.541037380695343]
[0.5291383862495422, 0.5944806933403015, 0.44095686078071594, 0.2723078429698944, 0.5547184944152832]
[0.46018290519714355, 0.5686627626419067, 0.42532822489738464, 0.30711907148361206, 0.5114984512329102]
[0.5375701785087585, 0.5700247883796692, 0.42958584427833557, 0.34395578503608704, 0.5296842455863953]
[0.4416939914226532, 0.5596527457237244, 0.44484227895736694, 0.3066346049308777, 0.489149808883667]
[0.44362425804138184, 0.561219334602356, 0.4548221528530121, 0.3334866166114807, 0.5015361309051514]
[0.5310521721839905, 0.5866493582725525, 0.41390183568000793, 0.2617114782333374, 0.556306004524231]
[0.4451935291290283, 0.5315175652503967, 0.4882311522960663, 0.39653900265693665, 0.4996698796749115]
[0.4866616427898407, 0.5712178945541382, 0.433062344789505, 0.29721131920814514, 0.5370779633522034]
[0.5292403697967529, 0.5516733527183533, 0.4509409964084625, 0.33842384815216064, 0.552534818649292]
[0.5268213748931885, 0.592309296131134, 0.4388482868671417, 0.2899276614189148, 0.5466998815536499]
[0.42105594277381897, 0.5417908430099487, 0.5039872527122498, 0.43184971809387207, 0.47233524918556213]
[0.5557925701141357, 0.581001341342926, 0.4375644624233246, 0.2803555130958557, 0.5528361797332764]
[0.4415026307106018, 0.5813966989517212, 0.4342733323574066, 0.2754673659801483, 0.4972495436668396]
[0.4974372088909149, 0.573168158531189, 0.43143171072006226, 0.28781306743621826, 0.4998326301574707]
