0
【11个月大女婴不断被抛起接住 保姆辩称为让孩子早点入睡】温州一位网友觉得保姆脾气不大好，偷偷在家安了摄像头。近日，她打开监控看见保姆将11个月大的女儿抛起接住、猛烈摇晃。保姆辩称，这是为让孩子睡着。医生：会惊吓孩子，可能引发颈椎脱位甚至瘫痪。(钱江晚报)
[0.5670865774154663, 0.5244237184524536, 0.4775429368019104, 0.3539716899394989, 0.5842122435569763]
[0.5051407217979431, 0.5629132986068726, 0.4509526193141937, 0.3189433813095093, 0.5335438251495361]
[0.5385386943817139, 0.5813561677932739, 0.4149138033390045, 0.25142547488212585, 0.5554950833320618]
[0.5139486193656921, 0.5868414640426636, 0.43777143955230713, 0.2685481607913971, 0.5624629855155945]
[0.5132343769073486, 0.5900415778160095, 0.4107038080692291, 0.26193660497665405, 0.5373635292053223]
[0.4673563539981842, 0.5822675228118896, 0.4551338255405426, 0.2818213701248169, 0.48450225591659546]
[0.556407630443573, 0.5895232558250427, 0.41153743863105774, 0.2590392231941223, 0.5718123912811279]
[0.43966445326805115, 0.5645147562026978, 0.4551079571247101, 0.3331650197505951, 0.504839301109314]
[0.5370402336120605, 0.5733731985092163, 0.43507468700408936, 0.26260679960250854, 0.5384716391563416]
[0.48891523480415344, 0.5986390709877014, 0.4251663088798523, 0.2733253836631775, 0.5165185332298279]
[0.5255855321884155, 0.58674156665802, 0.41709551215171814, 0.2685055434703827, 0.5201714634895325]
[0.5122243762016296, 0.5843182802200317, 0.4439276456832886, 0.28016406297683716, 0.5429421663284302]
[0.5393126010894775, 0.5915579199790955, 0.4233185946941376, 0.28800374269485474, 0.5392601490020752]
[0.5620961785316467, 0.5877759456634521, 0.4130539298057556, 0.251434862613678, 0.5710057020187378]
[0.44228896498680115, 0.555522084236145, 0.4631081223487854, 0.34077930450439453, 0.49326252937316895]
[0.4437237083911896, 0.5808864831924438, 0.43781134486198425, 0.27734535932540894, 0.47363385558128357]
[0.5579521059989929, 0.5779240727424622, 0.39569175243377686, 0.26229315996170044, 0.5448215007781982]
[0.38092944025993347, 0.555242657661438, 0.4778948128223419, 0.3609323501586914, 0.45148515701293945]
[0.569094181060791, 0.5056042075157166, 0.521528959274292, 0.3920133709907532, 0.560571014881134]
[0.44969919323921204, 0.5666763186454773, 0.48953837156295776, 0.33535224199295044, 0.527126669883728]
[0.4808364808559418, 0.5350425839424133, 0.5058833360671997, 0.45207977294921875, 0.5105420351028442]
[0.5149213075637817, 0.5745115280151367, 0.4294396936893463, 0.2818833291530609, 0.5206738114356995]
[0.5070742964744568, 0.5831854939460754, 0.45140591263771057, 0.29114556312561035, 0.5348598957061768]
[0.5149213075637817, 0.5745115280151367, 0.4294396936893463, 0.2818833291530609, 0.5206738114356995]
[0.5131383538246155, 0.5591205358505249, 0.45369985699653625, 0.35167133808135986, 0.4841960370540619]
[0.4624154269695282, 0.573455810546875, 0.44765639305114746, 0.33165621757507324, 0.4940881133079529]
[0.45913460850715637, 0.5796701312065125, 0.4404933452606201, 0.27935293316841125, 0.4932342767715454]
[0.5631005764007568, 0.5704950094223022, 0.411345899105072, 0.266160249710083, 0.5197581052780151]
[0.5122860074043274, 0.5622884631156921, 0.4526076316833496, 0.3018642067909241, 0.49049681425094604]
[0.5240194797515869, 0.5794762372970581, 0.4101198613643646, 0.2709120810031891, 0.5136880278587341]
[0.42052528262138367, 0.5612290501594543, 0.44673246145248413, 0.3122600018978119, 0.45703545212745667]
[0.5319068431854248, 0.5440572500228882, 0.4329302906990051, 0.2998695969581604, 0.5593695640563965]
[0.5685538649559021, 0.5529384016990662, 0.4516353905200958, 0.3022361099720001, 0.5685281753540039]
[0.5438017845153809, 0.5942021012306213, 0.41521143913269043, 0.26803213357925415, 0.5571514964103699]
[0.5102196335792542, 0.5262357592582703, 0.45240962505340576, 0.33545970916748047, 0.5435982346534729]
[0.5544843673706055, 0.5711005330085754, 0.42393290996551514, 0.26275599002838135, 0.539281964302063]
[0.5429608225822449, 0.5914693474769592, 0.4377114176750183, 0.2899647653102875, 0.5664502382278442]
[0.41575390100479126, 0.5735714435577393, 0.43424662947654724, 0.3062717914581299, 0.4704439342021942]
[0.5071098208427429, 0.5736851096153259, 0.4229138493537903, 0.3048490583896637, 0.5230867862701416]
[0.5067607164382935, 0.5819416642189026, 0.4185640215873718, 0.28162404894828796, 0.5252562165260315]
[0.4984669089317322, 0.5560538172721863, 0.47301048040390015, 0.3480217456817627, 0.5479000806808472]
[0.5354865789413452, 0.5888907313346863, 0.41922876238822937, 0.2605830132961273, 0.5253303050994873]
[0.5089309811592102, 0.561714231967926, 0.46031898260116577, 0.35903453826904297, 0.4934593141078949]
[0.5764367580413818, 0.5917763113975525, 0.4124647080898285, 0.26419520378112793, 0.5642456412315369]
[0.4416513442993164, 0.5458077192306519, 0.4849391281604767, 0.36498183012008667, 0.5066436529159546]
[0.5064705610275269, 0.5262470841407776, 0.4485107660293579, 0.3244576156139374, 0.5243269205093384]
[0.44276565313339233, 0.5425644516944885, 0.4749707877635956, 0.38403216004371643, 0.48380300402641296]
[0.5235422849655151, 0.6003019213676453, 0.4313376545906067, 0.2767085134983063, 0.5299601554870605]
[0.5451405048370361, 0.5799071192741394, 0.4316512644290924, 0.266661137342453, 0.5196403861045837]
[0.4709143340587616, 0.5747674703598022, 0.4326742887496948, 0.29069072008132935, 0.534622073173523]
[0.5220935344696045, 0.5827276706695557, 0.4347144365310669, 0.2835385799407959, 0.5066837072372437]
[0.43075141310691833, 0.552733302116394, 0.4927736520767212, 0.3363814949989319, 0.49057093262672424]
[0.414859801530838, 0.5299563407897949, 0.4929232895374298, 0.367157518863678, 0.4519844949245453]
[0.48355501890182495, 0.5502507090568542, 0.4382518231868744, 0.2874104380607605, 0.5002450346946716]
[0.5699882507324219, 0.5151885747909546, 0.4922175705432892, 0.39046528935432434, 0.6087020635604858]
[0.45167848467826843, 0.5601666569709778, 0.4486837387084961, 0.30895161628723145, 0.49446263909339905]
[0.4396219849586487, 0.5118806958198547, 0.5659191608428955, 0.5292731523513794, 0.5227639675140381]
