0
【一读就错的姓，你读对了吗？】中国文字博大精深，一些常用字作为姓氏时，读法又大不同：①朴，读piáo，不读pǔ。②仇，读qiú，不读chóu。③单，读shàn，不读dān。④解，读xiè，不读jiě。⑤任，读rén，不读rèn。⑥尉迟，读yù chí，不读wèi chí …戳图自测，你哪几个读错了？
[0.46760988235473633, 0.5226848721504211, 0.5595927238464355, 0.450514554977417, 0.5212253928184509]
[0.478997141122818, 0.5857574343681335, 0.43739500641822815, 0.2889523208141327, 0.5307835936546326]
[0.4910554587841034, 0.5795340538024902, 0.44176265597343445, 0.28342023491859436, 0.5647162199020386]
[0.47084179520606995, 0.5777021646499634, 0.425350159406662, 0.30060485005378723, 0.4824179708957672]
[0.5238015055656433, 0.567681074142456, 0.4798067808151245, 0.3178984522819519, 0.5447273850440979]
[0.5063743591308594, 0.5635802745819092, 0.4336808919906616, 0.25898635387420654, 0.5312522053718567]
[0.558176577091217, 0.5837705731391907, 0.4205693006515503, 0.26933491230010986, 0.5672476291656494]
[0.47561708092689514, 0.5552036166191101, 0.45865383744239807, 0.35497161746025085, 0.4855554699897766]
[0.5300263166427612, 0.5812479853630066, 0.41425544023513794, 0.2580432891845703, 0.5546272993087769]
[0.4398725926876068, 0.5617793798446655, 0.45764464139938354, 0.31896746158599854, 0.4777418076992035]
[0.36732009053230286, 0.5611740946769714, 0.4423961639404297, 0.2842545509338379, 0.4558969736099243]
[0.4552711248397827, 0.5817387700080872, 0.45785826444625854, 0.2964614927768707, 0.492645263671875]
[0.5153561234474182, 0.5808328986167908, 0.415373295545578, 0.30238673090934753, 0.5435779094696045]
[0.558176577091217, 0.5837705731391907, 0.4205693006515503, 0.26933491230010986, 0.5672476291656494]
[0.5378369092941284, 0.581385612487793, 0.4379909336566925, 0.26269349455833435, 0.5547522902488708]
[0.5300263166427612, 0.5812479853630066, 0.41425544023513794, 0.2580432891845703, 0.5546272993087769]
[0.5498882532119751, 0.542258083820343, 0.42642444372177124, 0.32450443506240845, 0.5394987463951111]
[0.4794919490814209, 0.5738746523857117, 0.47407880425453186, 0.3051625192165375, 0.5388246774673462]
[0.5075693130493164, 0.574493944644928, 0.4353950321674347, 0.31940656900405884, 0.5026847124099731]
[0.5205580592155457, 0.5629567503929138, 0.44251084327697754, 0.2625085115432739, 0.5301902294158936]
[0.5555643439292908, 0.5246040225028992, 0.4209772050380707, 0.33952876925468445, 0.5867025256156921]
[0.3847173750400543, 0.5584129095077515, 0.4438764452934265, 0.2831934690475464, 0.48093298077583313]
[0.4819660782814026, 0.5500251650810242, 0.4626529812812805, 0.29441988468170166, 0.518100380897522]
[0.5181732177734375, 0.5775843858718872, 0.44396060705184937, 0.2823878824710846, 0.543600857257843]
[0.41145065426826477, 0.5216236114501953, 0.4500505328178406, 0.31884777545928955, 0.46795740723609924]
[0.5484452843666077, 0.5782468914985657, 0.410354346036911, 0.2692558169364929, 0.5560999512672424]
[0.49819183349609375, 0.5695810914039612, 0.4092336595058441, 0.28381651639938354, 0.5330636501312256]
[0.54066401720047, 0.581046998500824, 0.4031358063220978, 0.2702166438102722, 0.5596573948860168]
[0.49331939220428467, 0.5895912051200867, 0.42726290225982666, 0.2793666422367096, 0.5259023904800415]
[0.49819183349609375, 0.5695810914039612, 0.4092336595058441, 0.28381651639938354, 0.5330636501312256]
[0.49819183349609375, 0.5695810914039612, 0.4092336595058441, 0.28381651639938354, 0.5330636501312256]
[0.5072645545005798, 0.5167987942695618, 0.4821009635925293, 0.3202248811721802, 0.49228647351264954]
[0.5273948311805725, 0.5428064465522766, 0.46639445424079895, 0.3405880331993103, 0.517433762550354]
[0.5187511444091797, 0.5657637715339661, 0.4381132125854492, 0.2819228768348694, 0.518878698348999]
[0.5280217528343201, 0.5683788657188416, 0.42899611592292786, 0.2987325191497803, 0.5288822650909424]
[0.5295551419258118, 0.555213212966919, 0.4390290081501007, 0.2822681963443756, 0.5104874968528748]
[0.49819183349609375, 0.5695810914039612, 0.4092336595058441, 0.28381651639938354, 0.5330636501312256]
[0.552418053150177, 0.5768269300460815, 0.41750961542129517, 0.2605482339859009, 0.5658166408538818]
[0.5379706025123596, 0.5951850414276123, 0.41348081827163696, 0.2578401565551758, 0.5381414294242859]
[0.43912598490715027, 0.5618470311164856, 0.43094685673713684, 0.2843639552593231, 0.5186589956283569]
[0.4125712811946869, 0.5379208922386169, 0.4699892997741699, 0.3854743540287018, 0.4339253306388855]
[0.5040035247802734, 0.5719863772392273, 0.43091994524002075, 0.27657848596572876, 0.5261465907096863]
[0.49375295639038086, 0.5783133506774902, 0.45450490713119507, 0.29023781418800354, 0.505050003528595]
[0.5450376272201538, 0.5762584209442139, 0.41126319766044617, 0.2689555287361145, 0.5649970173835754]
[0.5218733549118042, 0.5847362279891968, 0.43717753887176514, 0.27638116478919983, 0.5470978617668152]
[0.4245152473449707, 0.5556249022483826, 0.44884082674980164, 0.28937944769859314, 0.47032955288887024]
[0.4796919822692871, 0.5768481492996216, 0.43103787302970886, 0.2807888686656952, 0.5333958268165588]
[0.5132416486740112, 0.5765411257743835, 0.4204089343547821, 0.2780870497226715, 0.5275075435638428]
[0.47987085580825806, 0.568161129951477, 0.4575570821762085, 0.31381431221961975, 0.4930548369884491]
[0.49819183349609375, 0.5695810914039612, 0.4092336595058441, 0.28381651639938354, 0.5330636501312256]
[0.588373064994812, 0.5730155110359192, 0.3909406065940857, 0.2581678330898285, 0.5666816830635071]
[0.36576738953590393, 0.5626124739646912, 0.4492742419242859, 0.2773497402667999, 0.4441028833389282]
[0.48658496141433716, 0.5483919978141785, 0.4451957941055298, 0.2879200875759125, 0.5202432870864868]
[0.5428680181503296, 0.5790722370147705, 0.4187805652618408, 0.2600475251674652, 0.5502006411552429]
[0.465902179479599, 0.569547176361084, 0.4446343779563904, 0.2951194941997528, 0.5121908783912659]
[0.4485660791397095, 0.5719301104545593, 0.4338706135749817, 0.28773781657218933, 0.4784776568412781]
[0.5338190793991089, 0.5624887943267822, 0.44700121879577637, 0.30067986249923706, 0.49146270751953125]
[0.40395107865333557, 0.5373329520225525, 0.46897178888320923, 0.3691055178642273, 0.46491900086402893]
[0.4917965829372406, 0.5642513632774353, 0.44473153352737427, 0.292820006608963, 0.504958987236023]
[0.4645206928253174, 0.552527666091919, 0.45539143681526184, 0.2963387370109558, 0.4848381578922272]
[0.5075693130493164, 0.574493944644928, 0.4353950321674347, 0.31940656900405884, 0.5026847124099731]
[0.5122247934341431, 0.5516085028648376, 0.4735300838947296, 0.3585905134677887, 0.5045120120048523]
[0.5432665348052979, 0.5594704747200012, 0.44670960307121277, 0.3221646547317505, 0.5694050788879395]
[0.40726014971733093, 0.542077362537384, 0.48596131801605225, 0.32839134335517883, 0.4954647123813629]
[0.4343646466732025, 0.524605929851532, 0.4937492311000824, 0.3317234516143799, 0.5018606185913086]
[0.5573331713676453, 0.5801101326942444, 0.43488067388534546, 0.29511651396751404, 0.5354761481285095]
[0.5066474080085754, 0.5598848462104797, 0.46229225397109985, 0.3172694742679596, 0.5265254378318787]
[0.42813271284103394, 0.5579859018325806, 0.42727822065353394, 0.25634291768074036, 0.49863147735595703]
[0.5479254126548767, 0.5909684300422668, 0.4229055941104889, 0.2593091130256653, 0.5544118881225586]
[0.43596118688583374, 0.5498178005218506, 0.4583202600479126, 0.31800729036331177, 0.4684862494468689]
[0.45829641819000244, 0.550611674785614, 0.46455660462379456, 0.3194177746772766, 0.49985769391059875]
[0.5269657969474792, 0.5761860609054565, 0.41291502118110657, 0.27828025817871094, 0.5318074822425842]
[0.536683976650238, 0.5624459981918335, 0.4264468550682068, 0.27268052101135254, 0.5291422605514526]
[0.49819183349609375, 0.5695810914039612, 0.4092336595058441, 0.28381651639938354, 0.5330636501312256]
[0.5165863037109375, 0.5723541378974915, 0.4467233717441559, 0.2655962109565735, 0.530142605304718]
[0.4561787545681, 0.54384446144104, 0.4518246054649353, 0.312001496553421, 0.49075427651405334]
[0.4199717044830322, 0.5704640746116638, 0.45888280868530273, 0.3156590461730957, 0.47285720705986023]
[0.49819183349609375, 0.5695810914039612, 0.4092336595058441, 0.28381651639938354, 0.5330636501312256]
[0.49819183349609375, 0.5695810914039612, 0.4092336595058441, 0.28381651639938354, 0.5330636501312256]
[0.5625733733177185, 0.5718300342559814, 0.4356851577758789, 0.2765955626964569, 0.5658503174781799]
[0.5101068019866943, 0.5461953282356262, 0.4425245523452759, 0.30930185317993164, 0.5116522908210754]
[0.45917433500289917, 0.579396665096283, 0.43113821744918823, 0.27084100246429443, 0.5070567727088928]
[0.4183065891265869, 0.5712999701499939, 0.4459006190299988, 0.2713387906551361, 0.4912353456020355]
[0.5531569719314575, 0.5620003342628479, 0.4261232614517212, 0.2641856074333191, 0.5461588501930237]
[0.4996834695339203, 0.5840760469436646, 0.4458180069923401, 0.274971067905426, 0.5379238128662109]
[0.4990973174571991, 0.5692086815834045, 0.46463513374328613, 0.3264128565788269, 0.5282244682312012]
[0.5169359445571899, 0.5577840209007263, 0.42573082447052, 0.2530028223991394, 0.5342596769332886]
