0
【陈道明发问吸毒艺人:你压力有老百姓大吗？】近年演艺界人士涉毒消息屡现报端，一些吸毒者自称“借吸毒减压”。对此，陈道明发问：“现代人谁没压力？你压力有老百姓大吗？”“演员，要非说有压力，也是在名利场想出名的压力。用压力解释吸毒，纯属借口。”（新华网）
[0.5496010780334473, 0.5311641693115234, 0.4610704183578491, 0.28830084204673767, 0.567525327205658]
[0.5062941312789917, 0.5751965641975403, 0.4156035780906677, 0.274660587310791, 0.5325199365615845]
[0.4162515699863434, 0.5408066511154175, 0.44703471660614014, 0.3105505406856537, 0.4383355379104614]
[0.46019816398620605, 0.5862670540809631, 0.4423827528953552, 0.2678694427013397, 0.5040888786315918]
[0.5517973303794861, 0.5266843438148499, 0.42582017183303833, 0.29254454374313354, 0.5556355118751526]
[0.5462542772293091, 0.5824122428894043, 0.3911072611808777, 0.24962463974952698, 0.559666097164154]
[0.45338669419288635, 0.5633638501167297, 0.43087735772132874, 0.3089973032474518, 0.4808022081851959]
[0.5065202116966248, 0.5603808164596558, 0.43458470702171326, 0.3115789592266083, 0.48890554904937744]
[0.535548985004425, 0.5743044018745422, 0.4219232201576233, 0.27131181955337524, 0.5345061421394348]
[0.4772762954235077, 0.5796449184417725, 0.41268351674079895, 0.29292532801628113, 0.5044412016868591]
[0.5769524574279785, 0.5545502305030823, 0.44389382004737854, 0.29591426253318787, 0.5780652165412903]
[0.5040116310119629, 0.5483447909355164, 0.4569587707519531, 0.3250366747379303, 0.5019460320472717]
[0.5306141972541809, 0.5671205520629883, 0.39820972084999084, 0.2530588209629059, 0.5661779642105103]
[0.4962030351161957, 0.5739066004753113, 0.43511950969696045, 0.30925145745277405, 0.5063530206680298]
[0.523597776889801, 0.5637844800949097, 0.436746746301651, 0.28610339760780334, 0.5371168255805969]
[0.5524835586547852, 0.5845281481742859, 0.4264220893383026, 0.26198264956474304, 0.5554046630859375]
[0.43928033113479614, 0.5755216479301453, 0.43812182545661926, 0.28464990854263306, 0.4676651954650879]
[0.4495147466659546, 0.5419321060180664, 0.47309786081314087, 0.31665170192718506, 0.5112280249595642]
[0.5401215553283691, 0.5626546740531921, 0.45129215717315674, 0.294511616230011, 0.520928144454956]
[0.3946402668952942, 0.5332248210906982, 0.47277727723121643, 0.32433634996414185, 0.43583691120147705]
[0.570565938949585, 0.5746975541114807, 0.4272589385509491, 0.2901581823825836, 0.5536689758300781]
[0.48361679911613464, 0.5581703186035156, 0.43583622574806213, 0.2960154414176941, 0.5129160284996033]
[0.46819737553596497, 0.5947232842445374, 0.4356985092163086, 0.2723214328289032, 0.5021425485610962]
[0.5494517087936401, 0.5439475178718567, 0.42739254236221313, 0.302612841129303, 0.568740725517273]
[0.5080661177635193, 0.5546877384185791, 0.4525575339794159, 0.3554459512233734, 0.5220252871513367]
[0.3682872951030731, 0.5410106182098389, 0.43682804703712463, 0.29630130529403687, 0.4435845613479614]
[0.5265626311302185, 0.5487806797027588, 0.4522639513015747, 0.30931809544563293, 0.5243122577667236]
[0.542953372001648, 0.5760453343391418, 0.4289467930793762, 0.2881597876548767, 0.538451075553894]
[0.5157163143157959, 0.580398440361023, 0.40640687942504883, 0.27559855580329895, 0.5360063910484314]
[0.533929705619812, 0.5559184551239014, 0.4231107532978058, 0.27671143412590027, 0.5199148058891296]
[0.5255823731422424, 0.5596950054168701, 0.4423968195915222, 0.30955564975738525, 0.5094753503799438]
[0.5003064870834351, 0.5696028470993042, 0.4220287501811981, 0.30315467715263367, 0.5189995765686035]
[0.519820511341095, 0.5749845504760742, 0.42101070284843445, 0.2703607976436615, 0.5448430776596069]
[0.43192869424819946, 0.581556499004364, 0.43796655535697937, 0.27917519211769104, 0.5028250813484192]
[0.5151883959770203, 0.5469942092895508, 0.47138166427612305, 0.3069444000720978, 0.5228234529495239]
[0.541334331035614, 0.5873638987541199, 0.4052087962627411, 0.2505340576171875, 0.5489047765731812]
[0.4870074689388275, 0.5391649603843689, 0.47866910696029663, 0.34113967418670654, 0.4985990524291992]
[0.3682872951030731, 0.5410106182098389, 0.43682804703712463, 0.29630130529403687, 0.4435845613479614]
[0.5682506561279297, 0.5928447246551514, 0.39533135294914246, 0.2541560232639313, 0.5545912384986877]
[0.5072096586227417, 0.594859778881073, 0.45020201802253723, 0.2692480981349945, 0.5232618451118469]
[0.4920158088207245, 0.5738681554794312, 0.44258996844291687, 0.28287750482559204, 0.5142174959182739]
[0.5358840227127075, 0.5884178280830383, 0.4148460328578949, 0.27081817388534546, 0.5202685594558716]
[0.48025190830230713, 0.5575572848320007, 0.4096442759037018, 0.2762584686279297, 0.5046225190162659]
[0.3682872951030731, 0.5410106182098389, 0.43682804703712463, 0.29630130529403687, 0.4435845613479614]
[0.3744812607765198, 0.5608006715774536, 0.438546359539032, 0.27475959062576294, 0.43790656328201294]
[0.4898325502872467, 0.5773037672042847, 0.41787776350975037, 0.2626244127750397, 0.5092766880989075]
[0.5230095982551575, 0.577934741973877, 0.45221176743507385, 0.2796042859554291, 0.506733238697052]
[0.5157163143157959, 0.580398440361023, 0.40640687942504883, 0.27559855580329895, 0.5360063910484314]
[0.4643191993236542, 0.5420520901679993, 0.4777314066886902, 0.31568339467048645, 0.47446298599243164]
[0.45719337463378906, 0.5482316613197327, 0.4711717367172241, 0.34488970041275024, 0.49121028184890747]
[0.5885486006736755, 0.5749772787094116, 0.40317678451538086, 0.22428785264492035, 0.5758113265037537]
[0.5406677722930908, 0.5726129412651062, 0.4162338972091675, 0.2573881447315216, 0.5518261194229126]
[0.5259673595428467, 0.5731024146080017, 0.42110374569892883, 0.2794911563396454, 0.5473398566246033]
[0.4606836140155792, 0.5512608289718628, 0.4871349334716797, 0.32812827825546265, 0.5146952867507935]
[0.47710472345352173, 0.5645504593849182, 0.43165966868400574, 0.27278798818588257, 0.5209833979606628]
[0.5228790640830994, 0.5801565647125244, 0.44060638546943665, 0.2981165647506714, 0.5606482625007629]
[0.43406930565834045, 0.5574938058853149, 0.4944133162498474, 0.35344594717025757, 0.5241093039512634]
[0.5777516961097717, 0.5904889106750488, 0.4041305482387543, 0.23575761914253235, 0.5730413198471069]
[0.5660655498504639, 0.5909094214439392, 0.41962847113609314, 0.26158151030540466, 0.5609385371208191]
[0.4559256434440613, 0.5630245804786682, 0.4303968548774719, 0.2992090582847595, 0.4668596088886261]
[0.5072096586227417, 0.594859778881073, 0.45020201802253723, 0.2692480981349945, 0.5232618451118469]
[0.5478450655937195, 0.5673635005950928, 0.43517959117889404, 0.2828104496002197, 0.5501052141189575]
[0.5627760291099548, 0.5861571431159973, 0.4203517735004425, 0.2558121085166931, 0.551996648311615]
[0.4867790639400482, 0.5646303296089172, 0.42698732018470764, 0.2603437602519989, 0.5236356258392334]
[0.4397100806236267, 0.5237733125686646, 0.4879710078239441, 0.3245420455932617, 0.47517895698547363]
[0.5381038188934326, 0.5683263540267944, 0.43657541275024414, 0.2889391779899597, 0.5376535058021545]
[0.3900589644908905, 0.5459395051002502, 0.4470166862010956, 0.30353844165802, 0.4607824981212616]
[0.5223092436790466, 0.5439957976341248, 0.49501386284828186, 0.38639035820961, 0.5037080645561218]
[0.5453439950942993, 0.5854406952857971, 0.41850417852401733, 0.21882028877735138, 0.5809172987937927]
[0.48283281922340393, 0.5608579516410828, 0.44429704546928406, 0.2885875105857849, 0.550713062286377]
[0.5577778816223145, 0.5723132491111755, 0.4077615439891815, 0.2368243932723999, 0.5425325036048889]
[0.4124898314476013, 0.5490555763244629, 0.4607125520706177, 0.3096204996109009, 0.4627971947193146]
[0.44499170780181885, 0.5176599621772766, 0.4905409812927246, 0.41411104798316956, 0.48702362179756165]
[0.4920424818992615, 0.576848030090332, 0.4221261739730835, 0.28325676918029785, 0.5222646594047546]
[0.4899168908596039, 0.5475516319274902, 0.4890846610069275, 0.3568381071090698, 0.5132902264595032]
[0.4917965829372406, 0.5642513632774353, 0.44473153352737427, 0.292820006608963, 0.504958987236023]
[0.5184647440910339, 0.5497719049453735, 0.42861005663871765, 0.28593623638153076, 0.5396080613136292]
[0.4749071002006531, 0.4852764904499054, 0.512335479259491, 0.44433173537254333, 0.43981802463531494]
[0.5522581338882446, 0.5639349222183228, 0.42950600385665894, 0.3037589490413666, 0.530256986618042]
[0.5083776712417603, 0.5595589876174927, 0.46060651540756226, 0.3203510344028473, 0.5113122463226318]
[0.5678278803825378, 0.5516688227653503, 0.41951215267181396, 0.28814947605133057, 0.5623750686645508]
[0.3135465979576111, 0.5317625999450684, 0.4987902045249939, 0.37985771894454956, 0.4226464033126831]
[0.5088224411010742, 0.5673229694366455, 0.44272005558013916, 0.2664603292942047, 0.5188329219818115]
[0.3900589644908905, 0.5459395051002502, 0.4470166862010956, 0.30353844165802, 0.4607824981212616]
[0.42215174436569214, 0.5694720149040222, 0.4709329307079315, 0.3189847767353058, 0.4850349724292755]
[0.5225838422775269, 0.5776798725128174, 0.44381484389305115, 0.3144996464252472, 0.5367200970649719]
[0.4103991687297821, 0.5525843501091003, 0.4465397000312805, 0.3034953474998474, 0.4516462981700897]
[0.49819183349609375, 0.5695810914039612, 0.4092336595058441, 0.28381651639938354, 0.5330636501312256]
[0.54034823179245, 0.5671316981315613, 0.4299186170101166, 0.2855728566646576, 0.5371028780937195]
[0.5241005420684814, 0.5770535469055176, 0.4157860279083252, 0.27991047501564026, 0.5387563705444336]
[0.5688551664352417, 0.5654171705245972, 0.4491294324398041, 0.2903001308441162, 0.5551738739013672]
[0.5115423798561096, 0.5737431049346924, 0.43336454033851624, 0.28309494256973267, 0.5346711277961731]
[0.43952763080596924, 0.54251629114151, 0.45597749948501587, 0.3038358986377716, 0.46237239241600037]
[0.4644445478916168, 0.5566040277481079, 0.4400467574596405, 0.29510489106178284, 0.49813657999038696]
[0.5123680233955383, 0.5690080523490906, 0.4435005486011505, 0.2924425005912781, 0.5214574933052063]
[0.48733916878700256, 0.5739020109176636, 0.42586496472358704, 0.2761390507221222, 0.4984787106513977]
[0.5137503743171692, 0.5202347040176392, 0.438593327999115, 0.3381034731864929, 0.5500576496124268]
[0.5379239916801453, 0.564479410648346, 0.4171508252620697, 0.2733287215232849, 0.575542688369751]
[0.42367562651634216, 0.5433053374290466, 0.46448445320129395, 0.3569997549057007, 0.45888566970825195]
[0.43611839413642883, 0.5475199222564697, 0.46230411529541016, 0.3394041359424591, 0.48231086134910583]
[0.5229597687721252, 0.5194533467292786, 0.5103763341903687, 0.43972817063331604, 0.5516067147254944]
