0
以后谁再敢说你胖，就拿这些话压死他！
[0.49140483140945435, 0.5646395087242126, 0.4258390963077545, 0.2945350408554077, 0.521489679813385]
[0.48211586475372314, 0.5690022110939026, 0.42286738753318787, 0.31202253699302673, 0.4714597463607788]
[0.5193629860877991, 0.5856478810310364, 0.41173920035362244, 0.282301664352417, 0.5441094636917114]
[0.4917965829372406, 0.5642513632774353, 0.44473153352737427, 0.292820006608963, 0.504958987236023]
[0.3375685513019562, 0.5544866919517517, 0.48140525817871094, 0.3187791109085083, 0.44560161232948303]
[0.5422282814979553, 0.5863180160522461, 0.40551844239234924, 0.2753317654132843, 0.556081235408783]
[0.5912594795227051, 0.5331756472587585, 0.42122405767440796, 0.299200177192688, 0.5856263637542725]
[0.4176681339740753, 0.529018759727478, 0.46173104643821716, 0.34896722435951233, 0.44950565695762634]
[0.4658624827861786, 0.572450578212738, 0.4584999978542328, 0.30422961711883545, 0.4961584210395813]
[0.5070725679397583, 0.5795678496360779, 0.4309682846069336, 0.25872695446014404, 0.538472592830658]
[0.5064664483070374, 0.5441896915435791, 0.4273046851158142, 0.3379482626914978, 0.502866804599762]
[0.4754892587661743, 0.5651882886886597, 0.4195711314678192, 0.2880975306034088, 0.4945652484893799]
[0.45157280564308167, 0.5542765259742737, 0.4562666416168213, 0.3125382661819458, 0.5000959038734436]
[0.48733916878700256, 0.5739020109176636, 0.42586496472358704, 0.2761390507221222, 0.4984787106513977]
[0.377202570438385, 0.5675201416015625, 0.4594901204109192, 0.2993837594985962, 0.4692065417766571]
[0.519820511341095, 0.5749845504760742, 0.42101070284843445, 0.2703607976436615, 0.5448430776596069]
[0.5141589641571045, 0.5704524517059326, 0.4379821717739105, 0.29761379957199097, 0.5409359931945801]
[0.39843684434890747, 0.5720122456550598, 0.44733598828315735, 0.29150035977363586, 0.44306355714797974]
[0.6018968820571899, 0.5768040418624878, 0.3820374310016632, 0.2463061511516571, 0.5952425599098206]
[0.5631480813026428, 0.5501726865768433, 0.4082295596599579, 0.2669747471809387, 0.5752142667770386]
[0.4942691922187805, 0.5742006897926331, 0.4271380305290222, 0.29447606205940247, 0.5260596871376038]
[0.46742087602615356, 0.5606076121330261, 0.4536311626434326, 0.3166080713272095, 0.5181122422218323]
[0.4446747601032257, 0.5674406290054321, 0.45187893509864807, 0.31341037154197693, 0.4892292320728302]
[0.43121063709259033, 0.5511634349822998, 0.4664687216281891, 0.3321937322616577, 0.46774208545684814]
[0.5639824271202087, 0.5891456604003906, 0.4152476191520691, 0.2527841031551361, 0.5639453530311584]
[0.385852575302124, 0.5593848824501038, 0.45914506912231445, 0.2989233136177063, 0.4251597821712494]
[0.5444002747535706, 0.5663224458694458, 0.41967037320137024, 0.2881081700325012, 0.5384171009063721]
[0.4599829614162445, 0.5590090751647949, 0.46052831411361694, 0.2973543107509613, 0.4964733421802521]
[0.46209973096847534, 0.560062825679779, 0.42035165429115295, 0.27489611506462097, 0.4754510223865509]
[0.48379552364349365, 0.5937032699584961, 0.41920071840286255, 0.2830924987792969, 0.4925927221775055]
[0.6314446926116943, 0.5596553683280945, 0.38216057419776917, 0.24828824400901794, 0.6096954941749573]
[0.4765181243419647, 0.5747236609458923, 0.47444450855255127, 0.2962374985218048, 0.5343112945556641]
[0.5615060329437256, 0.5841159224510193, 0.39749354124069214, 0.27023908495903015, 0.5706154108047485]
[0.5244899392127991, 0.5804407000541687, 0.4237174093723297, 0.26375502347946167, 0.5491200685501099]
[0.4763413965702057, 0.5624673366546631, 0.4325762093067169, 0.2641253173351288, 0.5212624669075012]
[0.40940186381340027, 0.5408462882041931, 0.4697762131690979, 0.36063501238822937, 0.45478954911231995]
[0.607704758644104, 0.5740382671356201, 0.38817915320396423, 0.2522943615913391, 0.5969123244285583]
[0.4964893162250519, 0.5611892938613892, 0.44489315152168274, 0.2727697193622589, 0.5226432681083679]
[0.46338385343551636, 0.560492217540741, 0.4451453685760498, 0.3072616159915924, 0.49707406759262085]
[0.5070725679397583, 0.5795678496360779, 0.4309682846069336, 0.25872695446014404, 0.538472592830658]
[0.5381957292556763, 0.5799635648727417, 0.43788987398147583, 0.2853061854839325, 0.5654188990592957]
[0.566440224647522, 0.5897478461265564, 0.40480926632881165, 0.23926879465579987, 0.5660151839256287]
[0.5244597792625427, 0.5673940777778625, 0.42901942133903503, 0.28732484579086304, 0.508772611618042]
[0.4367864727973938, 0.579820990562439, 0.4549923837184906, 0.2779645025730133, 0.4618493318557739]
[0.44280970096588135, 0.5442269444465637, 0.44102567434310913, 0.3077484667301178, 0.4903251826763153]
[0.4510529041290283, 0.5673815608024597, 0.4634718596935272, 0.31105756759643555, 0.5032936930656433]
[0.5070725679397583, 0.5795678496360779, 0.4309682846069336, 0.25872695446014404, 0.538472592830658]
[0.4744216501712799, 0.5775439739227295, 0.43647629022598267, 0.25682979822158813, 0.5070449709892273]
[0.5193629860877991, 0.5856478810310364, 0.41173920035362244, 0.282301664352417, 0.5441094636917114]
[0.33761852979660034, 0.5455275774002075, 0.4437272548675537, 0.28731977939605713, 0.4369071125984192]
[0.3682872951030731, 0.5410106182098389, 0.43682804703712463, 0.29630130529403687, 0.4435845613479614]
[0.4447723627090454, 0.5439647436141968, 0.4656625986099243, 0.32797208428382874, 0.4575786888599396]
[0.5058170557022095, 0.5711125731468201, 0.43522173166275024, 0.28572022914886475, 0.5447016954421997]
[0.5599294900894165, 0.525188148021698, 0.45331767201423645, 0.3660720884799957, 0.5155823826789856]
[0.5070725679397583, 0.5795678496360779, 0.4309682846069336, 0.25872695446014404, 0.538472592830658]
[0.5118609666824341, 0.5808466076850891, 0.42492640018463135, 0.2830960154533386, 0.5417618751525879]
[0.4171982705593109, 0.5684655904769897, 0.4638117551803589, 0.30605751276016235, 0.48484787344932556]
[0.48312512040138245, 0.5484336018562317, 0.46358686685562134, 0.38793569803237915, 0.4854528605937958]
[0.5070725679397583, 0.5795678496360779, 0.4309682846069336, 0.25872695446014404, 0.538472592830658]
[0.5552852153778076, 0.5857468843460083, 0.4001559317111969, 0.27149248123168945, 0.5646634697914124]
[0.485914021730423, 0.5471271872520447, 0.474348247051239, 0.3545326888561249, 0.5343529582023621]
[0.5634029507637024, 0.5783467292785645, 0.39400532841682434, 0.27352380752563477, 0.574043333530426]
