0
#知政#【国务院：加快户籍改革带动住房等消费】今天，李克强主持召开国务院常务会议，提出：以加快户籍制度改革带动住房、家电等消费；扩大群众欢迎的日用消费品等进口，增设口岸进境免税店；推进医疗卫生与养老服务结合，更好保障老有所医老有所养。详见：
[0.5241831541061401, 0.4992649555206299, 0.5038917660713196, 0.4617241322994232, 0.5374069213867188]
[0.5228338241577148, 0.5530955791473389, 0.43491441011428833, 0.28752782940864563, 0.5455716252326965]
[0.6000707149505615, 0.5337573289871216, 0.47871658205986023, 0.3712497651576996, 0.5988777875900269]
[0.6000707149505615, 0.5337573289871216, 0.47871658205986023, 0.3712497651576996, 0.5988777875900269]
[0.5017514228820801, 0.5654323697090149, 0.41241002082824707, 0.28107526898384094, 0.5202340483665466]
[0.4911135137081146, 0.5681604146957397, 0.44115906953811646, 0.29375746846199036, 0.5152478814125061]
[0.4911135137081146, 0.5681604146957397, 0.44115906953811646, 0.29375746846199036, 0.5152478814125061]
[0.5781681537628174, 0.5250850319862366, 0.4195723831653595, 0.31463998556137085, 0.5460641980171204]
