0
那个口口声声对我说“你敢把狗带回家我就敢给你扔了”的父皇
[0.4253239333629608, 0.5464212894439697, 0.4350172281265259, 0.30196037888526917, 0.4917279779911041]
[0.47161221504211426, 0.554743230342865, 0.46497437357902527, 0.2959190011024475, 0.5073915719985962]
[0.5422282814979553, 0.5863180160522461, 0.40551844239234924, 0.2753317654132843, 0.556081235408783]
[0.6390948295593262, 0.5537903308868408, 0.3879430294036865, 0.2544442415237427, 0.6162756681442261]
[0.6247202754020691, 0.5780357718467712, 0.4018906056880951, 0.24527941644191742, 0.6085628271102905]
[0.46802276372909546, 0.5785555839538574, 0.445696085691452, 0.29950621724128723, 0.4952661991119385]
[0.5552852153778076, 0.5857468843460083, 0.4001559317111969, 0.27149248123168945, 0.5646634697914124]
[0.49819183349609375, 0.5695810914039612, 0.4092336595058441, 0.28381651639938354, 0.5330636501312256]
[0.558872401714325, 0.5754489302635193, 0.39402392506599426, 0.2762373089790344, 0.5717193484306335]
[0.5512261390686035, 0.5829716920852661, 0.4285249412059784, 0.2811618149280548, 0.5435426831245422]
[0.5422282814979553, 0.5863180160522461, 0.40551844239234924, 0.2753317654132843, 0.556081235408783]
[0.4754942059516907, 0.5597082376480103, 0.44201934337615967, 0.3218163847923279, 0.5159636735916138]
[0.4912906587123871, 0.5590453743934631, 0.445473313331604, 0.2886262834072113, 0.5289591550827026]
[0.5422282814979553, 0.5863180160522461, 0.40551844239234924, 0.2753317654132843, 0.556081235408783]
[0.5064437985420227, 0.5578752756118774, 0.4525195360183716, 0.33783337473869324, 0.5086790919303894]
[0.5197588205337524, 0.576545000076294, 0.4253985583782196, 0.2956092059612274, 0.5430238842964172]
[0.5087183713912964, 0.5487238168716431, 0.43205004930496216, 0.2820996642112732, 0.5479585528373718]
[0.4995792508125305, 0.5629997849464417, 0.44259053468704224, 0.30608806014060974, 0.545734167098999]
[0.5193629860877991, 0.5856478810310364, 0.41173920035362244, 0.282301664352417, 0.5441094636917114]
[0.4642195701599121, 0.5548482537269592, 0.4690186083316803, 0.3383682668209076, 0.4581074118614197]
[0.3990251421928406, 0.5695745348930359, 0.47489500045776367, 0.29378512501716614, 0.45577093958854675]
[0.504622220993042, 0.5781941413879395, 0.46450844407081604, 0.3323877453804016, 0.5152195692062378]
[0.4366016685962677, 0.5428438186645508, 0.47423025965690613, 0.37801405787467957, 0.48830321431159973]
[0.5101120471954346, 0.5775286555290222, 0.42417892813682556, 0.2964267432689667, 0.5451875329017639]
[0.4633311629295349, 0.5733498930931091, 0.45422878861427307, 0.3111216425895691, 0.48452508449554443]
[0.4446687400341034, 0.5401453971862793, 0.48884251713752747, 0.32910048961639404, 0.4856678247451782]
[0.47318828105926514, 0.57285076379776, 0.401246041059494, 0.25140929222106934, 0.5276823043823242]
[0.503135085105896, 0.5396785736083984, 0.47084689140319824, 0.31429436802864075, 0.5442928671836853]
[0.4632609486579895, 0.5635967254638672, 0.4400269091129303, 0.2982536256313324, 0.524612545967102]
[0.3552287817001343, 0.5347859859466553, 0.5491948127746582, 0.45737436413764954, 0.43899500370025635]
[0.46922990679740906, 0.5664953589439392, 0.48486945033073425, 0.3122001886367798, 0.502646267414093]
[0.43123435974121094, 0.5648919939994812, 0.4412631392478943, 0.32735675573349, 0.49048087000846863]
[0.5226720571517944, 0.5710499882698059, 0.4227224290370941, 0.298281729221344, 0.550121009349823]
[0.5296691060066223, 0.5707728266716003, 0.42334896326065063, 0.27799296379089355, 0.5634075403213501]
[0.551315426826477, 0.5537782311439514, 0.4008522629737854, 0.2822034955024719, 0.5700733065605164]
[0.5269990563392639, 0.5876028537750244, 0.4237777590751648, 0.28123724460601807, 0.5470526218414307]
[0.5615060329437256, 0.5841159224510193, 0.39749354124069214, 0.27023908495903015, 0.5706154108047485]
[0.4311923682689667, 0.5857831835746765, 0.4573921263217926, 0.31148162484169006, 0.4750595986843109]
[0.5531038045883179, 0.5867652297019958, 0.42510831356048584, 0.27941054105758667, 0.5310346484184265]
[0.45780155062675476, 0.5281614661216736, 0.5042668581008911, 0.4092597961425781, 0.48891669511795044]
[0.524039626121521, 0.5855297446250916, 0.434954434633255, 0.2864590883255005, 0.5454139709472656]
[0.5578630566596985, 0.5819410681724548, 0.39593759179115295, 0.2714889645576477, 0.5701462030410767]
[0.45227351784706116, 0.5571234822273254, 0.4468742907047272, 0.31244373321533203, 0.48830926418304443]
[0.5422282814979553, 0.5863180160522461, 0.40551844239234924, 0.2753317654132843, 0.556081235408783]
[0.4929012656211853, 0.5837407112121582, 0.459769070148468, 0.2940293848514557, 0.5061866641044617]
[0.47697722911834717, 0.5436156392097473, 0.46988072991371155, 0.3731083273887634, 0.4844037592411041]
[0.5634029507637024, 0.5783467292785645, 0.39400532841682434, 0.27352380752563477, 0.574043333530426]
[0.4637914001941681, 0.5693846940994263, 0.4349649250507355, 0.3053569495677948, 0.4975336194038391]
[0.4279349148273468, 0.5498865246772766, 0.4611669182777405, 0.31995895504951477, 0.48179277777671814]
[0.4501158893108368, 0.5663192868232727, 0.4636964499950409, 0.3101117014884949, 0.513515055179596]
[0.5520237684249878, 0.5717880129814148, 0.40430623292922974, 0.2675097584724426, 0.5759390592575073]
[0.43681156635284424, 0.5457517504692078, 0.44525840878486633, 0.27749136090278625, 0.49076563119888306]
[0.4165951907634735, 0.5298974514007568, 0.4660855531692505, 0.33397841453552246, 0.4991309940814972]
[0.549977719783783, 0.5709418654441833, 0.4054757058620453, 0.26871392130851746, 0.5752383470535278]
[0.5615060329437256, 0.5841159224510193, 0.39749354124069214, 0.27023908495903015, 0.5706154108047485]
[0.3131788969039917, 0.5250455737113953, 0.5092693567276001, 0.46669429540634155, 0.41397765278816223]
[0.40892207622528076, 0.5494928359985352, 0.485373318195343, 0.351451575756073, 0.480307012796402]
[0.41129812598228455, 0.5485469102859497, 0.45226287841796875, 0.3215618133544922, 0.4651770293712616]
[0.47975125908851624, 0.5641295909881592, 0.4740658104419708, 0.3436357080936432, 0.4899125397205353]
[0.535358190536499, 0.565454363822937, 0.3989759087562561, 0.2515159547328949, 0.5267155170440674]
[0.4594151973724365, 0.5347920060157776, 0.4676608145236969, 0.32933080196380615, 0.4861573278903961]
[0.42107337713241577, 0.5618616342544556, 0.45832139253616333, 0.3259385824203491, 0.4717838168144226]
[0.5634029507637024, 0.5783467292785645, 0.39400532841682434, 0.27352380752563477, 0.574043333530426]
[0.4838976562023163, 0.55548095703125, 0.47756603360176086, 0.3540724217891693, 0.5180602073669434]
[0.45299655199050903, 0.5704607963562012, 0.44789066910743713, 0.30974075198173523, 0.4687153100967407]
[0.5631480813026428, 0.5501726865768433, 0.4082295596599579, 0.2669747471809387, 0.5752142667770386]
[0.5615060329437256, 0.5841159224510193, 0.39749354124069214, 0.27023908495903015, 0.5706154108047485]
[0.4778744876384735, 0.5459222793579102, 0.42285722494125366, 0.29939547181129456, 0.5098975896835327]
[0.483663409948349, 0.5920728445053101, 0.46790990233421326, 0.3098605275154114, 0.5059650540351868]
[0.45602741837501526, 0.5847803950309753, 0.4493745267391205, 0.2822341024875641, 0.5214829444885254]
[0.44711777567863464, 0.5586665868759155, 0.43386855721473694, 0.2902759313583374, 0.5024124383926392]
[0.4722980260848999, 0.5351758599281311, 0.4505285918712616, 0.3447002172470093, 0.5406106114387512]
[0.5070725679397583, 0.5795678496360779, 0.4309682846069336, 0.25872695446014404, 0.538472592830658]
[0.49529457092285156, 0.573111891746521, 0.4479335844516754, 0.29587090015411377, 0.5182989239692688]
[0.46462616324424744, 0.5819429159164429, 0.44889482855796814, 0.3287978172302246, 0.5312409400939941]
[0.5193629860877991, 0.5856478810310364, 0.41173920035362244, 0.282301664352417, 0.5441094636917114]
[0.5578630566596985, 0.5819410681724548, 0.39593759179115295, 0.2714889645576477, 0.5701462030410767]
[0.5167209506034851, 0.5633214712142944, 0.4319169521331787, 0.289650022983551, 0.5471745133399963]
[0.5193629860877991, 0.5856478810310364, 0.41173920035362244, 0.282301664352417, 0.5441094636917114]
[0.465172678232193, 0.5587778687477112, 0.436588853597641, 0.3378154933452606, 0.4902900159358978]
[0.4773257076740265, 0.5649427771568298, 0.4277607798576355, 0.2862274944782257, 0.509145975112915]
[0.5413448214530945, 0.5816844701766968, 0.4255935847759247, 0.2625104784965515, 0.538544774055481]
[0.558872401714325, 0.5754489302635193, 0.39402392506599426, 0.2762373089790344, 0.5717193484306335]
[0.4591168165206909, 0.5545101165771484, 0.44350743293762207, 0.3201482892036438, 0.4907777011394501]
[0.4539365768432617, 0.5978584289550781, 0.4372142553329468, 0.2749156355857849, 0.5059195160865784]
[0.4988870322704315, 0.5666714310646057, 0.422311395406723, 0.28979718685150146, 0.5026141405105591]
[0.5197588205337524, 0.576545000076294, 0.4253985583782196, 0.2956092059612274, 0.5430238842964172]
[0.6009863018989563, 0.5679892301559448, 0.3908454477787018, 0.26024776697158813, 0.5932609438896179]
[0.4918953478336334, 0.555077314376831, 0.49210304021835327, 0.4119192957878113, 0.5226068496704102]
[0.4678580164909363, 0.5899192690849304, 0.44378361105918884, 0.28801628947257996, 0.5116123557090759]
[0.5578630566596985, 0.5819410681724548, 0.39593759179115295, 0.2714889645576477, 0.5701462030410767]
[0.5552852153778076, 0.5857468843460083, 0.4001559317111969, 0.27149248123168945, 0.5646634697914124]
[0.3982480764389038, 0.5542308688163757, 0.4633505642414093, 0.36034977436065674, 0.44739973545074463]
[0.5285062193870544, 0.5871102809906006, 0.44368478655815125, 0.29953309893608093, 0.5249190926551819]
