0
妹子架子鼓玩的这么好，真是帅了我一脸！
[0.5563020706176758, 0.5817596912384033, 0.42802679538726807, 0.28141582012176514, 0.5655653476715088]
[0.535548985004425, 0.5743044018745422, 0.4219232201576233, 0.27131181955337524, 0.5345061421394348]
[0.41627752780914307, 0.5514482855796814, 0.4753759205341339, 0.3808076083660126, 0.4524194300174713]
[0.49407219886779785, 0.5571612119674683, 0.47622358798980713, 0.3146016597747803, 0.5112702250480652]
[0.3375685513019562, 0.5544866919517517, 0.48140525817871094, 0.3187791109085083, 0.44560161232948303]
[0.49676886200904846, 0.5508500337600708, 0.41180190443992615, 0.27084141969680786, 0.49155867099761963]
[0.43773508071899414, 0.5566216111183167, 0.4562847912311554, 0.32141366600990295, 0.4523738920688629]
[0.40897998213768005, 0.5687503218650818, 0.46026864647865295, 0.28908219933509827, 0.4747282564640045]
[0.5441210269927979, 0.5452560186386108, 0.4313133955001831, 0.30225038528442383, 0.5050313472747803]
[0.535548985004425, 0.5743044018745422, 0.4219232201576233, 0.27131181955337524, 0.5345061421394348]
[0.5309705138206482, 0.5867937803268433, 0.4052443504333496, 0.2656177580356598, 0.5559785962104797]
[0.4778275191783905, 0.5462457537651062, 0.4493159353733063, 0.3147047162055969, 0.4872274696826935]
[0.43773508071899414, 0.5566216111183167, 0.4562847912311554, 0.32141366600990295, 0.4523738920688629]
[0.468064546585083, 0.5760833024978638, 0.425519198179245, 0.27499982714653015, 0.5015510320663452]
[0.5173625946044922, 0.5836610794067383, 0.4274938404560089, 0.25851744413375854, 0.5487227439880371]
[0.4385550916194916, 0.558247983455658, 0.4428313672542572, 0.33094778656959534, 0.47113528847694397]
[0.5681071877479553, 0.576798677444458, 0.40342333912849426, 0.2499087154865265, 0.5804563760757446]
[0.36729109287261963, 0.5545485615730286, 0.46775421500205994, 0.3503671884536743, 0.4229625463485718]
[0.5563020706176758, 0.5817596912384033, 0.42802679538726807, 0.28141582012176514, 0.5655653476715088]
[0.5773938894271851, 0.597916305065155, 0.38755637407302856, 0.22100292146205902, 0.5729355812072754]
[0.535548985004425, 0.5743044018745422, 0.4219232201576233, 0.27131181955337524, 0.5345061421394348]
[0.5244597792625427, 0.5673940777778625, 0.42901942133903503, 0.28732484579086304, 0.508772611618042]
[0.47341686487197876, 0.541292667388916, 0.45865458250045776, 0.3564024269580841, 0.4867289066314697]
[0.5070725679397583, 0.5795678496360779, 0.4309682846069336, 0.25872695446014404, 0.538472592830658]
[0.4964209198951721, 0.5758334994316101, 0.4431943893432617, 0.291394978761673, 0.5078562498092651]
[0.558176577091217, 0.5837705731391907, 0.4205693006515503, 0.26933491230010986, 0.5672476291656494]
[0.5415105223655701, 0.565253734588623, 0.4168449640274048, 0.30135732889175415, 0.5338086485862732]
[0.3375685513019562, 0.5544866919517517, 0.48140525817871094, 0.3187791109085083, 0.44560161232948303]
[0.49819183349609375, 0.5695810914039612, 0.4092336595058441, 0.28381651639938354, 0.5330636501312256]
[0.5065202116966248, 0.5603808164596558, 0.43458470702171326, 0.3115789592266083, 0.48890554904937744]
[0.5338759422302246, 0.5963340401649475, 0.41893982887268066, 0.27215665578842163, 0.5456072092056274]
[0.3649258613586426, 0.5295263528823853, 0.4504140317440033, 0.3463819622993469, 0.42341071367263794]
[0.43843716382980347, 0.5501427054405212, 0.4584742486476898, 0.3142523765563965, 0.44327014684677124]
[0.48535218834877014, 0.5925522446632385, 0.43017885088920593, 0.28064072132110596, 0.5132396221160889]
[0.5291779041290283, 0.5793802738189697, 0.4205090403556824, 0.2846634089946747, 0.5330111980438232]
[0.45955798029899597, 0.5605957508087158, 0.45125871896743774, 0.3119511008262634, 0.46328240633010864]
[0.49112215638160706, 0.5637488961219788, 0.44877076148986816, 0.32981666922569275, 0.5110858082771301]
[0.535548985004425, 0.5743044018745422, 0.4219232201576233, 0.27131181955337524, 0.5345061421394348]
[0.48000863194465637, 0.5712236762046814, 0.4459613561630249, 0.34483790397644043, 0.5019471645355225]
[0.3925553858280182, 0.5438211560249329, 0.45654648542404175, 0.31990477442741394, 0.4665982723236084]
[0.535548985004425, 0.5743044018745422, 0.4219232201576233, 0.27131181955337524, 0.5345061421394348]
[0.4733108878135681, 0.5907232761383057, 0.43829992413520813, 0.26074400544166565, 0.524242103099823]
[0.42175671458244324, 0.53373783826828, 0.5118319392204285, 0.42880356311798096, 0.4841902256011963]
[0.3925553858280182, 0.5438211560249329, 0.45654648542404175, 0.31990477442741394, 0.4665982723236084]
[0.4919798672199249, 0.5748646259307861, 0.4381832480430603, 0.283725380897522, 0.49894264340400696]
[0.4937683641910553, 0.5256884098052979, 0.4892006814479828, 0.3954295217990875, 0.5290015935897827]
[0.47967442870140076, 0.5577803254127502, 0.43952104449272156, 0.30124127864837646, 0.5321635007858276]
[0.5212065577507019, 0.5454452633857727, 0.44321340322494507, 0.30165034532546997, 0.5055463314056396]
[0.43773508071899414, 0.5566216111183167, 0.4562847912311554, 0.32141366600990295, 0.4523738920688629]
[0.5168337821960449, 0.5692033171653748, 0.43983542919158936, 0.3197273910045624, 0.5286597013473511]
[0.43773508071899414, 0.5566216111183167, 0.4562847912311554, 0.32141366600990295, 0.4523738920688629]
[0.4758692681789398, 0.5671343803405762, 0.4664519131183624, 0.3051452934741974, 0.4674079716205597]
[0.43258756399154663, 0.555526614189148, 0.4713059663772583, 0.3460206389427185, 0.45605984330177307]
[0.468064546585083, 0.5760833024978638, 0.425519198179245, 0.27499982714653015, 0.5015510320663452]
[0.4485919177532196, 0.550380527973175, 0.4575936794281006, 0.32680654525756836, 0.5010828971862793]
[0.5111380219459534, 0.5961929559707642, 0.41755416989326477, 0.26463091373443604, 0.523979902267456]
[0.4641193449497223, 0.5218956470489502, 0.4792589843273163, 0.283530592918396, 0.4687621295452118]
