0
【一个人与一座桥】他是中国近代桥梁事业的先驱。他曾主持修建中国人自己设计并建造的第一座现代化大型桥梁——钱塘江大桥。1937年9月26日，钱塘江大桥建成通车，设计寿命定为50年，历经5次军事爆炸，至今在风雨和大潮中屹立78载，“炸药不放对都炸不掉”。1989年的今天，茅以升先生逝世。缅怀，致敬！
[0.5243216753005981, 0.5408070087432861, 0.4694311022758484, 0.3077157139778137, 0.48722219467163086]
[0.5329945087432861, 0.5786342620849609, 0.40840476751327515, 0.28571581840515137, 0.5230061411857605]
[0.5647226572036743, 0.5842422246932983, 0.3996996581554413, 0.2608722448348999, 0.54198157787323]
[0.45995330810546875, 0.5550362467765808, 0.46292129158973694, 0.37789273262023926, 0.4928181767463684]
[0.49436530470848083, 0.5317705869674683, 0.4393649101257324, 0.3194582760334015, 0.484129399061203]
[0.42653927206993103, 0.5737385749816895, 0.42159315943717957, 0.2814728021621704, 0.4679858386516571]
[0.5206019282341003, 0.5858661532402039, 0.43102750182151794, 0.2641904056072235, 0.533151388168335]
[0.5722459554672241, 0.5791727900505066, 0.41580989956855774, 0.27915775775909424, 0.5590072274208069]
[0.4413399398326874, 0.5744249820709229, 0.45445358753204346, 0.28985944390296936, 0.4854251742362976]
[0.43811339139938354, 0.5508093237876892, 0.4414215683937073, 0.28354978561401367, 0.4596080482006073]
[0.5848520398139954, 0.580854594707489, 0.40165653824806213, 0.25057679414749146, 0.5792926549911499]
[0.5102112293243408, 0.5373359322547913, 0.46243420243263245, 0.31790974736213684, 0.5293473601341248]
[0.42653927206993103, 0.5737385749816895, 0.42159315943717957, 0.2814728021621704, 0.4679858386516571]
[0.513828694820404, 0.596696674823761, 0.4424054026603699, 0.26320400834083557, 0.5301656723022461]
[0.5115585923194885, 0.573671281337738, 0.4313136041164398, 0.3066796660423279, 0.5241376757621765]
[0.529528021812439, 0.5456421971321106, 0.4631715714931488, 0.3262934386730194, 0.5230965614318848]
[0.44098448753356934, 0.5540969371795654, 0.45785561203956604, 0.3513643145561218, 0.46383216977119446]
[0.504755437374115, 0.5668182373046875, 0.3953865170478821, 0.25478678941726685, 0.5281772613525391]
[0.5109865665435791, 0.5534364581108093, 0.4655241370201111, 0.29954349994659424, 0.4966233968734741]
[0.492563933134079, 0.5795761346817017, 0.44370535016059875, 0.29197460412979126, 0.5155774354934692]
[0.5100482702255249, 0.5653533339500427, 0.4219592809677124, 0.28078213334083557, 0.4961370527744293]
[0.5574858784675598, 0.5741764307022095, 0.4188516438007355, 0.2755231559276581, 0.5554060339927673]
[0.49205806851387024, 0.5789012312889099, 0.43005362153053284, 0.294567346572876, 0.5163346529006958]
[0.4793860614299774, 0.5223705768585205, 0.4721109867095947, 0.3826228082180023, 0.4877038598060608]
[0.45961058139801025, 0.5541384220123291, 0.45895636081695557, 0.29789426922798157, 0.48400768637657166]
[0.4491894841194153, 0.5516356825828552, 0.45693790912628174, 0.3229708969593048, 0.5161060690879822]
[0.5253704190254211, 0.5629116892814636, 0.42984238266944885, 0.2812783122062683, 0.5038743019104004]
[0.5574858784675598, 0.5741764307022095, 0.4188516438007355, 0.2755231559276581, 0.5554060339927673]
[0.35600653290748596, 0.5481318831443787, 0.5236923694610596, 0.32643255591392517, 0.43799132108688354]
[0.5509335398674011, 0.5293029546737671, 0.42106547951698303, 0.2860996723175049, 0.5562995672225952]
[0.5329945087432861, 0.5786342620849609, 0.40840476751327515, 0.28571581840515137, 0.5230061411857605]
[0.6168839931488037, 0.5837613344192505, 0.3693656921386719, 0.23383568227291107, 0.5882363319396973]
[0.5647226572036743, 0.5842422246932983, 0.3996996581554413, 0.2608722448348999, 0.54198157787323]
[0.5685218572616577, 0.5897799134254456, 0.4040614664554596, 0.24291826784610748, 0.5657529234886169]
[0.5043755173683167, 0.5645012855529785, 0.4310756027698517, 0.31319478154182434, 0.5310999751091003]
[0.49819183349609375, 0.5695810914039612, 0.4092336595058441, 0.28381651639938354, 0.5330636501312256]
[0.5715579986572266, 0.5905520915985107, 0.401029109954834, 0.2557286024093628, 0.5597065687179565]
[0.5601878762245178, 0.560972273349762, 0.4376102089881897, 0.30618101358413696, 0.575937032699585]
[0.5442878603935242, 0.5900758504867554, 0.42631348967552185, 0.2644047737121582, 0.548530638217926]
[0.5752650499343872, 0.5883660912513733, 0.3952588140964508, 0.258466899394989, 0.5794079899787903]
[0.43071797490119934, 0.559289276599884, 0.4549260139465332, 0.31432557106018066, 0.45511487126350403]
[0.535902738571167, 0.5862734317779541, 0.4172971248626709, 0.2664170265197754, 0.5570202469825745]
[0.5534266233444214, 0.5768818259239197, 0.4032338559627533, 0.28352996706962585, 0.5428748726844788]
[0.5188343524932861, 0.5250069499015808, 0.45176342129707336, 0.29477164149284363, 0.5234593152999878]
[0.4925491213798523, 0.5555334091186523, 0.46254974603652954, 0.3195372521877289, 0.5047165155410767]
[0.42653927206993103, 0.5737385749816895, 0.42159315943717957, 0.2814728021621704, 0.4679858386516571]
[0.40240025520324707, 0.5396389961242676, 0.45394885540008545, 0.30122658610343933, 0.4393414556980133]
[0.4702416956424713, 0.5717014074325562, 0.45656493306159973, 0.29146409034729004, 0.5028818249702454]
[0.536771297454834, 0.5514996647834778, 0.4498121440410614, 0.29618752002716064, 0.5522576570510864]
[0.5387894511222839, 0.5708962678909302, 0.424741268157959, 0.2935691177845001, 0.541623055934906]
[0.537015974521637, 0.5941884517669678, 0.4275807738304138, 0.26708486676216125, 0.540270209312439]
[0.4299280345439911, 0.5586931705474854, 0.46095511317253113, 0.32927143573760986, 0.4923925995826721]
[0.4920487701892853, 0.5770795345306396, 0.414317786693573, 0.2956711947917938, 0.515012264251709]
[0.5417509078979492, 0.577835202217102, 0.43616029620170593, 0.2715945839881897, 0.5200609564781189]
[0.5647226572036743, 0.5842422246932983, 0.3996996581554413, 0.2608722448348999, 0.54198157787323]
[0.42653927206993103, 0.5737385749816895, 0.42159315943717957, 0.2814728021621704, 0.4679858386516571]
[0.5013061761856079, 0.5535284876823425, 0.4360329508781433, 0.2710341215133667, 0.5225369930267334]
[0.4760547876358032, 0.561172366142273, 0.4509691894054413, 0.32225096225738525, 0.47913143038749695]
[0.5492922067642212, 0.5988892316818237, 0.4295703172683716, 0.27101391553878784, 0.5562719106674194]
[0.552032470703125, 0.5550740957260132, 0.4385262131690979, 0.29090914130210876, 0.5510887503623962]
[0.4158092141151428, 0.5523737072944641, 0.4621855318546295, 0.30855944752693176, 0.4625736176967621]
[0.466610312461853, 0.5683537721633911, 0.47378280758857727, 0.32523924112319946, 0.5207415819168091]
[0.5647226572036743, 0.5842422246932983, 0.3996996581554413, 0.2608722448348999, 0.54198157787323]
[0.5550602078437805, 0.5665022134780884, 0.4027966558933258, 0.26564618945121765, 0.5732848048210144]
[0.5070725679397583, 0.5795678496360779, 0.4309682846069336, 0.25872695446014404, 0.538472592830658]
[0.5490958094596863, 0.5963501930236816, 0.4315049946308136, 0.2794276773929596, 0.5575737357139587]
[0.5382393002510071, 0.5951393842697144, 0.4195483326911926, 0.2542007565498352, 0.556999921798706]
[0.5243216753005981, 0.5408070087432861, 0.4694311022758484, 0.3077157139778137, 0.48722219467163086]
[0.4486622214317322, 0.5583617687225342, 0.4540877938270569, 0.28622472286224365, 0.4829142093658447]
[0.5272282958030701, 0.5911569595336914, 0.4236869215965271, 0.26048794388771057, 0.5399125218391418]
[0.5440191030502319, 0.5640793442726135, 0.3920068144798279, 0.25415924191474915, 0.5815913677215576]
[0.5647226572036743, 0.5842422246932983, 0.3996996581554413, 0.2608722448348999, 0.54198157787323]
[0.52777099609375, 0.5749369859695435, 0.4504243731498718, 0.274231880903244, 0.5622520446777344]
[0.5647226572036743, 0.5842422246932983, 0.3996996581554413, 0.2608722448348999, 0.54198157787323]
[0.5365403294563293, 0.5780155062675476, 0.44129905104637146, 0.3094521760940552, 0.5427752137184143]
[0.5288857817649841, 0.5813005566596985, 0.4474121332168579, 0.2864745259284973, 0.5414735674858093]
[0.5063437223434448, 0.5580597519874573, 0.44529736042022705, 0.3205249011516571, 0.49500277638435364]
[0.5474813580513, 0.5676331520080566, 0.4320797920227051, 0.30212295055389404, 0.5366892218589783]
[0.5862796902656555, 0.5688218474388123, 0.4058842957019806, 0.27988675236701965, 0.5702681541442871]
[0.5685392022132874, 0.5983983874320984, 0.4218272268772125, 0.29049304127693176, 0.542517900466919]
[0.5115088224411011, 0.5595029592514038, 0.4462939500808716, 0.3094445765018463, 0.5222307443618774]
[0.4758269190788269, 0.5831749439239502, 0.42930370569229126, 0.24757282435894012, 0.5121611952781677]
[0.4774920344352722, 0.5285125374794006, 0.45941412448883057, 0.3487493097782135, 0.5310255289077759]
[0.49381470680236816, 0.5784212350845337, 0.43291205167770386, 0.26982390880584717, 0.5356628894805908]
[0.5434209108352661, 0.5630397796630859, 0.41196209192276, 0.28746679425239563, 0.5581876635551453]
[0.47301068902015686, 0.5864691138267517, 0.44619932770729065, 0.2719508707523346, 0.5255504250526428]
[0.53033047914505, 0.5602987408638, 0.46300628781318665, 0.33608052134513855, 0.5294169187545776]
[0.45836523175239563, 0.5748844146728516, 0.4255099892616272, 0.2641766369342804, 0.47658711671829224]
[0.4786466360092163, 0.5625945925712585, 0.45492127537727356, 0.30307838320732117, 0.5103553533554077]
[0.4958711266517639, 0.5722488164901733, 0.42384910583496094, 0.2876858711242676, 0.5377985835075378]
[0.43811339139938354, 0.5508093237876892, 0.4414215683937073, 0.28354978561401367, 0.4596080482006073]
[0.5122048258781433, 0.5337651968002319, 0.4760971963405609, 0.36341315507888794, 0.5190504789352417]
[0.5289619565010071, 0.5845335125923157, 0.42568692564964294, 0.27028539776802063, 0.5209930539131165]
[0.5258894562721252, 0.5364693999290466, 0.49275916814804077, 0.41686245799064636, 0.5313217639923096]
[0.4319401681423187, 0.5255104899406433, 0.47851672768592834, 0.3528333306312561, 0.4647294282913208]
[0.4713848829269409, 0.5763869881629944, 0.4375917613506317, 0.2841985821723938, 0.5252854228019714]
[0.5534266233444214, 0.5768818259239197, 0.4032338559627533, 0.28352996706962585, 0.5428748726844788]
[0.5025871396064758, 0.5518836379051208, 0.4497319459915161, 0.29671281576156616, 0.49190762639045715]
[0.4880397617816925, 0.5759676098823547, 0.4338859021663666, 0.263456791639328, 0.5314449667930603]
[0.43653273582458496, 0.531659722328186, 0.4784441888332367, 0.3430057764053345, 0.4943520128726959]
[0.49797767400741577, 0.5648605823516846, 0.43906256556510925, 0.2971639633178711, 0.5429524183273315]
