0
【11月11日7—17时要闻回顾（又名光棍节虐狗大合集）】古巨基大婚刘翔苏有朋到贺 汪涵杨乐乐结婚九周年雪地相拥秀恩爱 樊少皇贾晓晨结婚 香港歌手王菀之结婚 水原希子曝新恋情 约会小4岁男演员
[0.5047686696052551, 0.5210974216461182, 0.5220838785171509, 0.39612913131713867, 0.5312178134918213]
[0.5894338488578796, 0.5861788988113403, 0.3948378562927246, 0.25692614912986755, 0.5739879608154297]
[0.5050755739212036, 0.5844119787216187, 0.437057226896286, 0.2826150357723236, 0.5173569917678833]
[0.4949800372123718, 0.584799587726593, 0.4214612543582916, 0.29003679752349854, 0.5098438262939453]
[0.4763970971107483, 0.5660534501075745, 0.45735660195350647, 0.29069462418556213, 0.4925556480884552]
[0.4325278103351593, 0.5405588746070862, 0.4668920934200287, 0.3423859477043152, 0.478394478559494]
[0.4528876543045044, 0.5786318182945251, 0.45368900895118713, 0.29405370354652405, 0.5130016803741455]
[0.4972785711288452, 0.5409855842590332, 0.43854618072509766, 0.34857603907585144, 0.5058380961418152]
[0.5131096839904785, 0.5233578681945801, 0.44670742750167847, 0.31906482577323914, 0.5508150458335876]
[0.4069378077983856, 0.5461686849594116, 0.47817257046699524, 0.33575722575187683, 0.4785548448562622]
[0.4538520872592926, 0.5484856367111206, 0.4556877315044403, 0.3040083050727844, 0.47043517231941223]
[0.5502342581748962, 0.6100268363952637, 0.4200654625892639, 0.2612319886684418, 0.5294122695922852]
[0.47739046812057495, 0.5803356766700745, 0.42877936363220215, 0.2644191086292267, 0.5117679238319397]
[0.5489787459373474, 0.5814916491508484, 0.4256137013435364, 0.275127649307251, 0.5518491268157959]
[0.5794615745544434, 0.5438041687011719, 0.4166918694972992, 0.28213080763816833, 0.5821993350982666]
[0.5237582921981812, 0.5593716502189636, 0.4177091121673584, 0.29222381114959717, 0.5249412059783936]
[0.5112362504005432, 0.5855383276939392, 0.41881972551345825, 0.3075507879257202, 0.5427892208099365]
[0.5597757697105408, 0.5450076460838318, 0.44115304946899414, 0.32240796089172363, 0.513582170009613]
[0.5091124773025513, 0.5559490919113159, 0.447709858417511, 0.29403629899024963, 0.5500326752662659]
[0.48102134466171265, 0.5414469838142395, 0.48340699076652527, 0.3603901267051697, 0.5357806086540222]
[0.5684752464294434, 0.5668473243713379, 0.42572128772735596, 0.29001232981681824, 0.5614243149757385]
[0.49902960658073425, 0.5596188902854919, 0.4323856234550476, 0.3163895010948181, 0.522153377532959]
[0.5552624464035034, 0.5831682085990906, 0.4088727831840515, 0.2659943997859955, 0.5706302523612976]
[0.5226227641105652, 0.561101496219635, 0.4215225577354431, 0.28735044598579407, 0.5357199311256409]
[0.5684752464294434, 0.5668473243713379, 0.42572128772735596, 0.29001232981681824, 0.5614243149757385]
[0.5576245188713074, 0.5631041526794434, 0.42819347977638245, 0.2978019416332245, 0.5537373423576355]
[0.499602347612381, 0.5760234594345093, 0.43527650833129883, 0.30172690749168396, 0.5275677442550659]
[0.46793514490127563, 0.5348133444786072, 0.4870283901691437, 0.36832502484321594, 0.4574781358242035]
[0.5070394277572632, 0.5580464601516724, 0.4615941643714905, 0.2856224775314331, 0.4812075197696686]
[0.5505253672599792, 0.5302276015281677, 0.42033740878105164, 0.2841345965862274, 0.5553396344184875]
[0.49140313267707825, 0.5620172619819641, 0.4377351701259613, 0.3388548493385315, 0.4946834146976471]
[0.5936089158058167, 0.5851768851280212, 0.39609572291374207, 0.26370513439178467, 0.5871981978416443]
[0.4118100106716156, 0.5661707520484924, 0.4549154043197632, 0.3109377324581146, 0.47647958993911743]
[0.49747923016548157, 0.5488706231117249, 0.4537099003791809, 0.3253946006298065, 0.5080533623695374]
[0.49586525559425354, 0.579474925994873, 0.3984140455722809, 0.2781851887702942, 0.5544849634170532]
[0.4931945502758026, 0.5857633352279663, 0.41403821110725403, 0.24440622329711914, 0.5355185866355896]
[0.5280972719192505, 0.5895577073097229, 0.43713057041168213, 0.29116877913475037, 0.5152537822723389]
[0.44235873222351074, 0.5368587970733643, 0.4726550579071045, 0.3852737247943878, 0.4924760162830353]
[0.5248023271560669, 0.5908301472663879, 0.43250221014022827, 0.28997188806533813, 0.5218026638031006]
[0.5185933113098145, 0.5886591672897339, 0.41420748829841614, 0.28358691930770874, 0.5321028828620911]
[0.49819183349609375, 0.5695810914039612, 0.4092336595058441, 0.28381651639938354, 0.5330636501312256]
[0.5232189893722534, 0.55381178855896, 0.45348289608955383, 0.3098451793193817, 0.5311694741249084]
[0.5342611074447632, 0.5976199507713318, 0.4287460744380951, 0.28542032837867737, 0.5674043297767639]
[0.5044795274734497, 0.5856345891952515, 0.4268862307071686, 0.26805245876312256, 0.5209093689918518]
[0.43493595719337463, 0.5375977158546448, 0.4934639036655426, 0.38365158438682556, 0.472049742937088]
[0.46014246344566345, 0.5136235356330872, 0.4850543737411499, 0.40834665298461914, 0.4792919456958771]
[0.47012221813201904, 0.5385432839393616, 0.467436283826828, 0.3330666124820709, 0.4913676679134369]
[0.5097536444664001, 0.5536430478096008, 0.4322129189968109, 0.3127300441265106, 0.5447220802307129]
[0.49629461765289307, 0.5761736631393433, 0.41739708185195923, 0.29063427448272705, 0.5193065404891968]
[0.4402410387992859, 0.5361124277114868, 0.4634711444377899, 0.32088565826416016, 0.5048503875732422]
[0.5796158909797668, 0.5793994069099426, 0.41235268115997314, 0.24921657145023346, 0.5540298819541931]
[0.5050755739212036, 0.5844119787216187, 0.437057226896286, 0.2826150357723236, 0.5173569917678833]
[0.4208170771598816, 0.5368978977203369, 0.4776802659034729, 0.332876056432724, 0.4742254912853241]
[0.5195767283439636, 0.5841084718704224, 0.4306381344795227, 0.2903462052345276, 0.5393408536911011]
[0.4132172763347626, 0.5268238186836243, 0.47616660594940186, 0.3598225712776184, 0.449425607919693]
[0.5217940807342529, 0.573367714881897, 0.4638197124004364, 0.3190196752548218, 0.526033341884613]
[0.5120831727981567, 0.5512875914573669, 0.4844975471496582, 0.3382977247238159, 0.5126422047615051]
[0.5518292188644409, 0.5491959452629089, 0.442194402217865, 0.29084309935569763, 0.5775599479675293]
[0.5062654614448547, 0.5940334796905518, 0.4291088581085205, 0.29038509726524353, 0.5032315850257874]
[0.5552624464035034, 0.5831682085990906, 0.4088727831840515, 0.2659943997859955, 0.5706302523612976]
[0.43582311272621155, 0.5567623972892761, 0.4461164176464081, 0.3092491030693054, 0.503215491771698]
[0.5698389410972595, 0.586685299873352, 0.4199465215206146, 0.27553585171699524, 0.5702658295631409]
[0.5505286455154419, 0.5676267743110657, 0.41799959540367126, 0.28340280055999756, 0.5448552370071411]
[0.502494215965271, 0.5555185079574585, 0.43541789054870605, 0.34452739357948303, 0.5206618309020996]
[0.48910290002822876, 0.5688173174858093, 0.4435386657714844, 0.3029255270957947, 0.49126940965652466]
[0.4755335748195648, 0.5495232343673706, 0.4318319261074066, 0.29789116978645325, 0.5115926265716553]
[0.5809233784675598, 0.5593165755271912, 0.4221382439136505, 0.2790786027908325, 0.5541039109230042]
[0.5872207283973694, 0.5888748168945312, 0.4146778881549835, 0.26058050990104675, 0.5549857020378113]
[0.41046571731567383, 0.5519691109657288, 0.4345971345901489, 0.31188932061195374, 0.4384020268917084]
[0.4275378882884979, 0.5718470811843872, 0.44574612379074097, 0.29460960626602173, 0.4921588897705078]
[0.5200783610343933, 0.5147565603256226, 0.4704357087612152, 0.3792533278465271, 0.5284398794174194]
[0.454079270362854, 0.5432738661766052, 0.4508654475212097, 0.3371984660625458, 0.4690265953540802]
[0.4531673491001129, 0.5377317667007446, 0.49006858468055725, 0.39265432953834534, 0.502439558506012]
[0.4972167909145355, 0.5674971342086792, 0.44274961948394775, 0.2871241867542267, 0.5388538241386414]
[0.5329278707504272, 0.5613576173782349, 0.4113980233669281, 0.26288068294525146, 0.575392484664917]
[0.5105308294296265, 0.5456317067146301, 0.46302473545074463, 0.3123856782913208, 0.5028737783432007]
[0.530386745929718, 0.5695903301239014, 0.4129478335380554, 0.262220174074173, 0.5453900694847107]
[0.5896822810173035, 0.5799036026000977, 0.38473549485206604, 0.23886461555957794, 0.5965768694877625]
[0.45755359530448914, 0.558983325958252, 0.4625641405582428, 0.34393155574798584, 0.48069465160369873]
[0.4658498167991638, 0.5320467948913574, 0.4737425148487091, 0.3467015027999878, 0.47165805101394653]
[0.6370628476142883, 0.553610622882843, 0.38153350353240967, 0.23110570013523102, 0.6002423167228699]
[0.5614460110664368, 0.5957785248756409, 0.41375353932380676, 0.2595828175544739, 0.5558292865753174]
[0.5020433664321899, 0.5523307919502258, 0.4246469736099243, 0.2916886806488037, 0.5329373478889465]
[0.49819183349609375, 0.5695810914039612, 0.4092336595058441, 0.28381651639938354, 0.5330636501312256]
[0.4854530990123749, 0.5458793044090271, 0.44268369674682617, 0.307940810918808, 0.5293269753456116]
[0.5817500352859497, 0.5824852585792542, 0.4175146818161011, 0.2570168077945709, 0.5758207440376282]
[0.5774304270744324, 0.6065936088562012, 0.41549786925315857, 0.2480234056711197, 0.5604559779167175]
[0.5050805807113647, 0.571658194065094, 0.43678349256515503, 0.3105442225933075, 0.510794460773468]
[0.573311448097229, 0.5588797926902771, 0.41055116057395935, 0.2676047682762146, 0.5885412693023682]
[0.5074711441993713, 0.5730097889900208, 0.4363962709903717, 0.28950008749961853, 0.5208999514579773]
[0.5143101811408997, 0.5534095168113708, 0.4432581067085266, 0.2968042194843292, 0.5068722367286682]
[0.4982335567474365, 0.5811893343925476, 0.4285159707069397, 0.300296813249588, 0.5156160593032837]
[0.5809233784675598, 0.5593165755271912, 0.4221382439136505, 0.2790786027908325, 0.5541039109230042]
[0.4759664535522461, 0.5677802562713623, 0.44014206528663635, 0.3195679485797882, 0.5169642567634583]
[0.48114144802093506, 0.581099808216095, 0.4057594835758209, 0.27548348903656006, 0.529482364654541]
[0.45262783765792847, 0.564541220664978, 0.4404914379119873, 0.2894064784049988, 0.4847523272037506]
[0.5467709302902222, 0.5947770476341248, 0.4161657392978668, 0.2572559416294098, 0.5525034070014954]
[0.5708176493644714, 0.5746920108795166, 0.40890470147132874, 0.24698464572429657, 0.5857933163642883]
[0.6090074181556702, 0.5448866486549377, 0.421904057264328, 0.30504700541496277, 0.5965182185173035]
[0.4700843393802643, 0.552464485168457, 0.4567992389202118, 0.30208250880241394, 0.46300214529037476]
[0.5375154614448547, 0.568672239780426, 0.41755354404449463, 0.2612818777561188, 0.5533697009086609]
