0
每个人都是自己生活的创造者，有时候需要信心的坚持，当思考成熟做一件事的时候，争取时间，抓紧去做，也许只能收获围观和怀疑，就算点赞再少，自己不能退缩，当做出一些成绩出来的时候，别人开始关注和研究，也许当别人理解你的时候，故事活泼，谁又能在原地未动。
[0.5272641181945801, 0.548183262348175, 0.4438124895095825, 0.31733182072639465, 0.5594310164451599]
[0.5563419461250305, 0.5756222605705261, 0.42132115364074707, 0.26028427481651306, 0.5692645311355591]
[0.5070725679397583, 0.5795678496360779, 0.4309682846069336, 0.25872695446014404, 0.538472592830658]
[0.3591367304325104, 0.5651775598526001, 0.45737674832344055, 0.28475868701934814, 0.44155141711235046]
[0.5421751141548157, 0.5686069130897522, 0.42932426929473877, 0.2969580292701721, 0.5472549796104431]
[0.5070725679397583, 0.5795678496360779, 0.4309682846069336, 0.25872695446014404, 0.538472592830658]
[0.3682872951030731, 0.5410106182098389, 0.43682804703712463, 0.29630130529403687, 0.4435845613479614]
[0.5451405048370361, 0.5799071192741394, 0.4316512644290924, 0.266661137342453, 0.5196403861045837]
[0.490151047706604, 0.5844454765319824, 0.41659414768218994, 0.30239397287368774, 0.5295104384422302]
[0.5086221694946289, 0.5774117708206177, 0.446363240480423, 0.28789955377578735, 0.5397182106971741]
[0.6078826785087585, 0.5707478523254395, 0.3655558228492737, 0.22177572548389435, 0.5965967774391174]
[0.502953290939331, 0.5576637983322144, 0.4500974416732788, 0.3147602379322052, 0.5369639992713928]
[0.4913710653781891, 0.5518085360527039, 0.4553917646408081, 0.3207513689994812, 0.5133699178695679]
[0.5070725679397583, 0.5795678496360779, 0.4309682846069336, 0.25872695446014404, 0.538472592830658]
[0.49819183349609375, 0.5695810914039612, 0.4092336595058441, 0.28381651639938354, 0.5330636501312256]
[0.509015679359436, 0.5553707480430603, 0.47114649415016174, 0.3182651102542877, 0.5460030436515808]
[0.5070725679397583, 0.5795678496360779, 0.4309682846069336, 0.25872695446014404, 0.538472592830658]
[0.5070725679397583, 0.5795678496360779, 0.4309682846069336, 0.25872695446014404, 0.538472592830658]
[0.5070725679397583, 0.5795678496360779, 0.4309682846069336, 0.25872695446014404, 0.538472592830658]
[0.5375687479972839, 0.5724351406097412, 0.42527642846107483, 0.2812650203704834, 0.551908552646637]
[0.5070725679397583, 0.5795678496360779, 0.4309682846069336, 0.25872695446014404, 0.538472592830658]
[0.5070725679397583, 0.5795678496360779, 0.4309682846069336, 0.25872695446014404, 0.538472592830658]
[0.4626224935054779, 0.5467047691345215, 0.46092164516448975, 0.3610950708389282, 0.4936038553714752]
[0.4626224935054779, 0.5467047691345215, 0.46092164516448975, 0.3610950708389282, 0.4936038553714752]
[0.44892919063568115, 0.5700854659080505, 0.4669421315193176, 0.30565646290779114, 0.48906686902046204]
[0.5070725679397583, 0.5795678496360779, 0.4309682846069336, 0.25872695446014404, 0.538472592830658]
[0.49819183349609375, 0.5695810914039612, 0.4092336595058441, 0.28381651639938354, 0.5330636501312256]
[0.5070725679397583, 0.5795678496360779, 0.4309682846069336, 0.25872695446014404, 0.538472592830658]
[0.3290293514728546, 0.548250675201416, 0.4640916585922241, 0.3126513659954071, 0.42575299739837646]
[0.5141064524650574, 0.5602770447731018, 0.4287567138671875, 0.288930743932724, 0.5321469902992249]
[0.5070725679397583, 0.5795678496360779, 0.4309682846069336, 0.25872695446014404, 0.538472592830658]
[0.5070725679397583, 0.5795678496360779, 0.4309682846069336, 0.25872695446014404, 0.538472592830658]
[0.5087871551513672, 0.5760859251022339, 0.4470731019973755, 0.3131481111049652, 0.5356936454772949]
[0.4917965829372406, 0.5642513632774353, 0.44473153352737427, 0.292820006608963, 0.504958987236023]
[0.49902433156967163, 0.534570574760437, 0.481009304523468, 0.3813304603099823, 0.5213885307312012]
[0.5266067981719971, 0.5607022643089294, 0.41031625866889954, 0.2692158818244934, 0.5385655760765076]
[0.6078826785087585, 0.5707478523254395, 0.3655558228492737, 0.22177572548389435, 0.5965967774391174]
[0.5403969287872314, 0.5834431648254395, 0.4181913137435913, 0.2905534505844116, 0.5452398061752319]
[0.4272155165672302, 0.5485509037971497, 0.4546441435813904, 0.30582037568092346, 0.4557969868183136]
[0.5070725679397583, 0.5795678496360779, 0.4309682846069336, 0.25872695446014404, 0.538472592830658]
[0.47940880060195923, 0.5758160352706909, 0.46496981382369995, 0.30188488960266113, 0.5064436197280884]
[0.5070725679397583, 0.5795678496360779, 0.4309682846069336, 0.25872695446014404, 0.538472592830658]
[0.5277829766273499, 0.5875231623649597, 0.42597588896751404, 0.28026407957077026, 0.5236606597900391]
[0.5070725679397583, 0.5795678496360779, 0.4309682846069336, 0.25872695446014404, 0.538472592830658]
[0.5070725679397583, 0.5795678496360779, 0.4309682846069336, 0.25872695446014404, 0.538472592830658]
[0.5070725679397583, 0.5795678496360779, 0.4309682846069336, 0.25872695446014404, 0.538472592830658]
[0.5070725679397583, 0.5795678496360779, 0.4309682846069336, 0.25872695446014404, 0.538472592830658]
[0.3525565266609192, 0.5549966096878052, 0.4557444751262665, 0.29298844933509827, 0.43208077549934387]
[0.5447527766227722, 0.5673823356628418, 0.41858628392219543, 0.2956314980983734, 0.5648516416549683]
[0.5070725679397583, 0.5795678496360779, 0.4309682846069336, 0.25872695446014404, 0.538472592830658]
[0.5431767702102661, 0.58334881067276, 0.41904082894325256, 0.2629167437553406, 0.5662075877189636]
[0.541161835193634, 0.5844714641571045, 0.4154796898365021, 0.2585543692111969, 0.5606173276901245]
[0.47940880060195923, 0.5758160352706909, 0.46496981382369995, 0.30188488960266113, 0.5064436197280884]
[0.5553335547447205, 0.5716164112091064, 0.3853521943092346, 0.2520589828491211, 0.570447564125061]
[0.47940880060195923, 0.5758160352706909, 0.46496981382369995, 0.30188488960266113, 0.5064436197280884]
[0.5270827412605286, 0.5967831015586853, 0.41281893849372864, 0.26888126134872437, 0.5519604086875916]
[0.48274290561676025, 0.5649957656860352, 0.43510910868644714, 0.2768326997756958, 0.5137670636177063]
[0.4863041341304779, 0.5376944541931152, 0.5022242069244385, 0.37470266222953796, 0.5013242959976196]
[0.49269163608551025, 0.5361544489860535, 0.4415381848812103, 0.31286105513572693, 0.4982486069202423]
[0.429028183221817, 0.5257591009140015, 0.5206688046455383, 0.4400639832019806, 0.45227697491645813]
[0.5070725679397583, 0.5795678496360779, 0.4309682846069336, 0.25872695446014404, 0.538472592830658]
[0.5070725679397583, 0.5795678496360779, 0.4309682846069336, 0.25872695446014404, 0.538472592830658]
[0.5168692469596863, 0.5636028051376343, 0.4703604578971863, 0.311903715133667, 0.550835907459259]
[0.49063509702682495, 0.5330673456192017, 0.47726231813430786, 0.3313447833061218, 0.5212328433990479]
[0.49819183349609375, 0.5695810914039612, 0.4092336595058441, 0.28381651639938354, 0.5330636501312256]
[0.4921639561653137, 0.5029985904693604, 0.4946056604385376, 0.31979480385780334, 0.4801467955112457]
[0.5060226917266846, 0.5790103673934937, 0.4117882549762726, 0.26307833194732666, 0.5257269144058228]
[0.4459908604621887, 0.5324844717979431, 0.45022115111351013, 0.3224280774593353, 0.49444326758384705]
[0.5323098301887512, 0.5564334988594055, 0.40806400775909424, 0.27405884861946106, 0.5599897503852844]
[0.5070725679397583, 0.5795678496360779, 0.4309682846069336, 0.25872695446014404, 0.538472592830658]
[0.5518474578857422, 0.5929501056671143, 0.40630820393562317, 0.2665231227874756, 0.5689286589622498]
[0.4035395085811615, 0.5404965877532959, 0.4785451889038086, 0.32368388772010803, 0.44783443212509155]
[0.48690977692604065, 0.5924393534660339, 0.4504019618034363, 0.2770184278488159, 0.5155649185180664]
[0.5070725679397583, 0.5795678496360779, 0.4309682846069336, 0.25872695446014404, 0.538472592830658]
[0.4788202941417694, 0.5715891718864441, 0.43089672923088074, 0.2772742509841919, 0.4976314902305603]
[0.5070725679397583, 0.5795678496360779, 0.4309682846069336, 0.25872695446014404, 0.538472592830658]
[0.5828582644462585, 0.5638339519500732, 0.40262794494628906, 0.2661096751689911, 0.5817832946777344]
[0.5070725679397583, 0.5795678496360779, 0.4309682846069336, 0.25872695446014404, 0.538472592830658]
[0.5070725679397583, 0.5795678496360779, 0.4309682846069336, 0.25872695446014404, 0.538472592830658]
[0.5845158696174622, 0.5393168330192566, 0.4666832983493805, 0.35367172956466675, 0.5839195251464844]
[0.5070725679397583, 0.5795678496360779, 0.4309682846069336, 0.25872695446014404, 0.538472592830658]
[0.5070725679397583, 0.5795678496360779, 0.4309682846069336, 0.25872695446014404, 0.538472592830658]
[0.5438856482505798, 0.5929805040359497, 0.418680876493454, 0.27237069606781006, 0.5508289337158203]
[0.5017336010932922, 0.5761497616767883, 0.429662823677063, 0.2974899411201477, 0.525773823261261]
[0.5348630547523499, 0.5406468510627747, 0.461477667093277, 0.3307116627693176, 0.56121426820755]
[0.513725996017456, 0.567170262336731, 0.4193061292171478, 0.28982013463974, 0.5135844349861145]
[0.5272641181945801, 0.548183262348175, 0.4438124895095825, 0.31733182072639465, 0.5594310164451599]
[0.5070725679397583, 0.5795678496360779, 0.4309682846069336, 0.25872695446014404, 0.538472592830658]
[0.5222315192222595, 0.5804038643836975, 0.4123525321483612, 0.25370073318481445, 0.548292875289917]
[0.49819183349609375, 0.5695810914039612, 0.4092336595058441, 0.28381651639938354, 0.5330636501312256]
[0.49769333004951477, 0.544499397277832, 0.3837123215198517, 0.24029196798801422, 0.5322815775871277]
[0.5070725679397583, 0.5795678496360779, 0.4309682846069336, 0.25872695446014404, 0.538472592830658]
[0.49769333004951477, 0.544499397277832, 0.3837123215198517, 0.24029196798801422, 0.5322815775871277]
[0.49769333004951477, 0.544499397277832, 0.3837123215198517, 0.24029196798801422, 0.5322815775871277]
[0.49769333004951477, 0.544499397277832, 0.3837123215198517, 0.24029196798801422, 0.5322815775871277]
[0.47950613498687744, 0.5094209313392639, 0.45684316754341125, 0.34554752707481384, 0.49925389885902405]
[0.5070725679397583, 0.5795678496360779, 0.4309682846069336, 0.25872695446014404, 0.538472592830658]
[0.5070725679397583, 0.5795678496360779, 0.4309682846069336, 0.25872695446014404, 0.538472592830658]
[0.49769333004951477, 0.544499397277832, 0.3837123215198517, 0.24029196798801422, 0.5322815775871277]
[0.30630698800086975, 0.5329967141151428, 0.4668906629085541, 0.3260340988636017, 0.4252419173717499]
[0.3682872951030731, 0.5410106182098389, 0.43682804703712463, 0.29630130529403687, 0.4435845613479614]
