0
【杭州出新规：救人者不用自证清白】日前杭州出台《文明行为促进条例》，明确规定，被救助人主张其人身损害是由救助人造成的，或主张救助人在救助过程中未尽合理限度注意义务加重其人身损害的，应当提供证据予以证明。救助人因被救助人诬告陷害而发生费用的，有权追偿。(人民日报)
[0.5267512202262878, 0.52945876121521, 0.4740000367164612, 0.3631211817264557, 0.5621164441108704]
[0.385852575302124, 0.5593848824501038, 0.45914506912231445, 0.2989233136177063, 0.4251597821712494]
[0.43928033113479614, 0.5755216479301453, 0.43812182545661926, 0.28464990854263306, 0.4676651954650879]
[0.46601602435112, 0.5651649832725525, 0.4377492070198059, 0.2894585430622101, 0.48092910647392273]
[0.4838573634624481, 0.5490667819976807, 0.4639326333999634, 0.35460713505744934, 0.544815719127655]
[0.42945781350135803, 0.5772936344146729, 0.4433571398258209, 0.30711984634399414, 0.47839245200157166]
[0.5006921887397766, 0.5797165036201477, 0.42792460322380066, 0.2615041434764862, 0.5440158247947693]
[0.385852575302124, 0.5593848824501038, 0.45914506912231445, 0.2989233136177063, 0.4251597821712494]
[0.5098456144332886, 0.5689523220062256, 0.4670020341873169, 0.29757624864578247, 0.5183085799217224]
[0.49819183349609375, 0.5695810914039612, 0.4092336595058441, 0.28381651639938354, 0.5330636501312256]
[0.4899865984916687, 0.5735953450202942, 0.45971545577049255, 0.33358827233314514, 0.5206590890884399]
[0.49377143383026123, 0.532577633857727, 0.4720558524131775, 0.3229237496852875, 0.505723237991333]
[0.6043594479560852, 0.5942933559417725, 0.39344677329063416, 0.23016095161437988, 0.5988799929618835]
[0.45996949076652527, 0.5322050452232361, 0.5037232041358948, 0.4270963668823242, 0.5192523002624512]
[0.49819183349609375, 0.5695810914039612, 0.4092336595058441, 0.28381651639938354, 0.5330636501312256]
[0.5288083553314209, 0.5568743348121643, 0.4543730616569519, 0.325347900390625, 0.5083941221237183]
[0.5070725679397583, 0.5795678496360779, 0.4309682846069336, 0.25872695446014404, 0.538472592830658]
[0.5147290825843811, 0.5907934308052063, 0.41923776268959045, 0.2860475778579712, 0.534551203250885]
[0.4931929111480713, 0.5560770630836487, 0.43198588490486145, 0.31023919582366943, 0.5167909860610962]
[0.5374633073806763, 0.5809218287467957, 0.3939123749732971, 0.23066507279872894, 0.5441394448280334]
[0.504070520401001, 0.5696031451225281, 0.4445483088493347, 0.3074558675289154, 0.5210508108139038]
[0.5480719804763794, 0.550925076007843, 0.4466279447078705, 0.30153805017471313, 0.5718770623207092]
[0.4610942304134369, 0.5585437417030334, 0.4489801228046417, 0.3086562752723694, 0.5093140006065369]
[0.5201981663703918, 0.5604676604270935, 0.4825340807437897, 0.3014329671859741, 0.5077407956123352]
[0.5845304727554321, 0.5682597756385803, 0.4016733169555664, 0.2489495426416397, 0.5828965902328491]
[0.37226375937461853, 0.5210034251213074, 0.5018073320388794, 0.368542343378067, 0.4285977780818939]
[0.5381426215171814, 0.5346011519432068, 0.4071669280529022, 0.276315301656723, 0.5665225982666016]
[0.5480393767356873, 0.5759053230285645, 0.400912344455719, 0.23490022122859955, 0.558391809463501]
[0.5128839015960693, 0.5605374574661255, 0.4392921030521393, 0.29405900835990906, 0.5301677584648132]
[0.5552574396133423, 0.57196444272995, 0.42979171872138977, 0.27923256158828735, 0.5282033681869507]
[0.5558217763900757, 0.5858131647109985, 0.41110727190971375, 0.2724268138408661, 0.5551947355270386]
[0.5091407895088196, 0.5369008183479309, 0.46189722418785095, 0.36300894618034363, 0.5210078358650208]
[0.31465157866477966, 0.5414455533027649, 0.47850489616394043, 0.2895876169204712, 0.44464632868766785]
[0.4579964876174927, 0.5639356970787048, 0.45706334710121155, 0.29451784491539, 0.5102642774581909]
[0.527751088142395, 0.5710277557373047, 0.43282100558280945, 0.2760888636112213, 0.5349583625793457]
[0.4907926917076111, 0.5637834668159485, 0.4414612948894501, 0.2947947084903717, 0.49108949303627014]
[0.4490076005458832, 0.5615405440330505, 0.4454113841056824, 0.3470190465450287, 0.49781695008277893]
[0.5222782492637634, 0.534076988697052, 0.44408318400382996, 0.3050244152545929, 0.5215709805488586]
[0.4834534525871277, 0.5621649622917175, 0.43473750352859497, 0.3028378188610077, 0.5163085460662842]
[0.49673768877983093, 0.5316916704177856, 0.43330901861190796, 0.26518547534942627, 0.5012999773025513]
[0.5187511444091797, 0.5657637715339661, 0.4381132125854492, 0.2819228768348694, 0.518878698348999]
[0.5104249715805054, 0.5785108804702759, 0.4340033531188965, 0.289877325296402, 0.5431584715843201]
[0.4925340712070465, 0.5680725574493408, 0.42619311809539795, 0.28860756754875183, 0.48788994550704956]
[0.4729240834712982, 0.5521023869514465, 0.4361933171749115, 0.28557053208351135, 0.4993045926094055]
[0.5281775593757629, 0.580551266670227, 0.4124968349933624, 0.25836533308029175, 0.5639097094535828]
[0.5504789352416992, 0.5504522323608398, 0.46797049045562744, 0.3006422519683838, 0.5575739741325378]
[0.5070725679397583, 0.5795678496360779, 0.4309682846069336, 0.25872695446014404, 0.538472592830658]
[0.46519312262535095, 0.5440641641616821, 0.48618337512016296, 0.3616551160812378, 0.5204837918281555]
[0.5571655631065369, 0.5674808621406555, 0.4358363151550293, 0.268902987241745, 0.5626972317695618]
[0.46316635608673096, 0.5359718799591064, 0.4632260203361511, 0.31170815229415894, 0.4979690909385681]
[0.5665391683578491, 0.5492918491363525, 0.4158819317817688, 0.31221890449523926, 0.5465511679649353]
[0.46601602435112, 0.5651649832725525, 0.4377492070198059, 0.2894585430622101, 0.48092910647392273]
[0.4616346061229706, 0.5943852066993713, 0.41867902874946594, 0.2661285996437073, 0.5142704844474792]
[0.5310452580451965, 0.5515971779823303, 0.44171008467674255, 0.29073336720466614, 0.5133101940155029]
[0.5265336036682129, 0.5455650091171265, 0.44129952788352966, 0.296764075756073, 0.5454248785972595]
[0.5411280989646912, 0.5492314100265503, 0.47823232412338257, 0.3344148099422455, 0.5388280749320984]
[0.5023123025894165, 0.5394018292427063, 0.4438248872756958, 0.3483160436153412, 0.5274106860160828]
[0.42018118500709534, 0.5392512083053589, 0.45733845233917236, 0.3319911062717438, 0.45050129294395447]
[0.4907926917076111, 0.5637834668159485, 0.4414612948894501, 0.2947947084903717, 0.49108949303627014]
[0.5079507827758789, 0.5432954430580139, 0.47585272789001465, 0.3279724419116974, 0.5309544205665588]
[0.385852575302124, 0.5593848824501038, 0.45914506912231445, 0.2989233136177063, 0.4251597821712494]
[0.47476351261138916, 0.5762531161308289, 0.4259510338306427, 0.29393431544303894, 0.48880240321159363]
[0.46448272466659546, 0.5429137945175171, 0.4375993013381958, 0.3266783356666565, 0.47342735528945923]
[0.4907926917076111, 0.5637834668159485, 0.4414612948894501, 0.2947947084903717, 0.49108949303627014]
[0.45158320665359497, 0.5369731187820435, 0.5061745643615723, 0.3570149838924408, 0.46012595295906067]
[0.5068723559379578, 0.5780180096626282, 0.43539223074913025, 0.2782640755176544, 0.5588939189910889]
[0.41550150513648987, 0.5352005958557129, 0.48921746015548706, 0.37550976872444153, 0.47262319922447205]
[0.4246736764907837, 0.5451236367225647, 0.5065910816192627, 0.3902454376220703, 0.4782886505126953]
[0.5432478785514832, 0.5640978217124939, 0.4254506230354309, 0.26524847745895386, 0.5300824046134949]
[0.5187511444091797, 0.5657637715339661, 0.4381132125854492, 0.2819228768348694, 0.518878698348999]
[0.5222782492637634, 0.534076988697052, 0.44408318400382996, 0.3050244152545929, 0.5215709805488586]
[0.4810611605644226, 0.5344625115394592, 0.48077651858329773, 0.32274454832077026, 0.4770653247833252]
[0.48733916878700256, 0.5739020109176636, 0.42586496472358704, 0.2761390507221222, 0.4984787106513977]
[0.3993881344795227, 0.5236491560935974, 0.5068620443344116, 0.38913989067077637, 0.4176376461982727]
[0.4967603385448456, 0.5108218193054199, 0.49102267622947693, 0.36861681938171387, 0.5121538639068604]
[0.4893920123577118, 0.5167455077171326, 0.513988733291626, 0.4351256489753723, 0.5415137410163879]
[0.4179496765136719, 0.5311608910560608, 0.46714267134666443, 0.3661922812461853, 0.4895145893096924]
[0.5497870445251465, 0.5547900795936584, 0.46510636806488037, 0.2967681288719177, 0.5543075799942017]
[0.5093337297439575, 0.5893763899803162, 0.4295414984226227, 0.27770909667015076, 0.5219913125038147]
[0.42220646142959595, 0.5417122840881348, 0.4917911887168884, 0.3301731050014496, 0.4846043586730957]
[0.507462739944458, 0.5756762623786926, 0.4159296154975891, 0.28661400079727173, 0.5263615846633911]
[0.5759448409080505, 0.5865247249603271, 0.4024679958820343, 0.23915918171405792, 0.562271237373352]
[0.4688705503940582, 0.5226346850395203, 0.45311495661735535, 0.35139015316963196, 0.5058003664016724]
[0.4907926917076111, 0.5637834668159485, 0.4414612948894501, 0.2947947084903717, 0.49108949303627014]
[0.4196245074272156, 0.5109887719154358, 0.43059954047203064, 0.28305232524871826, 0.4470265507698059]
[0.5701919198036194, 0.578820526599884, 0.3953619599342346, 0.24575123190879822, 0.5817036032676697]
[0.540058434009552, 0.5750599503517151, 0.4305816888809204, 0.2790989875793457, 0.5256555676460266]
[0.3425006866455078, 0.5325418710708618, 0.5070052146911621, 0.43047183752059937, 0.4192278981208801]
[0.4907926917076111, 0.5637834668159485, 0.4414612948894501, 0.2947947084903717, 0.49108949303627014]
