0
【#剧能说#热播剧中选出撩妹届四大高手，亲自上阵教你脱单妙招！】有没有亲跟小编一样最近是按这个路线来追剧的：《无理的前进》→《朝5晚9》→《泰版一吻定情》→《她很漂亮》。在11.11这敏感日子， 为你们总结了“脱单”计划！赶紧边看边学起来→ 关注一起聊~
[0.5004401206970215, 0.5102262496948242, 0.4861985445022583, 0.4548024833202362, 0.5441604852676392]
[0.5480822920799255, 0.5844237208366394, 0.4395790696144104, 0.2740761935710907, 0.5519649982452393]
[0.5532392859458923, 0.5813397169113159, 0.4112589657306671, 0.2675580084323883, 0.5682206749916077]
[0.4597668945789337, 0.5564188957214355, 0.5035390257835388, 0.42923542857170105, 0.47511884570121765]
[0.4673563539981842, 0.5822675228118896, 0.4551338255405426, 0.2818213701248169, 0.48450225591659546]
[0.4372963607311249, 0.5742901563644409, 0.4172012209892273, 0.27399972081184387, 0.4876033365726471]
[0.5451405048370361, 0.5799071192741394, 0.4316512644290924, 0.266661137342453, 0.5196403861045837]
[0.5204461216926575, 0.5863233804702759, 0.42621591687202454, 0.27739429473876953, 0.5531129837036133]
[0.5287649035453796, 0.5417802333831787, 0.47327038645744324, 0.3052349388599396, 0.5395694375038147]
[0.48807990550994873, 0.5906509757041931, 0.4219829738140106, 0.2767195999622345, 0.5318547487258911]
[0.5433043241500854, 0.5702949166297913, 0.4246130585670471, 0.3016708791255951, 0.5439003109931946]
[0.5070725679397583, 0.5795678496360779, 0.4309682846069336, 0.25872695446014404, 0.538472592830658]
[0.5060940980911255, 0.5589139461517334, 0.4534940719604492, 0.3515947759151459, 0.5192766785621643]
[0.4610229730606079, 0.5675864815711975, 0.4518761932849884, 0.31112462282180786, 0.49364009499549866]
[0.5657608509063721, 0.5846874713897705, 0.42074623703956604, 0.2664943337440491, 0.5756228566169739]
[0.5077052116394043, 0.5666524171829224, 0.43051037192344666, 0.3170851171016693, 0.5095803737640381]
[0.4187585413455963, 0.563625693321228, 0.4486232101917267, 0.292980432510376, 0.4530649483203888]
[0.49119243025779724, 0.5340521335601807, 0.47881725430488586, 0.33150380849838257, 0.49568697810173035]
[0.5552624464035034, 0.5831682085990906, 0.4088727831840515, 0.2659943997859955, 0.5706302523612976]
[0.553912878036499, 0.583073616027832, 0.4047175347805023, 0.2522859573364258, 0.5718597173690796]
[0.5325611233711243, 0.5992422103881836, 0.4206564426422119, 0.2869224548339844, 0.5499342679977417]
[0.5373799800872803, 0.556518018245697, 0.4689520597457886, 0.3617077171802521, 0.5306522846221924]
[0.42536115646362305, 0.5496447682380676, 0.4669008255004883, 0.34440794587135315, 0.44793951511383057]
[0.45923057198524475, 0.5569678544998169, 0.47449514269828796, 0.3177577555179596, 0.48416879773139954]
[0.5152425169944763, 0.5824743509292603, 0.41398414969444275, 0.2809198200702667, 0.5396299362182617]
[0.6204095482826233, 0.5530194044113159, 0.3897407054901123, 0.24372324347496033, 0.6123349666595459]
[0.48579877614974976, 0.5736209154129028, 0.45035719871520996, 0.2944333553314209, 0.5360018610954285]
[0.3909648060798645, 0.5360028147697449, 0.4679156243801117, 0.33297550678253174, 0.4800916016101837]
[0.578663170337677, 0.5535501837730408, 0.39350923895835876, 0.2568548023700714, 0.5776803493499756]
[0.4845356047153473, 0.55036860704422, 0.45612016320228577, 0.297810822725296, 0.5224223732948303]
[0.48875507712364197, 0.5771080851554871, 0.42194274067878723, 0.2939746677875519, 0.5345116853713989]
[0.47853416204452515, 0.5675344467163086, 0.43097230792045593, 0.27648305892944336, 0.5122947096824646]
[0.5381653308868408, 0.593136727809906, 0.42712026834487915, 0.27853959798812866, 0.5410467982292175]
[0.45591628551483154, 0.5653724670410156, 0.42424628138542175, 0.306283563375473, 0.49613112211227417]
[0.5238974094390869, 0.5844112634658813, 0.4529874920845032, 0.2716931402683258, 0.5555287003517151]
[0.6314780712127686, 0.5310993194580078, 0.4267919957637787, 0.28725844621658325, 0.5790321826934814]
[0.604533314704895, 0.5349223017692566, 0.4023537039756775, 0.28981614112854004, 0.5919901728630066]
[0.553356945514679, 0.583954393863678, 0.4116502106189728, 0.2565399408340454, 0.5738330483436584]
[0.5019083619117737, 0.5532369613647461, 0.45822590589523315, 0.34505555033683777, 0.508553147315979]
[0.5043831467628479, 0.5873268842697144, 0.4417264461517334, 0.2578018009662628, 0.5064825415611267]
[0.5403935313224792, 0.5787160396575928, 0.4174423813819885, 0.23963512480258942, 0.5772332549095154]
[0.4814479351043701, 0.5801457166671753, 0.43331530690193176, 0.2984890639781952, 0.5183547139167786]
[0.42285996675491333, 0.5612276792526245, 0.4858837425708771, 0.3003871738910675, 0.4859844148159027]
[0.48061490058898926, 0.561781108379364, 0.42833375930786133, 0.30612534284591675, 0.5071084499359131]
[0.4250444173812866, 0.5442445874214172, 0.5035607814788818, 0.38862892985343933, 0.4679079055786133]
[0.45174020528793335, 0.5112423896789551, 0.5269711017608643, 0.4748939871788025, 0.5274913311004639]
[0.5315734148025513, 0.5868755578994751, 0.3947660028934479, 0.2671962082386017, 0.5369799137115479]
[0.5038162469863892, 0.5482587218284607, 0.4350307285785675, 0.29926785826683044, 0.526431143283844]
[0.4655960202217102, 0.5709192752838135, 0.44786375761032104, 0.28714925050735474, 0.521960437297821]
[0.4407427906990051, 0.5456499457359314, 0.476017564535141, 0.35859888792037964, 0.4757688045501709]
[0.467311829328537, 0.5847374200820923, 0.4477623999118805, 0.2747625708580017, 0.5223230719566345]
[0.4876309633255005, 0.5655365586280823, 0.4314812421798706, 0.2892727255821228, 0.518294632434845]
[0.4618728756904602, 0.5486684441566467, 0.44807666540145874, 0.28329938650131226, 0.49621549248695374]
[0.3826926648616791, 0.5231142640113831, 0.4562312960624695, 0.3322997987270355, 0.4295192360877991]
[0.5066542029380798, 0.5603097081184387, 0.4370545446872711, 0.2966245114803314, 0.5010051727294922]
[0.48495960235595703, 0.5290414094924927, 0.44804295897483826, 0.34363821148872375, 0.4724023938179016]
[0.4886285066604614, 0.5860227346420288, 0.4213463068008423, 0.2465050369501114, 0.5185679793357849]
[0.5241864323616028, 0.5654850006103516, 0.45383185148239136, 0.2962261140346527, 0.5237233638763428]
[0.5143903493881226, 0.5795021653175354, 0.43109437823295593, 0.2817089259624481, 0.5346489548683167]
[0.4434056878089905, 0.5520917773246765, 0.5082383751869202, 0.3417586386203766, 0.45819467306137085]
[0.5354865789413452, 0.5888907313346863, 0.41922876238822937, 0.2605830132961273, 0.5253303050994873]
[0.40563398599624634, 0.5679351687431335, 0.4418770372867584, 0.2938595414161682, 0.48373591899871826]
[0.6261783838272095, 0.5606667399406433, 0.3796393871307373, 0.24957814812660217, 0.6046227216720581]
[0.52167147397995, 0.5739197731018066, 0.4180351197719574, 0.28912073373794556, 0.5391193628311157]
[0.5458593368530273, 0.5651146769523621, 0.4400585889816284, 0.3059955835342407, 0.5180652737617493]
[0.4961797893047333, 0.5707902312278748, 0.4450947940349579, 0.30357620120048523, 0.5291872024536133]
[0.3979138135910034, 0.5524253845214844, 0.4441182315349579, 0.29068198800086975, 0.45537278056144714]
[0.5228825807571411, 0.5643742084503174, 0.43402159214019775, 0.2487008422613144, 0.5275465846061707]
[0.5393109917640686, 0.5820276141166687, 0.408365398645401, 0.25386008620262146, 0.5508933663368225]
[0.5521939992904663, 0.571516215801239, 0.45024779438972473, 0.27663981914520264, 0.5477063655853271]
[0.5112114548683167, 0.5490036010742188, 0.4845735728740692, 0.34071052074432373, 0.5465622544288635]
[0.5341525673866272, 0.5794637203216553, 0.4353564381599426, 0.26466232538223267, 0.559300422668457]
[0.5040166974067688, 0.5749642252922058, 0.4256442189216614, 0.256921648979187, 0.530798614025116]
[0.5202137231826782, 0.5743476748466492, 0.4585331380367279, 0.28157204389572144, 0.5160287022590637]
[0.5356122255325317, 0.5670127868652344, 0.4224179983139038, 0.2906929850578308, 0.5356301665306091]
[0.4750010669231415, 0.5715154409408569, 0.4511513113975525, 0.29999902844429016, 0.5193897485733032]
[0.5291302800178528, 0.5579172968864441, 0.43877366185188293, 0.2928270101547241, 0.5381747484207153]
[0.5688740015029907, 0.5760215520858765, 0.3986331820487976, 0.228713721036911, 0.5916938185691833]
[0.5540964007377625, 0.5902912020683289, 0.41253551840782166, 0.28634190559387207, 0.5469299554824829]
[0.4623657763004303, 0.5661784410476685, 0.4179029166698456, 0.26808851957321167, 0.5170695185661316]
[0.39958271384239197, 0.5582258105278015, 0.49027401208877563, 0.3234716057777405, 0.4692574739456177]
[0.5695741772651672, 0.5230157375335693, 0.43562737107276917, 0.27663886547088623, 0.5895849466323853]
[0.5202870965003967, 0.5395585894584656, 0.48529234528541565, 0.3593730032444, 0.5090183615684509]
[0.5617964267730713, 0.5790290236473083, 0.4180372357368469, 0.25938689708709717, 0.5628958940505981]
[0.5017241835594177, 0.5487099885940552, 0.4578823447227478, 0.294453501701355, 0.5120646357536316]
[0.4475623369216919, 0.5383012890815735, 0.5184453725814819, 0.4194403290748596, 0.5029579997062683]
[0.4934452176094055, 0.5444347262382507, 0.4391408860683441, 0.3243541121482849, 0.49561378359794617]
[0.4382743239402771, 0.5378096699714661, 0.47233471274375916, 0.3467028737068176, 0.4521963596343994]
[0.46985873579978943, 0.5602949261665344, 0.45630156993865967, 0.3256285786628723, 0.5302808880805969]
[0.5752341151237488, 0.5153339505195618, 0.45068833231925964, 0.32105955481529236, 0.5618378520011902]
[0.5001099109649658, 0.5631083250045776, 0.41920775175094604, 0.2896673083305359, 0.5115642547607422]
[0.5045761466026306, 0.5880237221717834, 0.4266854226589203, 0.28663119673728943, 0.5016027092933655]
[0.5218133926391602, 0.564671516418457, 0.42063695192337036, 0.2752044200897217, 0.5346193909645081]
[0.5629845857620239, 0.5854810476303101, 0.3941771984100342, 0.23573201894760132, 0.5725278258323669]
[0.4904945194721222, 0.5852145552635193, 0.42626726627349854, 0.30171075463294983, 0.5040015578269958]
[0.4144365191459656, 0.5744951367378235, 0.4557182490825653, 0.302291601896286, 0.4848234951496124]
[0.5859972238540649, 0.5688522458076477, 0.3994204103946686, 0.2548880875110626, 0.5954822897911072]
[0.5314860939979553, 0.5862488746643066, 0.453451544046402, 0.2741864323616028, 0.5280766487121582]
[0.4099010229110718, 0.5450182557106018, 0.4682978391647339, 0.3194848299026489, 0.4606142044067383]
[0.4635031521320343, 0.5764067769050598, 0.44988182187080383, 0.2803955078125, 0.5384561419487]
[0.5272136926651001, 0.5830414891242981, 0.4314243793487549, 0.29325857758522034, 0.5338690280914307]
