0
#随手转发，宝贝回家#【紧急寻人：云南2岁女孩失踪已3天】申娇，女，2岁半，高约80cm，8日14点10分左右，在昆明小板桥如意宾馆门前失踪。当时穿一套粉红色衣服、拖鞋，右手饰物有“申娇”字样。已报警，如有线索，请联系小板桥派出所0871—67361695。随手转发，让爱回家，扩散！
[0.5264122486114502, 0.5244124531745911, 0.4903990924358368, 0.3593257665634155, 0.5551981925964355]
[0.5185837149620056, 0.5837597846984863, 0.43033739924430847, 0.2826433777809143, 0.5479608178138733]
[0.5130046010017395, 0.5725982785224915, 0.4383580982685089, 0.2799200415611267, 0.5335297584533691]
[0.5341012477874756, 0.5680879950523376, 0.4161897897720337, 0.27182841300964355, 0.5531141757965088]
[0.374760240316391, 0.5419244170188904, 0.47752755880355835, 0.3931492269039154, 0.44034039974212646]
[0.5283637046813965, 0.5736314058303833, 0.4406551718711853, 0.26491886377334595, 0.5581744313240051]
[0.48281002044677734, 0.5736790299415588, 0.414393812417984, 0.24326391518115997, 0.5480375289916992]
[0.4994347393512726, 0.5405939817428589, 0.5221295356750488, 0.38934263586997986, 0.5171642303466797]
[0.45788174867630005, 0.5771008133888245, 0.4551222622394562, 0.32447561621665955, 0.4977216124534607]
[0.3601253628730774, 0.5588699579238892, 0.4370354115962982, 0.2802875339984894, 0.4537184536457062]
[0.5653852820396423, 0.5738053321838379, 0.4078746438026428, 0.2633785903453827, 0.5587400794029236]
[0.36768266558647156, 0.5553683042526245, 0.44645723700523376, 0.2846674919128418, 0.45567676424980164]
[0.47512105107307434, 0.5647315979003906, 0.4199678897857666, 0.2612806558609009, 0.5275670289993286]
[0.520828127861023, 0.5666192173957825, 0.4364374876022339, 0.3471601605415344, 0.5225387215614319]
[0.466785728931427, 0.5664886236190796, 0.40994369983673096, 0.28028929233551025, 0.5218936204910278]
[0.4807889759540558, 0.5610352158546448, 0.4068920612335205, 0.2861519753932953, 0.5315817594528198]
[0.3604305386543274, 0.5428304076194763, 0.44470691680908203, 0.28680193424224854, 0.4154084026813507]
[0.4609694182872772, 0.5516732931137085, 0.5022231936454773, 0.33789387345314026, 0.48379775881767273]
[0.5854254961013794, 0.592943549156189, 0.39255064725875854, 0.23464220762252808, 0.5787299871444702]
[0.5494895577430725, 0.5734316110610962, 0.40759000182151794, 0.267049640417099, 0.5745587944984436]
[0.49801722168922424, 0.5495168566703796, 0.44302064180374146, 0.3420768976211548, 0.5133066177368164]
[0.5667979717254639, 0.4953612685203552, 0.4887639582157135, 0.42680516839027405, 0.5832315683364868]
[0.3525565266609192, 0.5549966096878052, 0.4557444751262665, 0.29298844933509827, 0.43208077549934387]
[0.5360089540481567, 0.5169509053230286, 0.47273021936416626, 0.36089298129081726, 0.5184418559074402]
[0.5149083137512207, 0.5053608417510986, 0.4737238883972168, 0.392827570438385, 0.5502068400382996]
[0.44911327958106995, 0.5760492086410522, 0.42729780077934265, 0.27668747305870056, 0.5032297968864441]
[0.5235129594802856, 0.582512617111206, 0.40809255838394165, 0.25981518626213074, 0.5534477829933167]
[0.47512105107307434, 0.5647315979003906, 0.4199678897857666, 0.2612806558609009, 0.5275670289993286]
[0.5044459700584412, 0.5871275067329407, 0.43945279717445374, 0.2798183858394623, 0.5364163517951965]
[0.5038800239562988, 0.5710344314575195, 0.4179997146129608, 0.2688346803188324, 0.5325011014938354]
[0.4812127649784088, 0.55314701795578, 0.4413316249847412, 0.28531602025032043, 0.5026870965957642]
[0.3247550129890442, 0.5610831379890442, 0.4400865137577057, 0.28639379143714905, 0.4336508512496948]
[0.4807889759540558, 0.5610352158546448, 0.4068920612335205, 0.2861519753932953, 0.5315817594528198]
[0.47512105107307434, 0.5647315979003906, 0.4199678897857666, 0.2612806558609009, 0.5275670289993286]
[0.4385198652744293, 0.5668052434921265, 0.4382036626338959, 0.29826292395591736, 0.48555463552474976]
[0.630672037601471, 0.5603253841400146, 0.36605343222618103, 0.24903906881809235, 0.6073341965675354]
[0.5058550238609314, 0.5798493027687073, 0.4398891031742096, 0.30401161313056946, 0.540259063243866]
[0.45266732573509216, 0.5679816007614136, 0.45443832874298096, 0.31026992201805115, 0.5058713555335999]
[0.49819183349609375, 0.5695810914039612, 0.4092336595058441, 0.28381651639938354, 0.5330636501312256]
[0.4765048027038574, 0.5820110440254211, 0.4278464913368225, 0.26863208413124084, 0.5161042213439941]
[0.46637940406799316, 0.5560110211372375, 0.4439418911933899, 0.2830192446708679, 0.49357256293296814]
[0.39760375022888184, 0.5598158836364746, 0.4457952678203583, 0.28921735286712646, 0.45411279797554016]
[0.49819183349609375, 0.5695810914039612, 0.4092336595058441, 0.28381651639938354, 0.5330636501312256]
[0.4823281168937683, 0.5455384850502014, 0.48214858770370483, 0.3451530337333679, 0.5069020390510559]
[0.5240377187728882, 0.5970127582550049, 0.4254782199859619, 0.279114693403244, 0.5490674376487732]
[0.5195173025131226, 0.5952547788619995, 0.4116131365299225, 0.2577449083328247, 0.535146951675415]
[0.46637940406799316, 0.5560110211372375, 0.4439418911933899, 0.2830192446708679, 0.49357256293296814]
[0.46637940406799316, 0.5560110211372375, 0.4439418911933899, 0.2830192446708679, 0.49357256293296814]
[0.47512105107307434, 0.5647315979003906, 0.4199678897857666, 0.2612806558609009, 0.5275670289993286]
