0
尼玛，太贱了！没有一点防备的二连击，绝逼友尽了。。
[0.49976474046707153, 0.560759961605072, 0.432077556848526, 0.30142831802368164, 0.5390411615371704]
[0.43939873576164246, 0.5560320019721985, 0.45413434505462646, 0.2866192162036896, 0.4675411283969879]
[0.4436776638031006, 0.5699735879898071, 0.4369967579841614, 0.2904462218284607, 0.44389984011650085]
[0.49172914028167725, 0.5889158248901367, 0.41978511214256287, 0.2786264717578888, 0.5163951516151428]
[0.6000707149505615, 0.5337573289871216, 0.47871658205986023, 0.3712497651576996, 0.5988777875900269]
[0.49373888969421387, 0.5573468804359436, 0.4411725401878357, 0.31999751925468445, 0.5108326077461243]
[0.5229194164276123, 0.5834673643112183, 0.3971586227416992, 0.27002429962158203, 0.5283182263374329]
[0.48365727066993713, 0.5883915424346924, 0.4158823490142822, 0.27359604835510254, 0.5157485008239746]
[0.4171335697174072, 0.5515627264976501, 0.4751678705215454, 0.3470427691936493, 0.4550939202308655]
[0.4433653950691223, 0.5610254406929016, 0.4424941837787628, 0.29148703813552856, 0.44078895449638367]
[0.49819183349609375, 0.5695810914039612, 0.4092336595058441, 0.28381651639938354, 0.5330636501312256]
[0.5835123658180237, 0.5395434498786926, 0.3995342254638672, 0.285137414932251, 0.580282986164093]
[0.421806275844574, 0.553508996963501, 0.4666455090045929, 0.32950660586357117, 0.47042176127433777]
[0.5185417532920837, 0.5889230370521545, 0.4058743715286255, 0.27247926592826843, 0.5398168563842773]
[0.515039324760437, 0.577570915222168, 0.42854437232017517, 0.2780945897102356, 0.5080845355987549]
[0.5422282814979553, 0.5863180160522461, 0.40551844239234924, 0.2753317654132843, 0.556081235408783]
[0.5070725679397583, 0.5795678496360779, 0.4309682846069336, 0.25872695446014404, 0.538472592830658]
[0.5376738905906677, 0.5810485482215881, 0.40510639548301697, 0.28802356123924255, 0.5352571606636047]
[0.5193629860877991, 0.5856478810310364, 0.41173920035362244, 0.282301664352417, 0.5441094636917114]
[0.6314446926116943, 0.5596553683280945, 0.38216057419776917, 0.24828824400901794, 0.6096954941749573]
[0.46006786823272705, 0.5739429593086243, 0.4651460647583008, 0.2999093234539032, 0.48283880949020386]
[0.5914816856384277, 0.5883715152740479, 0.38197341561317444, 0.24036440253257751, 0.5874727964401245]
[0.42551282048225403, 0.5786014795303345, 0.44343242049217224, 0.28628289699554443, 0.4794198274612427]
[0.4224350154399872, 0.5765965580940247, 0.4299887716770172, 0.2747103273868561, 0.4951278865337372]
[0.5135576128959656, 0.5516346096992493, 0.43129095435142517, 0.2800789177417755, 0.5176184773445129]
[0.5451405048370361, 0.5799071192741394, 0.4316512644290924, 0.266661137342453, 0.5196403861045837]
[0.6125024557113647, 0.5697990655899048, 0.37771227955818176, 0.24393963813781738, 0.6001202464103699]
[0.5636788010597229, 0.5845126509666443, 0.3902650773525238, 0.26057055592536926, 0.5664642453193665]
[0.5161177515983582, 0.5869148969650269, 0.4246102273464203, 0.2701917886734009, 0.5488390922546387]
