0
爱猫的男人太加分。
[0.4404948651790619, 0.5589690208435059, 0.4301811456680298, 0.302557110786438, 0.48609763383865356]
[0.49819183349609375, 0.5695810914039612, 0.4092336595058441, 0.28381651639938354, 0.5330636501312256]
[0.5391624569892883, 0.5790917873382568, 0.4268307089805603, 0.27021324634552, 0.534077525138855]
[0.4280664622783661, 0.5758334398269653, 0.45846161246299744, 0.25317656993865967, 0.4420660436153412]
[0.48046228289604187, 0.5546286106109619, 0.4363730549812317, 0.32201531529426575, 0.49464094638824463]
[0.45874282717704773, 0.5705049633979797, 0.4602348208427429, 0.30894967913627625, 0.48430371284484863]
[0.44823727011680603, 0.5503359436988831, 0.4705252945423126, 0.3321947753429413, 0.49910736083984375]
[0.4917965829372406, 0.5642513632774353, 0.44473153352737427, 0.292820006608963, 0.504958987236023]
[0.47454333305358887, 0.5732644200325012, 0.44564664363861084, 0.2829608917236328, 0.500317394733429]
[0.4460425078868866, 0.5631295442581177, 0.455759733915329, 0.3097783327102661, 0.4630594849586487]
[0.4783968925476074, 0.551818311214447, 0.4395919442176819, 0.31863099336624146, 0.5279660224914551]
[0.5052089095115662, 0.585239827632904, 0.4312998652458191, 0.30167335271835327, 0.5355079174041748]
[0.49800291657447815, 0.5370680093765259, 0.4424408972263336, 0.2987346351146698, 0.5333518385887146]
[0.49091261625289917, 0.5382606983184814, 0.4773392379283905, 0.3586150109767914, 0.5181149840354919]
[0.36517903208732605, 0.5446151494979858, 0.47694599628448486, 0.3297020494937897, 0.44496819376945496]
[0.4729410409927368, 0.5652948617935181, 0.4704611897468567, 0.34490594267845154, 0.49132731556892395]
[0.54140305519104, 0.595613956451416, 0.4108976125717163, 0.25694870948791504, 0.5666953921318054]
[0.46344348788261414, 0.5488093495368958, 0.46324923634529114, 0.32999923825263977, 0.5169863700866699]
[0.539850115776062, 0.5763625502586365, 0.41740697622299194, 0.26605576276779175, 0.571161687374115]
[0.4451049566268921, 0.5569090247154236, 0.45868945121765137, 0.2854192554950714, 0.471157044172287]
[0.5079043507575989, 0.5266585350036621, 0.451507568359375, 0.3377172648906708, 0.5177997946739197]
[0.47694599628448486, 0.5707288980484009, 0.4301442503929138, 0.2884899973869324, 0.49586066603660583]
[0.5323758125305176, 0.6000242829322815, 0.41809743642807007, 0.2648250460624695, 0.5410428047180176]
[0.4311348497867584, 0.5749562978744507, 0.4752710461616516, 0.286218523979187, 0.48828229308128357]
[0.49454402923583984, 0.5439710021018982, 0.44884586334228516, 0.32740360498428345, 0.5070379972457886]
[0.3560945689678192, 0.5487720370292664, 0.4685484766960144, 0.38241156935691833, 0.4326443672180176]
[0.45344531536102295, 0.5607874989509583, 0.4380148947238922, 0.26755714416503906, 0.5213093161582947]
[0.37431323528289795, 0.5266545414924622, 0.47857892513275146, 0.33813443779945374, 0.44148892164230347]
[0.5310633778572083, 0.5913262367248535, 0.406970739364624, 0.2608931064605713, 0.5577508211135864]
[0.5554843544960022, 0.5737157464027405, 0.4247232973575592, 0.28078851103782654, 0.5565860867500305]
[0.4714972674846649, 0.5697760581970215, 0.45236149430274963, 0.31664812564849854, 0.5253415107727051]
[0.44641634821891785, 0.5862497091293335, 0.43556806445121765, 0.26798757910728455, 0.5230872631072998]
[0.5289573669433594, 0.5711144208908081, 0.4484897553920746, 0.2863452434539795, 0.5350825190544128]
[0.4895278513431549, 0.5868083834648132, 0.4251990020275116, 0.27344027161598206, 0.5319017171859741]
[0.5008638501167297, 0.5640997886657715, 0.43940913677215576, 0.3121166527271271, 0.5412405133247375]
[0.5244597792625427, 0.5673940777778625, 0.42901942133903503, 0.28732484579086304, 0.508772611618042]
[0.4490808844566345, 0.5625342726707458, 0.4452177584171295, 0.3136807680130005, 0.5179113745689392]
[0.535548985004425, 0.5743044018745422, 0.4219232201576233, 0.27131181955337524, 0.5345061421394348]
[0.47548559308052063, 0.5719965696334839, 0.42617297172546387, 0.2992224097251892, 0.5178682208061218]
[0.534354567527771, 0.5761207342147827, 0.42824697494506836, 0.2755129635334015, 0.542643666267395]
[0.38663607835769653, 0.5663698315620422, 0.4464731514453888, 0.3034071922302246, 0.45015349984169006]
[0.49819183349609375, 0.5695810914039612, 0.4092336595058441, 0.28381651639938354, 0.5330636501312256]
[0.42528945207595825, 0.5347514748573303, 0.45619913935661316, 0.3270167112350464, 0.4717838764190674]
[0.4719475507736206, 0.5461029410362244, 0.47296854853630066, 0.3405199348926544, 0.5177322030067444]
[0.5045761466026306, 0.5880237221717834, 0.4266854226589203, 0.28663119673728943, 0.5016027092933655]
[0.5018172264099121, 0.5761067867279053, 0.4258050322532654, 0.2911376357078552, 0.5210325717926025]
[0.49694567918777466, 0.5794962644577026, 0.4217716157436371, 0.2713926136493683, 0.5243825316429138]
[0.5011258125305176, 0.5780075788497925, 0.41987690329551697, 0.27013370394706726, 0.521044909954071]
[0.48576781153678894, 0.5696635246276855, 0.442579984664917, 0.2755716145038605, 0.5010226964950562]
[0.6027408838272095, 0.5656947493553162, 0.3798659145832062, 0.23247164487838745, 0.6108318567276001]
[0.4798690378665924, 0.5800929665565491, 0.43369102478027344, 0.3033706843852997, 0.48703238368034363]
[0.4446309208869934, 0.5590187907218933, 0.4489405155181885, 0.3110195994377136, 0.47597357630729675]
[0.47840365767478943, 0.5602355003356934, 0.4496856927871704, 0.31038233637809753, 0.514539361000061]
[0.3565114736557007, 0.5479475259780884, 0.44773581624031067, 0.3082708716392517, 0.45131218433380127]
[0.5209361910820007, 0.550383985042572, 0.4596656262874603, 0.2922990620136261, 0.5179145932197571]
[0.5411859750747681, 0.5937657952308655, 0.4223877787590027, 0.2620317339897156, 0.5558637976646423]
[0.46792513132095337, 0.5790867805480957, 0.4378560781478882, 0.28662851452827454, 0.5128193497657776]
[0.467305988073349, 0.5427323579788208, 0.4367392957210541, 0.3081602454185486, 0.4891913831233978]
[0.4514324963092804, 0.5575992465019226, 0.45350131392478943, 0.340752512216568, 0.48385897278785706]
[0.46768903732299805, 0.5477871894836426, 0.4493083357810974, 0.31350573897361755, 0.5014019012451172]
[0.49819183349609375, 0.5695810914039612, 0.4092336595058441, 0.28381651639938354, 0.5330636501312256]
[0.5063002109527588, 0.5718384981155396, 0.4301196336746216, 0.30148953199386597, 0.5246226191520691]
[0.5070725679397583, 0.5795678496360779, 0.4309682846069336, 0.25872695446014404, 0.538472592830658]
[0.3944510817527771, 0.5392516851425171, 0.45410406589508057, 0.3116511404514313, 0.44825518131256104]
[0.47548559308052063, 0.5719965696334839, 0.42617297172546387, 0.2992224097251892, 0.5178682208061218]
[0.5070725679397583, 0.5795678496360779, 0.4309682846069336, 0.25872695446014404, 0.538472592830658]
[0.4169020652770996, 0.545168936252594, 0.48870229721069336, 0.34698522090911865, 0.48965832591056824]
[0.43843716382980347, 0.5501427054405212, 0.4584742486476898, 0.3142523765563965, 0.44327014684677124]
[0.49819183349609375, 0.5695810914039612, 0.4092336595058441, 0.28381651639938354, 0.5330636501312256]
[0.5564255118370056, 0.5375540852546692, 0.39396223425865173, 0.24417321383953094, 0.5548624992370605]
[0.535548985004425, 0.5743044018745422, 0.4219232201576233, 0.27131181955337524, 0.5345061421394348]
[0.5175855755805969, 0.5786055326461792, 0.465897798538208, 0.3104635179042816, 0.5431795716285706]
[0.4647119343280792, 0.5713571906089783, 0.438920259475708, 0.2942763864994049, 0.5206976532936096]
[0.514433741569519, 0.5806357860565186, 0.4077920913696289, 0.2706092894077301, 0.5233816504478455]
[0.5070725679397583, 0.5795678496360779, 0.4309682846069336, 0.25872695446014404, 0.538472592830658]
[0.41576436161994934, 0.5451845526695251, 0.45044806599617004, 0.33406582474708557, 0.495189905166626]
[0.3092343509197235, 0.5404790639877319, 0.44720596075057983, 0.3210553526878357, 0.4266509413719177]
[0.5214606523513794, 0.567754864692688, 0.429293692111969, 0.28390470147132874, 0.5134283304214478]
[0.5212498903274536, 0.5769256353378296, 0.42860162258148193, 0.2785766124725342, 0.5348924994468689]
[0.4436197280883789, 0.5695640444755554, 0.45625388622283936, 0.28009262681007385, 0.5057432651519775]
[0.4421273171901703, 0.5799562335014343, 0.44595101475715637, 0.2752913236618042, 0.5001125335693359]
[0.5011258125305176, 0.5780075788497925, 0.41987690329551697, 0.27013370394706726, 0.521044909954071]
[0.5457897186279297, 0.5879029631614685, 0.418560266494751, 0.2559818923473358, 0.5430028438568115]
[0.5224438905715942, 0.5771388411521912, 0.43042585253715515, 0.27384161949157715, 0.554513692855835]
[0.48104164004325867, 0.5638716220855713, 0.47458064556121826, 0.36590591073036194, 0.5172940492630005]
[0.43258756399154663, 0.555526614189148, 0.4713059663772583, 0.3460206389427185, 0.45605984330177307]
[0.3719944953918457, 0.534530758857727, 0.5058435201644897, 0.343446284532547, 0.4828169643878937]
[0.5183206796646118, 0.5531485676765442, 0.4308043122291565, 0.27832362055778503, 0.5164329409599304]
[0.4246101677417755, 0.5642712712287903, 0.458800733089447, 0.3009653687477112, 0.48556673526763916]
[0.4069696366786957, 0.5627801418304443, 0.46857181191444397, 0.3126585781574249, 0.47192439436912537]
[0.5342189073562622, 0.5611035227775574, 0.4402368664741516, 0.2831837236881256, 0.5079978704452515]
[0.4436197280883789, 0.5695640444755554, 0.45625388622283936, 0.28009262681007385, 0.5057432651519775]
[0.48602575063705444, 0.5630576610565186, 0.43919000029563904, 0.319705992937088, 0.4951065480709076]
[0.4021550714969635, 0.5492011308670044, 0.45555683970451355, 0.3092271387577057, 0.49679747223854065]
[0.46870309114456177, 0.5683667659759521, 0.44035592675209045, 0.2973990738391876, 0.5238268971443176]
[0.4963224530220032, 0.5424267053604126, 0.4968832731246948, 0.38650116324424744, 0.5162874460220337]
[0.43602806329727173, 0.5613759160041809, 0.4582960605621338, 0.32077085971832275, 0.46976032853126526]
[0.38644129037857056, 0.5275828838348389, 0.488491415977478, 0.3372056782245636, 0.46610885858535767]
[0.43251746892929077, 0.5749543309211731, 0.4584381580352783, 0.30347421765327454, 0.46593722701072693]
[0.463219553232193, 0.5370196104049683, 0.46797505021095276, 0.33236369490623474, 0.48647961020469666]
[0.4763023257255554, 0.5575200915336609, 0.458202987909317, 0.3128387928009033, 0.5287620425224304]
