0
姐妹儿，如果有一天你牛了，真心替你高兴。如果有一天你落魄，记得来咱家里凑合，即使咱挤在一张床上那也是家。不论你成功失败我都感谢在最好的年华遇到你！你赢，我看你君临天下，你愁，我陪你醉酒天涯！——致闺蜜
[0.49506914615631104, 0.5427380204200745, 0.4976665675640106, 0.41787323355674744, 0.5303058624267578]
[0.49819183349609375, 0.5695810914039612, 0.4092336595058441, 0.28381651639938354, 0.5330636501312256]
[0.5254194140434265, 0.5656155347824097, 0.4208473861217499, 0.3083399534225464, 0.5355967283248901]
[0.4917965829372406, 0.5642513632774353, 0.44473153352737427, 0.292820006608963, 0.504958987236023]
[0.39239999651908875, 0.5330236554145813, 0.4419935941696167, 0.32578909397125244, 0.4265150725841522]
[0.5574091076850891, 0.5708577036857605, 0.4184086322784424, 0.3252369463443756, 0.5484172105789185]
[0.5076585412025452, 0.568229079246521, 0.424263060092926, 0.2885144054889679, 0.539095938205719]
[0.5009955167770386, 0.5685161352157593, 0.4422984719276428, 0.3079833686351776, 0.5162891745567322]
[0.4190230965614319, 0.5736979246139526, 0.4306832551956177, 0.295636922121048, 0.4871968626976013]
[0.49782735109329224, 0.5738616585731506, 0.4445333778858185, 0.27549371123313904, 0.5455082654953003]
[0.5166716575622559, 0.5870226621627808, 0.4286261796951294, 0.2782532572746277, 0.5317234992980957]
[0.5164750814437866, 0.589806318283081, 0.42289888858795166, 0.26186949014663696, 0.5299544334411621]
[0.5101732611656189, 0.5756240487098694, 0.42010337114334106, 0.2758045792579651, 0.544709324836731]
[0.5557073354721069, 0.5757041573524475, 0.4124021530151367, 0.2916257679462433, 0.5441500544548035]
[0.5561572909355164, 0.5937171578407288, 0.41795048117637634, 0.2560843825340271, 0.5541695356369019]
[0.52641761302948, 0.5642359852790833, 0.4310839772224426, 0.31063124537467957, 0.5288423299789429]
[0.5151064991950989, 0.5747038125991821, 0.424662321805954, 0.28126558661460876, 0.5288636088371277]
