0
主演，根据盈风同名小说改编的周播栏目剧《#十五年等待候鸟#》将于11月底在长沙、上海两地开机拍摄，并将于2016年春季登陆湖南卫视“青春进行时”。
[0.4663711190223694, 0.5117886066436768, 0.49135246872901917, 0.30480092763900757, 0.4602283537387848]
[0.46592822670936584, 0.5422398447990417, 0.4662325978279114, 0.3363690972328186, 0.46886566281318665]
[0.5436016321182251, 0.5636639595031738, 0.45565927028656006, 0.29424700140953064, 0.5468711256980896]
[0.5291185975074768, 0.5789380073547363, 0.43063151836395264, 0.30454227328300476, 0.5352061986923218]
[0.42749491333961487, 0.5436907410621643, 0.458385705947876, 0.3590736985206604, 0.4624919593334198]
[0.5243404507637024, 0.5760449767112732, 0.4186996817588806, 0.29310253262519836, 0.5424329042434692]
[0.5140292048454285, 0.565334677696228, 0.44880571961402893, 0.3271239101886749, 0.5208492279052734]
[0.5710935592651367, 0.5853676795959473, 0.40350425243377686, 0.24692386388778687, 0.553443193435669]
[0.5033347606658936, 0.5748203992843628, 0.43662509322166443, 0.285869836807251, 0.5139601230621338]
[0.6333301067352295, 0.5899073481559753, 0.3735339045524597, 0.2265927791595459, 0.6082848310470581]
[0.5087982416152954, 0.5829461812973022, 0.4257393479347229, 0.28372424840927124, 0.5341291427612305]
[0.5710935592651367, 0.5853676795959473, 0.40350425243377686, 0.24692386388778687, 0.553443193435669]
[0.5276023745536804, 0.5817514657974243, 0.43806353211402893, 0.267463743686676, 0.5453869700431824]
[0.5553845167160034, 0.5230256915092468, 0.48780450224876404, 0.4051186144351959, 0.5697367787361145]
[0.5423659086227417, 0.5461944341659546, 0.46980521082878113, 0.3226664960384369, 0.5205877423286438]
[0.5710935592651367, 0.5853676795959473, 0.40350425243377686, 0.24692386388778687, 0.553443193435669]
[0.5234063863754272, 0.5679202675819397, 0.45006000995635986, 0.29288873076438904, 0.5171759128570557]
[0.5989106893539429, 0.5957001447677612, 0.40860530734062195, 0.24514168500900269, 0.5950919389724731]
[0.4758097529411316, 0.553041398525238, 0.45332613587379456, 0.3122299909591675, 0.524294912815094]
[0.573861837387085, 0.5763225555419922, 0.4308820366859436, 0.2853313684463501, 0.5669448971748352]
[0.5027698278427124, 0.5690224766731262, 0.43166056275367737, 0.2962162494659424, 0.5377638339996338]
[0.4355016350746155, 0.5475988984107971, 0.4532444179058075, 0.3060910999774933, 0.4765050709247589]
[0.4878275394439697, 0.5746285319328308, 0.4400565028190613, 0.2857026159763336, 0.505463182926178]
[0.4665851891040802, 0.5275553464889526, 0.46757417917251587, 0.3770297169685364, 0.5024204254150391]
[0.5504273772239685, 0.5663691759109497, 0.42990031838417053, 0.27245277166366577, 0.5586887001991272]
[0.43966731429100037, 0.5367303490638733, 0.47573599219322205, 0.3575616180896759, 0.45188969373703003]
[0.3964039981365204, 0.5419788956642151, 0.47191721200942993, 0.34392327070236206, 0.49244213104248047]
[0.5220815539360046, 0.5514227747917175, 0.4230668246746063, 0.292204350233078, 0.5236425995826721]
[0.5340393781661987, 0.5776393413543701, 0.4248488247394562, 0.28179776668548584, 0.5447249412536621]
[0.5019078850746155, 0.5556678175926208, 0.43147510290145874, 0.30678102374076843, 0.49358731508255005]
[0.5034984350204468, 0.562848687171936, 0.4263526499271393, 0.30964258313179016, 0.5151206254959106]
[0.4630478322505951, 0.5502468347549438, 0.48724955320358276, 0.3657655715942383, 0.5124727487564087]
[0.5272974967956543, 0.5937396287918091, 0.4336766302585602, 0.27174311876296997, 0.546208381652832]
[0.49564576148986816, 0.5830854177474976, 0.4331461489200592, 0.27962014079093933, 0.537738561630249]
[0.4730067253112793, 0.5712438225746155, 0.4780275821685791, 0.31077757477760315, 0.49883365631103516]
[0.48078665137290955, 0.5745251178741455, 0.4202860891819, 0.27695101499557495, 0.5128446221351624]
[0.4279872477054596, 0.5689340829849243, 0.4357853829860687, 0.27070802450180054, 0.5059154033660889]
[0.5282309055328369, 0.5561212301254272, 0.4352933466434479, 0.2884548306465149, 0.5477056503295898]
[0.5431954860687256, 0.5522630214691162, 0.42818576097488403, 0.27782872319221497, 0.5412641167640686]
[0.3996727466583252, 0.5298126935958862, 0.5027084350585938, 0.38233324885368347, 0.460976243019104]
[0.4888559579849243, 0.5655185580253601, 0.4548582136631012, 0.3287277817726135, 0.5186970829963684]
[0.35455289483070374, 0.5702024698257446, 0.4576372504234314, 0.3069925010204315, 0.4449981153011322]
[0.5268175005912781, 0.5718322992324829, 0.44372081756591797, 0.2974705696105957, 0.5555249452590942]
[0.5353003144264221, 0.5389205813407898, 0.4453202486038208, 0.2872796952724457, 0.5470419526100159]
[0.48662853240966797, 0.5677427649497986, 0.44965341687202454, 0.3049068748950958, 0.5198372006416321]
[0.34878140687942505, 0.4943399131298065, 0.5221514701843262, 0.4316644072532654, 0.40266379714012146]
[0.4726448059082031, 0.5689243674278259, 0.4665049910545349, 0.33337700366973877, 0.5274626016616821]
[0.5333936214447021, 0.5562806129455566, 0.41348621249198914, 0.28733503818511963, 0.5226601958274841]
[0.5076862573623657, 0.5792047381401062, 0.4167990982532501, 0.27041447162628174, 0.5277703404426575]
[0.5462360382080078, 0.5881468653678894, 0.4231009781360626, 0.28235965967178345, 0.539649486541748]
[0.428579181432724, 0.5070335865020752, 0.497067928314209, 0.42246904969215393, 0.4537394940853119]
[0.5440186858177185, 0.5594615340232849, 0.4138013422489166, 0.2579681873321533, 0.5666329264640808]
[0.3823924660682678, 0.5652572512626648, 0.45348140597343445, 0.31179359555244446, 0.4617668390274048]
[0.5242723822593689, 0.5779372453689575, 0.4350728690624237, 0.281614750623703, 0.5091553926467896]
[0.5427355766296387, 0.5797628164291382, 0.4192838668823242, 0.268073171377182, 0.542819082736969]
[0.4981653392314911, 0.586291491985321, 0.4130634367465973, 0.27747800946235657, 0.5251455903053284]
[0.48667699098587036, 0.583394467830658, 0.4198089838027954, 0.28775525093078613, 0.5132207274436951]
[0.5244597792625427, 0.5673940777778625, 0.42901942133903503, 0.28732484579086304, 0.508772611618042]
[0.5286914110183716, 0.5750799775123596, 0.4328480362892151, 0.27203166484832764, 0.5308703780174255]
[0.3907996714115143, 0.5429379343986511, 0.47661370038986206, 0.3697968125343323, 0.4497504234313965]
[0.4650244116783142, 0.5768699049949646, 0.4432328939437866, 0.2886543273925781, 0.5188762545585632]
[0.5072096586227417, 0.594859778881073, 0.45020201802253723, 0.2692480981349945, 0.5232618451118469]
[0.51995450258255, 0.5492391586303711, 0.4419157803058624, 0.3001711070537567, 0.5105882883071899]
[0.4727693796157837, 0.560162365436554, 0.45671018958091736, 0.30341029167175293, 0.5414279699325562]
[0.4217004179954529, 0.5641977190971375, 0.45208045840263367, 0.26530012488365173, 0.4880323112010956]
[0.4838823676109314, 0.5395087599754333, 0.4827337861061096, 0.3637717664241791, 0.5286670923233032]
[0.4722450077533722, 0.5238568186759949, 0.47389641404151917, 0.38865435123443604, 0.5299736261367798]
[0.4983983337879181, 0.5800807476043701, 0.42845389246940613, 0.26091715693473816, 0.5172796249389648]
[0.506862998008728, 0.5489073991775513, 0.47638455033302307, 0.3618030250072479, 0.5081468820571899]
[0.5340321660041809, 0.5758997797966003, 0.4148540496826172, 0.2595381438732147, 0.5401452779769897]
[0.5521061420440674, 0.5770735740661621, 0.4420541226863861, 0.28098681569099426, 0.5516486763954163]
[0.5070725679397583, 0.5795678496360779, 0.4309682846069336, 0.25872695446014404, 0.538472592830658]
[0.4807380139827728, 0.5768425464630127, 0.4314713776111603, 0.28690969944000244, 0.5178900361061096]
[0.5486103892326355, 0.5468843579292297, 0.4436817765235901, 0.29428356885910034, 0.5573675632476807]
[0.4970751106739044, 0.5519564151763916, 0.4588184952735901, 0.30770859122276306, 0.5229015350341797]
[0.42981475591659546, 0.5149815678596497, 0.49388837814331055, 0.3436662554740906, 0.4803066849708557]
[0.5244597792625427, 0.5673940777778625, 0.42901942133903503, 0.28732484579086304, 0.508772611618042]
[0.4990769326686859, 0.5578522086143494, 0.435882031917572, 0.29741913080215454, 0.4994548559188843]
[0.48510757088661194, 0.5934052467346191, 0.4222203493118286, 0.3043992817401886, 0.5286311507225037]
[0.5067698359489441, 0.5792054533958435, 0.4365217089653015, 0.29511040449142456, 0.5139715671539307]
[0.5355685353279114, 0.5622320771217346, 0.4324897825717926, 0.31316888332366943, 0.5143998265266418]
[0.5097453594207764, 0.5512347221374512, 0.41975563764572144, 0.28427833318710327, 0.5319914221763611]
[0.5023139119148254, 0.557104766368866, 0.4381716251373291, 0.2699117064476013, 0.5554052591323853]
[0.5201593041419983, 0.5540101528167725, 0.48921501636505127, 0.35750311613082886, 0.5356262922286987]
[0.5604443550109863, 0.5729279518127441, 0.44423845410346985, 0.2893931567668915, 0.5521756410598755]
[0.5161805748939514, 0.531813383102417, 0.49818190932273865, 0.366825133562088, 0.5208158493041992]
[0.5107301473617554, 0.585323691368103, 0.46230950951576233, 0.27581244707107544, 0.5356847643852234]
[0.5897637605667114, 0.5814943909645081, 0.4199856221675873, 0.26754432916641235, 0.5863680243492126]
[0.49037978053092957, 0.5463050603866577, 0.44570669531822205, 0.3289516270160675, 0.5196887254714966]
[0.5292903780937195, 0.5637887716293335, 0.4391945004463196, 0.30039432644844055, 0.5362681150436401]
[0.5570531487464905, 0.5729129910469055, 0.4206879138946533, 0.26699599623680115, 0.5617401003837585]
[0.5612156391143799, 0.5776723027229309, 0.3985160291194916, 0.27876582741737366, 0.5484644770622253]
[0.5995567440986633, 0.5865715742111206, 0.3903219699859619, 0.24008065462112427, 0.5860096216201782]
[0.4599471390247345, 0.5602090954780579, 0.4511338770389557, 0.2762828767299652, 0.5331409573554993]
[0.516348659992218, 0.5727586150169373, 0.425956666469574, 0.2682068943977356, 0.5342398881912231]
[0.5015409588813782, 0.5720547437667847, 0.42936548590660095, 0.2796628773212433, 0.5226736664772034]
[0.46982651948928833, 0.5848875641822815, 0.43780791759490967, 0.2958427667617798, 0.4876519441604614]
[0.48245760798454285, 0.5565508604049683, 0.43889155983924866, 0.3088894188404083, 0.48188722133636475]
[0.5650911331176758, 0.5248393416404724, 0.4981914758682251, 0.3429802358150482, 0.5516664981842041]
[0.43104320764541626, 0.5118719935417175, 0.5090149641036987, 0.43789294362068176, 0.4539925754070282]
[0.4298606216907501, 0.5269501805305481, 0.48715272545814514, 0.3569784164428711, 0.4872654378414154]
