0
【NAVER blog】罕见的#GD#欧巴果照
[0.5451893210411072, 0.571259081363678, 0.4114770293235779, 0.2575632929801941, 0.5649016499519348]
[0.5227365493774414, 0.576212465763092, 0.4169616401195526, 0.2742924690246582, 0.5471165776252747]
[0.5070725679397583, 0.5795678496360779, 0.4309682846069336, 0.25872695446014404, 0.538472592830658]
[0.5664893984794617, 0.5876714587211609, 0.4169379472732544, 0.25832438468933105, 0.5511159896850586]
[0.5447952747344971, 0.5470738410949707, 0.4462321400642395, 0.3062512278556824, 0.5427614450454712]
[0.5532094240188599, 0.5910924077033997, 0.42189323902130127, 0.2526015341281891, 0.552329421043396]
[0.577574610710144, 0.5764400959014893, 0.4048956334590912, 0.25880733132362366, 0.5527929067611694]
[0.46849843859672546, 0.570700466632843, 0.4514157474040985, 0.31382471323013306, 0.545623779296875]
[0.469326376914978, 0.5799626111984253, 0.44872933626174927, 0.32295817136764526, 0.47814562916755676]
[0.48875126242637634, 0.5748773813247681, 0.4297032356262207, 0.2774142622947693, 0.5185368657112122]
[0.5965843200683594, 0.536261260509491, 0.40735524892807007, 0.28626593947410583, 0.580213725566864]
[0.45413389801979065, 0.5705054998397827, 0.4439481496810913, 0.27567675709724426, 0.47007060050964355]
[0.5070725679397583, 0.5795678496360779, 0.4309682846069336, 0.25872695446014404, 0.538472592830658]
[0.584299623966217, 0.5401225090026855, 0.4260343611240387, 0.2765851616859436, 0.553041934967041]
[0.5070725679397583, 0.5795678496360779, 0.4309682846069336, 0.25872695446014404, 0.538472592830658]
[0.38767874240875244, 0.5309030413627625, 0.49774086475372314, 0.3328828811645508, 0.4262973368167877]
[0.4900980293750763, 0.5527999997138977, 0.4614664912223816, 0.35616055130958557, 0.4921911060810089]
[0.5615060329437256, 0.5841159224510193, 0.39749354124069214, 0.27023908495903015, 0.5706154108047485]
[0.5792722105979919, 0.5920242071151733, 0.4009076952934265, 0.24300988018512726, 0.5679585933685303]
[0.5371748208999634, 0.5765579342842102, 0.4432682991027832, 0.30401304364204407, 0.561502993106842]
[0.4492926299571991, 0.5932587385177612, 0.44531723856925964, 0.2746775448322296, 0.5033401250839233]
[0.5391799211502075, 0.5367850661277771, 0.4150915741920471, 0.31907919049263, 0.5572996735572815]
[0.4343033730983734, 0.5793141722679138, 0.44078710675239563, 0.29930004477500916, 0.481555700302124]
[0.4229479730129242, 0.5574873685836792, 0.46129587292671204, 0.36056146025657654, 0.4634864032268524]
[0.5631480813026428, 0.5501726865768433, 0.4082295596599579, 0.2669747471809387, 0.5752142667770386]
[0.6179689168930054, 0.5638184547424316, 0.40629929304122925, 0.2666524350643158, 0.5899541974067688]
[0.5178744792938232, 0.5696991682052612, 0.4371776282787323, 0.2861260175704956, 0.5338770747184753]
[0.4948869049549103, 0.5704234838485718, 0.4356636703014374, 0.2811180353164673, 0.525711715221405]
[0.5690314173698425, 0.5705276727676392, 0.4070127010345459, 0.2568325996398926, 0.5582671165466309]
[0.434677392244339, 0.5649725794792175, 0.4572053551673889, 0.3023872375488281, 0.45169535279273987]
[0.4924950897693634, 0.5362372398376465, 0.4789228141307831, 0.361152321100235, 0.5350403189659119]
[0.5511287450790405, 0.5716783404350281, 0.42398616671562195, 0.2862829864025116, 0.5584909915924072]
[0.5105051398277283, 0.5660883784294128, 0.43549227714538574, 0.32146313786506653, 0.5259676575660706]
[0.48733824491500854, 0.5697627067565918, 0.4360646903514862, 0.31030771136283875, 0.5114097595214844]
[0.5040035247802734, 0.5719863772392273, 0.43091994524002075, 0.27657848596572876, 0.5261465907096863]
[0.49819183349609375, 0.5695810914039612, 0.4092336595058441, 0.28381651639938354, 0.5330636501312256]
[0.4611118733882904, 0.5298362970352173, 0.500792920589447, 0.3988687992095947, 0.4560328722000122]
[0.5092167854309082, 0.585509717464447, 0.4476017355918884, 0.29296550154685974, 0.5538793802261353]
[0.607317328453064, 0.558484673500061, 0.4021259546279907, 0.25075405836105347, 0.6025823354721069]
[0.5070725679397583, 0.5795678496360779, 0.4309682846069336, 0.25872695446014404, 0.538472592830658]
[0.5429043769836426, 0.607029139995575, 0.42451438307762146, 0.26192763447761536, 0.551037073135376]
[0.5471870303153992, 0.5286356806755066, 0.4352204203605652, 0.2755948305130005, 0.57549649477005]
[0.4304439127445221, 0.5618301033973694, 0.4727743864059448, 0.2956749200820923, 0.4866994619369507]
[0.4775199294090271, 0.5720619559288025, 0.4186919033527374, 0.30357539653778076, 0.49727678298950195]
[0.4773296117782593, 0.5800334215164185, 0.43633466958999634, 0.3054017722606659, 0.5238791704177856]
[0.4447113871574402, 0.5749772787094116, 0.46745046973228455, 0.3054312467575073, 0.46581515669822693]
[0.5070725679397583, 0.5795678496360779, 0.4309682846069336, 0.25872695446014404, 0.538472592830658]
[0.547613799571991, 0.5417090654373169, 0.4652903378009796, 0.3253384530544281, 0.5362175107002258]
[0.5087953805923462, 0.5640786290168762, 0.4252026677131653, 0.2933381497859955, 0.5288199186325073]
[0.4310433864593506, 0.5795261263847351, 0.4286874830722809, 0.2569715082645416, 0.4757728576660156]
[0.5277338624000549, 0.5816270709037781, 0.4356025755405426, 0.29644206166267395, 0.53766268491745]
[0.5719049572944641, 0.580146074295044, 0.41542547941207886, 0.24532543122768402, 0.5771527290344238]
[0.5023081302642822, 0.5847863554954529, 0.42803701758384705, 0.29812997579574585, 0.5074578523635864]
[0.463502436876297, 0.5583076477050781, 0.46360310912132263, 0.34310469031333923, 0.48543208837509155]
[0.5775531530380249, 0.5410577654838562, 0.3998319208621979, 0.2872619926929474, 0.5771177411079407]
[0.48259225487709045, 0.5758987665176392, 0.44219210743904114, 0.29164019227027893, 0.5356358289718628]
[0.4361448287963867, 0.5689722895622253, 0.45912325382232666, 0.3052373230457306, 0.48649314045906067]
[0.4805842638015747, 0.584388017654419, 0.4382530152797699, 0.27127185463905334, 0.5222564935684204]
[0.5094841718673706, 0.5793354511260986, 0.4029711186885834, 0.2742990255355835, 0.5372216105461121]
[0.5527793765068054, 0.5316338539123535, 0.41854241490364075, 0.28403475880622864, 0.5568408966064453]
[0.4907926917076111, 0.5637834668159485, 0.4414612948894501, 0.2947947084903717, 0.49108949303627014]
[0.5359120965003967, 0.598598301410675, 0.4201544225215912, 0.2695039212703705, 0.5402029156684875]
[0.4855952858924866, 0.5634585618972778, 0.44093969464302063, 0.31198856234550476, 0.4862495958805084]
[0.4756743311882019, 0.5429138541221619, 0.48631754517555237, 0.33232951164245605, 0.4876011908054352]
[0.5298621654510498, 0.5959590673446655, 0.4063974618911743, 0.24496285617351532, 0.5390672087669373]
[0.3877166211605072, 0.5187321305274963, 0.4995978772640228, 0.36201971769332886, 0.4435783624649048]
[0.4165068566799164, 0.518132746219635, 0.4781036674976349, 0.33528053760528564, 0.44780072569847107]
[0.4075818657875061, 0.5479501485824585, 0.4548106789588928, 0.3202749788761139, 0.4665128290653229]
[0.514438271522522, 0.5862894058227539, 0.40622058510780334, 0.2558136582374573, 0.5587897896766663]
[0.5166846513748169, 0.5797657370567322, 0.42261803150177, 0.27786415815353394, 0.5463955402374268]
[0.43882083892822266, 0.5496875047683716, 0.4692137837409973, 0.34057652950286865, 0.4627975821495056]
[0.449141263961792, 0.5831671953201294, 0.4490383267402649, 0.2986679673194885, 0.4839855432510376]
[0.44639354944229126, 0.5500157475471497, 0.49313753843307495, 0.3615129292011261, 0.45556312799453735]
[0.504898190498352, 0.559666633605957, 0.4129323363304138, 0.2818458080291748, 0.5237746834754944]
[0.4435840845108032, 0.5290294885635376, 0.46786749362945557, 0.3248724043369293, 0.4853632152080536]
[0.503178060054779, 0.5814366936683655, 0.43500596284866333, 0.27043068408966064, 0.5477560758590698]
[0.5070725679397583, 0.5795678496360779, 0.4309682846069336, 0.25872695446014404, 0.538472592830658]
[0.5109454989433289, 0.5867916345596313, 0.4344936013221741, 0.2790023982524872, 0.5547207593917847]
[0.5191547870635986, 0.5783686637878418, 0.40083903074264526, 0.27012553811073303, 0.5723817944526672]
[0.5070725679397583, 0.5795678496360779, 0.4309682846069336, 0.25872695446014404, 0.538472592830658]
[0.5070725679397583, 0.5795678496360779, 0.4309682846069336, 0.25872695446014404, 0.538472592830658]
[0.558872401714325, 0.5754489302635193, 0.39402392506599426, 0.2762373089790344, 0.5717193484306335]
[0.43957948684692383, 0.5576834678649902, 0.44600746035575867, 0.31141945719718933, 0.4708912968635559]
[0.577574610710144, 0.5764400959014893, 0.4048956334590912, 0.25880733132362366, 0.5527929067611694]
[0.49819183349609375, 0.5695810914039612, 0.4092336595058441, 0.28381651639938354, 0.5330636501312256]
[0.5424410104751587, 0.602057695388794, 0.4374203681945801, 0.26714152097702026, 0.5403971672058105]
[0.390362948179245, 0.5616288185119629, 0.42630425095558167, 0.27212727069854736, 0.4660070538520813]
[0.5070725679397583, 0.5795678496360779, 0.4309682846069336, 0.25872695446014404, 0.538472592830658]
[0.43639427423477173, 0.5518646836280823, 0.4462940990924835, 0.325335830450058, 0.5000867247581482]
[0.4865072965621948, 0.5640626549720764, 0.4331347942352295, 0.29319557547569275, 0.515812873840332]
[0.4329647123813629, 0.5410541296005249, 0.4605807065963745, 0.33331215381622314, 0.5022538304328918]
[0.5578630566596985, 0.5819410681724548, 0.39593759179115295, 0.2714889645576477, 0.5701462030410767]
[0.48359230160713196, 0.5927678942680359, 0.43945881724357605, 0.2975825071334839, 0.5169289112091064]
[0.5132296085357666, 0.5541979074478149, 0.4295341670513153, 0.29239699244499207, 0.5289932489395142]
[0.48451870679855347, 0.5887340903282166, 0.44659432768821716, 0.309916228055954, 0.5237241387367249]
[0.5139617323875427, 0.5929368138313293, 0.41964560747146606, 0.23943687975406647, 0.5214974880218506]
[0.48163101077079773, 0.5439989566802979, 0.4913274943828583, 0.3826444745063782, 0.5171780586242676]
[0.5244899392127991, 0.5804407000541687, 0.4237174093723297, 0.26375502347946167, 0.5491200685501099]
[0.43258756399154663, 0.555526614189148, 0.4713059663772583, 0.3460206389427185, 0.45605984330177307]
[0.4198683202266693, 0.5625351071357727, 0.4306902289390564, 0.28586891293525696, 0.47625288367271423]
[0.587936282157898, 0.5762688517570496, 0.41438525915145874, 0.2585499882698059, 0.5768283009529114]
