0
在无数个睡不着的晚上，我相信会有很多人，习惯性的开始闭上眼睛，安静的想念一个人，想念一张脸。会想起以前一起说过的话，一起走过的路，一起的所有一切，一个人会傻笑，然后是无比的心痛。或许，最美的事不是留住时光，而是留住记忆，但愿，时光，只如初见。
[0.4827233552932739, 0.5620280504226685, 0.4933929741382599, 0.42581799626350403, 0.5411356091499329]
[0.4613615572452545, 0.5714530348777771, 0.4529590606689453, 0.31512451171875, 0.5334560871124268]
[0.5271063446998596, 0.6012611389160156, 0.42654192447662354, 0.26165875792503357, 0.5398086309432983]
[0.5070725679397583, 0.5795678496360779, 0.4309682846069336, 0.25872695446014404, 0.538472592830658]
[0.49819183349609375, 0.5695810914039612, 0.4092336595058441, 0.28381651639938354, 0.5330636501312256]
[0.4601884186267853, 0.5521525740623474, 0.43795913457870483, 0.2716016173362732, 0.4793092608451843]
[0.5160738229751587, 0.5800226926803589, 0.4258744716644287, 0.27616196870803833, 0.5678006410598755]
[0.3560945689678192, 0.5487720370292664, 0.4685484766960144, 0.38241156935691833, 0.4326443672180176]
[0.4827233552932739, 0.5620280504226685, 0.4933929741382599, 0.42581799626350403, 0.5411356091499329]
[0.5056556463241577, 0.586235761642456, 0.41799500584602356, 0.26091307401657104, 0.5577598810195923]
