0
台湾最近网络最火的图。大家看了纷纷表示：「干，这太扯了！干干干干干，为什么那些老师从来没告诉过我！？」「天哪，我活了28年从来不知道这个！」「什么妖术！」「我要疯了…我试了十题然后每一题都正确！」「我当年在学校的时候为什么没有这个！？？！？！」这是神马妖术？！
[0.4027099907398224, 0.5226709246635437, 0.5420820713043213, 0.42792147397994995, 0.5066108703613281]
[0.5589568614959717, 0.5919007062911987, 0.396671861410141, 0.26303860545158386, 0.5458568930625916]
[0.5181060433387756, 0.608632504940033, 0.438276469707489, 0.28479206562042236, 0.5111607909202576]
[0.5181060433387756, 0.608632504940033, 0.438276469707489, 0.28479206562042236, 0.5111607909202576]
[0.527854323387146, 0.5857251286506653, 0.42558375000953674, 0.27191784977912903, 0.5264109373092651]
[0.404030442237854, 0.5697227716445923, 0.4359920918941498, 0.2862691283226013, 0.4993714988231659]
[0.5070725679397583, 0.5795678496360779, 0.4309682846069336, 0.25872695446014404, 0.538472592830658]
[0.4778914451599121, 0.5462245941162109, 0.48283064365386963, 0.3602950870990753, 0.5060466527938843]
[0.38677141070365906, 0.5481893420219421, 0.4818792939186096, 0.3415713906288147, 0.42878052592277527]
[0.30873510241508484, 0.5467716455459595, 0.4471580982208252, 0.3118114173412323, 0.43472886085510254]
[0.4846729040145874, 0.5762066841125488, 0.4385359585285187, 0.27675819396972656, 0.5059630274772644]
[0.3375685513019562, 0.5544866919517517, 0.48140525817871094, 0.3187791109085083, 0.44560161232948303]
[0.4670303165912628, 0.5781504511833191, 0.42507192492485046, 0.30324259400367737, 0.5215286612510681]
[0.5305407643318176, 0.6000526547431946, 0.4193818271160126, 0.26406535506248474, 0.5284735560417175]
[0.49819183349609375, 0.5695810914039612, 0.4092336595058441, 0.28381651639938354, 0.5330636501312256]
[0.48828402161598206, 0.5587540864944458, 0.4606810212135315, 0.3406583368778229, 0.5000377893447876]
[0.4529997706413269, 0.5825973153114319, 0.44616466760635376, 0.2924036979675293, 0.48348790407180786]
[0.45405420660972595, 0.533423662185669, 0.5207997560501099, 0.3844279646873474, 0.5214151740074158]
[0.45635560154914856, 0.5667406320571899, 0.46106719970703125, 0.30114564299583435, 0.47762563824653625]
[0.4075818657875061, 0.5479501485824585, 0.4548106789588928, 0.3202749788761139, 0.4665128290653229]
[0.5149213075637817, 0.5745115280151367, 0.4294396936893463, 0.2818833291530609, 0.5206738114356995]
[0.499674528837204, 0.5811060667037964, 0.445939838886261, 0.26925233006477356, 0.5148199796676636]
[0.49819183349609375, 0.5695810914039612, 0.4092336595058441, 0.28381651639938354, 0.5330636501312256]
[0.39477241039276123, 0.5376039743423462, 0.5095295310020447, 0.4157528579235077, 0.4706100821495056]
[0.519820511341095, 0.5749845504760742, 0.42101070284843445, 0.2703607976436615, 0.5448430776596069]
[0.4248369038105011, 0.5100730657577515, 0.4850505590438843, 0.3953850567340851, 0.4959861636161804]
[0.5181060433387756, 0.608632504940033, 0.438276469707489, 0.28479206562042236, 0.5111607909202576]
[0.5114033818244934, 0.57530677318573, 0.4267839789390564, 0.28640860319137573, 0.4799257218837738]
[0.46287691593170166, 0.5580508708953857, 0.44858598709106445, 0.3050018846988678, 0.46144649386405945]
[0.4705102741718292, 0.572007417678833, 0.44187045097351074, 0.31071335077285767, 0.5075355768203735]
[0.5070725679397583, 0.5795678496360779, 0.4309682846069336, 0.25872695446014404, 0.538472592830658]
[0.48911523818969727, 0.5767289400100708, 0.4551638066768646, 0.302376389503479, 0.4987371265888214]
[0.5544843673706055, 0.5711005330085754, 0.42393290996551514, 0.26275599002838135, 0.539281964302063]
[0.4615718722343445, 0.5441135168075562, 0.45678359270095825, 0.2907593250274658, 0.4470806419849396]
[0.549312174320221, 0.5929322242736816, 0.4296514689922333, 0.2688412666320801, 0.5535464882850647]
[0.4802752733230591, 0.5902913212776184, 0.4468545913696289, 0.29462260007858276, 0.5222553610801697]
[0.4206410050392151, 0.5604082942008972, 0.4528466761112213, 0.31034573912620544, 0.47488778829574585]
[0.35005369782447815, 0.548804759979248, 0.45135074853897095, 0.3015742003917694, 0.4178348481655121]
[0.527854323387146, 0.5857251286506653, 0.42558375000953674, 0.27191784977912903, 0.5264109373092651]
[0.5149213075637817, 0.5745115280151367, 0.4294396936893463, 0.2818833291530609, 0.5206738114356995]
[0.3682872951030731, 0.5410106182098389, 0.43682804703712463, 0.29630130529403687, 0.4435845613479614]
[0.5502533316612244, 0.5312448740005493, 0.41978147625923157, 0.28317323327064514, 0.554564893245697]
[0.5125720500946045, 0.547587513923645, 0.44443193078041077, 0.29279986023902893, 0.48280924558639526]
[0.5177729725837708, 0.5833643078804016, 0.40603089332580566, 0.2730325162410736, 0.5234096646308899]
[0.5469582080841064, 0.5758177042007446, 0.47872138023376465, 0.304126113653183, 0.5393669009208679]
[0.5663272738456726, 0.5789467096328735, 0.4038543701171875, 0.24655784666538239, 0.5697996616363525]
[0.5359944701194763, 0.5825049877166748, 0.41244903206825256, 0.26725539565086365, 0.5338192582130432]
[0.5663272738456726, 0.5789467096328735, 0.4038543701171875, 0.24655784666538239, 0.5697996616363525]
[0.4154262840747833, 0.5445155501365662, 0.4624071717262268, 0.37578439712524414, 0.44766002893447876]
[0.49819183349609375, 0.5695810914039612, 0.4092336595058441, 0.28381651639938354, 0.5330636501312256]
[0.5057646632194519, 0.5612940192222595, 0.43807971477508545, 0.28225988149642944, 0.5485532283782959]
[0.6193966865539551, 0.5788322687149048, 0.3874313533306122, 0.23977135121822357, 0.6068025827407837]
[0.47251632809638977, 0.5820255279541016, 0.4257327914237976, 0.27664807438850403, 0.4930877387523651]
[0.5149213075637817, 0.5745115280151367, 0.4294396936893463, 0.2818833291530609, 0.5206738114356995]
[0.4450320601463318, 0.5694898366928101, 0.4594252109527588, 0.30388712882995605, 0.4674815237522125]
[0.49819183349609375, 0.5695810914039612, 0.4092336595058441, 0.28381651639938354, 0.5330636501312256]
[0.44860661029815674, 0.579132080078125, 0.4337920546531677, 0.30913177132606506, 0.4656015932559967]
[0.3375685513019562, 0.5544866919517517, 0.48140525817871094, 0.3187791109085083, 0.44560161232948303]
[0.4358757436275482, 0.5506752133369446, 0.44767439365386963, 0.31642067432403564, 0.47724229097366333]
[0.3362275958061218, 0.5280795097351074, 0.4822995960712433, 0.3854767680168152, 0.4466207027435303]
[0.5363608002662659, 0.5703325867652893, 0.4284209907054901, 0.30798155069351196, 0.5537282228469849]
[0.49819183349609375, 0.5695810914039612, 0.4092336595058441, 0.28381651639938354, 0.5330636501312256]
[0.522180438041687, 0.586289644241333, 0.4235999882221222, 0.26552441716194153, 0.5429496765136719]
[0.48366308212280273, 0.5689439177513123, 0.44359976053237915, 0.31807178258895874, 0.5204044580459595]
[0.4649183452129364, 0.5513775944709778, 0.44318604469299316, 0.27180245518684387, 0.5220194458961487]
[0.48456695675849915, 0.576637864112854, 0.42206260561943054, 0.26777786016464233, 0.5241936445236206]
[0.5070725679397583, 0.5795678496360779, 0.4309682846069336, 0.25872695446014404, 0.538472592830658]
[0.38749343156814575, 0.5363081693649292, 0.45278385281562805, 0.34255602955818176, 0.46423688530921936]
[0.47833725810050964, 0.598944902420044, 0.44194722175598145, 0.27635279297828674, 0.4910537302494049]
[0.471609890460968, 0.5575677752494812, 0.43377238512039185, 0.3101166784763336, 0.4954894185066223]
[0.45958003401756287, 0.5514125227928162, 0.4646751284599304, 0.3193438649177551, 0.46514469385147095]
[0.5150479674339294, 0.5800895094871521, 0.42636314034461975, 0.27855658531188965, 0.5395603775978088]
[0.42079654335975647, 0.566195011138916, 0.46647319197654724, 0.3095502555370331, 0.458638995885849]
[0.4487622082233429, 0.5716210603713989, 0.4600348174571991, 0.3031274080276489, 0.45275557041168213]
[0.3375685513019562, 0.5544866919517517, 0.48140525817871094, 0.3187791109085083, 0.44560161232948303]
[0.5318495631217957, 0.6044157147407532, 0.43326520919799805, 0.28131964802742004, 0.5221173763275146]
[0.519820511341095, 0.5749845504760742, 0.42101070284843445, 0.2703607976436615, 0.5448430776596069]
[0.46077048778533936, 0.5653112530708313, 0.4518558084964752, 0.3576433062553406, 0.4709668457508087]
[0.4197758734226227, 0.5632216334342957, 0.4782003164291382, 0.32654663920402527, 0.4590235650539398]
[0.4846729040145874, 0.5762066841125488, 0.4385359585285187, 0.27675819396972656, 0.5059630274772644]
[0.5159660577774048, 0.5867343544960022, 0.41895079612731934, 0.27526524662971497, 0.5405380129814148]
[0.4487622082233429, 0.5716210603713989, 0.4600348174571991, 0.3031274080276489, 0.45275557041168213]
[0.4760547876358032, 0.561172366142273, 0.4509691894054413, 0.32225096225738525, 0.47913143038749695]
[0.5041735172271729, 0.5664452314376831, 0.44257184863090515, 0.3015480935573578, 0.5165846943855286]
[0.5003835558891296, 0.5466932058334351, 0.4549272954463959, 0.2832370102405548, 0.5196231007575989]
[0.5341684222221375, 0.5781133770942688, 0.4147046208381653, 0.2719305753707886, 0.5491607785224915]
[0.48771125078201294, 0.5874248743057251, 0.42683345079421997, 0.3015384376049042, 0.49784430861473083]
[0.5070725679397583, 0.5795678496360779, 0.4309682846069336, 0.25872695446014404, 0.538472592830658]
[0.4585954546928406, 0.5378846526145935, 0.46153444051742554, 0.34216025471687317, 0.47392910718917847]
[0.5378316640853882, 0.5827499628067017, 0.4208487868309021, 0.27333468198776245, 0.5281314253807068]
[0.5246152877807617, 0.5759491920471191, 0.42219892144203186, 0.2815076410770416, 0.5419573783874512]
[0.4629126787185669, 0.5495195984840393, 0.5365379452705383, 0.4240623116493225, 0.5367920994758606]
[0.4847971498966217, 0.5747194290161133, 0.43359625339508057, 0.28738540410995483, 0.5115334987640381]
[0.5187511444091797, 0.5657637715339661, 0.4381132125854492, 0.2819228768348694, 0.518878698348999]
[0.3375685513019562, 0.5544866919517517, 0.48140525817871094, 0.3187791109085083, 0.44560161232948303]
[0.552527666091919, 0.5535832643508911, 0.43035757541656494, 0.2956080734729767, 0.5599897503852844]
[0.6095327138900757, 0.56605064868927, 0.37684231996536255, 0.22277328372001648, 0.5917348861694336]
[0.44360098242759705, 0.5487248301506042, 0.44871842861175537, 0.32501551508903503, 0.49773862957954407]
[0.5244597792625427, 0.5673940777778625, 0.42901942133903503, 0.28732484579086304, 0.508772611618042]
[0.5177729725837708, 0.5833643078804016, 0.40603089332580566, 0.2730325162410736, 0.5234096646308899]
[0.48027104139328003, 0.5577486753463745, 0.47756266593933105, 0.3749025762081146, 0.501122236251831]
