0
【有一种光影属于莫奈】①他能根据同一场景的不同光影变幻，描绘出十几幅作品；②他开印象派之先河，为画坛带来了一阵唯美的写意之风；③他晚年不幸患上白内障，但仍继续作画，留下两千多幅油画、五百多件素描。1840年的今天，法国印象派画家克劳德·莫奈诞生。佳作共赏↓↓你最喜欢那幅？
[0.43300485610961914, 0.5470484495162964, 0.5302544236183167, 0.47396811842918396, 0.5135505795478821]
[0.44028234481811523, 0.5793165564537048, 0.4396701455116272, 0.26976820826530457, 0.48245054483413696]
[0.49819183349609375, 0.5695810914039612, 0.4092336595058441, 0.28381651639938354, 0.5330636501312256]
[0.5737395882606506, 0.5900573134422302, 0.39873015880584717, 0.25212785601615906, 0.5690605640411377]
[0.34735897183418274, 0.5675443410873413, 0.45503148436546326, 0.289093017578125, 0.43133050203323364]
[0.5686967372894287, 0.5969955921173096, 0.39746320247650146, 0.2380380630493164, 0.57733154296875]
[0.4793740212917328, 0.560135543346405, 0.44629907608032227, 0.2996225357055664, 0.5396522283554077]
[0.46757104992866516, 0.5664458274841309, 0.44496971368789673, 0.2762724757194519, 0.4994675815105438]
[0.44939282536506653, 0.546848714351654, 0.49199748039245605, 0.3698258101940155, 0.4741256833076477]
[0.5763857960700989, 0.5911734104156494, 0.3972630500793457, 0.24975791573524475, 0.5799119472503662]
[0.46720802783966064, 0.5758143663406372, 0.4328877627849579, 0.2942093312740326, 0.49283260107040405]
[0.4832189679145813, 0.5761270523071289, 0.422802597284317, 0.29226216673851013, 0.5114662051200867]
[0.4874752163887024, 0.560064435005188, 0.43395963311195374, 0.2979617714881897, 0.5109587907791138]
[0.5225902795791626, 0.5899209380149841, 0.4149743914604187, 0.2565443217754364, 0.5678520202636719]
[0.4348018765449524, 0.5518596172332764, 0.46077287197113037, 0.3222982883453369, 0.4880245327949524]
[0.38128283619880676, 0.5690225958824158, 0.439844012260437, 0.2889440059661865, 0.453940212726593]
[0.5142540335655212, 0.5387272834777832, 0.4819050431251526, 0.3956433832645416, 0.530639111995697]
[0.5495312809944153, 0.6010172367095947, 0.41866299510002136, 0.25597983598709106, 0.5632749795913696]
[0.5214099884033203, 0.5436943173408508, 0.4798063635826111, 0.37112152576446533, 0.5275015830993652]
[0.5133132338523865, 0.564871072769165, 0.41625991463661194, 0.28158050775527954, 0.5052928924560547]
[0.558603048324585, 0.5833929777145386, 0.42173781991004944, 0.26554861664772034, 0.5752496123313904]
[0.5806044340133667, 0.542209804058075, 0.4285431206226349, 0.32533594965934753, 0.5512497425079346]
[0.4883444309234619, 0.5629370212554932, 0.44657108187675476, 0.28275367617607117, 0.5214595794677734]
[0.4895664155483246, 0.5726426839828491, 0.42647379636764526, 0.28989505767822266, 0.537886381149292]
[0.5466305613517761, 0.5750492215156555, 0.41103798151016235, 0.2529574930667877, 0.587598443031311]
[0.44830337166786194, 0.5597708821296692, 0.4461364448070526, 0.3024340271949768, 0.4950241446495056]
[0.4695724844932556, 0.542290985584259, 0.4869377911090851, 0.4090133607387543, 0.4978051483631134]
[0.5226805806159973, 0.577862560749054, 0.40388867259025574, 0.2755291759967804, 0.5536763072013855]
[0.49819183349609375, 0.5695810914039612, 0.4092336595058441, 0.28381651639938354, 0.5330636501312256]
[0.49377691745758057, 0.564309298992157, 0.4422757625579834, 0.3290663957595825, 0.5089741349220276]
[0.42653927206993103, 0.5737385749816895, 0.42159315943717957, 0.2814728021621704, 0.4679858386516571]
[0.4424782395362854, 0.5656200051307678, 0.4658438265323639, 0.2949577867984772, 0.529777467250824]
[0.5234072208404541, 0.5653267502784729, 0.41821590065956116, 0.2798074185848236, 0.5496329069137573]
[0.5046361684799194, 0.573292076587677, 0.4486899673938751, 0.30196237564086914, 0.5373635292053223]
[0.45619428157806396, 0.5456324815750122, 0.43532153964042664, 0.2913096249103546, 0.4774005711078644]
[0.5256377458572388, 0.5589520931243896, 0.4635665714740753, 0.3413742482662201, 0.5523422956466675]
[0.385852575302124, 0.5593848824501038, 0.45914506912231445, 0.2989233136177063, 0.4251597821712494]
[0.5620900988578796, 0.5942291021347046, 0.419325053691864, 0.2666260004043579, 0.5534039735794067]
[0.494396835565567, 0.5638185739517212, 0.42650458216667175, 0.296255499124527, 0.5147783756256104]
[0.5289619565010071, 0.5845335125923157, 0.42568692564964294, 0.27028539776802063, 0.5209930539131165]
[0.37978285551071167, 0.5642622709274292, 0.45654216408729553, 0.28601107001304626, 0.44345802068710327]
[0.48619064688682556, 0.5658177733421326, 0.45416468381881714, 0.33386847376823425, 0.5404698848724365]
[0.4997278153896332, 0.5875575542449951, 0.43614232540130615, 0.280007541179657, 0.5419317483901978]
[0.5070725679397583, 0.5795678496360779, 0.4309682846069336, 0.25872695446014404, 0.538472592830658]
[0.4583441913127899, 0.5632046461105347, 0.43327760696411133, 0.2841666340827942, 0.5074318647384644]
[0.47540125250816345, 0.5508484244346619, 0.4455614686012268, 0.2933182418346405, 0.5067857503890991]
[0.485706627368927, 0.5279881358146667, 0.4527694582939148, 0.33251693844795227, 0.5130950212478638]
[0.4895664155483246, 0.5726426839828491, 0.42647379636764526, 0.28989505767822266, 0.537886381149292]
[0.5138278007507324, 0.5719684362411499, 0.4300827383995056, 0.2970241904258728, 0.5164225697517395]
[0.5325873494148254, 0.5880876183509827, 0.42129048705101013, 0.2533036768436432, 0.5475322008132935]
[0.49819183349609375, 0.5695810914039612, 0.4092336595058441, 0.28381651639938354, 0.5330636501312256]
[0.5016682744026184, 0.5802244544029236, 0.4227984547615051, 0.2799678444862366, 0.5515626072883606]
[0.49819183349609375, 0.5695810914039612, 0.4092336595058441, 0.28381651639938354, 0.5330636501312256]
[0.6000707149505615, 0.5337573289871216, 0.47871658205986023, 0.3712497651576996, 0.5988777875900269]
[0.4983427822589874, 0.5729076862335205, 0.44379734992980957, 0.27925920486450195, 0.5530376434326172]
[0.545856237411499, 0.5591601729393005, 0.4279080331325531, 0.2852116823196411, 0.5163118839263916]
[0.37978285551071167, 0.5642622709274292, 0.45654216408729553, 0.28601107001304626, 0.44345802068710327]
[0.49769333004951477, 0.544499397277832, 0.3837123215198517, 0.24029196798801422, 0.5322815775871277]
[0.5058682560920715, 0.5897399187088013, 0.42784300446510315, 0.30366459488868713, 0.5316997170448303]
[0.39662402868270874, 0.538151204586029, 0.4660854637622833, 0.3263224959373474, 0.47856253385543823]
[0.49769333004951477, 0.544499397277832, 0.3837123215198517, 0.24029196798801422, 0.5322815775871277]
[0.5225071310997009, 0.553959846496582, 0.4325944781303406, 0.31762686371803284, 0.5113866925239563]
[0.48295319080352783, 0.5513493418693542, 0.4468638598918915, 0.30303117632865906, 0.5055223107337952]
[0.4702465534210205, 0.5325698256492615, 0.4729570150375366, 0.328685998916626, 0.4872939884662628]
[0.5138278007507324, 0.5719684362411499, 0.4300827383995056, 0.2970241904258728, 0.5164225697517395]
[0.4832189679145813, 0.5761270523071289, 0.422802597284317, 0.29226216673851013, 0.5114662051200867]
[0.5199807286262512, 0.5708349347114563, 0.4490967392921448, 0.28510311245918274, 0.5277239680290222]
[0.49769333004951477, 0.544499397277832, 0.3837123215198517, 0.24029196798801422, 0.5322815775871277]
[0.3939594328403473, 0.5523464679718018, 0.4548640251159668, 0.2979784607887268, 0.42533525824546814]
[0.4660847783088684, 0.5793365836143494, 0.44184547662734985, 0.30788344144821167, 0.5126227140426636]
[0.49769333004951477, 0.544499397277832, 0.3837123215198517, 0.24029196798801422, 0.5322815775871277]
[0.47135406732559204, 0.549090564250946, 0.4496033787727356, 0.26674118638038635, 0.531582772731781]
[0.4962030351161957, 0.5739066004753113, 0.43511950969696045, 0.30925145745277405, 0.5063530206680298]
[0.4758692681789398, 0.5671343803405762, 0.4664519131183624, 0.3051452934741974, 0.4674079716205597]
[0.49769333004951477, 0.544499397277832, 0.3837123215198517, 0.24029196798801422, 0.5322815775871277]
[0.49769333004951477, 0.544499397277832, 0.3837123215198517, 0.24029196798801422, 0.5322815775871277]
[0.4968557357788086, 0.5782185792922974, 0.4400462210178375, 0.27033767104148865, 0.5164909958839417]
[0.49769333004951477, 0.544499397277832, 0.3837123215198517, 0.24029196798801422, 0.5322815775871277]
[0.49769333004951477, 0.544499397277832, 0.3837123215198517, 0.24029196798801422, 0.5322815775871277]
[0.49769333004951477, 0.544499397277832, 0.3837123215198517, 0.24029196798801422, 0.5322815775871277]
[0.546115517616272, 0.5838065147399902, 0.41163933277130127, 0.25257861614227295, 0.5580718517303467]
