0
你的人生永远不会辜负你的。那些转错的弯，那些走错的路，那些流下的泪水，那些滴下的汗水，那些留下的伤痕，全都让你成为独一无二的自己。#北京正能量#
[0.5119410753250122, 0.5616261959075928, 0.45741525292396545, 0.30214542150497437, 0.5152456164360046]
[0.5273841619491577, 0.5816473960876465, 0.4096725583076477, 0.2561403512954712, 0.541370689868927]
[0.4417351186275482, 0.532016932964325, 0.47466912865638733, 0.38759154081344604, 0.4679255485534668]
[0.5463106036186218, 0.5520503520965576, 0.4146541357040405, 0.2869211733341217, 0.5329456925392151]
[0.4762628376483917, 0.5422362685203552, 0.43725600838661194, 0.32416728138923645, 0.5087979435920715]
[0.5438856482505798, 0.5929805040359497, 0.418680876493454, 0.27237069606781006, 0.5508289337158203]
[0.3560945689678192, 0.5487720370292664, 0.4685484766960144, 0.38241156935691833, 0.4326443672180176]
[0.4377087354660034, 0.5630442500114441, 0.4509584307670593, 0.33389079570770264, 0.4553782343864441]
[0.4890443980693817, 0.5666150450706482, 0.45333585143089294, 0.34544113278388977, 0.5024182200431824]
[0.4409383237361908, 0.5924211740493774, 0.46482110023498535, 0.2969289720058441, 0.4886288344860077]
[0.45330145955085754, 0.5745107531547546, 0.44695448875427246, 0.3141675591468811, 0.5169479250907898]
[0.5397891998291016, 0.5566538572311401, 0.4216247797012329, 0.2747276723384857, 0.5254672765731812]
[0.5380881428718567, 0.5576621890068054, 0.4366750419139862, 0.3010207414627075, 0.5316163897514343]
[0.5448333024978638, 0.5773479342460632, 0.3985586166381836, 0.24405163526535034, 0.5651039481163025]
[0.488861083984375, 0.5499072670936584, 0.45087581872940063, 0.3175272047519684, 0.489330917596817]
[0.4758481979370117, 0.5695836544036865, 0.4225875437259674, 0.2812889516353607, 0.48891061544418335]
[0.5124672651290894, 0.558400571346283, 0.43281012773513794, 0.297347754240036, 0.5220921039581299]
[0.5273841619491577, 0.5816473960876465, 0.4096725583076477, 0.2561403512954712, 0.541370689868927]
[0.5070725679397583, 0.5795678496360779, 0.4309682846069336, 0.25872695446014404, 0.538472592830658]
[0.4892021119594574, 0.5817816257476807, 0.415732741355896, 0.2675756812095642, 0.5567498803138733]
[0.5307150483131409, 0.5905236601829529, 0.4118839502334595, 0.24905610084533691, 0.5589279532432556]
[0.4811862111091614, 0.5416839718818665, 0.443947970867157, 0.33116158843040466, 0.5028131008148193]
[0.4635654389858246, 0.5424903631210327, 0.48142382502555847, 0.39834368228912354, 0.49477440118789673]
[0.5342528223991394, 0.565152108669281, 0.42343926429748535, 0.2689880430698395, 0.5647534132003784]
[0.4848248362541199, 0.5611724853515625, 0.43901586532592773, 0.32694268226623535, 0.5054024457931519]
[0.49835795164108276, 0.5537806153297424, 0.47083938121795654, 0.35328131914138794, 0.5426210165023804]
[0.5307210087776184, 0.5819039940834045, 0.41789546608924866, 0.26888054609298706, 0.5332168340682983]
[0.5560465455055237, 0.5615512728691101, 0.43899455666542053, 0.33626922965049744, 0.5201802849769592]
