0
情侣间那些机智又暖心的问答
[0.4967753291130066, 0.5938670039176941, 0.45904767513275146, 0.31285664439201355, 0.5367854833602905]
[0.49819183349609375, 0.5695810914039612, 0.4092336595058441, 0.28381651639938354, 0.5330636501312256]
[0.535071611404419, 0.5756967067718506, 0.43073710799217224, 0.28568482398986816, 0.5159154534339905]
[0.5428792834281921, 0.5736938118934631, 0.4251079261302948, 0.2712430953979492, 0.5463266968727112]
[0.47094839811325073, 0.5613118410110474, 0.4329978823661804, 0.2923792600631714, 0.48404666781425476]
[0.518527626991272, 0.5733547210693359, 0.42971810698509216, 0.2874593138694763, 0.5283024907112122]
[0.47781792283058167, 0.5492650866508484, 0.4404216408729553, 0.29692453145980835, 0.5025047063827515]
[0.4620526432991028, 0.5516687035560608, 0.4476732015609741, 0.33060064911842346, 0.469285249710083]
[0.5587911605834961, 0.5774908661842346, 0.39314186573028564, 0.22438079118728638, 0.5850369930267334]
[0.4163963794708252, 0.5608569383621216, 0.4459218978881836, 0.29744914174079895, 0.46974119544029236]
[0.38706105947494507, 0.4952802360057831, 0.5362477898597717, 0.6544864773750305, 0.5189002156257629]
[0.42126551270484924, 0.5781692862510681, 0.4489237368106842, 0.2881283760070801, 0.4979586899280548]
[0.5420222282409668, 0.5543924570083618, 0.4426460266113281, 0.3290119469165802, 0.5697362422943115]
[0.46802276372909546, 0.5785555839538574, 0.445696085691452, 0.29950621724128723, 0.4952661991119385]
[0.5587911605834961, 0.5774908661842346, 0.39314186573028564, 0.22438079118728638, 0.5850369930267334]
[0.3525565266609192, 0.5549966096878052, 0.4557444751262665, 0.29298844933509827, 0.43208077549934387]
[0.49819183349609375, 0.5695810914039612, 0.4092336595058441, 0.28381651639938354, 0.5330636501312256]
[0.3398461937904358, 0.5287074446678162, 0.4776190221309662, 0.36664193868637085, 0.41218864917755127]
[0.5303794145584106, 0.5941882133483887, 0.4253702759742737, 0.266821026802063, 0.5433958768844604]
[0.49819183349609375, 0.5695810914039612, 0.4092336595058441, 0.28381651639938354, 0.5330636501312256]
[0.5165213942527771, 0.5590905547142029, 0.4304778277873993, 0.29922789335250854, 0.5298696756362915]
[0.5594232082366943, 0.5919896364212036, 0.4173275828361511, 0.25103825330734253, 0.5659148097038269]
[0.4163963794708252, 0.5608569383621216, 0.4459218978881836, 0.29744914174079895, 0.46974119544029236]
[0.3974533677101135, 0.5674208402633667, 0.4545134902000427, 0.2991997301578522, 0.4644276201725006]
[0.5070725679397583, 0.5795678496360779, 0.4309682846069336, 0.25872695446014404, 0.538472592830658]
[0.509245753288269, 0.5746938586235046, 0.42008212208747864, 0.27138400077819824, 0.5373514890670776]
[0.48013195395469666, 0.5596433281898499, 0.46129515767097473, 0.32157883048057556, 0.48686760663986206]
[0.37694790959358215, 0.55503910779953, 0.45108556747436523, 0.31080442667007446, 0.45604875683784485]
[0.4416939914226532, 0.5596527457237244, 0.44484227895736694, 0.3066346049308777, 0.489149808883667]
[0.47376686334609985, 0.5803987383842468, 0.4373798668384552, 0.3087984323501587, 0.4817295968532562]
[0.4558940827846527, 0.5628646016120911, 0.4266035556793213, 0.2618027925491333, 0.5016579031944275]
[0.46802276372909546, 0.5785555839538574, 0.445696085691452, 0.29950621724128723, 0.4952661991119385]
[0.4480198919773102, 0.5762714147567749, 0.44039782881736755, 0.267501562833786, 0.5157430171966553]
[0.5193629860877991, 0.5856478810310364, 0.41173920035362244, 0.282301664352417, 0.5441094636917114]
[0.4917965829372406, 0.5642513632774353, 0.44473153352737427, 0.292820006608963, 0.504958987236023]
[0.5566319227218628, 0.5618966817855835, 0.4268437325954437, 0.2815307080745697, 0.5419950485229492]
[0.4984721839427948, 0.573602020740509, 0.4437515437602997, 0.29122182726860046, 0.5272009968757629]
[0.42239630222320557, 0.5308336615562439, 0.47655901312828064, 0.35231778025627136, 0.46436381340026855]
[0.4930535554885864, 0.583672821521759, 0.4315119981765747, 0.27252399921417236, 0.508534848690033]
[0.5125578045845032, 0.5865774154663086, 0.4366392195224762, 0.2814227044582367, 0.5342429876327515]
[0.5380213856697083, 0.5755460858345032, 0.4155716598033905, 0.2716466188430786, 0.5680131316184998]
[0.5555643439292908, 0.5246040225028992, 0.4209772050380707, 0.33952876925468445, 0.5867025256156921]
[0.49819183349609375, 0.5695810914039612, 0.4092336595058441, 0.28381651639938354, 0.5330636501312256]
[0.5583892464637756, 0.5943871736526489, 0.4324738085269928, 0.250506192445755, 0.556086003780365]
[0.4930535554885864, 0.583672821521759, 0.4315119981765747, 0.27252399921417236, 0.508534848690033]
[0.47163835167884827, 0.566654622554779, 0.4510890543460846, 0.32086658477783203, 0.48829880356788635]
[0.4679069519042969, 0.5592374205589294, 0.4643521010875702, 0.2998107969760895, 0.5245972871780396]
[0.3285597264766693, 0.5323222875595093, 0.5310167074203491, 0.5176132321357727, 0.44958263635635376]
[0.5016469955444336, 0.578873872756958, 0.42839691042900085, 0.29505428671836853, 0.5517185926437378]
