0
圣托里尼的黄昏 美到窒息。ins：danicaspi
[0.4323166310787201, 0.5497917532920837, 0.44651472568511963, 0.29559028148651123, 0.5134062767028809]
[0.5070725679397583, 0.5795678496360779, 0.4309682846069336, 0.25872695446014404, 0.538472592830658]
[0.5150607824325562, 0.5654481649398804, 0.4760366976261139, 0.3406187891960144, 0.5026415586471558]
[0.46476683020591736, 0.5560174584388733, 0.4807659387588501, 0.3563838303089142, 0.4766156077384949]
[0.3918878436088562, 0.5421679615974426, 0.46480363607406616, 0.34067726135253906, 0.4276670515537262]
[0.5016178488731384, 0.5624458193778992, 0.4664626121520996, 0.3083169162273407, 0.48932498693466187]
[0.49819183349609375, 0.5695810914039612, 0.4092336595058441, 0.28381651639938354, 0.5330636501312256]
[0.49465739727020264, 0.5680646300315857, 0.446433424949646, 0.3120577931404114, 0.4971967935562134]
[0.5042513012886047, 0.5836091637611389, 0.4426802396774292, 0.28831714391708374, 0.5317031741142273]
[0.49819183349609375, 0.5695810914039612, 0.4092336595058441, 0.28381651639938354, 0.5330636501312256]
[0.48732903599739075, 0.5568200945854187, 0.44536101818084717, 0.3234669268131256, 0.5157499313354492]
[0.48302894830703735, 0.5760638117790222, 0.43403762578964233, 0.2968175411224365, 0.5067790150642395]
[0.5106773972511292, 0.5632072687149048, 0.46842536330223083, 0.3317340016365051, 0.5320034027099609]
[0.5632885694503784, 0.5951030254364014, 0.4209555685520172, 0.2805923819541931, 0.5695555806159973]
[0.44117483496665955, 0.5302597284317017, 0.49339261651039124, 0.38828447461128235, 0.47971680760383606]
[0.44187062978744507, 0.5631821155548096, 0.4584251344203949, 0.3357369303703308, 0.4720239043235779]
[0.49103808403015137, 0.5585989356040955, 0.442922979593277, 0.30503949522972107, 0.48935800790786743]
[0.539067268371582, 0.5906091928482056, 0.44314485788345337, 0.2725686728954315, 0.5366897583007812]
[0.5620900988578796, 0.5942291021347046, 0.419325053691864, 0.2666260004043579, 0.5534039735794067]
[0.5138278007507324, 0.5719684362411499, 0.4300827383995056, 0.2970241904258728, 0.5164225697517395]
[0.5138278007507324, 0.5719684362411499, 0.4300827383995056, 0.2970241904258728, 0.5164225697517395]
[0.4726299047470093, 0.5882450342178345, 0.4392928183078766, 0.29829341173171997, 0.49055832624435425]
[0.47275060415267944, 0.5795807838439941, 0.47787290811538696, 0.32202956080436707, 0.5195308923721313]
[0.43962234258651733, 0.5503554344177246, 0.4505224823951721, 0.33298930525779724, 0.4618801474571228]
[0.3995976746082306, 0.5632776021957397, 0.43023648858070374, 0.29177147150039673, 0.48184436559677124]
[0.5584348440170288, 0.5609541535377502, 0.4100756049156189, 0.28291672468185425, 0.529837429523468]
[0.5619952082633972, 0.5833034515380859, 0.4166068136692047, 0.27053102850914, 0.5626469254493713]
[0.3707256615161896, 0.5170983672142029, 0.5079214572906494, 0.43597733974456787, 0.4352230727672577]
[0.5165082216262817, 0.5581590533256531, 0.4418952167034149, 0.33849143981933594, 0.5197070837020874]
[0.4910683333873749, 0.5543908476829529, 0.4577766954898834, 0.34936657547950745, 0.5120742321014404]
[0.4973686635494232, 0.580237627029419, 0.4515153467655182, 0.2838847041130066, 0.5588680505752563]
[0.4993824362754822, 0.5717645287513733, 0.44657063484191895, 0.32134777307510376, 0.5062244534492493]
[0.3131788969039917, 0.5250455737113953, 0.5092693567276001, 0.46669429540634155, 0.41397765278816223]
[0.5040035247802734, 0.5719863772392273, 0.43091994524002075, 0.27657848596572876, 0.5261465907096863]
[0.5738614797592163, 0.5707560181617737, 0.4106449782848358, 0.26701125502586365, 0.5680585503578186]
[0.5069534182548523, 0.5836705565452576, 0.42700520157814026, 0.28895020484924316, 0.5152372121810913]
[0.490563303232193, 0.5790782570838928, 0.4798816740512848, 0.3148016929626465, 0.5135248303413391]
[0.5579747557640076, 0.5816853046417236, 0.4073929190635681, 0.2634308338165283, 0.5205745697021484]
[0.5620900988578796, 0.5942291021347046, 0.419325053691864, 0.2666260004043579, 0.5534039735794067]
[0.49819183349609375, 0.5695810914039612, 0.4092336595058441, 0.28381651639938354, 0.5330636501312256]
[0.45021453499794006, 0.5740113854408264, 0.4505598545074463, 0.3433842360973358, 0.48234474658966064]
[0.5070725679397583, 0.5795678496360779, 0.4309682846069336, 0.25872695446014404, 0.538472592830658]
[0.46566930413246155, 0.5467162132263184, 0.45938247442245483, 0.35133734345436096, 0.4977259933948517]
[0.48492342233657837, 0.5752036571502686, 0.441113144159317, 0.3203693628311157, 0.5011847019195557]
[0.5138278007507324, 0.5719684362411499, 0.4300827383995056, 0.2970241904258728, 0.5164225697517395]
[0.5620900988578796, 0.5942291021347046, 0.419325053691864, 0.2666260004043579, 0.5534039735794067]
[0.48185092210769653, 0.5791029334068298, 0.4381304979324341, 0.2717607021331787, 0.5280080437660217]
[0.4994417726993561, 0.5613416433334351, 0.4411490559577942, 0.3357209861278534, 0.5182832479476929]
[0.4640803039073944, 0.550278902053833, 0.44309374690055847, 0.29747965931892395, 0.4755450487136841]
[0.46492353081703186, 0.5573489665985107, 0.4618450105190277, 0.34200939536094666, 0.48404890298843384]
[0.4903688132762909, 0.5747442245483398, 0.4425615072250366, 0.28511619567871094, 0.5317047238349915]
[0.5204193592071533, 0.5827860832214355, 0.4471581280231476, 0.2578968107700348, 0.5470506548881531]
[0.518643319606781, 0.5795661211013794, 0.43667668104171753, 0.2685704827308655, 0.5344675779342651]
[0.4139457941055298, 0.5522443652153015, 0.46892035007476807, 0.3511294424533844, 0.4514332711696625]
[0.3367295563220978, 0.5308164358139038, 0.4988594055175781, 0.38658180832862854, 0.43788424134254456]
[0.538547158241272, 0.5960428714752197, 0.4055422842502594, 0.2731841504573822, 0.558421790599823]
[0.562756359577179, 0.5925087928771973, 0.4306943416595459, 0.25833746790885925, 0.5638871788978577]
[0.4885431230068207, 0.5536878705024719, 0.4703287184238434, 0.32787686586380005, 0.5011200308799744]
[0.5431057214736938, 0.5659868121147156, 0.4370836913585663, 0.31333988904953003, 0.49362099170684814]
[0.5444554686546326, 0.5558655261993408, 0.43420419096946716, 0.2958032488822937, 0.5642048120498657]
[0.48096761107444763, 0.5574878454208374, 0.46461668610572815, 0.3450213074684143, 0.49819397926330566]
[0.4648934602737427, 0.5699220299720764, 0.4371258616447449, 0.2727136015892029, 0.49477165937423706]
[0.5459217429161072, 0.5785728096961975, 0.4271485507488251, 0.2792198956012726, 0.5659209489822388]
[0.5081556439399719, 0.5776640772819519, 0.44254356622695923, 0.28523218631744385, 0.5203166604042053]
[0.4104117751121521, 0.5303460359573364, 0.5026304721832275, 0.39512208104133606, 0.45137661695480347]
[0.5178214907646179, 0.5682116746902466, 0.4473666548728943, 0.30534645915031433, 0.5082408785820007]
[0.40418219566345215, 0.5613510012626648, 0.44229575991630554, 0.3275918960571289, 0.44658660888671875]
[0.5098952054977417, 0.5828171372413635, 0.4536067545413971, 0.31176459789276123, 0.5195590853691101]
[0.5127123594284058, 0.5682493448257446, 0.4272608160972595, 0.2955079972743988, 0.5156625509262085]
[0.5104290843009949, 0.572376549243927, 0.45997336506843567, 0.3005730211734772, 0.5278040766716003]
[0.557774007320404, 0.560293972492218, 0.40554556250572205, 0.24360322952270508, 0.5875866413116455]
[0.511255145072937, 0.5555015802383423, 0.44553065299987793, 0.29960352182388306, 0.5322266817092896]
[0.5070725679397583, 0.5795678496360779, 0.4309682846069336, 0.25872695446014404, 0.538472592830658]
[0.5012749433517456, 0.5793272256851196, 0.42232033610343933, 0.2901211380958557, 0.550375759601593]
[0.3131788969039917, 0.5250455737113953, 0.5092693567276001, 0.46669429540634155, 0.41397765278816223]
[0.4760547876358032, 0.561172366142273, 0.4509691894054413, 0.32225096225738525, 0.47913143038749695]
[0.47773629426956177, 0.5627601146697998, 0.4690483510494232, 0.30539944767951965, 0.5046563744544983]
[0.5070725679397583, 0.5795678496360779, 0.4309682846069336, 0.25872695446014404, 0.538472592830658]
[0.5002343654632568, 0.5881407260894775, 0.4349443316459656, 0.29793205857276917, 0.5074249505996704]
[0.43914198875427246, 0.5674571394920349, 0.4548998475074768, 0.3376850187778473, 0.46646666526794434]
[0.4917965829372406, 0.5642513632774353, 0.44473153352737427, 0.292820006608963, 0.504958987236023]
[0.49253812432289124, 0.5709843039512634, 0.43473976850509644, 0.32528620958328247, 0.5089873671531677]
[0.4971577227115631, 0.5503503680229187, 0.48161420226097107, 0.3489552438259125, 0.529748797416687]
[0.49819183349609375, 0.5695810914039612, 0.4092336595058441, 0.28381651639938354, 0.5330636501312256]
[0.38877299427986145, 0.5656792521476746, 0.42310744524002075, 0.2869202494621277, 0.4680236577987671]
[0.5165725350379944, 0.5906268954277039, 0.4162994623184204, 0.27445873618125916, 0.5242499709129333]
[0.5097726583480835, 0.5826566219329834, 0.4340922236442566, 0.27157557010650635, 0.5613824725151062]
