0
人们常用“色狼”来贬低下半身思考的男人。但事实上，狼是一夫一妻制，一只公狼一生只爱一只母狼，且求爱期相当漫长，要经受诸多考验，但公狼都毫不动摇。一年中公狼只发情两次，其余时间专心出门捕猎，猎物全部分享给母狼。怀孕期间他会认真照料妻子，生儿育女后帮抚养，和狼比品德有些人还未必行啊！
[0.522140622138977, 0.5325414538383484, 0.49303731322288513, 0.3750627338886261, 0.5519100427627563]
[0.4352922737598419, 0.5635695457458496, 0.4732353687286377, 0.32000860571861267, 0.49066126346588135]
[0.41016310453414917, 0.5531243085861206, 0.43716421723365784, 0.31008583307266235, 0.45756345987319946]
[0.5070725679397583, 0.5795678496360779, 0.4309682846069336, 0.25872695446014404, 0.538472592830658]
[0.558872401714325, 0.5754489302635193, 0.39402392506599426, 0.2762373089790344, 0.5717193484306335]
[0.5185412764549255, 0.5635937452316284, 0.4125235974788666, 0.27988287806510925, 0.5363893508911133]
[0.49819183349609375, 0.5695810914039612, 0.4092336595058441, 0.28381651639938354, 0.5330636501312256]
[0.5508576035499573, 0.5999795198440552, 0.3969241976737976, 0.24873830378055573, 0.5694661140441895]
[0.5124092698097229, 0.5993326902389526, 0.4151366353034973, 0.257069855928421, 0.5411478877067566]
[0.45898133516311646, 0.5491488575935364, 0.4528091847896576, 0.29336994886398315, 0.5229204893112183]
[0.4585775136947632, 0.5541015267372131, 0.46042487025260925, 0.30043014883995056, 0.4790683686733246]
[0.4256376028060913, 0.5602243542671204, 0.4355863332748413, 0.30255797505378723, 0.47358354926109314]
[0.46229270100593567, 0.5625561475753784, 0.44721853733062744, 0.30230048298835754, 0.5103971362113953]
[0.49404236674308777, 0.5680035948753357, 0.4113926887512207, 0.29263049364089966, 0.4806019961833954]
[0.5627972483634949, 0.5857702493667603, 0.421256959438324, 0.26598623394966125, 0.5677861571311951]
[0.48328647017478943, 0.5681450963020325, 0.4448796510696411, 0.28555476665496826, 0.5189083218574524]
[0.5070725679397583, 0.5795678496360779, 0.4309682846069336, 0.25872695446014404, 0.538472592830658]
[0.5567534565925598, 0.564791202545166, 0.42692866921424866, 0.2893065810203552, 0.5611629486083984]
[0.4988870322704315, 0.5666714310646057, 0.422311395406723, 0.28979718685150146, 0.5026141405105591]
[0.4292638897895813, 0.5692581534385681, 0.4279394745826721, 0.30017513036727905, 0.48493996262550354]
[0.48733916878700256, 0.5739020109176636, 0.42586496472358704, 0.2761390507221222, 0.4984787106513977]
[0.49819183349609375, 0.5695810914039612, 0.4092336595058441, 0.28381651639938354, 0.5330636501312256]
[0.5263979434967041, 0.5871831774711609, 0.44255149364471436, 0.28026124835014343, 0.5352293848991394]
[0.4998164772987366, 0.5325196981430054, 0.4648714065551758, 0.3561190962791443, 0.47974586486816406]
[0.5118609666824341, 0.5808466076850891, 0.42492640018463135, 0.2830960154533386, 0.5417618751525879]
[0.48733916878700256, 0.5739020109176636, 0.42586496472358704, 0.2761390507221222, 0.4984787106513977]
[0.45504888892173767, 0.5318231582641602, 0.4402260184288025, 0.29590100049972534, 0.49892768263816833]
[0.5171704292297363, 0.5692505240440369, 0.4565364122390747, 0.30320873856544495, 0.5325987339019775]
[0.49819183349609375, 0.5695810914039612, 0.4092336595058441, 0.28381651639938354, 0.5330636501312256]
[0.47209107875823975, 0.5682384967803955, 0.4531802833080292, 0.29719725251197815, 0.5105071663856506]
[0.43282681703567505, 0.5605236887931824, 0.4632876515388489, 0.30895328521728516, 0.4876655340194702]
[0.48379552364349365, 0.5937032699584961, 0.41920071840286255, 0.2830924987792969, 0.4925927221775055]
[0.4472951889038086, 0.565636396408081, 0.44650742411613464, 0.3379547894001007, 0.4626939594745636]
[0.45143643021583557, 0.5314058065414429, 0.4762170910835266, 0.35258597135543823, 0.5141646862030029]
[0.519094705581665, 0.584704577922821, 0.4386400282382965, 0.2755679786205292, 0.5601997375488281]
