0
东野圭吾：推理之王的进阶之路
[0.4487059414386749, 0.5224093794822693, 0.47115617990493774, 0.30343878269195557, 0.4748574197292328]
[0.5571626424789429, 0.5594483017921448, 0.41337355971336365, 0.29641252756118774, 0.5742098093032837]
[0.42628005146980286, 0.5413240790367126, 0.44650402665138245, 0.32308852672576904, 0.47281745076179504]
[0.4238641858100891, 0.5414044857025146, 0.5033218860626221, 0.38343286514282227, 0.46733880043029785]
[0.5032725930213928, 0.5756334066390991, 0.4284290671348572, 0.2823159396648407, 0.5192400813102722]
[0.4500259459018707, 0.5599357485771179, 0.47605839371681213, 0.34555336833000183, 0.5019128322601318]
[0.49371418356895447, 0.5490990877151489, 0.4448745548725128, 0.3163633942604065, 0.49266934394836426]
[0.47717297077178955, 0.5580515265464783, 0.45965659618377686, 0.30337241291999817, 0.5064924955368042]
[0.45566636323928833, 0.5452354550361633, 0.4804436266422272, 0.35064461827278137, 0.4837498664855957]
[0.5080853700637817, 0.5664578080177307, 0.44345688819885254, 0.3027638792991638, 0.5463777780532837]
[0.41099897027015686, 0.5287395715713501, 0.5082241892814636, 0.4099242687225342, 0.49442124366760254]
[0.49422770738601685, 0.5710603594779968, 0.4253995716571808, 0.2827663719654083, 0.5305100083351135]
[0.558176577091217, 0.5837705731391907, 0.4205693006515503, 0.26933491230010986, 0.5672476291656494]
[0.5668604373931885, 0.5912736058235168, 0.3963313400745392, 0.25231608748435974, 0.559632420539856]
[0.43512529134750366, 0.5267415046691895, 0.46384531259536743, 0.3373276889324188, 0.4803985059261322]
[0.4394323527812958, 0.5365883708000183, 0.4433954954147339, 0.2766307294368744, 0.47310084104537964]
[0.49748748540878296, 0.5506120920181274, 0.46401137113571167, 0.35367918014526367, 0.522939920425415]
[0.46567732095718384, 0.557813823223114, 0.44300639629364014, 0.3048463761806488, 0.5170302987098694]
[0.46859312057495117, 0.5720308423042297, 0.44820231199264526, 0.30155882239341736, 0.5089949369430542]
[0.5073719620704651, 0.5389474630355835, 0.4687459468841553, 0.37567782402038574, 0.5464813113212585]
[0.44588834047317505, 0.5643321871757507, 0.4448138475418091, 0.2928932309150696, 0.4937358796596527]
[0.5696434378623962, 0.5409774780273438, 0.42916586995124817, 0.30300843715667725, 0.5638031959533691]
[0.5536494851112366, 0.5684286952018738, 0.4264592230319977, 0.28106996417045593, 0.524756133556366]
[0.46198147535324097, 0.5197487473487854, 0.4951556324958801, 0.4047102630138397, 0.4819963276386261]
[0.5064147114753723, 0.5738592743873596, 0.4366488754749298, 0.308135449886322, 0.5417675375938416]
[0.4707360565662384, 0.5628489851951599, 0.453888863325119, 0.3228098154067993, 0.49173814058303833]
[0.49819183349609375, 0.5695810914039612, 0.4092336595058441, 0.28381651639938354, 0.5330636501312256]
[0.4143724739551544, 0.5650216937065125, 0.44503116607666016, 0.2861272096633911, 0.4451847970485687]
[0.5668604373931885, 0.5912736058235168, 0.3963313400745392, 0.25231608748435974, 0.559632420539856]
[0.4853523075580597, 0.5649837255477905, 0.43054261803627014, 0.30421745777130127, 0.48816603422164917]
[0.5401763916015625, 0.5827875733375549, 0.42439883947372437, 0.293878972530365, 0.5481847524642944]
[0.5148754715919495, 0.5890903472900391, 0.4281785488128662, 0.27007487416267395, 0.5256469249725342]
[0.557832658290863, 0.592926561832428, 0.4062283933162689, 0.2568868398666382, 0.5522902011871338]
[0.4561598002910614, 0.5748304128646851, 0.4413904547691345, 0.2797032594680786, 0.4753152132034302]
[0.49819183349609375, 0.5695810914039612, 0.4092336595058441, 0.28381651639938354, 0.5330636501312256]
[0.4464555084705353, 0.5500962734222412, 0.4773167073726654, 0.3522031903266907, 0.5072070360183716]
[0.5560135841369629, 0.589531660079956, 0.3981362283229828, 0.256155788898468, 0.5462249517440796]
[0.49819183349609375, 0.5695810914039612, 0.4092336595058441, 0.28381651639938354, 0.5330636501312256]
[0.4051588475704193, 0.5482924580574036, 0.4606586992740631, 0.3637308180332184, 0.4401950538158417]
[0.43502238392829895, 0.5518838167190552, 0.4396355152130127, 0.30552175641059875, 0.47465139627456665]
[0.5148754715919495, 0.5890903472900391, 0.4281785488128662, 0.27007487416267395, 0.5256469249725342]
[0.5148088335990906, 0.5771486163139343, 0.4151642620563507, 0.28332892060279846, 0.5378295183181763]
[0.5263790488243103, 0.5786576271057129, 0.4422217607498169, 0.31408146023750305, 0.5220354199409485]
[0.5003644227981567, 0.5842087864875793, 0.4017340838909149, 0.28793683648109436, 0.5259613990783691]
[0.5612366199493408, 0.5880085229873657, 0.41232064366340637, 0.2555422782897949, 0.5683594346046448]
[0.4938639998435974, 0.5322045683860779, 0.4823870062828064, 0.3307786285877228, 0.5057982802391052]
[0.4487059414386749, 0.5224093794822693, 0.47115617990493774, 0.30343878269195557, 0.4748574197292328]
[0.4510326683521271, 0.5296815037727356, 0.5089481472969055, 0.38932210206985474, 0.4933432936668396]
[0.49274885654449463, 0.5503638982772827, 0.46545538306236267, 0.31783655285835266, 0.516015350818634]
[0.49778303503990173, 0.585948646068573, 0.4258691966533661, 0.2891307771205902, 0.5406937003135681]
[0.48146992921829224, 0.5602579116821289, 0.4480690062046051, 0.2923527657985687, 0.5135383009910583]
[0.558176577091217, 0.5837705731391907, 0.4205693006515503, 0.26933491230010986, 0.5672476291656494]
[0.5354865789413452, 0.5888907313346863, 0.41922876238822937, 0.2605830132961273, 0.5253303050994873]
[0.5240307450294495, 0.5747890472412109, 0.45064854621887207, 0.28937020897865295, 0.5233840346336365]
[0.44210848212242126, 0.5492075085639954, 0.4417969882488251, 0.3144052028656006, 0.4882339835166931]
[0.49674180150032043, 0.5410493612289429, 0.48588982224464417, 0.3508463203907013, 0.49423760175704956]
[0.5021619200706482, 0.5981611609458923, 0.42897337675094604, 0.2802892029285431, 0.5310062170028687]
[0.5010148882865906, 0.5663202404975891, 0.4499787390232086, 0.30046242475509644, 0.5323467254638672]
[0.49819183349609375, 0.5695810914039612, 0.4092336595058441, 0.28381651639938354, 0.5330636501312256]
[0.49745821952819824, 0.5738565921783447, 0.4508558511734009, 0.3223648965358734, 0.5178987979888916]
[0.5323846340179443, 0.548194944858551, 0.46282312273979187, 0.31006190180778503, 0.5530803203582764]
[0.5249424576759338, 0.568446159362793, 0.4559031128883362, 0.3011932969093323, 0.5538924932479858]
[0.517490029335022, 0.536793053150177, 0.47273874282836914, 0.3869492709636688, 0.5092024803161621]
[0.49819183349609375, 0.5695810914039612, 0.4092336595058441, 0.28381651639938354, 0.5330636501312256]
[0.5564379692077637, 0.5744052529335022, 0.4106665551662445, 0.25654593110084534, 0.5596827864646912]
[0.49819183349609375, 0.5695810914039612, 0.4092336595058441, 0.28381651639938354, 0.5330636501312256]
[0.5587833523750305, 0.5872365832328796, 0.42686736583709717, 0.26111292839050293, 0.5588650703430176]
[0.40588119626045227, 0.5390508770942688, 0.4854786992073059, 0.3995322585105896, 0.471609890460968]
[0.5578155517578125, 0.5479800701141357, 0.42751556634902954, 0.2686919867992401, 0.5583094358444214]
[0.5542560815811157, 0.5880494117736816, 0.40194791555404663, 0.25203168392181396, 0.5564906597137451]
[0.5719183087348938, 0.5710588097572327, 0.4082396626472473, 0.25890052318573, 0.5791832208633423]
[0.5758004188537598, 0.5926928520202637, 0.4018372893333435, 0.24391455948352814, 0.5818316340446472]
[0.4924192428588867, 0.5816009044647217, 0.4279835522174835, 0.2944270968437195, 0.5490533709526062]
[0.6164829730987549, 0.5701443552970886, 0.4170668423175812, 0.23886896669864655, 0.586500346660614]
[0.5095120072364807, 0.5557270646095276, 0.44670018553733826, 0.2924913167953491, 0.5609340071678162]
[0.49819183349609375, 0.5695810914039612, 0.4092336595058441, 0.28381651639938354, 0.5330636501312256]
[0.4667833149433136, 0.5566403865814209, 0.44394540786743164, 0.3202938437461853, 0.5050541162490845]
[0.48691633343696594, 0.5421755909919739, 0.4668852686882019, 0.340611070394516, 0.5307350158691406]
[0.5029013156890869, 0.5560055375099182, 0.47205495834350586, 0.3095410168170929, 0.5189127326011658]
[0.4337560534477234, 0.5523982048034668, 0.4517764747142792, 0.27226343750953674, 0.5017690062522888]
[0.5288282036781311, 0.541934072971344, 0.43609535694122314, 0.30667534470558167, 0.5208234786987305]
[0.45952990651130676, 0.5522022247314453, 0.46930772066116333, 0.3118530213832855, 0.48035529255867004]
[0.5931204557418823, 0.5972629189491272, 0.4032159447669983, 0.239200621843338, 0.5814030766487122]
[0.5252304673194885, 0.5834535956382751, 0.4302990734577179, 0.26966193318367004, 0.5274649858474731]
[0.474351704120636, 0.5761860013008118, 0.4476405382156372, 0.29916828870773315, 0.5055124759674072]
[0.4515915811061859, 0.56268310546875, 0.4351998567581177, 0.3217904567718506, 0.5182197690010071]
[0.5688552260398865, 0.5494468808174133, 0.4454837143421173, 0.28784817457199097, 0.5596808195114136]
[0.5461716651916504, 0.5538591146469116, 0.47534096240997314, 0.3440493643283844, 0.5267952084541321]
[0.4663446843624115, 0.5664870142936707, 0.44976064562797546, 0.31618690490722656, 0.48052358627319336]
[0.5072096586227417, 0.594859778881073, 0.45020201802253723, 0.2692480981349945, 0.5232618451118469]
[0.49819183349609375, 0.5695810914039612, 0.4092336595058441, 0.28381651639938354, 0.5330636501312256]
[0.5624344944953918, 0.5601950287818909, 0.4319644570350647, 0.26987332105636597, 0.5706238150596619]
[0.46776679158210754, 0.5095604658126831, 0.48696550726890564, 0.3886912167072296, 0.4871104955673218]
[0.45461565256118774, 0.5529578924179077, 0.448849618434906, 0.3283729553222656, 0.491573303937912]
[0.3853949010372162, 0.5751807689666748, 0.43906402587890625, 0.2660468518733978, 0.4942639470100403]
[0.5073529481887817, 0.5682827234268188, 0.4843218922615051, 0.3098283112049103, 0.5386985540390015]
[0.4707430303096771, 0.5708350539207458, 0.43348369002342224, 0.2871238887310028, 0.520020604133606]
[0.4582000970840454, 0.5791178941726685, 0.4375838339328766, 0.2882647216320038, 0.5083239078521729]
[0.5111551284790039, 0.5544896721839905, 0.4460759460926056, 0.2911423146724701, 0.5284980535507202]
[0.49246710538864136, 0.5434694886207581, 0.4512476325035095, 0.31464871764183044, 0.4922749400138855]
[0.4398125410079956, 0.5487576723098755, 0.4826735854148865, 0.3562387526035309, 0.4826875627040863]
