0
#快乐大本营#下期嘉宾阵容！东东 、小骄傲张艺兴 、 、#甜馨#、 看到嘉宾小编就坐不住啦，这周末还没过完就期待下周末啦！精彩预告快点戳：
[0.5650774240493774, 0.5561379790306091, 0.43732303380966187, 0.30612510442733765, 0.5568984150886536]
[0.3983748257160187, 0.5328396558761597, 0.47003933787345886, 0.352893590927124, 0.4517911970615387]
[0.43578678369522095, 0.5521038174629211, 0.45444127917289734, 0.33423155546188354, 0.48207923769950867]
[0.5840849280357361, 0.5872165560722351, 0.4195334315299988, 0.26866400241851807, 0.5786135196685791]
[0.49063050746917725, 0.5950989723205566, 0.4328066408634186, 0.2906876802444458, 0.5276592969894409]
[0.4881725609302521, 0.5359714031219482, 0.4828222692012787, 0.3558991253376007, 0.5297489762306213]
[0.5224974155426025, 0.5884905457496643, 0.4241308867931366, 0.2788378894329071, 0.5715176463127136]
[0.5161911845207214, 0.5462545156478882, 0.44617369771003723, 0.31647640466690063, 0.5308183431625366]
[0.6006609797477722, 0.5314348936080933, 0.4202142357826233, 0.3118613362312317, 0.5693907141685486]
[0.48057055473327637, 0.57651287317276, 0.4390086829662323, 0.2941281199455261, 0.5065724849700928]
[0.5311864614486694, 0.5581390857696533, 0.42642292380332947, 0.27110251784324646, 0.5217921137809753]
[0.4545310139656067, 0.5683218836784363, 0.43838346004486084, 0.2662855386734009, 0.482400119304657]
[0.49996256828308105, 0.5653001070022583, 0.4431174099445343, 0.2960699796676636, 0.5367034077644348]
[0.4680088758468628, 0.550041139125824, 0.44602999091148376, 0.3148660957813263, 0.49291518330574036]
[0.5778369307518005, 0.5197716355323792, 0.45559388399124146, 0.3633694648742676, 0.5601499676704407]
[0.6025344133377075, 0.5200576782226562, 0.44242677092552185, 0.321444034576416, 0.5871187448501587]
[0.5244690775871277, 0.5647615790367126, 0.4304567277431488, 0.3098665475845337, 0.5138080716133118]
[0.5029129385948181, 0.5593090057373047, 0.4254739582538605, 0.3058861494064331, 0.5286335945129395]
[0.4696739614009857, 0.5639582276344299, 0.44152772426605225, 0.30918920040130615, 0.4854370653629303]
[0.4787105619907379, 0.5411995649337769, 0.45472654700279236, 0.3376881182193756, 0.45928555727005005]
[0.34984567761421204, 0.5186015367507935, 0.49547722935676575, 0.3595132827758789, 0.4772650897502899]
[0.4817242920398712, 0.515040934085846, 0.4820779860019684, 0.33923545479774475, 0.5056926608085632]
[0.5191455483436584, 0.5825263857841492, 0.4269990921020508, 0.2734336853027344, 0.5284755229949951]
[0.5018748641014099, 0.5554363131523132, 0.43835097551345825, 0.3138083219528198, 0.4929339587688446]
[0.4934942126274109, 0.515018880367279, 0.5063329339027405, 0.34157684445381165, 0.5134381055831909]
[0.5462360382080078, 0.5881468653678894, 0.4231009781360626, 0.28235965967178345, 0.539649486541748]
[0.5136499404907227, 0.5673671960830688, 0.46345141530036926, 0.3297061324119568, 0.5145179629325867]
[0.5966552495956421, 0.5250856280326843, 0.4677712917327881, 0.3633353114128113, 0.585099458694458]
[0.5199814438819885, 0.5684366822242737, 0.4338363707065582, 0.30383720993995667, 0.5431001782417297]
[0.5813234448432922, 0.5722313523292542, 0.4268198609352112, 0.2756974995136261, 0.5703725814819336]
[0.5840312838554382, 0.5397540926933289, 0.4005766212940216, 0.27186426520347595, 0.561435341835022]
[0.35455289483070374, 0.5702024698257446, 0.4576372504234314, 0.3069925010204315, 0.4449981153011322]
[0.5457825660705566, 0.5688545107841492, 0.43535512685775757, 0.33023056387901306, 0.5290973782539368]
[0.5196964740753174, 0.5801562666893005, 0.4316084086894989, 0.294373095035553, 0.5384188294410706]
[0.5507954955101013, 0.5483626127243042, 0.48357686400413513, 0.3660340905189514, 0.5469521880149841]
[0.46671685576438904, 0.5492480397224426, 0.4787571132183075, 0.34363970160484314, 0.5130224823951721]
[0.5382419228553772, 0.54641193151474, 0.425417423248291, 0.27852702140808105, 0.5232431888580322]
[0.44662150740623474, 0.5891345143318176, 0.4263138473033905, 0.27357715368270874, 0.5088294744491577]
[0.5840312838554382, 0.5397540926933289, 0.4005766212940216, 0.27186426520347595, 0.561435341835022]
[0.5624496340751648, 0.5163232088088989, 0.47725212574005127, 0.39170965552330017, 0.5207914113998413]
[0.5382419228553772, 0.54641193151474, 0.425417423248291, 0.27852702140808105, 0.5232431888580322]
[0.4653039276599884, 0.542614758014679, 0.4783232808113098, 0.332434743642807, 0.49543333053588867]
[0.577678918838501, 0.5714728832244873, 0.4190288484096527, 0.26175373792648315, 0.5855556130409241]
[0.5668620467185974, 0.5401272177696228, 0.46524471044540405, 0.304021418094635, 0.5595296025276184]
[0.4181322157382965, 0.49827924370765686, 0.5318135023117065, 0.39742234349250793, 0.4447062611579895]
[0.5105416178703308, 0.5759552121162415, 0.4193115532398224, 0.25837743282318115, 0.5560356974601746]
[0.5331447720527649, 0.5625524520874023, 0.4435979723930359, 0.28374987840652466, 0.5624229907989502]
[0.5847948789596558, 0.4801179766654968, 0.5382521152496338, 0.39540421962738037, 0.5537161231040955]
[0.44719934463500977, 0.5708197355270386, 0.44079068303108215, 0.31064572930336, 0.46219927072525024]
[0.5415434837341309, 0.5836843252182007, 0.43188053369522095, 0.2849196493625641, 0.5561996698379517]
[0.5856809020042419, 0.5459352731704712, 0.4112533926963806, 0.29567185044288635, 0.5636705160140991]
[0.5819237232208252, 0.5335886478424072, 0.44152066111564636, 0.35062113404273987, 0.5586419105529785]
[0.5462360382080078, 0.5881468653678894, 0.4231009781360626, 0.28235965967178345, 0.539649486541748]
[0.5500097274780273, 0.571600079536438, 0.40389132499694824, 0.26812323927879333, 0.5750402808189392]
[0.4804171323776245, 0.5654258131980896, 0.4677906036376953, 0.28913214802742004, 0.5379142165184021]
[0.6487815380096436, 0.5070449113845825, 0.4799409806728363, 0.36608219146728516, 0.6220790147781372]
[0.465638667345047, 0.5249491930007935, 0.4869498908519745, 0.4062146246433258, 0.4865363538265228]
[0.5371768474578857, 0.5770429372787476, 0.425330251455307, 0.29957085847854614, 0.5431767106056213]
[0.4347548484802246, 0.5358537435531616, 0.4720287621021271, 0.35746338963508606, 0.4955020546913147]
[0.5502533316612244, 0.5312448740005493, 0.41978147625923157, 0.28317323327064514, 0.554564893245697]
[0.5182754397392273, 0.5389748811721802, 0.42296645045280457, 0.32526203989982605, 0.547382116317749]
[0.5393720269203186, 0.5579209923744202, 0.4371371269226074, 0.30953139066696167, 0.5223726034164429]
[0.5610705614089966, 0.5226894617080688, 0.4696883261203766, 0.3871437609195709, 0.5247623324394226]
[0.6130142211914062, 0.5616976022720337, 0.3985898196697235, 0.24209748208522797, 0.5774730443954468]
[0.5031595826148987, 0.5642149448394775, 0.42510589957237244, 0.31581857800483704, 0.5263115763664246]
[0.5483601689338684, 0.5406745672225952, 0.42409488558769226, 0.282368928194046, 0.5488948225975037]
[0.6059432625770569, 0.5296838283538818, 0.4161948263645172, 0.3141649067401886, 0.5455644726753235]
[0.4233038127422333, 0.48182737827301025, 0.5442512035369873, 0.5418021082878113, 0.4430408775806427]
[0.5514279007911682, 0.5605601668357849, 0.4431259334087372, 0.3029792308807373, 0.5462109446525574]
[0.5605024695396423, 0.5368673801422119, 0.44593745470046997, 0.3341655731201172, 0.5594240427017212]
[0.5464434623718262, 0.5863863229751587, 0.4256382882595062, 0.24999776482582092, 0.5720712542533875]
[0.48359230160713196, 0.5927678942680359, 0.43945881724357605, 0.2975825071334839, 0.5169289112091064]
[0.36306852102279663, 0.5673357844352722, 0.46880587935447693, 0.32183051109313965, 0.46914389729499817]
[0.477205753326416, 0.5744065642356873, 0.43619304895401, 0.2916920781135559, 0.516212522983551]
[0.5793936252593994, 0.5198135375976562, 0.4531542658805847, 0.37496083974838257, 0.5530267357826233]
[0.5588479042053223, 0.5718439221382141, 0.4177359938621521, 0.28556540608406067, 0.5293592810630798]
[0.5924477577209473, 0.5662975907325745, 0.39193111658096313, 0.2432575672864914, 0.5722929835319519]
[0.5642714500427246, 0.5953532457351685, 0.3974466621875763, 0.23764096200466156, 0.5755925178527832]
[0.5388455986976624, 0.5604899525642395, 0.42620405554771423, 0.31129175424575806, 0.5141449570655823]
[0.5330850481987, 0.5508202314376831, 0.4414985179901123, 0.3373353183269501, 0.4955756366252899]
[0.4738893508911133, 0.5572386384010315, 0.4538305699825287, 0.32831671833992004, 0.5136539936065674]
[0.5156564116477966, 0.5923948287963867, 0.446989506483078, 0.287068635225296, 0.5322439074516296]
[0.5562641024589539, 0.5351870656013489, 0.4831158518791199, 0.34343287348747253, 0.5643132328987122]
[0.5196964740753174, 0.5801562666893005, 0.4316084086894989, 0.294373095035553, 0.5384188294410706]
[0.43104320764541626, 0.5118719935417175, 0.5090149641036987, 0.43789294362068176, 0.4539925754070282]
[0.4847188889980316, 0.5752341747283936, 0.4558356702327728, 0.29847413301467896, 0.5273616909980774]
[0.5726138949394226, 0.5186194777488708, 0.4710976481437683, 0.3714553415775299, 0.5713995099067688]
[0.5813234448432922, 0.5722313523292542, 0.4268198609352112, 0.2756974995136261, 0.5703725814819336]
[0.5413267612457275, 0.5639345049858093, 0.4294086694717407, 0.30348849296569824, 0.5334389209747314]
[0.5460109710693359, 0.553412675857544, 0.4733853340148926, 0.34160327911376953, 0.5242020487785339]
[0.44412583112716675, 0.5627038478851318, 0.4496118426322937, 0.3172956705093384, 0.47430163621902466]
[0.5378910303115845, 0.5858723521232605, 0.41312211751937866, 0.2643585503101349, 0.5683515667915344]
[0.5685920715332031, 0.5775572657585144, 0.4331453740596771, 0.260219931602478, 0.5550675988197327]
[0.5582375526428223, 0.5757390856742859, 0.40693292021751404, 0.24666674435138702, 0.5712189078330994]
[0.5333380699157715, 0.5862709283828735, 0.41026419401168823, 0.2884325683116913, 0.5513356328010559]
[0.4974008798599243, 0.5597365498542786, 0.4588550329208374, 0.31393909454345703, 0.5154668688774109]
[0.5354865789413452, 0.5888907313346863, 0.41922876238822937, 0.2605830132961273, 0.5253303050994873]
[0.43104320764541626, 0.5118719935417175, 0.5090149641036987, 0.43789294362068176, 0.4539925754070282]
[0.4844461679458618, 0.5630307793617249, 0.4466203451156616, 0.27215203642845154, 0.494372695684433]
[0.4804171323776245, 0.5654258131980896, 0.4677906036376953, 0.28913214802742004, 0.5379142165184021]
[0.491463303565979, 0.5622826814651489, 0.4646325409412384, 0.31244850158691406, 0.5094878673553467]
