0
要不要这么可爱啊~好想和你握握手~
[0.5072691440582275, 0.5911827087402344, 0.4158499836921692, 0.27162355184555054, 0.534098207950592]
[0.4514324963092804, 0.5575992465019226, 0.45350131392478943, 0.340752512216568, 0.48385897278785706]
[0.4514324963092804, 0.5575992465019226, 0.45350131392478943, 0.340752512216568, 0.48385897278785706]
[0.5518261790275574, 0.6012564897537231, 0.4240295886993408, 0.2745494246482849, 0.5591794848442078]
[0.5139617323875427, 0.5929368138313293, 0.41964560747146606, 0.23943687975406647, 0.5214974880218506]
[0.5724968910217285, 0.5937889218330383, 0.39974191784858704, 0.24671714007854462, 0.5819882750511169]
[0.4684499502182007, 0.5701569318771362, 0.4457414150238037, 0.30421432852745056, 0.5272724032402039]
[0.5080126523971558, 0.567777156829834, 0.4250556230545044, 0.2930234372615814, 0.5097790956497192]
[0.4116668701171875, 0.5709795951843262, 0.4383661448955536, 0.29180365800857544, 0.4998473525047302]
[0.554267942905426, 0.5859257578849792, 0.4029131233692169, 0.24986891448497772, 0.573498547077179]
[0.44214409589767456, 0.5488420724868774, 0.46411508321762085, 0.3383033573627472, 0.48117905855178833]
[0.5070725679397583, 0.5795678496360779, 0.4309682846069336, 0.25872695446014404, 0.538472592830658]
[0.47730550169944763, 0.5693531632423401, 0.45106014609336853, 0.28791099786758423, 0.5255683660507202]
[0.5070725679397583, 0.5795678496360779, 0.4309682846069336, 0.25872695446014404, 0.538472592830658]
[0.4518534541130066, 0.5660860538482666, 0.45076560974121094, 0.33520448207855225, 0.48706281185150146]
[0.49819183349609375, 0.5695810914039612, 0.4092336595058441, 0.28381651639938354, 0.5330636501312256]
[0.49324673414230347, 0.5369507670402527, 0.4495933949947357, 0.3061124086380005, 0.48294004797935486]
[0.4514324963092804, 0.5575992465019226, 0.45350131392478943, 0.340752512216568, 0.48385897278785706]
[0.53976970911026, 0.5491204857826233, 0.4038591682910919, 0.24259446561336517, 0.5819777846336365]
[0.5323758125305176, 0.6000242829322815, 0.41809743642807007, 0.2648250460624695, 0.5410428047180176]
[0.5335721969604492, 0.5844672918319702, 0.4329370856285095, 0.29459571838378906, 0.5486266016960144]
[0.4514324963092804, 0.5575992465019226, 0.45350131392478943, 0.340752512216568, 0.48385897278785706]
[0.529926061630249, 0.5926625728607178, 0.42263704538345337, 0.27806296944618225, 0.5539138913154602]
[0.5233363509178162, 0.5500969886779785, 0.4484613537788391, 0.3460899591445923, 0.5183035135269165]
[0.4514324963092804, 0.5575992465019226, 0.45350131392478943, 0.340752512216568, 0.48385897278785706]
[0.4292100667953491, 0.5466192960739136, 0.4514811336994171, 0.3410143554210663, 0.4553448259830475]
[0.4514324963092804, 0.5575992465019226, 0.45350131392478943, 0.340752512216568, 0.48385897278785706]
[0.5084572434425354, 0.5784551501274109, 0.43261727690696716, 0.2955396771430969, 0.5334480404853821]
[0.45714595913887024, 0.5476735830307007, 0.4347780644893646, 0.2756993770599365, 0.49836888909339905]
[0.49819183349609375, 0.5695810914039612, 0.4092336595058441, 0.28381651639938354, 0.5330636501312256]
[0.4514324963092804, 0.5575992465019226, 0.45350131392478943, 0.340752512216568, 0.48385897278785706]
[0.5070725679397583, 0.5795678496360779, 0.4309682846069336, 0.25872695446014404, 0.538472592830658]
[0.5524581074714661, 0.5183592438697815, 0.4718249440193176, 0.37315067648887634, 0.5415248870849609]
[0.5266558527946472, 0.5792143940925598, 0.4326219856739044, 0.3000674843788147, 0.5269464254379272]
[0.4514324963092804, 0.5575992465019226, 0.45350131392478943, 0.340752512216568, 0.48385897278785706]
[0.5693179965019226, 0.5880916714668274, 0.4120418429374695, 0.2428867220878601, 0.5568305850028992]
[0.554294228553772, 0.5834164023399353, 0.41537386178970337, 0.2601298391819, 0.5609891414642334]
[0.4253300726413727, 0.5532532334327698, 0.4672848582267761, 0.33650872111320496, 0.46847155690193176]
[0.498602956533432, 0.5706911683082581, 0.4436912536621094, 0.2818233072757721, 0.5183731317520142]
[0.47023507952690125, 0.5565944910049438, 0.44505318999290466, 0.32629698514938354, 0.4922495186328888]
[0.5156600475311279, 0.5551121830940247, 0.4776249825954437, 0.3476704955101013, 0.5032742023468018]
[0.5226471424102783, 0.575131356716156, 0.42065703868865967, 0.27022290229797363, 0.554554283618927]
[0.4822998344898224, 0.543475866317749, 0.4624868631362915, 0.33214306831359863, 0.5200198292732239]
[0.49108850955963135, 0.5731977820396423, 0.4247687757015228, 0.31342869997024536, 0.49884241819381714]
[0.4514324963092804, 0.5575992465019226, 0.45350131392478943, 0.340752512216568, 0.48385897278785706]
[0.5122037529945374, 0.5951223969459534, 0.4556271433830261, 0.2840822637081146, 0.5403502583503723]
[0.5704149603843689, 0.5272381901741028, 0.41076764464378357, 0.3090139925479889, 0.5583422780036926]
[0.6403871178627014, 0.561316192150116, 0.3689635694026947, 0.24750611186027527, 0.6191892623901367]
[0.5422282814979553, 0.5863180160522461, 0.40551844239234924, 0.2753317654132843, 0.556081235408783]
[0.5401726961135864, 0.5816548466682434, 0.41254180669784546, 0.2839929461479187, 0.5191946625709534]
[0.5245497226715088, 0.5801901817321777, 0.44041818380355835, 0.2722350060939789, 0.536654531955719]
[0.3857790231704712, 0.5392985343933105, 0.47278228402137756, 0.3416045904159546, 0.45995238423347473]
[0.5308741331100464, 0.5930380821228027, 0.4457598626613617, 0.2845860719680786, 0.545473575592041]
[0.571648895740509, 0.5482590794563293, 0.4073103964328766, 0.26972171664237976, 0.5686578750610352]
[0.4514324963092804, 0.5575992465019226, 0.45350131392478943, 0.340752512216568, 0.48385897278785706]
[0.5374521017074585, 0.5975584983825684, 0.4260868430137634, 0.27532920241355896, 0.5261778831481934]
[0.38782650232315063, 0.5521957874298096, 0.462995707988739, 0.3012830913066864, 0.44657930731773376]
[0.5180590152740479, 0.5276139378547668, 0.42582449316978455, 0.30790063738822937, 0.5604929327964783]
