0
不舍得让过去的都过去，因此多了心苦。并非都是生活亏待了你。只因留恋过去，阻挡了迎面而来的幸福。
[0.4657851457595825, 0.5313419699668884, 0.48880669474601746, 0.3976193964481354, 0.5346181392669678]
[0.4745076298713684, 0.5685465931892395, 0.43701115250587463, 0.32765993475914, 0.49283212423324585]
[0.44951581954956055, 0.5843620896339417, 0.45074307918548584, 0.30201977491378784, 0.47219300270080566]
[0.48144328594207764, 0.5661331415176392, 0.45628291368484497, 0.29978513717651367, 0.48293212056159973]
[0.4870612919330597, 0.5923250317573547, 0.43344277143478394, 0.2929536700248718, 0.5192163586616516]
[0.4651842415332794, 0.5654184222221375, 0.45092183351516724, 0.3133809566497803, 0.5128798484802246]
[0.4917965829372406, 0.5642513632774353, 0.44473153352737427, 0.292820006608963, 0.504958987236023]
[0.48379552364349365, 0.5937032699584961, 0.41920071840286255, 0.2830924987792969, 0.4925927221775055]
[0.5164988040924072, 0.573447048664093, 0.4414103031158447, 0.27708446979522705, 0.5426628589630127]
[0.48747962713241577, 0.5934807062149048, 0.42945700883865356, 0.2838844060897827, 0.5418825745582581]
[0.519564151763916, 0.5994476675987244, 0.4436655342578888, 0.27814093232154846, 0.5494194030761719]
[0.470486044883728, 0.5870657563209534, 0.43310973048210144, 0.3074754774570465, 0.5032020807266235]
[0.5022574067115784, 0.5828858017921448, 0.4302860498428345, 0.3002454340457916, 0.550584077835083]
[0.5248557925224304, 0.5667269825935364, 0.41690483689308167, 0.2813672721385956, 0.5646396279335022]
[0.48506200313568115, 0.5660913586616516, 0.4325677454471588, 0.295868456363678, 0.49542316794395447]
[0.5356305241584778, 0.5841944813728333, 0.43610939383506775, 0.2869618833065033, 0.5402525067329407]
[0.4415414333343506, 0.5635045170783997, 0.4640190005302429, 0.32343003153800964, 0.5026422142982483]
[0.45285138487815857, 0.5802346467971802, 0.4525621235370636, 0.28657710552215576, 0.513145387172699]
