0
整理出40部反复看都不会腻的韩国电影，小伙伴们赶紧马走慢慢看。
[0.5427973866462708, 0.5471256971359253, 0.46827995777130127, 0.32378992438316345, 0.5660250186920166]
[0.5433883666992188, 0.5611304044723511, 0.43746981024742126, 0.28951627016067505, 0.5031216740608215]
[0.5535418391227722, 0.5951646566390991, 0.4027711749076843, 0.2501104176044464, 0.5523548126220703]
[0.4450586438179016, 0.5871633887290955, 0.42695310711860657, 0.28137558698654175, 0.5238177180290222]
[0.5555643439292908, 0.5246040225028992, 0.4209772050380707, 0.33952876925468445, 0.5867025256156921]
[0.49819183349609375, 0.5695810914039612, 0.4092336595058441, 0.28381651639938354, 0.5330636501312256]
[0.4864603579044342, 0.5856674313545227, 0.43329983949661255, 0.278639018535614, 0.5388331413269043]
[0.4181612432003021, 0.5541577935218811, 0.4643937349319458, 0.3535362780094147, 0.4590347111225128]
[0.4542996287345886, 0.5695730447769165, 0.4407593607902527, 0.27934420108795166, 0.5228704214096069]
[0.4733462333679199, 0.5659077763557434, 0.45500969886779785, 0.3202838599681854, 0.527880072593689]
[0.4274751842021942, 0.5509858727455139, 0.48326319456100464, 0.3786456882953644, 0.4868806004524231]
[0.4518127739429474, 0.5654386281967163, 0.44854816794395447, 0.32330435514450073, 0.4904094636440277]
[0.49819183349609375, 0.5695810914039612, 0.4092336595058441, 0.28381651639938354, 0.5330636501312256]
[0.5348653793334961, 0.586736261844635, 0.42041611671447754, 0.2525664269924164, 0.543251633644104]
[0.5145943760871887, 0.5735636949539185, 0.4274218678474426, 0.29499027132987976, 0.5090327262878418]
[0.5555643439292908, 0.5246040225028992, 0.4209772050380707, 0.33952876925468445, 0.5867025256156921]
[0.38523876667022705, 0.5422537326812744, 0.460223913192749, 0.3524673879146576, 0.4603257477283478]
[0.6260241866111755, 0.5546552538871765, 0.39577993750572205, 0.24298156797885895, 0.6057634353637695]
[0.475519597530365, 0.5578610301017761, 0.45895567536354065, 0.3205142021179199, 0.48233747482299805]
[0.532428503036499, 0.5873708128929138, 0.4325021207332611, 0.2960374653339386, 0.5456432700157166]
[0.5001099109649658, 0.5631083250045776, 0.41920775175094604, 0.2896673083305359, 0.5115642547607422]
[0.537272036075592, 0.5887752175331116, 0.4071476459503174, 0.2596084177494049, 0.5493714213371277]
[0.549780011177063, 0.5834099650382996, 0.4118582308292389, 0.2516467273235321, 0.5776092410087585]
[0.46897414326667786, 0.5543799996376038, 0.4418073296546936, 0.32680848240852356, 0.46527084708213806]
[0.4796968102455139, 0.5849654674530029, 0.4335140585899353, 0.2644028961658478, 0.5368123054504395]
[0.5376847982406616, 0.5804328322410583, 0.42246440052986145, 0.2877207100391388, 0.5199177861213684]
[0.558176577091217, 0.5837705731391907, 0.4205693006515503, 0.26933491230010986, 0.5672476291656494]
[0.5199148654937744, 0.5927889347076416, 0.41821998357772827, 0.2913672924041748, 0.5509877800941467]
[0.46196866035461426, 0.5743392109870911, 0.44794702529907227, 0.31074821949005127, 0.5127508640289307]
[0.4529496729373932, 0.5621602535247803, 0.44658756256103516, 0.32730311155319214, 0.49140259623527527]
[0.47266554832458496, 0.5519589185714722, 0.44095170497894287, 0.29977044463157654, 0.4967813491821289]
[0.4866655766963959, 0.5945627093315125, 0.4251653850078583, 0.28056809306144714, 0.5209738612174988]
[0.535178542137146, 0.588973879814148, 0.4427764117717743, 0.2869139611721039, 0.5641772747039795]
[0.529624879360199, 0.5896633863449097, 0.41819608211517334, 0.26099666953086853, 0.5508267879486084]
[0.4492926299571991, 0.5932587385177612, 0.44531723856925964, 0.2746775448322296, 0.5033401250839233]
[0.46736884117126465, 0.5681612491607666, 0.4392384886741638, 0.3178490102291107, 0.5021782517433167]
