0
【下午茶】一段父亲的表述：“我希望你的他，能够比我更爱你，可又多希望，这一天可以晚一点来……” #心灵阅者#
[0.3815512955188751, 0.5369059443473816, 0.5135543346405029, 0.3891543447971344, 0.4395899474620819]
[0.44363221526145935, 0.5595702528953552, 0.4620760381221771, 0.33950841426849365, 0.4741751551628113]
[0.5195300579071045, 0.5967549085617065, 0.4330116808414459, 0.2693736255168915, 0.5471246838569641]
[0.45686161518096924, 0.559668242931366, 0.4693780541419983, 0.36081552505493164, 0.47463059425354004]
[0.4782865643501282, 0.5507270097732544, 0.481862872838974, 0.3600291907787323, 0.5057288408279419]
[0.48809364438056946, 0.5813369750976562, 0.4432474970817566, 0.29226648807525635, 0.5288520455360413]
[0.48213139176368713, 0.5655723810195923, 0.4213460087776184, 0.26592105627059937, 0.5171046853065491]
[0.5597729086875916, 0.6007533073425293, 0.40219613909721375, 0.26147571206092834, 0.5675651431083679]
[0.44071507453918457, 0.5610941052436829, 0.46255287528038025, 0.33957934379577637, 0.49766528606414795]
[0.5494096279144287, 0.5962614417076111, 0.4337291419506073, 0.26538246870040894, 0.552483856678009]
[0.44801902770996094, 0.5690574049949646, 0.43299970030784607, 0.298013299703598, 0.48948803544044495]
[0.5070725679397583, 0.5795678496360779, 0.4309682846069336, 0.25872695446014404, 0.538472592830658]
[0.4237355589866638, 0.5566639304161072, 0.45816755294799805, 0.3165076971054077, 0.46372437477111816]
[0.5011724829673767, 0.583110511302948, 0.4317406117916107, 0.29340115189552307, 0.5079672932624817]
[0.44363221526145935, 0.5595702528953552, 0.4620760381221771, 0.33950841426849365, 0.4741751551628113]
[0.37970682978630066, 0.561385452747345, 0.47618818283081055, 0.35232827067375183, 0.45583730936050415]
[0.5070725679397583, 0.5795678496360779, 0.4309682846069336, 0.25872695446014404, 0.538472592830658]
[0.4889574646949768, 0.5700656175613403, 0.45380067825317383, 0.3061593770980835, 0.5101001262664795]
[0.4979860484600067, 0.5442314147949219, 0.4756416380405426, 0.3559955358505249, 0.5079078078269958]
[0.4800666570663452, 0.5124881863594055, 0.5085864663124084, 0.4136348366737366, 0.5189740657806396]
[0.4179351031780243, 0.5859779715538025, 0.45708805322647095, 0.2960010766983032, 0.47518834471702576]
[0.478202223777771, 0.5890205502510071, 0.4457724392414093, 0.2858710289001465, 0.48931267857551575]
[0.5054748058319092, 0.5686333775520325, 0.42387664318084717, 0.3026074469089508, 0.5516637563705444]
[0.48143741488456726, 0.5540748834609985, 0.459514856338501, 0.33527347445487976, 0.5015628337860107]
[0.48143741488456726, 0.5540748834609985, 0.459514856338501, 0.33527347445487976, 0.5015628337860107]
[0.5129990577697754, 0.5799995064735413, 0.42124807834625244, 0.2877086400985718, 0.5247274041175842]
[0.47362953424453735, 0.5777169466018677, 0.44834545254707336, 0.2962595820426941, 0.510715663433075]
[0.5139550566673279, 0.5783491730690002, 0.4485261142253876, 0.2657461166381836, 0.526617169380188]
[0.46731916069984436, 0.5488307476043701, 0.4666374921798706, 0.301304429769516, 0.517231285572052]
[0.4237355589866638, 0.5566639304161072, 0.45816755294799805, 0.3165076971054077, 0.46372437477111816]
[0.3733891248703003, 0.5611460208892822, 0.4335845410823822, 0.2932266592979431, 0.4552551209926605]
[0.405026376247406, 0.5425769686698914, 0.4575459957122803, 0.3480139970779419, 0.45965898036956787]
[0.4851321280002594, 0.5775279402732849, 0.43543219566345215, 0.30435317754745483, 0.5098975896835327]
[0.6055775284767151, 0.5318122506141663, 0.4006847143173218, 0.31330403685569763, 0.5899018049240112]
[0.5261722207069397, 0.5814753770828247, 0.42649686336517334, 0.29148679971694946, 0.5348762273788452]
[0.48143741488456726, 0.5540748834609985, 0.459514856338501, 0.33527347445487976, 0.5015628337860107]
[0.48710381984710693, 0.5889881253242493, 0.4379975199699402, 0.2858316898345947, 0.5217689275741577]
[0.42950940132141113, 0.5665091276168823, 0.47022220492362976, 0.2947593033313751, 0.47321808338165283]
[0.4908388555049896, 0.5453976988792419, 0.4533192813396454, 0.34490638971328735, 0.5000010132789612]
[0.5487155318260193, 0.581397294998169, 0.4066696763038635, 0.23304858803749084, 0.5766659379005432]
[0.5070725679397583, 0.5795678496360779, 0.4309682846069336, 0.25872695446014404, 0.538472592830658]
[0.4412965178489685, 0.5545810461044312, 0.46726757287979126, 0.2961829900741577, 0.5105957388877869]
[0.48143741488456726, 0.5540748834609985, 0.459514856338501, 0.33527347445487976, 0.5015628337860107]
[0.5070725679397583, 0.5795678496360779, 0.4309682846069336, 0.25872695446014404, 0.538472592830658]
[0.5253751277923584, 0.5867047309875488, 0.44460463523864746, 0.28053727746009827, 0.5337516069412231]
[0.4590192139148712, 0.5511606931686401, 0.47198042273521423, 0.33829259872436523, 0.4947318434715271]
[0.4955621361732483, 0.5399615168571472, 0.4810025691986084, 0.3831237554550171, 0.5186626315116882]
[0.42845475673675537, 0.5403168797492981, 0.4632006883621216, 0.31245553493499756, 0.4793044924736023]
[0.5301759243011475, 0.5829324722290039, 0.40018388628959656, 0.2666611969470978, 0.5496729016304016]
[0.4851321280002594, 0.5775279402732849, 0.43543219566345215, 0.30435317754745483, 0.5098975896835327]
[0.4440482556819916, 0.5573993921279907, 0.46615320444107056, 0.33000877499580383, 0.49301934242248535]
[0.531878650188446, 0.591961681842804, 0.42150241136550903, 0.25743991136550903, 0.5537905097007751]
[0.5316011309623718, 0.5726118087768555, 0.42501094937324524, 0.2716130316257477, 0.5190761089324951]
[0.47910335659980774, 0.56900954246521, 0.433025062084198, 0.26722022891044617, 0.5385024547576904]
[0.46834897994995117, 0.5504290461540222, 0.4332405626773834, 0.26983070373535156, 0.5317162871360779]
[0.3560519814491272, 0.5488243103027344, 0.4737565815448761, 0.35333362221717834, 0.4506913423538208]
[0.34054774045944214, 0.539177656173706, 0.47648748755455017, 0.3618694841861725, 0.4245429039001465]
[0.49819183349609375, 0.5695810914039612, 0.4092336595058441, 0.28381651639938354, 0.5330636501312256]
[0.4108167290687561, 0.5260651707649231, 0.5413121581077576, 0.42941194772720337, 0.4968051016330719]
[0.5092724561691284, 0.5224035978317261, 0.514288604259491, 0.45329293608665466, 0.5120731592178345]
[0.4998680651187897, 0.5846989750862122, 0.44372251629829407, 0.2904888093471527, 0.5416653752326965]
[0.4617270827293396, 0.5694071054458618, 0.45798763632774353, 0.2844363749027252, 0.4993147850036621]
[0.5275622606277466, 0.5664427876472473, 0.43794769048690796, 0.29416459798812866, 0.544275164604187]
[0.45123347640037537, 0.5407151579856873, 0.5036108493804932, 0.4248361885547638, 0.4660150408744812]
[0.33731308579444885, 0.5439006090164185, 0.5138198137283325, 0.5426218509674072, 0.5051087141036987]
[0.5011724829673767, 0.583110511302948, 0.4317406117916107, 0.29340115189552307, 0.5079672932624817]
[0.48710381984710693, 0.5889881253242493, 0.4379975199699402, 0.2858316898345947, 0.5217689275741577]
[0.4646313190460205, 0.5754488706588745, 0.4431605935096741, 0.3013610541820526, 0.5093960165977478]
[0.4913164973258972, 0.5761451721191406, 0.44172757863998413, 0.28581708669662476, 0.5223435163497925]
[0.515293538570404, 0.5744335651397705, 0.41366899013519287, 0.28180649876594543, 0.5246812701225281]
[0.6055775284767151, 0.5318122506141663, 0.4006847143173218, 0.31330403685569763, 0.5899018049240112]
[0.531878650188446, 0.591961681842804, 0.42150241136550903, 0.25743991136550903, 0.5537905097007751]
[0.5035694241523743, 0.5761603116989136, 0.42902085185050964, 0.30378177762031555, 0.518930196762085]
[0.47234973311424255, 0.5773348212242126, 0.4608237147331238, 0.347850501537323, 0.5156580209732056]
[0.5265991687774658, 0.5751092433929443, 0.41886159777641296, 0.2921629250049591, 0.5521132349967957]
[0.4141789376735687, 0.5564069151878357, 0.47792258858680725, 0.3396405875682831, 0.46655601263046265]
[0.49276959896087646, 0.576484203338623, 0.4773969352245331, 0.3679538071155548, 0.5293446183204651]
[0.5210349559783936, 0.5441992878913879, 0.476743221282959, 0.34551534056663513, 0.5261398553848267]
[0.5608701705932617, 0.556836724281311, 0.4285547733306885, 0.3128478229045868, 0.535657525062561]
[0.48325249552726746, 0.5697986483573914, 0.4583033323287964, 0.32942551374435425, 0.5358553528785706]
[0.3984765112400055, 0.5626145601272583, 0.47210222482681274, 0.31542977690696716, 0.48995697498321533]
[0.3984765112400055, 0.5626145601272583, 0.47210222482681274, 0.31542977690696716, 0.48995697498321533]
[0.4140040874481201, 0.5569955706596375, 0.4554964303970337, 0.2866068482398987, 0.447593629360199]
[0.3984765112400055, 0.5626145601272583, 0.47210222482681274, 0.31542977690696716, 0.48995697498321533]
[0.5387141108512878, 0.5455809831619263, 0.4344691038131714, 0.30109941959381104, 0.5546473860740662]
[0.3748966455459595, 0.5323869585990906, 0.5195911526679993, 0.40315425395965576, 0.437144011259079]
