0
【手机流量一夜疯跑50G 13天流量总费用15425元】陈女士11日晚10点多就睡了，老公帮她将手机程序和WiFi关掉后充电，不料流量一夜疯跑50G。查询发现11月1日至13日，总流量55691.04MB。总费用为15425.51元。专业人士称可能是手机中毒，或运营商网络出问题。电信正在调查
[0.513615071773529, 0.5382336974143982, 0.4935779571533203, 0.33060047030448914, 0.5132114291191101]
[0.4874669909477234, 0.5411080121994019, 0.44605809450149536, 0.2967138886451721, 0.5328169465065002]
[0.5653747320175171, 0.5958674550056458, 0.410073459148407, 0.2521335780620575, 0.5308053493499756]
[0.5139428377151489, 0.573470950126648, 0.45043495297431946, 0.28169840574264526, 0.5457955002784729]
[0.4851071536540985, 0.5499038100242615, 0.43609991669654846, 0.2913856506347656, 0.5231989026069641]
[0.4998035132884979, 0.5494987964630127, 0.4757336676120758, 0.3649202287197113, 0.4964381754398346]
[0.5664893984794617, 0.5876714587211609, 0.4169379472732544, 0.25832438468933105, 0.5511159896850586]
[0.42387112975120544, 0.5590845346450806, 0.5023210048675537, 0.3624141216278076, 0.5020143985748291]
[0.5203461647033691, 0.5783154368400574, 0.42207953333854675, 0.2909437417984009, 0.5251195430755615]
[0.4766940474510193, 0.5704583525657654, 0.4354061484336853, 0.28795549273490906, 0.5197787284851074]
[0.47354409098625183, 0.5493960976600647, 0.45949414372444153, 0.34775203466415405, 0.5057647824287415]
[0.4539719521999359, 0.5813544988632202, 0.4316006898880005, 0.2967911660671234, 0.4877201020717621]
[0.4797559678554535, 0.552652895450592, 0.4516519606113434, 0.2916921377182007, 0.5338854789733887]
[0.41738271713256836, 0.5622204542160034, 0.42699798941612244, 0.2677058279514313, 0.477432519197464]
[0.4684726595878601, 0.5681494474411011, 0.4231792986392975, 0.294869989156723, 0.5036972761154175]
[0.5377652645111084, 0.550055205821991, 0.437057763338089, 0.3092534840106964, 0.5173441767692566]
[0.44833987951278687, 0.5759527087211609, 0.4342811703681946, 0.27991586923599243, 0.49246180057525635]
[0.425785630941391, 0.5267091393470764, 0.5133883357048035, 0.3958076238632202, 0.46691179275512695]
[0.46187928318977356, 0.5732017159461975, 0.4198762774467468, 0.27261990308761597, 0.5262121558189392]
[0.4190274775028229, 0.5372366309165955, 0.4751838743686676, 0.29579535126686096, 0.45295950770378113]
[0.4964067041873932, 0.5554831027984619, 0.4646027088165283, 0.3596576154232025, 0.5146968960762024]
[0.5090087056159973, 0.5164685845375061, 0.46778643131256104, 0.3870464265346527, 0.5365030765533447]
[0.52618408203125, 0.5562832355499268, 0.43140074610710144, 0.32875725626945496, 0.5171001553535461]
[0.43363210558891296, 0.5518274903297424, 0.47928911447525024, 0.3306438624858856, 0.45876985788345337]
[0.5308099985122681, 0.5932654738426208, 0.4122462570667267, 0.2862716019153595, 0.5336551070213318]
[0.5830345749855042, 0.5725469589233398, 0.3973020911216736, 0.2432868331670761, 0.6127132177352905]
[0.4698488414287567, 0.5346431732177734, 0.49843019247055054, 0.4205469489097595, 0.4998517334461212]
[0.47078949213027954, 0.5797970294952393, 0.4646596610546112, 0.29390907287597656, 0.5024222731590271]
[0.4469355344772339, 0.5663285255432129, 0.4474504590034485, 0.31831035017967224, 0.49157145619392395]
[0.50620037317276, 0.5758300423622131, 0.44680526852607727, 0.28706103563308716, 0.5325595736503601]
[0.48707935214042664, 0.5911483764648438, 0.4190375804901123, 0.2779906690120697, 0.5282396674156189]
[0.45436689257621765, 0.5304394960403442, 0.4855554401874542, 0.3805566430091858, 0.47887933254241943]
[0.43790361285209656, 0.5557385087013245, 0.4593186378479004, 0.31012454628944397, 0.4899635910987854]
[0.5325679183006287, 0.5457116961479187, 0.4413716793060303, 0.3115580976009369, 0.5526602268218994]
[0.423271507024765, 0.5242070555686951, 0.5582869648933411, 0.4379366338253021, 0.5189806818962097]
[0.4470474123954773, 0.5278670191764832, 0.5379921793937683, 0.41900524497032166, 0.5301157236099243]
[0.40991663932800293, 0.5388350486755371, 0.4617173969745636, 0.3616304397583008, 0.43505334854125977]
[0.48955103754997253, 0.5838776230812073, 0.44432175159454346, 0.2737244665622711, 0.5394945740699768]
[0.5143640041351318, 0.5389987826347351, 0.4752483665943146, 0.3566913306713104, 0.5375198125839233]
[0.4937402904033661, 0.5276974439620972, 0.5080680251121521, 0.393349289894104, 0.5199386477470398]
[0.5239611268043518, 0.5913594365119934, 0.4191100001335144, 0.28520724177360535, 0.528921902179718]
[0.5412173867225647, 0.5479665398597717, 0.43043720722198486, 0.2559748888015747, 0.5718696117401123]
[0.5062088966369629, 0.5837779641151428, 0.4103859066963196, 0.2824176847934723, 0.5346516370773315]
[0.5422345399856567, 0.567527711391449, 0.4110037684440613, 0.27603721618652344, 0.5577144622802734]
[0.4253772497177124, 0.5530622601509094, 0.4453214704990387, 0.3096068799495697, 0.5011806488037109]
[0.513475239276886, 0.567227840423584, 0.4348676800727844, 0.27024441957473755, 0.5633593797683716]
[0.5614398717880249, 0.5874865651130676, 0.40811750292778015, 0.2454666793346405, 0.5566931962966919]
[0.5022488832473755, 0.5589846968650818, 0.44821715354919434, 0.31564441323280334, 0.52226722240448]
[0.5225325226783752, 0.5623326897621155, 0.4847942888736725, 0.3054776191711426, 0.5048250555992126]
[0.5619046688079834, 0.5600945949554443, 0.4178409278392792, 0.27422425150871277, 0.5532897710800171]
[0.471378892660141, 0.5689477920532227, 0.46963009238243103, 0.315074622631073, 0.531509280204773]
[0.4168853163719177, 0.5512591004371643, 0.44621047377586365, 0.32399681210517883, 0.46349579095840454]
[0.464789479970932, 0.5345802903175354, 0.4788050949573517, 0.3135070502758026, 0.4788264334201813]
[0.5070725679397583, 0.5795678496360779, 0.4309682846069336, 0.25872695446014404, 0.538472592830658]
