0
#夜猫子时间#今晚， 亮红白蓝三色灯，向同为WFGT（世界高塔协会）成员的法国巴黎艾菲尔塔表达哀思。同一天里，浙江发生山体滑坡、广西出现罕见暴雨、巴黎遭遇恐怖袭击...天灾人祸前，生命显得如此脆弱！今夜，你愿意与东方明珠一起，为那些逝去的生命，点上一根蜡烛吗？
[0.508207380771637, 0.5411990284919739, 0.4793178141117096, 0.41704365611076355, 0.5329150557518005]
[0.5139103531837463, 0.564642071723938, 0.4167860150337219, 0.27206626534461975, 0.5414698719978333]
[0.5387242436408997, 0.5776657462120056, 0.4233693480491638, 0.2884500026702881, 0.530592679977417]
[0.5416102409362793, 0.581336259841919, 0.42030274868011475, 0.2856791317462921, 0.5441380143165588]
[0.5070725679397583, 0.5795678496360779, 0.4309682846069336, 0.25872695446014404, 0.538472592830658]
[0.49002039432525635, 0.5777077674865723, 0.44564512372016907, 0.29992973804473877, 0.5109502673149109]
[0.5533649325370789, 0.5922772884368896, 0.4088630974292755, 0.2677921652793884, 0.5596466064453125]
[0.4758692681789398, 0.5671343803405762, 0.4664519131183624, 0.3051452934741974, 0.4674079716205597]
[0.5070725679397583, 0.5795678496360779, 0.4309682846069336, 0.25872695446014404, 0.538472592830658]
[0.5074096918106079, 0.5905137658119202, 0.42286908626556396, 0.27135273814201355, 0.5313239097595215]
[0.48217862844467163, 0.5706440806388855, 0.4284246265888214, 0.31639963388442993, 0.5174888968467712]
[0.5070725679397583, 0.5795678496360779, 0.4309682846069336, 0.25872695446014404, 0.538472592830658]
[0.4383559823036194, 0.5795822739601135, 0.4175054430961609, 0.27643531560897827, 0.5017744302749634]
[0.514352560043335, 0.5477963089942932, 0.47335782647132874, 0.32721853256225586, 0.5327104926109314]
[0.5456117987632751, 0.5715263485908508, 0.42064666748046875, 0.2746475040912628, 0.5527488589286804]
[0.5337488651275635, 0.589595377445221, 0.399512380361557, 0.2456403225660324, 0.5708073973655701]
[0.4526674151420593, 0.5781423449516296, 0.4468136429786682, 0.337678462266922, 0.5012483596801758]
[0.5070725679397583, 0.5795678496360779, 0.4309682846069336, 0.25872695446014404, 0.538472592830658]
[0.5070725679397583, 0.5795678496360779, 0.4309682846069336, 0.25872695446014404, 0.538472592830658]
[0.45946353673934937, 0.5667272806167603, 0.4638427495956421, 0.3149395287036896, 0.4863983690738678]
[0.4145958721637726, 0.5823923349380493, 0.4234815835952759, 0.27667316794395447, 0.5000684857368469]
[0.49708783626556396, 0.5786683559417725, 0.4398018419742584, 0.2991350591182709, 0.518470823764801]
[0.5227102637290955, 0.5583924651145935, 0.45265433192253113, 0.31960004568099976, 0.5302565097808838]
[0.4145958721637726, 0.5823923349380493, 0.4234815835952759, 0.27667316794395447, 0.5000684857368469]
[0.5221373438835144, 0.5692457556724548, 0.4214622676372528, 0.30344128608703613, 0.5420607924461365]
[0.5813165307044983, 0.5868186354637146, 0.4160771071910858, 0.2537931799888611, 0.5925940275192261]
[0.47468990087509155, 0.5501669049263, 0.4848424196243286, 0.3141562044620514, 0.5059961676597595]
[0.5070725679397583, 0.5795678496360779, 0.4309682846069336, 0.25872695446014404, 0.538472592830658]
[0.5070725679397583, 0.5795678496360779, 0.4309682846069336, 0.25872695446014404, 0.538472592830658]
[0.5852333307266235, 0.5952311754226685, 0.40429332852363586, 0.2525728642940521, 0.5804541110992432]
[0.5070725679397583, 0.5795678496360779, 0.4309682846069336, 0.25872695446014404, 0.538472592830658]
[0.4115726947784424, 0.5889117121696472, 0.4280593991279602, 0.28481826186180115, 0.49063342809677124]
[0.5070725679397583, 0.5795678496360779, 0.4309682846069336, 0.25872695446014404, 0.538472592830658]
[0.5257024168968201, 0.5650400519371033, 0.44640040397644043, 0.332238107919693, 0.527951717376709]
[0.45948198437690735, 0.5754063725471497, 0.45792973041534424, 0.29213809967041016, 0.5074315071105957]
[0.5070725679397583, 0.5795678496360779, 0.4309682846069336, 0.25872695446014404, 0.538472592830658]
[0.514252245426178, 0.5609899163246155, 0.4256059527397156, 0.307109534740448, 0.49912339448928833]
[0.5270827412605286, 0.5967831015586853, 0.41281893849372864, 0.26888126134872437, 0.5519604086875916]
[0.5350704193115234, 0.5992518663406372, 0.42912599444389343, 0.2763587236404419, 0.5443992614746094]
[0.5438856482505798, 0.5929805040359497, 0.418680876493454, 0.27237069606781006, 0.5508289337158203]
[0.4115726947784424, 0.5889117121696472, 0.4280593991279602, 0.28481826186180115, 0.49063342809677124]
[0.6000707149505615, 0.5337573289871216, 0.47871658205986023, 0.3712497651576996, 0.5988777875900269]
[0.5070725679397583, 0.5795678496360779, 0.4309682846069336, 0.25872695446014404, 0.538472592830658]
[0.5205713510513306, 0.5297805666923523, 0.4195392429828644, 0.29907459020614624, 0.5619041919708252]
[0.46590617299079895, 0.5896897315979004, 0.4162682890892029, 0.25360408425331116, 0.5199807286262512]
[0.5070725679397583, 0.5795678496360779, 0.4309682846069336, 0.25872695446014404, 0.538472592830658]
[0.5539227724075317, 0.5794833302497864, 0.39929720759391785, 0.2486688792705536, 0.5674978494644165]
[0.526881754398346, 0.5979073643684387, 0.41598978638648987, 0.27638667821884155, 0.5459108948707581]
[0.5505272150039673, 0.5539519190788269, 0.4217540919780731, 0.2675475776195526, 0.5346012115478516]
[0.377202570438385, 0.5675201416015625, 0.4594901204109192, 0.2993837594985962, 0.4692065417766571]
[0.4966122806072235, 0.5821616053581238, 0.4080374240875244, 0.2674298882484436, 0.5387101173400879]
[0.5070725679397583, 0.5795678496360779, 0.4309682846069336, 0.25872695446014404, 0.538472592830658]
[0.5070725679397583, 0.5795678496360779, 0.4309682846069336, 0.25872695446014404, 0.538472592830658]
[0.4526674151420593, 0.5781423449516296, 0.4468136429786682, 0.337678462266922, 0.5012483596801758]
[0.5261821746826172, 0.5413076877593994, 0.45122283697128296, 0.36355483531951904, 0.5587301850318909]
[0.4860498607158661, 0.5690179467201233, 0.4693455398082733, 0.34258031845092773, 0.505925714969635]
[0.5217631459236145, 0.5791600346565247, 0.4047856330871582, 0.2797306478023529, 0.5468876361846924]
[0.5070725679397583, 0.5795678496360779, 0.4309682846069336, 0.25872695446014404, 0.538472592830658]
[0.4916382431983948, 0.5528214573860168, 0.42752403020858765, 0.3008933365345001, 0.540758490562439]
[0.5074096918106079, 0.5905137658119202, 0.42286908626556396, 0.27135273814201355, 0.5313239097595215]
[0.4961491525173187, 0.56101393699646, 0.4850330650806427, 0.37036824226379395, 0.5282683968544006]
[0.5409342646598816, 0.5857351422309875, 0.4225656986236572, 0.273992121219635, 0.5471168160438538]
[0.5389255285263062, 0.5830386281013489, 0.4010266363620758, 0.2604374587535858, 0.5624330043792725]
[0.5070725679397583, 0.5795678496360779, 0.4309682846069336, 0.25872695446014404, 0.538472592830658]
[0.5094843506813049, 0.6034868955612183, 0.40556982159614563, 0.2812712490558624, 0.5397591590881348]
[0.5070725679397583, 0.5795678496360779, 0.4309682846069336, 0.25872695446014404, 0.538472592830658]
[0.4372378885746002, 0.5856943130493164, 0.4439297318458557, 0.3022082448005676, 0.4810304343700409]
[0.4973718523979187, 0.5379101634025574, 0.4541406035423279, 0.32227200269699097, 0.5137003660202026]
[0.41728073358535767, 0.5672393441200256, 0.4386146068572998, 0.3015117049217224, 0.4596993327140808]
[0.4941159784793854, 0.5871078372001648, 0.4551331400871277, 0.310104638338089, 0.5405142307281494]
[0.49819183349609375, 0.5695810914039612, 0.4092336595058441, 0.28381651639938354, 0.5330636501312256]
[0.4528525471687317, 0.5811170935630798, 0.4448253810405731, 0.28081104159355164, 0.4837719798088074]
[0.5070725679397583, 0.5795678496360779, 0.4309682846069336, 0.25872695446014404, 0.538472592830658]
[0.5189265608787537, 0.5611710548400879, 0.4495536983013153, 0.30067890882492065, 0.5294281244277954]
[0.4820975363254547, 0.5764319896697998, 0.41227495670318604, 0.302428662776947, 0.4973088800907135]
[0.45823046565055847, 0.5711642503738403, 0.4331651031970978, 0.2993607223033905, 0.5040628910064697]
[0.5159599781036377, 0.5314895510673523, 0.48841592669487, 0.324596643447876, 0.4812728464603424]
[0.5070725679397583, 0.5795678496360779, 0.4309682846069336, 0.25872695446014404, 0.538472592830658]
[0.5485150218009949, 0.5217136740684509, 0.47641852498054504, 0.35636723041534424, 0.5489075183868408]
[0.5117270946502686, 0.5844427943229675, 0.44116440415382385, 0.28396356105804443, 0.5395846366882324]
[0.5070725679397583, 0.5795678496360779, 0.4309682846069336, 0.25872695446014404, 0.538472592830658]
[0.5180673599243164, 0.5648065805435181, 0.4504128694534302, 0.3342665135860443, 0.5201733112335205]
[0.5235690474510193, 0.5722395777702332, 0.4369205832481384, 0.3047332167625427, 0.554409921169281]
[0.5676040053367615, 0.5861453413963318, 0.41007542610168457, 0.26666533946990967, 0.5676657557487488]
[0.5051141381263733, 0.5580061674118042, 0.4322929382324219, 0.29757052659988403, 0.5401062965393066]
[0.5070725679397583, 0.5795678496360779, 0.4309682846069336, 0.25872695446014404, 0.538472592830658]
[0.5676040053367615, 0.5861453413963318, 0.41007542610168457, 0.26666533946990967, 0.5676657557487488]
[0.5066863298416138, 0.54509437084198, 0.4675818383693695, 0.29449403285980225, 0.531940758228302]
[0.5239977836608887, 0.5767860412597656, 0.46865496039390564, 0.3043206036090851, 0.5335593819618225]
[0.4710491895675659, 0.5874733924865723, 0.40956029295921326, 0.26324427127838135, 0.5250749588012695]
[0.5216236710548401, 0.569459855556488, 0.42083540558815, 0.29349568486213684, 0.5458881855010986]
[0.5189951062202454, 0.5478217601776123, 0.44791072607040405, 0.3809252679347992, 0.5436083674430847]
[0.4758692681789398, 0.5671343803405762, 0.4664519131183624, 0.3051452934741974, 0.4674079716205597]
[0.5291409492492676, 0.5681513547897339, 0.44359689950942993, 0.31188780069351196, 0.5584844350814819]
[0.49600833654403687, 0.5596417784690857, 0.4226798713207245, 0.27611806988716125, 0.5455050468444824]
[0.5942544937133789, 0.5912078619003296, 0.38774317502975464, 0.24379988014698029, 0.5831058025360107]
[0.5696427226066589, 0.5665457248687744, 0.3918001055717468, 0.26367631554603577, 0.580228328704834]
[0.6043557524681091, 0.5945970416069031, 0.4243316948413849, 0.2668123245239258, 0.5879651308059692]
[0.48147422075271606, 0.5586879253387451, 0.45992207527160645, 0.3540041446685791, 0.4768790006637573]
[0.5358066558837891, 0.5523639917373657, 0.4508313536643982, 0.31273943185806274, 0.5651360154151917]
[0.43834900856018066, 0.5592781901359558, 0.4711304008960724, 0.2951470613479614, 0.4947161078453064]
