0
“爱收了又给，我们都不太完美。梦做了又碎，我们有几次机会去追。我拉住时间，它却不理会，有没有别人，跟我一样很想被安慰。”#听首歌再睡觉#
[0.3352402448654175, 0.5526077151298523, 0.5151268839836121, 0.5422207117080688, 0.5050926804542542]
[0.5484544634819031, 0.5583009719848633, 0.43076539039611816, 0.32510730624198914, 0.5467180013656616]
[0.5438856482505798, 0.5929805040359497, 0.418680876493454, 0.27237069606781006, 0.5508289337158203]
[0.5438856482505798, 0.5929805040359497, 0.418680876493454, 0.27237069606781006, 0.5508289337158203]
[0.46955692768096924, 0.5813456773757935, 0.42611849308013916, 0.26813581585884094, 0.516441822052002]
[0.5141787528991699, 0.5826427340507507, 0.4249812960624695, 0.32261326909065247, 0.5393543839454651]
[0.5438856482505798, 0.5929805040359497, 0.418680876493454, 0.27237069606781006, 0.5508289337158203]
[0.452840119600296, 0.5643858313560486, 0.4237957000732422, 0.30319803953170776, 0.5215920805931091]
[0.48455610871315, 0.5571413636207581, 0.43473461270332336, 0.2830703854560852, 0.5288318395614624]
[0.4473282992839813, 0.5371564030647278, 0.4859350919723511, 0.3257153332233429, 0.48717060685157776]
[0.3736056387424469, 0.49508458375930786, 0.4780445992946625, 0.38561248779296875, 0.44027379155158997]
[0.5861726403236389, 0.5672274231910706, 0.43854188919067383, 0.2989374101161957, 0.5825349688529968]
[0.49819183349609375, 0.5695810914039612, 0.4092336595058441, 0.28381651639938354, 0.5330636501312256]
[0.5070725679397583, 0.5795678496360779, 0.4309682846069336, 0.25872695446014404, 0.538472592830658]
[0.44816192984580994, 0.5676057934761047, 0.4609144926071167, 0.3110998570919037, 0.49042752385139465]
[0.5438856482505798, 0.5929805040359497, 0.418680876493454, 0.27237069606781006, 0.5508289337158203]
[0.6299277544021606, 0.4810861051082611, 0.5895583033561707, 0.5444697737693787, 0.6426478028297424]
[0.5005050897598267, 0.5623932480812073, 0.44413119554519653, 0.3517437279224396, 0.513737678527832]
[0.5221025943756104, 0.5952014327049255, 0.43399420380592346, 0.2852431833744049, 0.5178686380386353]
[0.5070725679397583, 0.5795678496360779, 0.4309682846069336, 0.25872695446014404, 0.538472592830658]
[0.49819183349609375, 0.5695810914039612, 0.4092336595058441, 0.28381651639938354, 0.5330636501312256]
[0.5040166974067688, 0.5749642252922058, 0.4256442189216614, 0.256921648979187, 0.530798614025116]
[0.44046369194984436, 0.5332326292991638, 0.4464159905910492, 0.31350818276405334, 0.47540372610092163]
[0.5438856482505798, 0.5929805040359497, 0.418680876493454, 0.27237069606781006, 0.5508289337158203]
[0.49187278747558594, 0.5876051187515259, 0.454416424036026, 0.2725306451320648, 0.520451545715332]
[0.4837616980075836, 0.5479525923728943, 0.46605992317199707, 0.2893677055835724, 0.5069752335548401]
[0.4669066369533539, 0.5683801770210266, 0.4368348717689514, 0.2546407878398895, 0.5348135828971863]
[0.5322773456573486, 0.595144510269165, 0.44891130924224854, 0.27204006910324097, 0.5343011617660522]
[0.49631452560424805, 0.5834445357322693, 0.4355669319629669, 0.28239572048187256, 0.5423945188522339]
[0.4326973259449005, 0.559425950050354, 0.4551445543766022, 0.3366177976131439, 0.44678375124931335]
[0.4966733455657959, 0.5744411945343018, 0.43779850006103516, 0.30212751030921936, 0.5435018539428711]
[0.5087375044822693, 0.5786194205284119, 0.4413965046405792, 0.28738951683044434, 0.5421649813652039]
[0.3909111022949219, 0.5475239753723145, 0.4901285469532013, 0.39476728439331055, 0.45785126090049744]
[0.44816192984580994, 0.5676057934761047, 0.4609144926071167, 0.3110998570919037, 0.49042752385139465]
[0.5218644738197327, 0.5913718938827515, 0.4145115911960602, 0.2783168852329254, 0.5498266816139221]
[0.4943523705005646, 0.5637354850769043, 0.43179333209991455, 0.2961491048336029, 0.5441009998321533]
[0.5438856482505798, 0.5929805040359497, 0.418680876493454, 0.27237069606781006, 0.5508289337158203]
[0.4443732500076294, 0.5416932702064514, 0.44456738233566284, 0.33561792969703674, 0.5170319080352783]
[0.5218644738197327, 0.5913718938827515, 0.4145115911960602, 0.2783168852329254, 0.5498266816139221]
[0.4872705340385437, 0.5534102320671082, 0.45289522409439087, 0.3486674129962921, 0.4874460995197296]
[0.3830762803554535, 0.5624433159828186, 0.4624323546886444, 0.3004853427410126, 0.46082693338394165]
[0.4966733455657959, 0.5744411945343018, 0.43779850006103516, 0.30212751030921936, 0.5435018539428711]
[0.4823426902294159, 0.5599173307418823, 0.4477692246437073, 0.3168680667877197, 0.5237576961517334]
[0.3836226761341095, 0.5608996748924255, 0.44250020384788513, 0.2956514060497284, 0.4686121344566345]
[0.5438856482505798, 0.5929805040359497, 0.418680876493454, 0.27237069606781006, 0.5508289337158203]
[0.5024450421333313, 0.5584524273872375, 0.4246096909046173, 0.30954620242118835, 0.5122803449630737]
[0.4958008825778961, 0.5674916505813599, 0.41986626386642456, 0.27858400344848633, 0.535285472869873]
[0.5070725679397583, 0.5795678496360779, 0.4309682846069336, 0.25872695446014404, 0.538472592830658]
[0.5038291811943054, 0.5704079866409302, 0.44958630204200745, 0.34100693464279175, 0.548412024974823]
[0.4625866413116455, 0.5722255706787109, 0.43243885040283203, 0.27550873160362244, 0.5110930800437927]
[0.497152179479599, 0.5466672778129578, 0.4316144585609436, 0.29466018080711365, 0.5068188905715942]
[0.4758692681789398, 0.5671343803405762, 0.4664519131183624, 0.3051452934741974, 0.4674079716205597]
[0.3599802255630493, 0.5382550954818726, 0.4898460805416107, 0.4066213071346283, 0.4466530978679657]
[0.5438856482505798, 0.5929805040359497, 0.418680876493454, 0.27237069606781006, 0.5508289337158203]
[0.5658982992172241, 0.5202699899673462, 0.44190070033073425, 0.28160983324050903, 0.5875887274742126]
[0.4937114715576172, 0.5767382979393005, 0.43032318353652954, 0.2866557240486145, 0.5040330290794373]
[0.4721396565437317, 0.5637892484664917, 0.4179189205169678, 0.27589917182922363, 0.5275524854660034]
[0.4841058850288391, 0.5870224833488464, 0.44672882556915283, 0.2864149212837219, 0.49642056226730347]
[0.48620903491973877, 0.5518351793289185, 0.44459185004234314, 0.29944196343421936, 0.5323979258537292]
[0.5129087567329407, 0.5875256657600403, 0.4311249256134033, 0.2762818932533264, 0.5471360683441162]
[0.4897332787513733, 0.5687656402587891, 0.4342817962169647, 0.31175145506858826, 0.5263805389404297]
[0.5235432982444763, 0.5322157144546509, 0.44127780199050903, 0.2987824082374573, 0.5329701900482178]
[0.5653156638145447, 0.5673961043357849, 0.40789225697517395, 0.25395485758781433, 0.5680007934570312]
[0.5038291811943054, 0.5704079866409302, 0.44958630204200745, 0.34100693464279175, 0.548412024974823]
[0.48123955726623535, 0.5715495944023132, 0.42588192224502563, 0.29062211513519287, 0.534590482711792]
[0.48710599541664124, 0.5858561992645264, 0.42076873779296875, 0.2916084825992584, 0.5204312205314636]
[0.5175659656524658, 0.5820815563201904, 0.4353973865509033, 0.2987155318260193, 0.5519856214523315]
[0.498373806476593, 0.5650812387466431, 0.47421857714653015, 0.37348073720932007, 0.5352627635002136]
[0.3985058069229126, 0.588350236415863, 0.4451031982898712, 0.30750423669815063, 0.4898831248283386]
[0.5102841258049011, 0.5708134174346924, 0.4362703561782837, 0.3194509446620941, 0.5229342579841614]
[0.40192121267318726, 0.5435431003570557, 0.4869404137134552, 0.37291914224624634, 0.48937809467315674]
[0.5372689366340637, 0.5848490595817566, 0.4263046383857727, 0.282003253698349, 0.5496053099632263]
[0.5438856482505798, 0.5929805040359497, 0.418680876493454, 0.27237069606781006, 0.5508289337158203]
[0.5073285698890686, 0.5439386367797852, 0.441071480512619, 0.28745216131210327, 0.5296325087547302]
[0.49819183349609375, 0.5695810914039612, 0.4092336595058441, 0.28381651639938354, 0.5330636501312256]
[0.4752196669578552, 0.5852223038673401, 0.41296347975730896, 0.26951566338539124, 0.5140863656997681]
[0.522706151008606, 0.5681227445602417, 0.4380051791667938, 0.3216993808746338, 0.5512852668762207]
[0.49819183349609375, 0.5695810914039612, 0.4092336595058441, 0.28381651639938354, 0.5330636501312256]
[0.3830762803554535, 0.5624433159828186, 0.4624323546886444, 0.3004853427410126, 0.46082693338394165]
[0.4507657289505005, 0.5759833455085754, 0.4491910934448242, 0.30187246203422546, 0.5119761824607849]
[0.5039663314819336, 0.5805967450141907, 0.42555558681488037, 0.27302831411361694, 0.5298407077789307]
[0.4886368215084076, 0.5863251686096191, 0.41383031010627747, 0.27735206484794617, 0.5323401093482971]
[0.4559813141822815, 0.5517964363098145, 0.43995919823646545, 0.2864042818546295, 0.4790608286857605]
[0.49819183349609375, 0.5695810914039612, 0.4092336595058441, 0.28381651639938354, 0.5330636501312256]
[0.49819183349609375, 0.5695810914039612, 0.4092336595058441, 0.28381651639938354, 0.5330636501312256]
[0.5070725679397583, 0.5795678496360779, 0.4309682846069336, 0.25872695446014404, 0.538472592830658]
[0.5619920492172241, 0.5962912440299988, 0.4108649790287018, 0.27023419737815857, 0.5735920071601868]
[0.5070725679397583, 0.5795678496360779, 0.4309682846069336, 0.25872695446014404, 0.538472592830658]
[0.5070725679397583, 0.5795678496360779, 0.4309682846069336, 0.25872695446014404, 0.538472592830658]
[0.5523123741149902, 0.59344482421875, 0.4480453133583069, 0.3001241981983185, 0.5574230551719666]
[0.4684355556964874, 0.552702009677887, 0.4810934364795685, 0.3238702714443207, 0.45728349685668945]
[0.47446632385253906, 0.5820426344871521, 0.4425436556339264, 0.30737075209617615, 0.5176777243614197]
[0.5438856482505798, 0.5929805040359497, 0.418680876493454, 0.27237069606781006, 0.5508289337158203]
[0.48691779375076294, 0.5732474327087402, 0.44545722007751465, 0.29774007201194763, 0.5381170511245728]
[0.47406068444252014, 0.5703029036521912, 0.4466192424297333, 0.33237001299858093, 0.5104770064353943]
[0.4953930974006653, 0.5685055255889893, 0.44146403670310974, 0.3158722221851349, 0.5558108687400818]
[0.4543713331222534, 0.5731645226478577, 0.4632920026779175, 0.3077490031719208, 0.5241381525993347]
[0.42492881417274475, 0.5405202507972717, 0.44831275939941406, 0.323818564414978, 0.4828023612499237]
[0.5524945259094238, 0.5923707485198975, 0.4189342260360718, 0.25591716170310974, 0.5617615580558777]
[0.5038291811943054, 0.5704079866409302, 0.44958630204200745, 0.34100693464279175, 0.548412024974823]
[0.4758692681789398, 0.5671343803405762, 0.4664519131183624, 0.3051452934741974, 0.4674079716205597]
