0
每个班总有一个那样的人。你是哪一个？看着看着我哭了。
[0.49878376722335815, 0.57813960313797, 0.43658530712127686, 0.27843645215034485, 0.528038740158081]
[0.5070725679397583, 0.5795678496360779, 0.4309682846069336, 0.25872695446014404, 0.538472592830658]
[0.5701385140419006, 0.5722566843032837, 0.430569589138031, 0.28251200914382935, 0.5661984086036682]
[0.47694599628448486, 0.5707288980484009, 0.4301442503929138, 0.2884899973869324, 0.49586066603660583]
[0.48731493949890137, 0.5732279419898987, 0.4339311718940735, 0.3012865483760834, 0.5250781178474426]
[0.4917965829372406, 0.5642513632774353, 0.44473153352737427, 0.292820006608963, 0.504958987236023]
[0.45888838171958923, 0.5751011371612549, 0.44946616888046265, 0.2766833007335663, 0.49351632595062256]
[0.4994473159313202, 0.566906213760376, 0.4399726390838623, 0.30914074182510376, 0.5019035935401917]
[0.4444626271724701, 0.5796604752540588, 0.42106014490127563, 0.27564737200737, 0.4757292568683624]
[0.5070725679397583, 0.5795678496360779, 0.4309682846069336, 0.25872695446014404, 0.538472592830658]
[0.4575755298137665, 0.574734628200531, 0.4365733563899994, 0.32041648030281067, 0.5080375075340271]
[0.5670269727706909, 0.5608720183372498, 0.3964748978614807, 0.26216763257980347, 0.5400245189666748]
[0.5154830813407898, 0.5687937140464783, 0.42953553795814514, 0.2887207567691803, 0.546816885471344]
[0.299699991941452, 0.5357517004013062, 0.46393805742263794, 0.3387625217437744, 0.4280739426612854]
[0.5108610391616821, 0.5851766467094421, 0.42154207825660706, 0.2858797013759613, 0.5303259491920471]
[0.49878376722335815, 0.57813960313797, 0.43658530712127686, 0.27843645215034485, 0.528038740158081]
[0.54474276304245, 0.5308748483657837, 0.44001132249832153, 0.35088643431663513, 0.5268035531044006]
[0.47668102383613586, 0.5796104073524475, 0.45194995403289795, 0.32330086827278137, 0.4901876151561737]
[0.5077835321426392, 0.5453025102615356, 0.4590305984020233, 0.32170337438583374, 0.5160549283027649]
[0.44371652603149414, 0.5742337107658386, 0.4362668991088867, 0.3168849050998688, 0.48117727041244507]
[0.47029995918273926, 0.5592565536499023, 0.4469299018383026, 0.2821853458881378, 0.5213014483451843]
[0.39540916681289673, 0.5412539839744568, 0.4472198486328125, 0.3153819441795349, 0.4460022449493408]
[0.4408969581127167, 0.5698286890983582, 0.44054359197616577, 0.31261223554611206, 0.4732881188392639]
[0.3525565266609192, 0.5549966096878052, 0.4557444751262665, 0.29298844933509827, 0.43208077549934387]
[0.44453102350234985, 0.5580043196678162, 0.4550471603870392, 0.3237708508968353, 0.4701545238494873]
[0.4771402180194855, 0.5701949596405029, 0.44243767857551575, 0.3237445056438446, 0.49245068430900574]
[0.5204708576202393, 0.548600435256958, 0.4275394678115845, 0.2758438289165497, 0.537585973739624]
[0.48379552364349365, 0.5937032699584961, 0.41920071840286255, 0.2830924987792969, 0.4925927221775055]
[0.5522581338882446, 0.5639349222183228, 0.42950600385665894, 0.3037589490413666, 0.530256986618042]
[0.47289976477622986, 0.5605526566505432, 0.46107253432273865, 0.364546537399292, 0.4787157475948334]
[0.48733916878700256, 0.5739020109176636, 0.42586496472358704, 0.2761390507221222, 0.4984787106513977]
[0.5167209506034851, 0.5633214712142944, 0.4319169521331787, 0.289650022983551, 0.5471745133399963]
[0.5070317983627319, 0.5452879071235657, 0.4622753858566284, 0.31720444560050964, 0.4937302768230438]
[0.5419313311576843, 0.5621212720870972, 0.41954106092453003, 0.2985459268093109, 0.5355397462844849]
[0.48379552364349365, 0.5937032699584961, 0.41920071840286255, 0.2830924987792969, 0.4925927221775055]
[0.4995829463005066, 0.5748459696769714, 0.4292200207710266, 0.30916282534599304, 0.5215024352073669]
[0.48468926548957825, 0.5890598297119141, 0.4137701094150543, 0.28365588188171387, 0.5282618403434753]
[0.5236206650733948, 0.5336326360702515, 0.4601201117038727, 0.3735426962375641, 0.5037121772766113]
[0.5148643255233765, 0.5183582305908203, 0.5321234464645386, 0.48413482308387756, 0.4881208539009094]
[0.5461922287940979, 0.548640787601471, 0.4366321265697479, 0.2882528007030487, 0.5647512078285217]
[0.5045405030250549, 0.5052394866943359, 0.5006535649299622, 0.42478206753730774, 0.4720293879508972]
[0.5083670020103455, 0.5905871391296387, 0.42509856820106506, 0.26113343238830566, 0.5380882620811462]
[0.4144365191459656, 0.5744951367378235, 0.4557182490825653, 0.302291601896286, 0.4848234951496124]
[0.5258211493492126, 0.5932811498641968, 0.42310842871665955, 0.2633090317249298, 0.5470502972602844]
[0.4917965829372406, 0.5642513632774353, 0.44473153352737427, 0.292820006608963, 0.504958987236023]
[0.495993435382843, 0.5642498731613159, 0.4329095482826233, 0.31354567408561707, 0.5056219100952148]
[0.48382821679115295, 0.5655003786087036, 0.4236461818218231, 0.30723026394844055, 0.5098972320556641]
[0.4683949649333954, 0.5613514184951782, 0.4456084668636322, 0.2932247221469879, 0.4750397801399231]
[0.4692782759666443, 0.5496721267700195, 0.4592490494251251, 0.3340885639190674, 0.489228755235672]
[0.4917965829372406, 0.5642513632774353, 0.44473153352737427, 0.292820006608963, 0.504958987236023]
[0.46058061718940735, 0.5579507946968079, 0.42957445979118347, 0.31514838337898254, 0.46423035860061646]
[0.5380205512046814, 0.5894039869308472, 0.4274311363697052, 0.2704201936721802, 0.553236722946167]
[0.4413558542728424, 0.5877446532249451, 0.4243814945220947, 0.2975524961948395, 0.49075180292129517]
[0.4891476333141327, 0.5677754282951355, 0.4332621097564697, 0.307548850774765, 0.49656736850738525]
[0.47993865609169006, 0.5677005052566528, 0.44920170307159424, 0.30870509147644043, 0.5129146575927734]
[0.5229182839393616, 0.589519202709198, 0.41947415471076965, 0.2589041292667389, 0.5703988075256348]
[0.4577089548110962, 0.5780177116394043, 0.45316436886787415, 0.3525294363498688, 0.4890076816082001]
[0.5214154124259949, 0.5825825929641724, 0.4288598299026489, 0.2943418622016907, 0.5432304739952087]
[0.47151339054107666, 0.5715645551681519, 0.4499739110469818, 0.33686506748199463, 0.4928189218044281]
[0.49358364939689636, 0.5493506193161011, 0.48152995109558105, 0.42233359813690186, 0.49582943320274353]
[0.5214973092079163, 0.5683035850524902, 0.43089690804481506, 0.3249690532684326, 0.4938463270664215]
[0.469961941242218, 0.5698673725128174, 0.4427434504032135, 0.321134090423584, 0.4933847188949585]
[0.48168399930000305, 0.5560228824615479, 0.4384370744228363, 0.3075668215751648, 0.5042309761047363]
[0.5719947218894958, 0.5834696292877197, 0.4119549095630646, 0.2552081346511841, 0.5544055700302124]
[0.6067633032798767, 0.5353873372077942, 0.4091188907623291, 0.2482634037733078, 0.6062132716178894]
[0.5140640139579773, 0.5566539764404297, 0.41907045245170593, 0.31551510095596313, 0.5013797879219055]
[0.48441600799560547, 0.5436940789222717, 0.44381022453308105, 0.32544809579849243, 0.46812206506729126]
[0.5531261563301086, 0.5872694849967957, 0.40591537952423096, 0.27315646409988403, 0.5644882917404175]
[0.4854361116886139, 0.5534502863883972, 0.4319288730621338, 0.29605215787887573, 0.5067445635795593]
[0.4662160277366638, 0.5530959367752075, 0.4467785060405731, 0.3240543007850647, 0.46991971135139465]
[0.5502533316612244, 0.5312448740005493, 0.41978147625923157, 0.28317323327064514, 0.554564893245697]
[0.40348249673843384, 0.5570186376571655, 0.45032909512519836, 0.3166749179363251, 0.48300495743751526]
[0.6055775284767151, 0.5318122506141663, 0.4006847143173218, 0.31330403685569763, 0.5899018049240112]
[0.525449812412262, 0.5707821846008301, 0.4459446668624878, 0.32814931869506836, 0.5293703079223633]
[0.507925271987915, 0.5773091316223145, 0.46639731526374817, 0.30160030722618103, 0.5031887888908386]
[0.5527693629264832, 0.5696558356285095, 0.42850807309150696, 0.29561206698417664, 0.5416703820228577]
[0.5531261563301086, 0.5872694849967957, 0.40591537952423096, 0.27315646409988403, 0.5644882917404175]
[0.45282697677612305, 0.5596315264701843, 0.49044543504714966, 0.3310127258300781, 0.506933867931366]
[0.5280783772468567, 0.5869492888450623, 0.42548859119415283, 0.27692118287086487, 0.5599837303161621]
[0.299699991941452, 0.5357517004013062, 0.46393805742263794, 0.3387625217437744, 0.4280739426612854]
