0
华山派和昆仑派两大长老决战暗巷
[0.4707351624965668, 0.5868454575538635, 0.4522268772125244, 0.2872088551521301, 0.5362600088119507]
[0.5801012516021729, 0.5786793231964111, 0.4160715341567993, 0.25264695286750793, 0.5795139670372009]
[0.5193629860877991, 0.5856478810310364, 0.41173920035362244, 0.282301664352417, 0.5441094636917114]
[0.5678560733795166, 0.5909246206283569, 0.42402154207229614, 0.2864508628845215, 0.5651647448539734]
[0.5214084982872009, 0.5714222192764282, 0.4650977551937103, 0.31595954298973083, 0.544054388999939]
[0.308572381734848, 0.5461940765380859, 0.45525485277175903, 0.3129640221595764, 0.4233928620815277]
[0.47870925068855286, 0.5761701464653015, 0.43065914511680603, 0.31260257959365845, 0.4975345730781555]
[0.5792722105979919, 0.5920242071151733, 0.4009076952934265, 0.24300988018512726, 0.5679585933685303]
[0.5070725679397583, 0.5795678496360779, 0.4309682846069336, 0.25872695446014404, 0.538472592830658]
[0.5496380925178528, 0.5922093987464905, 0.42045193910598755, 0.24833084642887115, 0.5694851279258728]
[0.523734986782074, 0.5653489232063293, 0.44208937883377075, 0.30899661779403687, 0.5187197923660278]
[0.48012518882751465, 0.5752395391464233, 0.45022159814834595, 0.27420222759246826, 0.547339916229248]
[0.3375685513019562, 0.5544866919517517, 0.48140525817871094, 0.3187791109085083, 0.44560161232948303]
[0.5373417735099792, 0.5879915952682495, 0.4212911128997803, 0.281441330909729, 0.5567320585250854]
[0.4819023907184601, 0.5700960755348206, 0.4381822347640991, 0.2772255837917328, 0.5247058868408203]
[0.5040035247802734, 0.5719863772392273, 0.43091994524002075, 0.27657848596572876, 0.5261465907096863]
[0.5592621564865112, 0.5803223848342896, 0.3969642221927643, 0.25764280557632446, 0.5419326424598694]
[0.3870401084423065, 0.5267006158828735, 0.47867894172668457, 0.33591023087501526, 0.466704785823822]
[0.5615060329437256, 0.5841159224510193, 0.39749354124069214, 0.27023908495903015, 0.5706154108047485]
[0.513811469078064, 0.5746616721153259, 0.41468244791030884, 0.28313329815864563, 0.541999101638794]
[0.5073795914649963, 0.5735815167427063, 0.433464914560318, 0.29023489356040955, 0.5339184403419495]
[0.5104259848594666, 0.5805566310882568, 0.4429561495780945, 0.28099432587623596, 0.5107094049453735]
[0.48002368211746216, 0.5668062567710876, 0.4385146498680115, 0.3166976869106293, 0.4927319586277008]
[0.3375685513019562, 0.5544866919517517, 0.48140525817871094, 0.3187791109085083, 0.44560161232948303]
[0.38711169362068176, 0.5279871821403503, 0.4557743966579437, 0.30488863587379456, 0.4453742504119873]
[0.5925108790397644, 0.5381631851196289, 0.46803247928619385, 0.3459642231464386, 0.5877552628517151]
[0.6187416911125183, 0.56113201379776, 0.38060101866722107, 0.22830606997013092, 0.6063405871391296]
[0.4840106964111328, 0.5558731555938721, 0.41286396980285645, 0.2765307128429413, 0.486960232257843]
[0.4968099892139435, 0.5784382820129395, 0.43374547362327576, 0.27722540497779846, 0.5265190005302429]
[0.48115548491477966, 0.55580735206604, 0.46187272667884827, 0.32925355434417725, 0.49473023414611816]
[0.558366060256958, 0.5544257760047913, 0.44382336735725403, 0.33988532423973083, 0.521166980266571]
[0.5055984854698181, 0.5598300695419312, 0.45797353982925415, 0.3115845322608948, 0.5128416419029236]
[0.5269863605499268, 0.5690195560455322, 0.432814359664917, 0.2642947733402252, 0.5176442861557007]
[0.5031757354736328, 0.5758205652236938, 0.42453181743621826, 0.2870590090751648, 0.5530076026916504]
[0.5177729725837708, 0.5833643078804016, 0.40603089332580566, 0.2730325162410736, 0.5234096646308899]
[0.5306695103645325, 0.5699583888053894, 0.46231788396835327, 0.3224925994873047, 0.5221647024154663]
