0
#从天儿降定档1204#1个外星萌宝，4个鲜爸辣妈，到底谁是亲生的？这五口之家日子简直没法儿过了！ 张艺兴
[0.5338186621665955, 0.5446620583534241, 0.4302968680858612, 0.30483222007751465, 0.5424247980117798]
[0.5200116634368896, 0.5720511674880981, 0.4227384030818939, 0.314330130815506, 0.5088509321212769]
[0.5550233721733093, 0.5435676574707031, 0.43374109268188477, 0.30566859245300293, 0.5460503101348877]
[0.5848340392112732, 0.5334930419921875, 0.5078310370445251, 0.3627494275569916, 0.5808257460594177]
[0.4807804226875305, 0.5578171610832214, 0.4687729775905609, 0.3593551218509674, 0.5068616271018982]
[0.5266479253768921, 0.5549889206886292, 0.44011449813842773, 0.2822497487068176, 0.5275467038154602]
[0.5294680595397949, 0.5816271901130676, 0.4205760359764099, 0.26335349678993225, 0.5373582243919373]
[0.567449152469635, 0.5676830410957336, 0.4365771412849426, 0.2879166305065155, 0.5499337911605835]
[0.5555955171585083, 0.534435510635376, 0.44832196831703186, 0.3105503022670746, 0.5513229966163635]
[0.48198428750038147, 0.5443158745765686, 0.4720308780670166, 0.3516533076763153, 0.49231162667274475]
[0.5853202939033508, 0.5206593871116638, 0.510072648525238, 0.4360789358615875, 0.5844792127609253]
[0.573701798915863, 0.5670372843742371, 0.41888007521629333, 0.2575725317001343, 0.570328950881958]
[0.5881707072257996, 0.5542852878570557, 0.40465226769447327, 0.27784407138824463, 0.5620368719100952]
[0.5607783198356628, 0.5228776931762695, 0.44773897528648376, 0.3439114987850189, 0.5395451188087463]
[0.4357045888900757, 0.536875307559967, 0.4690428376197815, 0.3540724515914917, 0.45112499594688416]
[0.5653522610664368, 0.5458577871322632, 0.472137987613678, 0.322552353143692, 0.5338760614395142]
[0.4423312544822693, 0.5407575964927673, 0.452224999666214, 0.3212873041629791, 0.46673694252967834]
[0.5216225385665894, 0.5555927753448486, 0.4398021996021271, 0.27472272515296936, 0.5236858129501343]
[0.5586143136024475, 0.5306283235549927, 0.42329248785972595, 0.3086618483066559, 0.5445643663406372]
[0.4719812273979187, 0.5349209904670715, 0.45820337533950806, 0.35424375534057617, 0.46997910737991333]
[0.5530123114585876, 0.5815533399581909, 0.40122276544570923, 0.27029845118522644, 0.5576052069664001]
[0.61244797706604, 0.6016194820404053, 0.406667023897171, 0.2380007803440094, 0.5863751769065857]
[0.592261016368866, 0.5471028089523315, 0.41857561469078064, 0.2788291871547699, 0.5836198329925537]
[0.5382419228553772, 0.54641193151474, 0.425417423248291, 0.27852702140808105, 0.5232431888580322]
[0.5382419228553772, 0.54641193151474, 0.425417423248291, 0.27852702140808105, 0.5232431888580322]
[0.43989700078964233, 0.5669779181480408, 0.45545393228530884, 0.310596764087677, 0.4760257601737976]
[0.5150982141494751, 0.5621427893638611, 0.4275656044483185, 0.29625532031059265, 0.5191974639892578]
[0.573701798915863, 0.5670372843742371, 0.41888007521629333, 0.2575725317001343, 0.570328950881958]
[0.6260786056518555, 0.5546814799308777, 0.4641001224517822, 0.3138923943042755, 0.584395706653595]
[0.5638747811317444, 0.5403178334236145, 0.551063597202301, 0.43745923042297363, 0.5814409852027893]
[0.4514324963092804, 0.5575992465019226, 0.45350131392478943, 0.340752512216568, 0.48385897278785706]
[0.6095378994941711, 0.5763353109359741, 0.4083009362220764, 0.24690882861614227, 0.562998354434967]
[0.4373071789741516, 0.5452826619148254, 0.48178359866142273, 0.3524990379810333, 0.4911378026008606]
[0.5525786280632019, 0.5211663246154785, 0.5142391920089722, 0.4330355226993561, 0.5720921754837036]
[0.5909847021102905, 0.5690783262252808, 0.3878058195114136, 0.2361392229795456, 0.5680420994758606]
[0.5836116671562195, 0.5218687057495117, 0.5038501620292664, 0.4051903188228607, 0.5848610401153564]
[0.4758661687374115, 0.5586586594581604, 0.4367640018463135, 0.2702823281288147, 0.4912916123867035]
[0.5357921719551086, 0.557727038860321, 0.40780216455459595, 0.26758480072021484, 0.5296466946601868]
[0.4382220506668091, 0.5500795245170593, 0.43095827102661133, 0.3014616370201111, 0.5035173296928406]
[0.43104320764541626, 0.5118719935417175, 0.5090149641036987, 0.43789294362068176, 0.4539925754070282]
[0.45715606212615967, 0.5794224143028259, 0.4495738744735718, 0.30047300457954407, 0.4988011419773102]
[0.5576058030128479, 0.5249679684638977, 0.4224786162376404, 0.3365257978439331, 0.5881397724151611]
[0.4275378882884979, 0.5718470811843872, 0.44574612379074097, 0.29460960626602173, 0.4921588897705078]
[0.476656049489975, 0.556549072265625, 0.4622580409049988, 0.36560478806495667, 0.4923648536205292]
[0.48497888445854187, 0.5079056024551392, 0.5288136005401611, 0.46538224816322327, 0.4644833207130432]
[0.5382419228553772, 0.54641193151474, 0.425417423248291, 0.27852702140808105, 0.5232431888580322]
[0.4509374797344208, 0.5357657670974731, 0.47777700424194336, 0.3833516538143158, 0.4832514822483063]
[0.49231457710266113, 0.566729724407196, 0.4299492835998535, 0.313326895236969, 0.4872554838657379]
[0.5894991755485535, 0.523637056350708, 0.45451101660728455, 0.3757389485836029, 0.5545818209648132]
[0.4514324963092804, 0.5575992465019226, 0.45350131392478943, 0.340752512216568, 0.48385897278785706]
[0.5084920525550842, 0.571968674659729, 0.44308820366859436, 0.2820909917354584, 0.529052197933197]
[0.6078731417655945, 0.530911386013031, 0.4710390269756317, 0.2627238631248474, 0.5733077526092529]
[0.4547707736492157, 0.538784384727478, 0.45466315746307373, 0.36388731002807617, 0.4949735701084137]
[0.5727830529212952, 0.5730373859405518, 0.4315330982208252, 0.2762244939804077, 0.5806919932365417]
[0.5751385688781738, 0.5746256113052368, 0.4434150159358978, 0.2821591794490814, 0.562872588634491]
[0.5309441685676575, 0.5604628324508667, 0.46797409653663635, 0.3083328306674957, 0.5329858660697937]
[0.47327524423599243, 0.5569827556610107, 0.45087912678718567, 0.30739134550094604, 0.4902753233909607]
[0.5367164611816406, 0.5499250292778015, 0.4548245668411255, 0.31005170941352844, 0.5353543758392334]
[0.5085294842720032, 0.5773484110832214, 0.4296289384365082, 0.2978207468986511, 0.5139940977096558]
[0.6244688630104065, 0.554841160774231, 0.46320924162864685, 0.30898037552833557, 0.5850884318351746]
[0.5574609041213989, 0.5078902840614319, 0.45716771483421326, 0.40447142720222473, 0.5600869655609131]
[0.5654335021972656, 0.5592439770698547, 0.46586161851882935, 0.3114103376865387, 0.5483343005180359]
[0.49648213386535645, 0.5392544865608215, 0.446989506483078, 0.3175971806049347, 0.5341965556144714]
[0.5296498537063599, 0.5229840874671936, 0.4554031491279602, 0.3251940906047821, 0.5208232998847961]
[0.4421022832393646, 0.570693850517273, 0.43233776092529297, 0.2531531751155853, 0.4868926405906677]
[0.5936444997787476, 0.5179079174995422, 0.4485991597175598, 0.39291617274284363, 0.588097333908081]
[0.5156170129776001, 0.5778823494911194, 0.40734243392944336, 0.2701071500778198, 0.5284651517868042]
[0.5997334718704224, 0.5865024328231812, 0.41109591722488403, 0.2520581781864166, 0.5839449763298035]
[0.5480908751487732, 0.551411509513855, 0.4727710783481598, 0.3050011098384857, 0.5520870089530945]
[0.5968396067619324, 0.5834351778030396, 0.407662570476532, 0.24073457717895508, 0.5693444013595581]
[0.5077052116394043, 0.5666524171829224, 0.43051037192344666, 0.3170851171016693, 0.5095803737640381]
[0.5893450379371643, 0.5775399208068848, 0.39456602931022644, 0.23782852292060852, 0.5826822519302368]
[0.5838065147399902, 0.5524105429649353, 0.4215157926082611, 0.3008006513118744, 0.5275045037269592]
[0.4694380462169647, 0.5592890977859497, 0.43450990319252014, 0.3034340441226959, 0.49689847230911255]
[0.4890105426311493, 0.5401604175567627, 0.44827356934547424, 0.3496198356151581, 0.4983619749546051]
[0.4997667074203491, 0.5498912334442139, 0.4724288880825043, 0.3496524393558502, 0.5217934250831604]
[0.5949084758758545, 0.5345022082328796, 0.43612000346183777, 0.33935239911079407, 0.5851866006851196]
[0.42976468801498413, 0.5545388460159302, 0.43519315123558044, 0.3159025013446808, 0.4667471647262573]
[0.4807623624801636, 0.5641762614250183, 0.4601728022098541, 0.3214668035507202, 0.5183034539222717]
[0.5953525304794312, 0.5668135285377502, 0.4072510004043579, 0.25343212485313416, 0.5830776691436768]
[0.5462360382080078, 0.5881468653678894, 0.4231009781360626, 0.28235965967178345, 0.539649486541748]
[0.5432029366493225, 0.5406368970870972, 0.4670403003692627, 0.3450899124145508, 0.5279490351676941]
[0.6050660014152527, 0.5784610509872437, 0.4132872521877289, 0.2476799488067627, 0.5672094225883484]
[0.5515866279602051, 0.5277846455574036, 0.4863092005252838, 0.331953227519989, 0.5468186140060425]
[0.5030310153961182, 0.5592154264450073, 0.4493180513381958, 0.28028222918510437, 0.5384194254875183]
[0.5592337846755981, 0.5351170897483826, 0.4392358064651489, 0.3273354172706604, 0.534599244594574]
[0.5109726190567017, 0.5755515694618225, 0.4286009967327118, 0.2847095727920532, 0.5464520454406738]
[0.519074559211731, 0.5947685241699219, 0.4486742615699768, 0.3247970938682556, 0.5191815495491028]
[0.489719033241272, 0.5600380897521973, 0.4589126408100128, 0.3263925313949585, 0.49330756068229675]
[0.4907717704772949, 0.5557152032852173, 0.4292949140071869, 0.2846096158027649, 0.4878104627132416]
[0.5462360382080078, 0.5881468653678894, 0.4231009781360626, 0.28235965967178345, 0.539649486541748]
[0.49435359239578247, 0.5780113935470581, 0.4134933650493622, 0.28385618329048157, 0.5535874366760254]
[0.5382419228553772, 0.54641193151474, 0.425417423248291, 0.27852702140808105, 0.5232431888580322]
[0.44214409589767456, 0.5488420724868774, 0.46411508321762085, 0.3383033573627472, 0.48117905855178833]
[0.5382419228553772, 0.54641193151474, 0.425417423248291, 0.27852702140808105, 0.5232431888580322]
[0.5382419228553772, 0.54641193151474, 0.425417423248291, 0.27852702140808105, 0.5232431888580322]
[0.6384596228599548, 0.5289674997329712, 0.4351193308830261, 0.34094610810279846, 0.6035289764404297]
[0.511064887046814, 0.5468688607215881, 0.44892504811286926, 0.2860340178012848, 0.5038050413131714]
[0.5822020173072815, 0.5576074719429016, 0.44762107729911804, 0.3001564145088196, 0.5487585663795471]
[0.6051200032234192, 0.5424322485923767, 0.3868291974067688, 0.25857052206993103, 0.5756263732910156]
[0.5382419228553772, 0.54641193151474, 0.425417423248291, 0.27852702140808105, 0.5232431888580322]
