0
刚拿到
[0.5004520416259766, 0.5733572840690613, 0.4443134665489197, 0.28155070543289185, 0.5143312811851501]
[0.44552066922187805, 0.5542194247245789, 0.45900654792785645, 0.33246296644210815, 0.49634724855422974]
[0.44632333517074585, 0.5827082395553589, 0.46402987837791443, 0.3206089437007904, 0.5056755542755127]
[0.511056661605835, 0.5903531908988953, 0.42090192437171936, 0.2903648614883423, 0.5134039521217346]
[0.5055717825889587, 0.5776858925819397, 0.43929430842399597, 0.29066288471221924, 0.4925072491168976]
[0.5124268531799316, 0.5830751061439514, 0.44309327006340027, 0.29657912254333496, 0.5302149653434753]
[0.5171990990638733, 0.5804471373558044, 0.4292014241218567, 0.2971446216106415, 0.5478705763816833]
[0.39560791850090027, 0.5768565535545349, 0.4590892791748047, 0.279712975025177, 0.4772969186306]
[0.47866877913475037, 0.5757039189338684, 0.44086286425590515, 0.2808690369129181, 0.48647475242614746]
[0.49913686513900757, 0.5792854428291321, 0.4307127892971039, 0.2824779152870178, 0.5242521166801453]
[0.4439791142940521, 0.560703694820404, 0.4548850357532501, 0.31177613139152527, 0.4643484950065613]
[0.375710666179657, 0.5478435754776001, 0.4487069249153137, 0.317486971616745, 0.45034950971603394]
[0.49716952443122864, 0.5691798329353333, 0.42238378524780273, 0.3010849952697754, 0.4972976744174957]
[0.47540801763534546, 0.5874521136283875, 0.4390625059604645, 0.2707557678222656, 0.5175936818122864]
[0.377202570438385, 0.5675201416015625, 0.4594901204109192, 0.2993837594985962, 0.4692065417766571]
[0.5352208614349365, 0.5831658244132996, 0.43353503942489624, 0.27851423621177673, 0.5491055846214294]
[0.5423862934112549, 0.6040111184120178, 0.42079681158065796, 0.25884154438972473, 0.5475803017616272]
[0.40080147981643677, 0.5365893840789795, 0.4643450975418091, 0.3479946255683899, 0.43987837433815]
[0.4360617995262146, 0.5195585489273071, 0.4944499135017395, 0.41001421213150024, 0.4795345366001129]
[0.499416321516037, 0.5620455145835876, 0.4417431950569153, 0.28426504135131836, 0.5190117955207825]
[0.49190226197242737, 0.5912779569625854, 0.42247459292411804, 0.27346324920654297, 0.5148439407348633]
[0.5293015241622925, 0.5343638062477112, 0.465426504611969, 0.3701135218143463, 0.49815279245376587]
[0.39170292019844055, 0.5590965151786804, 0.44831448793411255, 0.2753218412399292, 0.4665382504463196]
[0.49647602438926697, 0.5725905299186707, 0.4283139407634735, 0.2912310063838959, 0.5065404772758484]
[0.4227067232131958, 0.5262048244476318, 0.5018404722213745, 0.3946545422077179, 0.4609924554824829]
[0.4227067232131958, 0.5262048244476318, 0.5018404722213745, 0.3946545422077179, 0.4609924554824829]
[0.4227067232131958, 0.5262048244476318, 0.5018404722213745, 0.3946545422077179, 0.4609924554824829]
[0.5447155833244324, 0.5819141864776611, 0.42395493388175964, 0.2814786732196808, 0.5423263907432556]
[0.49272722005844116, 0.5443033576011658, 0.4483594596385956, 0.33237433433532715, 0.45973750948905945]
[0.47903549671173096, 0.5536161065101624, 0.4433855414390564, 0.2884412109851837, 0.5290214419364929]
[0.44617384672164917, 0.5616461634635925, 0.4330013692378998, 0.29117551445961, 0.4747227430343628]
[0.4227067232131958, 0.5262048244476318, 0.5018404722213745, 0.3946545422077179, 0.4609924554824829]
[0.5503119230270386, 0.5932761430740356, 0.43098223209381104, 0.2537252902984619, 0.5436345934867859]
[0.4807750880718231, 0.5704804062843323, 0.45986655354499817, 0.31503376364707947, 0.5102349519729614]
[0.5153198838233948, 0.5634946823120117, 0.4362521171569824, 0.3167780935764313, 0.5016027688980103]
[0.49190226197242737, 0.5912779569625854, 0.42247459292411804, 0.27346324920654297, 0.5148439407348633]
[0.4488627314567566, 0.5614109635353088, 0.44094118475914, 0.2666800916194916, 0.45985475182533264]
[0.4727035164833069, 0.5402054190635681, 0.45185980200767517, 0.3276151418685913, 0.4988267719745636]
[0.3943418264389038, 0.5600674152374268, 0.48162543773651123, 0.3253318965435028, 0.4432547092437744]
[0.485392689704895, 0.5524438619613647, 0.4375363886356354, 0.29739516973495483, 0.48943257331848145]
[0.5030236840248108, 0.5513997673988342, 0.48773494362831116, 0.3266114592552185, 0.5265443921089172]
[0.4227067232131958, 0.5262048244476318, 0.5018404722213745, 0.3946545422077179, 0.4609924554824829]
[0.49190226197242737, 0.5912779569625854, 0.42247459292411804, 0.27346324920654297, 0.5148439407348633]
[0.4227067232131958, 0.5262048244476318, 0.5018404722213745, 0.3946545422077179, 0.4609924554824829]
[0.49190226197242737, 0.5912779569625854, 0.42247459292411804, 0.27346324920654297, 0.5148439407348633]
[0.4227067232131958, 0.5262048244476318, 0.5018404722213745, 0.3946545422077179, 0.4609924554824829]
[0.45280951261520386, 0.5816460251808167, 0.4371204972267151, 0.30438271164894104, 0.46594473719596863]
[0.4563635289669037, 0.5524330735206604, 0.4648771584033966, 0.3366110324859619, 0.4948731064796448]
[0.4227067232131958, 0.5262048244476318, 0.5018404722213745, 0.3946545422077179, 0.4609924554824829]
[0.4227067232131958, 0.5262048244476318, 0.5018404722213745, 0.3946545422077179, 0.4609924554824829]
[0.37655404210090637, 0.5574566125869751, 0.4568031430244446, 0.28860002756118774, 0.4454237222671509]
[0.385046124458313, 0.5405129790306091, 0.47737932205200195, 0.3248368799686432, 0.44434642791748047]
[0.5228310823440552, 0.5607261061668396, 0.4674933850765228, 0.29913783073425293, 0.5420207381248474]
[0.39485734701156616, 0.5125353336334229, 0.4528399407863617, 0.3185309171676636, 0.4290514588356018]
[0.49190226197242737, 0.5912779569625854, 0.42247459292411804, 0.27346324920654297, 0.5148439407348633]
[0.5548164248466492, 0.5721041560173035, 0.415328711271286, 0.2937560975551605, 0.553791880607605]
[0.4227067232131958, 0.5262048244476318, 0.5018404722213745, 0.3946545422077179, 0.4609924554824829]
[0.4227067232131958, 0.5262048244476318, 0.5018404722213745, 0.3946545422077179, 0.4609924554824829]
[0.4227067232131958, 0.5262048244476318, 0.5018404722213745, 0.3946545422077179, 0.4609924554824829]
[0.4227067232131958, 0.5262048244476318, 0.5018404722213745, 0.3946545422077179, 0.4609924554824829]
[0.5359623432159424, 0.5896326899528503, 0.43048790097236633, 0.29009661078453064, 0.536128580570221]
[0.5502520203590393, 0.5397218465805054, 0.43253177404403687, 0.2911246120929718, 0.540838897228241]
[0.5546877384185791, 0.5863641500473022, 0.43077653646469116, 0.25606223940849304, 0.5513715744018555]
[0.5853582620620728, 0.5592648983001709, 0.42791473865509033, 0.2994306981563568, 0.558988094329834]
[0.4227067232131958, 0.5262048244476318, 0.5018404722213745, 0.3946545422077179, 0.4609924554824829]
[0.4831632077693939, 0.5573199987411499, 0.42779839038848877, 0.2627429962158203, 0.5238797068595886]
[0.4227067232131958, 0.5262048244476318, 0.5018404722213745, 0.3946545422077179, 0.4609924554824829]
[0.535548985004425, 0.5743044018745422, 0.4219232201576233, 0.27131181955337524, 0.5345061421394348]
[0.4227067232131958, 0.5262048244476318, 0.5018404722213745, 0.3946545422077179, 0.4609924554824829]
[0.5553075075149536, 0.5961351990699768, 0.4183773398399353, 0.2664809226989746, 0.5805792808532715]
[0.4269503653049469, 0.5479817986488342, 0.47369301319122314, 0.36493369936943054, 0.4506712853908539]
[0.4227067232131958, 0.5262048244476318, 0.5018404722213745, 0.3946545422077179, 0.4609924554824829]
[0.4227067232131958, 0.5262048244476318, 0.5018404722213745, 0.3946545422077179, 0.4609924554824829]
[0.4227067232131958, 0.5262048244476318, 0.5018404722213745, 0.3946545422077179, 0.4609924554824829]
[0.4227067232131958, 0.5262048244476318, 0.5018404722213745, 0.3946545422077179, 0.4609924554824829]
[0.5529554486274719, 0.5918030142784119, 0.4191741943359375, 0.26039010286331177, 0.561775803565979]
[0.4935205578804016, 0.5657554864883423, 0.47246429324150085, 0.299134224653244, 0.5320230722427368]
[0.4536362886428833, 0.5833730101585388, 0.43710747361183167, 0.27128365635871887, 0.4776976704597473]
[0.49190226197242737, 0.5912779569625854, 0.42247459292411804, 0.27346324920654297, 0.5148439407348633]
[0.4227067232131958, 0.5262048244476318, 0.5018404722213745, 0.3946545422077179, 0.4609924554824829]
[0.4227067232131958, 0.5262048244476318, 0.5018404722213745, 0.3946545422077179, 0.4609924554824829]
[0.4227067232131958, 0.5262048244476318, 0.5018404722213745, 0.3946545422077179, 0.4609924554824829]
[0.5512129664421082, 0.5428072810173035, 0.43492206931114197, 0.3147113025188446, 0.517133355140686]
[0.4227067232131958, 0.5262048244476318, 0.5018404722213745, 0.3946545422077179, 0.4609924554824829]
[0.4227067232131958, 0.5262048244476318, 0.5018404722213745, 0.3946545422077179, 0.4609924554824829]
[0.4227067232131958, 0.5262048244476318, 0.5018404722213745, 0.3946545422077179, 0.4609924554824829]
[0.40080147981643677, 0.5365893840789795, 0.4643450975418091, 0.3479946255683899, 0.43987837433815]
[0.4227067232131958, 0.5262048244476318, 0.5018404722213745, 0.3946545422077179, 0.4609924554824829]
[0.4227067232131958, 0.5262048244476318, 0.5018404722213745, 0.3946545422077179, 0.4609924554824829]
[0.4227067232131958, 0.5262048244476318, 0.5018404722213745, 0.3946545422077179, 0.4609924554824829]
[0.4227067232131958, 0.5262048244476318, 0.5018404722213745, 0.3946545422077179, 0.4609924554824829]
[0.48485639691352844, 0.5796422958374023, 0.436314195394516, 0.2875100374221802, 0.5068632960319519]
[0.4227067232131958, 0.5262048244476318, 0.5018404722213745, 0.3946545422077179, 0.4609924554824829]
[0.5462360382080078, 0.5881468653678894, 0.4231009781360626, 0.28235965967178345, 0.539649486541748]
[0.49190226197242737, 0.5912779569625854, 0.42247459292411804, 0.27346324920654297, 0.5148439407348633]
[0.4227067232131958, 0.5262048244476318, 0.5018404722213745, 0.3946545422077179, 0.4609924554824829]
[0.4227067232131958, 0.5262048244476318, 0.5018404722213745, 0.3946545422077179, 0.4609924554824829]
[0.4227067232131958, 0.5262048244476318, 0.5018404722213745, 0.3946545422077179, 0.4609924554824829]
[0.4976595938205719, 0.582513153553009, 0.452461838722229, 0.29232847690582275, 0.5305004715919495]
[0.5138278007507324, 0.5719684362411499, 0.4300827383995056, 0.2970241904258728, 0.5164225697517395]
[0.49190226197242737, 0.5912779569625854, 0.42247459292411804, 0.27346324920654297, 0.5148439407348633]
