0
#桃李花歌裴秀智#【视频】151114 演艺家中介《游击队约会》#裴秀智# 采访CUT<音悦台> （下载： 主持人突然提出让秀智给爸爸录一封视频信，这时秀智万千思绪涌上心头不禁哭了…秀智说因为自己没能够多和爸爸交流，有很多感到抱歉的地方
[0.5430914759635925, 0.5097905993461609, 0.6564607620239258, 0.7149303555488586, 0.5694283843040466]
[0.49819183349609375, 0.5695810914039612, 0.4092336595058441, 0.28381651639938354, 0.5330636501312256]
[0.617762565612793, 0.5093244314193726, 0.48107507824897766, 0.35972198843955994, 0.615053117275238]
[0.578952968120575, 0.5667793154716492, 0.40968626737594604, 0.253353476524353, 0.5852774381637573]
[0.5228095054626465, 0.5723649859428406, 0.4692298173904419, 0.32863649725914, 0.5412059426307678]
[0.4958997368812561, 0.5924440622329712, 0.4452723264694214, 0.2874932587146759, 0.5435114502906799]
[0.49446967244148254, 0.5756219625473022, 0.4564652144908905, 0.3100248873233795, 0.5183744430541992]
[0.4782741963863373, 0.5712800025939941, 0.4449874460697174, 0.32744231820106506, 0.490723192691803]
[0.5136877298355103, 0.5614783763885498, 0.40768516063690186, 0.270730197429657, 0.5494809746742249]
[0.4493802487850189, 0.5848042368888855, 0.4654613137245178, 0.30627068877220154, 0.5070791840553284]
[0.534664511680603, 0.5797395706176758, 0.4354478120803833, 0.2898045480251312, 0.5445976257324219]
[0.5583585500717163, 0.5568662285804749, 0.41743072867393494, 0.3121620714664459, 0.537477433681488]
[0.5922480225563049, 0.5114113092422485, 0.4918108880519867, 0.3564920723438263, 0.5380184054374695]
[0.4763437509536743, 0.5690138936042786, 0.45752933621406555, 0.3491485118865967, 0.505364179611206]
[0.5263328552246094, 0.5816663503646851, 0.4344477355480194, 0.274575412273407, 0.5337758660316467]
[0.5997939109802246, 0.5405434966087341, 0.399011492729187, 0.2678520679473877, 0.5596829652786255]
[0.5449535250663757, 0.5950960516929626, 0.4142993986606598, 0.2543727457523346, 0.5489556789398193]
[0.47149139642715454, 0.5552390813827515, 0.4365195333957672, 0.3066098988056183, 0.4968218207359314]
[0.5352824926376343, 0.5528879165649414, 0.45289671421051025, 0.29131343960762024, 0.5447554588317871]
[0.538776159286499, 0.5824883580207825, 0.431723028421402, 0.27858999371528625, 0.5451392531394958]
[0.48523056507110596, 0.5822666883468628, 0.4689168930053711, 0.30338549613952637, 0.5185000896453857]
[0.5090444684028625, 0.5544561147689819, 0.42541199922561646, 0.34292301535606384, 0.5129802823066711]
[0.49912962317466736, 0.562440812587738, 0.45782962441444397, 0.31736332178115845, 0.5348497629165649]
[0.5397323966026306, 0.5986484289169312, 0.42316994071006775, 0.2700996696949005, 0.5608393549919128]
[0.4772185683250427, 0.5522825717926025, 0.47322848439216614, 0.3582725524902344, 0.5283480882644653]
[0.527188241481781, 0.5891308188438416, 0.41777047514915466, 0.268702894449234, 0.5514692068099976]
[0.5541794896125793, 0.5467901825904846, 0.4505559802055359, 0.2993798851966858, 0.5608684420585632]
[0.4597926437854767, 0.5675570368766785, 0.42653152346611023, 0.2981060743331909, 0.5309993028640747]
[0.4670698344707489, 0.547913134098053, 0.45170897245407104, 0.2900635898113251, 0.5159994959831238]
[0.4883662164211273, 0.5634651184082031, 0.40420544147491455, 0.2598472535610199, 0.5225008130073547]
[0.4302704632282257, 0.545985758304596, 0.4714166224002838, 0.3330044150352478, 0.4483247995376587]
[0.5378302931785583, 0.5700629353523254, 0.41436824202537537, 0.2562439441680908, 0.5659847855567932]
[0.5751296877861023, 0.5976418256759644, 0.4020608067512512, 0.2476174533367157, 0.5492852330207825]
[0.4524354338645935, 0.5607131123542786, 0.4486977756023407, 0.27382734417915344, 0.5204989910125732]
[0.52804034948349, 0.5576528906822205, 0.4601458013057709, 0.3107474446296692, 0.5432246327400208]
[0.5254778265953064, 0.5720817446708679, 0.4499446153640747, 0.3072560727596283, 0.5564020872116089]
[0.6002023220062256, 0.5304601192474365, 0.4635482430458069, 0.3421590030193329, 0.5891134738922119]
[0.5618504285812378, 0.5765594840049744, 0.41920730471611023, 0.26917365193367004, 0.5653218626976013]
[0.4645494818687439, 0.5380008220672607, 0.47203129529953003, 0.3797524869441986, 0.4931596517562866]
[0.4120767116546631, 0.5519648790359497, 0.5111350417137146, 0.41629189252853394, 0.47390860319137573]
[0.5196145176887512, 0.5615679025650024, 0.4137266278266907, 0.32180020213127136, 0.5370969176292419]
[0.5658358931541443, 0.5854721069335938, 0.4104507267475128, 0.26254552602767944, 0.5808935165405273]
[0.537272036075592, 0.5887752175331116, 0.4071476459503174, 0.2596084177494049, 0.5493714213371277]
[0.5787337422370911, 0.5982978343963623, 0.40390700101852417, 0.2559531629085541, 0.57035231590271]
[0.48379552364349365, 0.5937032699584961, 0.41920071840286255, 0.2830924987792969, 0.4925927221775055]
[0.3984765112400055, 0.5626145601272583, 0.47210222482681274, 0.31542977690696716, 0.48995697498321533]
[0.5187551975250244, 0.5774199366569519, 0.43592944741249084, 0.29407328367233276, 0.5409283638000488]
[0.4338255226612091, 0.5478641390800476, 0.43877625465393066, 0.3237687349319458, 0.4935927093029022]
[0.5668720006942749, 0.5522617697715759, 0.4093054234981537, 0.26661086082458496, 0.5629123449325562]
[0.5592653751373291, 0.5698117613792419, 0.4305232763290405, 0.26037347316741943, 0.5690001845359802]
[0.5271693468093872, 0.5819227695465088, 0.41237062215805054, 0.2787260115146637, 0.5429430603981018]
[0.4831804633140564, 0.5774238705635071, 0.43600013852119446, 0.29613834619522095, 0.5046530961990356]
[0.5973132848739624, 0.5092757344245911, 0.44474539160728455, 0.3586425483226776, 0.5729811787605286]
[0.4854668080806732, 0.5801616907119751, 0.42792558670043945, 0.28156778216362, 0.5200685262680054]
[0.5314269065856934, 0.5850227475166321, 0.4123188853263855, 0.2633509933948517, 0.5472089648246765]
[0.5219345688819885, 0.5196695923805237, 0.4697628617286682, 0.38434427976608276, 0.5538966655731201]
[0.5988615155220032, 0.519041121006012, 0.43554604053497314, 0.30716103315353394, 0.582040548324585]
[0.5374858975410461, 0.5844112038612366, 0.424292653799057, 0.26701465249061584, 0.5533108711242676]
[0.4863406717777252, 0.5875054001808167, 0.4132350981235504, 0.25597265362739563, 0.5553393363952637]
[0.5070725679397583, 0.5795678496360779, 0.4309682846069336, 0.25872695446014404, 0.538472592830658]
[0.5620900988578796, 0.5942291021347046, 0.419325053691864, 0.2666260004043579, 0.5534039735794067]
[0.5592620968818665, 0.5940294861793518, 0.4033416211605072, 0.2555886209011078, 0.5870739221572876]
[0.4962030351161957, 0.5739066004753113, 0.43511950969696045, 0.30925145745277405, 0.5063530206680298]
[0.385852575302124, 0.5593848824501038, 0.45914506912231445, 0.2989233136177063, 0.4251597821712494]
[0.3232378363609314, 0.5516570806503296, 0.4546911418437958, 0.32110628485679626, 0.4254794418811798]
[0.494204580783844, 0.5653940439224243, 0.42720702290534973, 0.29590487480163574, 0.5131592154502869]
[0.5222718119621277, 0.5609756708145142, 0.45275869965553284, 0.2981627285480499, 0.5314038395881653]
[0.5222750902175903, 0.5560142397880554, 0.4528614580631256, 0.32608094811439514, 0.5333414673805237]
[0.5511066317558289, 0.5875343084335327, 0.4095686376094818, 0.25848740339279175, 0.5626182556152344]
[0.48454222083091736, 0.5443295240402222, 0.4811130464076996, 0.35362687706947327, 0.5134259462356567]
[0.4958997368812561, 0.5924440622329712, 0.4452723264694214, 0.2874932587146759, 0.5435114502906799]
[0.52323317527771, 0.5947842597961426, 0.40907248854637146, 0.257323682308197, 0.5718286037445068]
[0.5261164307594299, 0.5738769769668579, 0.43239712715148926, 0.3081505000591278, 0.5358778238296509]
[0.48426809906959534, 0.5871398448944092, 0.43787431716918945, 0.2818985879421234, 0.5263481140136719]
[0.4841929078102112, 0.5405117273330688, 0.47220540046691895, 0.35924339294433594, 0.5262210965156555]
[0.49819183349609375, 0.5695810914039612, 0.4092336595058441, 0.28381651639938354, 0.5330636501312256]
[0.53272944688797, 0.5628728866577148, 0.44713449478149414, 0.3183480501174927, 0.5785166621208191]
[0.4650244116783142, 0.5768699049949646, 0.4432328939437866, 0.2886543273925781, 0.5188762545585632]
[0.4760320484638214, 0.5747764110565186, 0.448384553194046, 0.3096431493759155, 0.5329269170761108]
[0.4958997368812561, 0.5924440622329712, 0.4452723264694214, 0.2874932587146759, 0.5435114502906799]
[0.5459111928939819, 0.5776875615119934, 0.4287813603878021, 0.2790045738220215, 0.5594510436058044]
[0.372888445854187, 0.5329809784889221, 0.541440486907959, 0.47572243213653564, 0.460155189037323]
[0.4958997368812561, 0.5924440622329712, 0.4452723264694214, 0.2874932587146759, 0.5435114502906799]
[0.499523788690567, 0.5554178357124329, 0.4595874547958374, 0.3571627736091614, 0.530772864818573]
[0.516897439956665, 0.5732105374336243, 0.43634146451950073, 0.31640949845314026, 0.5481271743774414]
[0.4955689609050751, 0.5541682243347168, 0.4715108573436737, 0.3179519474506378, 0.5321167707443237]
[0.5734596252441406, 0.5666788816452026, 0.4134969115257263, 0.2636165916919708, 0.5697796940803528]
[0.5138278007507324, 0.5719684362411499, 0.4300827383995056, 0.2970241904258728, 0.5164225697517395]
[0.5123090147972107, 0.5790074467658997, 0.4163631498813629, 0.27633947134017944, 0.5460065603256226]
[0.5085344910621643, 0.5850038528442383, 0.4313417375087738, 0.2932506799697876, 0.5465990900993347]
[0.4907844066619873, 0.5775863528251648, 0.43462011218070984, 0.2805531919002533, 0.5128400921821594]
[0.5439093708992004, 0.5816596150398254, 0.4422180652618408, 0.31289881467819214, 0.5478828549385071]
[0.5326836109161377, 0.5671274065971375, 0.4473215341567993, 0.28832536935806274, 0.536051869392395]
[0.4958997368812561, 0.5924440622329712, 0.4452723264694214, 0.2874932587146759, 0.5435114502906799]
[0.5920889377593994, 0.5506349802017212, 0.4236890375614166, 0.29160940647125244, 0.5582177042961121]
[0.4631219804286957, 0.5679091215133667, 0.4432777762413025, 0.29538148641586304, 0.5237507820129395]
[0.4758692681789398, 0.5671343803405762, 0.4664519131183624, 0.3051452934741974, 0.4674079716205597]
[0.48054593801498413, 0.5747441649436951, 0.44570934772491455, 0.30443814396858215, 0.5157052278518677]
[0.4958997368812561, 0.5924440622329712, 0.4452723264694214, 0.2874932587146759, 0.5435114502906799]
[0.47022679448127747, 0.5726537108421326, 0.4603854715824127, 0.3217565417289734, 0.5373671054840088]
[0.5145047903060913, 0.5668094754219055, 0.4484391212463379, 0.32767757773399353, 0.5387007594108582]
