0
日本一幼儿园竞跑赛，排名第二的小哥跑到终点整个人都懵了！好萌！
[0.507372260093689, 0.5600010752677917, 0.426738977432251, 0.2831531763076782, 0.5593175888061523]
[0.5080126523971558, 0.567777156829834, 0.4250556230545044, 0.2930234372615814, 0.5097790956497192]
[0.48099926114082336, 0.5642849206924438, 0.4274938702583313, 0.2883467376232147, 0.5276395082473755]
[0.4275461733341217, 0.5686442255973816, 0.4338701069355011, 0.28010863065719604, 0.47566670179367065]
[0.5160178542137146, 0.5895063281059265, 0.4181462824344635, 0.26784566044807434, 0.5280237793922424]
[0.4514324963092804, 0.5575992465019226, 0.45350131392478943, 0.340752512216568, 0.48385897278785706]
[0.5070725679397583, 0.5795678496360779, 0.4309682846069336, 0.25872695446014404, 0.538472592830658]
[0.47023507952690125, 0.5565944910049438, 0.44505318999290466, 0.32629698514938354, 0.4922495186328888]
[0.5562617778778076, 0.5729650259017944, 0.4168006479740143, 0.2754836678504944, 0.5497843027114868]
[0.5070725679397583, 0.5795678496360779, 0.4309682846069336, 0.25872695446014404, 0.538472592830658]
[0.4444626271724701, 0.5796604752540588, 0.42106014490127563, 0.27564737200737, 0.4757292568683624]
[0.5693434476852417, 0.546157717704773, 0.41297847032546997, 0.2724321484565735, 0.5766069293022156]
[0.5078790783882141, 0.5713498592376709, 0.44989094138145447, 0.33445411920547485, 0.4808729290962219]
[0.4514324963092804, 0.5575992465019226, 0.45350131392478943, 0.340752512216568, 0.48385897278785706]
[0.4720209836959839, 0.5527758002281189, 0.43705540895462036, 0.30982673168182373, 0.4969286024570465]
[0.5236515402793884, 0.5878626108169556, 0.4317914545536041, 0.25623780488967896, 0.5548795461654663]
[0.48002368211746216, 0.5668062567710876, 0.4385146498680115, 0.3166976869106293, 0.4927319586277008]
[0.4651443064212799, 0.5671600699424744, 0.47265270352363586, 0.30558130145072937, 0.4828319251537323]
[0.5080126523971558, 0.567777156829834, 0.4250556230545044, 0.2930234372615814, 0.5097790956497192]
[0.5422282814979553, 0.5863180160522461, 0.40551844239234924, 0.2753317654132843, 0.556081235408783]
[0.2984388768672943, 0.5393826365470886, 0.4597536027431488, 0.32856741547584534, 0.43113237619400024]
[0.4893721640110016, 0.5548376441001892, 0.4658633768558502, 0.32742807269096375, 0.5037413835525513]
[0.5011724829673767, 0.583110511302948, 0.4317406117916107, 0.29340115189552307, 0.5079672932624817]
[0.4514324963092804, 0.5575992465019226, 0.45350131392478943, 0.340752512216568, 0.48385897278785706]
[0.5070725679397583, 0.5795678496360779, 0.4309682846069336, 0.25872695446014404, 0.538472592830658]
[0.6191105246543884, 0.5697915554046631, 0.37581056356430054, 0.24127575755119324, 0.6026279926300049]
[0.4964681565761566, 0.5981882810592651, 0.4244983494281769, 0.26886773109436035, 0.5293758511543274]
[0.4368252754211426, 0.5752936005592346, 0.4275752902030945, 0.2810288369655609, 0.4943675696849823]
[0.5126591920852661, 0.5759720802307129, 0.4152299463748932, 0.2810848355293274, 0.5174343585968018]
[0.5536800622940063, 0.5159460306167603, 0.4911941587924957, 0.3701510727405548, 0.5400938987731934]
[0.4514324963092804, 0.5575992465019226, 0.45350131392478943, 0.340752512216568, 0.48385897278785706]
[0.49819183349609375, 0.5695810914039612, 0.4092336595058441, 0.28381651639938354, 0.5330636501312256]
[0.5193629860877991, 0.5856478810310364, 0.41173920035362244, 0.282301664352417, 0.5441094636917114]
[0.4815686345100403, 0.5367311835289001, 0.46607550978660583, 0.35559919476509094, 0.5216571688652039]
[0.5552852153778076, 0.5857468843460083, 0.4001559317111969, 0.27149248123168945, 0.5646634697914124]
[0.5257017016410828, 0.5849183797836304, 0.4259379208087921, 0.27118170261383057, 0.5432790517807007]
[0.49819183349609375, 0.5695810914039612, 0.4092336595058441, 0.28381651639938354, 0.5330636501312256]
[0.5180120468139648, 0.5708950161933899, 0.41902533173561096, 0.28399306535720825, 0.5207987427711487]
[0.558872401714325, 0.5754489302635193, 0.39402392506599426, 0.2762373089790344, 0.5717193484306335]
[0.6257506608963013, 0.56754469871521, 0.3765259385108948, 0.24135872721672058, 0.6061185002326965]
[0.41158056259155273, 0.5383102893829346, 0.4533925950527191, 0.3280026614665985, 0.4490587115287781]
[0.3859816789627075, 0.541416585445404, 0.46847593784332275, 0.32805418968200684, 0.4512360990047455]
[0.48271745443344116, 0.537467896938324, 0.44336697459220886, 0.3310191035270691, 0.5227978825569153]
[0.4514324963092804, 0.5575992465019226, 0.45350131392478943, 0.340752512216568, 0.48385897278785706]
[0.45734554529190063, 0.5490853190422058, 0.44009459018707275, 0.3026524484157562, 0.4699861407279968]
[0.5422282814979553, 0.5863180160522461, 0.40551844239234924, 0.2753317654132843, 0.556081235408783]
[0.5245497226715088, 0.5801901817321777, 0.44041818380355835, 0.2722350060939789, 0.536654531955719]
[0.44214409589767456, 0.5488420724868774, 0.46411508321762085, 0.3383033573627472, 0.48117905855178833]
[0.5222870707511902, 0.5592807531356812, 0.42739441990852356, 0.2892163097858429, 0.5432074069976807]
[0.5370219945907593, 0.5715017318725586, 0.3939746618270874, 0.2823629379272461, 0.5455707311630249]
[0.5044723153114319, 0.5494717955589294, 0.43042439222335815, 0.3110677897930145, 0.5424548387527466]
[0.4444088339805603, 0.5830562114715576, 0.47334742546081543, 0.3307754397392273, 0.4638456702232361]
[0.4514324963092804, 0.5575992465019226, 0.45350131392478943, 0.340752512216568, 0.48385897278785706]
[0.45444315671920776, 0.5278600454330444, 0.49722355604171753, 0.40728697180747986, 0.4728446304798126]
[0.4514324963092804, 0.5575992465019226, 0.45350131392478943, 0.340752512216568, 0.48385897278785706]
[0.4416939914226532, 0.5596527457237244, 0.44484227895736694, 0.3066346049308777, 0.489149808883667]
[0.49819183349609375, 0.5695810914039612, 0.4092336595058441, 0.28381651639938354, 0.5330636501312256]
[0.5552852153778076, 0.5857468843460083, 0.4001559317111969, 0.27149248123168945, 0.5646634697914124]
[0.44214409589767456, 0.5488420724868774, 0.46411508321762085, 0.3383033573627472, 0.48117905855178833]
[0.5174071788787842, 0.559950053691864, 0.42920106649398804, 0.29160770773887634, 0.5478717684745789]
[0.5534509420394897, 0.5829362869262695, 0.41882947087287903, 0.28178146481513977, 0.5466969609260559]
[0.6378988027572632, 0.5562968850135803, 0.38421615958213806, 0.25118815898895264, 0.6146308779716492]
[0.5417499542236328, 0.5618327260017395, 0.4295251965522766, 0.30813202261924744, 0.5477544665336609]
[0.43714508414268494, 0.5731275081634521, 0.42473113536834717, 0.2897603213787079, 0.5059453248977661]
[0.4514324963092804, 0.5575992465019226, 0.45350131392478943, 0.340752512216568, 0.48385897278785706]
[0.4514324963092804, 0.5575992465019226, 0.45350131392478943, 0.340752512216568, 0.48385897278785706]
[0.5425226092338562, 0.5659735798835754, 0.40810832381248474, 0.2901640832424164, 0.5396384000778198]
[0.5422282814979553, 0.5863180160522461, 0.40551844239234924, 0.2753317654132843, 0.556081235408783]
[0.5245497226715088, 0.5801901817321777, 0.44041818380355835, 0.2722350060939789, 0.536654531955719]
[0.5245497226715088, 0.5801901817321777, 0.44041818380355835, 0.2722350060939789, 0.536654531955719]
[0.4818952977657318, 0.550182580947876, 0.4797459840774536, 0.33898305892944336, 0.4905487895011902]
[0.5062845349311829, 0.5485401153564453, 0.4247472882270813, 0.3118871748447418, 0.47880318760871887]
[0.4669472277164459, 0.5817343592643738, 0.4326726794242859, 0.2749834358692169, 0.4930073022842407]
[0.5631480813026428, 0.5501726865768433, 0.4082295596599579, 0.2669747471809387, 0.5752142667770386]
[0.5671194195747375, 0.563243567943573, 0.41025304794311523, 0.28835389018058777, 0.5480316281318665]
[0.5193629860877991, 0.5856478810310364, 0.41173920035362244, 0.282301664352417, 0.5441094636917114]
[0.4278497099876404, 0.5654309391975403, 0.4568594694137573, 0.2747919261455536, 0.4823925793170929]
[0.49819183349609375, 0.5695810914039612, 0.4092336595058441, 0.28381651639938354, 0.5330636501312256]
[0.5520936250686646, 0.572313666343689, 0.40184590220451355, 0.26712536811828613, 0.5757388472557068]
[0.5517200827598572, 0.5137891173362732, 0.49570685625076294, 0.3716111183166504, 0.5385748147964478]
[0.4580182433128357, 0.5346642136573792, 0.44813957810401917, 0.31817400455474854, 0.472878634929657]
[0.5520237684249878, 0.5717880129814148, 0.40430623292922974, 0.2675097584724426, 0.5759390592575073]
[0.4514324963092804, 0.5575992465019226, 0.45350131392478943, 0.340752512216568, 0.48385897278785706]
[0.5407167077064514, 0.6046335101127625, 0.4269522726535797, 0.2638828754425049, 0.5547890663146973]
[0.5092811584472656, 0.5523294806480408, 0.4476693272590637, 0.30492785573005676, 0.529960572719574]
[0.3725934624671936, 0.5388011932373047, 0.4746808707714081, 0.37774550914764404, 0.43593448400497437]
[0.3467516601085663, 0.5297608375549316, 0.493233859539032, 0.4153691828250885, 0.43742045760154724]
[0.5070725679397583, 0.5795678496360779, 0.4309682846069336, 0.25872695446014404, 0.538472592830658]
[0.49819183349609375, 0.5695810914039612, 0.4092336595058441, 0.28381651639938354, 0.5330636501312256]
[0.47516658902168274, 0.5573351979255676, 0.46545982360839844, 0.3435896933078766, 0.4824255108833313]
[0.636580765247345, 0.5568690896034241, 0.38323137164115906, 0.25090309977531433, 0.6133875846862793]
[0.4368252754211426, 0.5752936005592346, 0.4275752902030945, 0.2810288369655609, 0.4943675696849823]
[0.5308645367622375, 0.5382441282272339, 0.4192696213722229, 0.324849933385849, 0.5539228916168213]
[0.5615060329437256, 0.5841159224510193, 0.39749354124069214, 0.27023908495903015, 0.5706154108047485]
[0.6326474547386169, 0.5586429834365845, 0.38163045048713684, 0.24819718301296234, 0.6105287075042725]
[0.5883899331092834, 0.5457619428634644, 0.40820103883743286, 0.29654502868652344, 0.5869817733764648]
[0.6389325261116028, 0.5565629005432129, 0.3838250935077667, 0.249906986951828, 0.615581214427948]
[0.5562995076179504, 0.5717278122901917, 0.41858160495758057, 0.27765676379203796, 0.5609226822853088]
[0.43875300884246826, 0.5366145968437195, 0.4665397107601166, 0.33657073974609375, 0.4759036898612976]
[0.5285027623176575, 0.549857497215271, 0.4467867910861969, 0.3387552797794342, 0.5152698159217834]
[0.4514324963092804, 0.5575992465019226, 0.45350131392478943, 0.340752512216568, 0.48385897278785706]
