0
你可能不知道，我喜欢你的时候，你骂我我也会喜欢你，就算你不理我，我还是忍不住会主动理你，可如果有一天你一不小心浪费完这些感情，你做得再怎么好，我都不会再心动了。
[0.5188426375389099, 0.5538816452026367, 0.4428384006023407, 0.33227384090423584, 0.547261655330658]
[0.5369342565536499, 0.5857049822807312, 0.41371092200279236, 0.28646329045295715, 0.5477989315986633]
[0.4647948443889618, 0.5776065587997437, 0.439791738986969, 0.31871649622917175, 0.5134029388427734]
[0.5472360849380493, 0.5704707503318787, 0.4344440996646881, 0.2866760790348053, 0.5295236706733704]
[0.49087923765182495, 0.5630620121955872, 0.4432297945022583, 0.2842792570590973, 0.5385698080062866]
[0.49819183349609375, 0.5695810914039612, 0.4092336595058441, 0.28381651639938354, 0.5330636501312256]
[0.43121790885925293, 0.5435835719108582, 0.4410708248615265, 0.3348524868488312, 0.4607504904270172]
[0.4917965829372406, 0.5642513632774353, 0.44473153352737427, 0.292820006608963, 0.504958987236023]
[0.5065153241157532, 0.5881471633911133, 0.4171958565711975, 0.27119457721710205, 0.5330328941345215]
[0.48733916878700256, 0.5739020109176636, 0.42586496472358704, 0.2761390507221222, 0.4984787106513977]
[0.5018826723098755, 0.5788497924804688, 0.4524528384208679, 0.3381601572036743, 0.48946017026901245]
[0.42643123865127563, 0.5728529095649719, 0.4462948441505432, 0.2820877730846405, 0.4990409016609192]
[0.5070725679397583, 0.5795678496360779, 0.4309682846069336, 0.25872695446014404, 0.538472592830658]
[0.4542331099510193, 0.5359205007553101, 0.46587133407592773, 0.30286553502082825, 0.48359861969947815]
[0.46809229254722595, 0.5769036412239075, 0.4278414249420166, 0.2913104295730591, 0.4881093502044678]
[0.5158368945121765, 0.5849075317382812, 0.41763415932655334, 0.2837793231010437, 0.5283422470092773]
[0.46009397506713867, 0.571377694606781, 0.44005638360977173, 0.2868129312992096, 0.49163955450057983]
[0.5081723928451538, 0.5727779269218445, 0.4307730793952942, 0.28988826274871826, 0.5467759966850281]
[0.48340559005737305, 0.5764269828796387, 0.43548518419265747, 0.28113919496536255, 0.5176129341125488]
[0.4917965829372406, 0.5642513632774353, 0.44473153352737427, 0.292820006608963, 0.504958987236023]
[0.4924156665802002, 0.5781824588775635, 0.4457224905490875, 0.28824517130851746, 0.5403204560279846]
[0.4275144338607788, 0.5700538754463196, 0.46393021941185, 0.30771008133888245, 0.48179876804351807]
[0.48379552364349365, 0.5937032699584961, 0.41920071840286255, 0.2830924987792969, 0.4925927221775055]
[0.5657489895820618, 0.5945483446121216, 0.41604334115982056, 0.25841012597084045, 0.5643226504325867]
