0
一句顺其自然，里面包含了我多少绝望和不甘心，如果你懂。
[0.4916324317455292, 0.5679038166999817, 0.4551056921482086, 0.3061674237251282, 0.5455542802810669]
[0.5090562701225281, 0.5822959542274475, 0.42688900232315063, 0.27605998516082764, 0.538251519203186]
[0.5010863542556763, 0.5858259797096252, 0.4396947920322418, 0.3012709617614746, 0.5427323579788208]
[0.505040168762207, 0.5968005061149597, 0.43113359808921814, 0.28271329402923584, 0.5336498022079468]
[0.5090562701225281, 0.5822959542274475, 0.42688900232315063, 0.27605998516082764, 0.538251519203186]
[0.49819183349609375, 0.5695810914039612, 0.4092336595058441, 0.28381651639938354, 0.5330636501312256]
[0.48665598034858704, 0.5514447093009949, 0.4481982886791229, 0.3216134309768677, 0.505088746547699]
[0.42911359667778015, 0.5583806037902832, 0.4441983699798584, 0.3178548216819763, 0.47514215111732483]
[0.5238083600997925, 0.6015953421592712, 0.41671550273895264, 0.26165497303009033, 0.548253059387207]
[0.4917965829372406, 0.5642513632774353, 0.44473153352737427, 0.292820006608963, 0.504958987236023]
[0.5171031951904297, 0.5707024931907654, 0.41200020909309387, 0.2759123742580414, 0.5577700734138489]
[0.47252607345581055, 0.5752177834510803, 0.4601857364177704, 0.3032344579696655, 0.5052928924560547]
[0.32633987069129944, 0.5321908593177795, 0.5020747780799866, 0.42779549956321716, 0.44508448243141174]
[0.5090562701225281, 0.5822959542274475, 0.42688900232315063, 0.27605998516082764, 0.538251519203186]
[0.5103983879089355, 0.5847006440162659, 0.416794091463089, 0.2634642422199249, 0.5418980717658997]
[0.49819183349609375, 0.5695810914039612, 0.4092336595058441, 0.28381651639938354, 0.5330636501312256]
[0.4758692681789398, 0.5671343803405762, 0.4664519131183624, 0.3051452934741974, 0.4674079716205597]
[0.4916324317455292, 0.5679038166999817, 0.4551056921482086, 0.3061674237251282, 0.5455542802810669]
