0
“整个城市都睡了，只剩我和我的心事不能寐，那个好久不见的你，又占据我的回忆。”
[0.32953089475631714, 0.5560638904571533, 0.5070832371711731, 0.3713373839855194, 0.46049124002456665]
[0.5074659585952759, 0.5746755003929138, 0.41332247853279114, 0.2846050262451172, 0.5267055034637451]
[0.49819183349609375, 0.5695810914039612, 0.4092336595058441, 0.28381651639938354, 0.5330636501312256]
[0.48153579235076904, 0.57902991771698, 0.448159396648407, 0.3214465379714966, 0.5215968489646912]
[0.4458787739276886, 0.5394682884216309, 0.47489574551582336, 0.38678622245788574, 0.4921386241912842]
[0.5438856482505798, 0.5929805040359497, 0.418680876493454, 0.27237069606781006, 0.5508289337158203]
[0.48093274235725403, 0.5646358132362366, 0.4477994740009308, 0.2954070568084717, 0.5225964784622192]
[0.5401824712753296, 0.5960986018180847, 0.41479989886283875, 0.26481419801712036, 0.5597550272941589]
[0.4979298412799835, 0.5650497078895569, 0.4320298731327057, 0.32375141978263855, 0.488188773393631]
[0.33346760272979736, 0.5542339086532593, 0.44029879570007324, 0.3013506829738617, 0.4313089847564697]
[0.4287172257900238, 0.5680152773857117, 0.454800009727478, 0.35493579506874084, 0.49660223722457886]
[0.4967330992221832, 0.583429753780365, 0.46789589524269104, 0.2910516560077667, 0.5214149951934814]
[0.5903781652450562, 0.5779418349266052, 0.3953382968902588, 0.24716022610664368, 0.5732735991477966]
[0.48880845308303833, 0.5531551837921143, 0.45212066173553467, 0.34135302901268005, 0.5105385184288025]
[0.43928033113479614, 0.5755216479301453, 0.43812182545661926, 0.28464990854263306, 0.4676651954650879]
[0.5438856482505798, 0.5929805040359497, 0.418680876493454, 0.27237069606781006, 0.5508289337158203]
[0.44303667545318604, 0.5782621502876282, 0.438408225774765, 0.2903119623661041, 0.4948940873146057]
[0.5070725679397583, 0.5795678496360779, 0.4309682846069336, 0.25872695446014404, 0.538472592830658]
[0.5658035278320312, 0.529557466506958, 0.41980302333831787, 0.30960413813591003, 0.5818295478820801]
[0.49819183349609375, 0.5695810914039612, 0.4092336595058441, 0.28381651639938354, 0.5330636501312256]
[0.4870045781135559, 0.5356037020683289, 0.4883376657962799, 0.3713514804840088, 0.46756353974342346]
[0.5001922845840454, 0.5643424987792969, 0.4511803686618805, 0.30857208371162415, 0.5511539578437805]
[0.43914562463760376, 0.5725045204162598, 0.4300510287284851, 0.30731216073036194, 0.4633982181549072]
[0.47977209091186523, 0.591569185256958, 0.42788374423980713, 0.28076642751693726, 0.5312983393669128]
[0.4186968505382538, 0.5605342984199524, 0.46281495690345764, 0.2987612187862396, 0.4894523322582245]
[0.5079157948493958, 0.580100953578949, 0.42952990531921387, 0.29842403531074524, 0.5553985238075256]
[0.5172716975212097, 0.5756046175956726, 0.4257580041885376, 0.2952446937561035, 0.541533350944519]
[0.5035793781280518, 0.5606624484062195, 0.43488121032714844, 0.30540189146995544, 0.518115758895874]
[0.4758692681789398, 0.5671343803405762, 0.4664519131183624, 0.3051452934741974, 0.4674079716205597]
[0.5451405048370361, 0.5799071192741394, 0.4316512644290924, 0.266661137342453, 0.5196403861045837]
[0.4837559163570404, 0.5738986134529114, 0.4411086440086365, 0.2979227900505066, 0.5291458368301392]
[0.5070725679397583, 0.5795678496360779, 0.4309682846069336, 0.25872695446014404, 0.538472592830658]
[0.5079157948493958, 0.580100953578949, 0.42952990531921387, 0.29842403531074524, 0.5553985238075256]
[0.5611296892166138, 0.5888542532920837, 0.4174451231956482, 0.2619985044002533, 0.5838032364845276]
[0.49819183349609375, 0.5695810914039612, 0.4092336595058441, 0.28381651639938354, 0.5330636501312256]
[0.5632321834564209, 0.5766757130622864, 0.40957024693489075, 0.25598013401031494, 0.5737491846084595]
[0.4581209123134613, 0.5701121687889099, 0.443278044462204, 0.2950778901576996, 0.5074784159660339]
[0.4847164750099182, 0.559075117111206, 0.4737538695335388, 0.3905445635318756, 0.5160712599754333]
[0.5207417011260986, 0.5845078229904175, 0.4321368634700775, 0.27882322669029236, 0.5431062579154968]
[0.49819183349609375, 0.5695810914039612, 0.4092336595058441, 0.28381651639938354, 0.5330636501312256]
[0.5004720687866211, 0.5779502987861633, 0.41964367032051086, 0.29307785630226135, 0.5256344676017761]
[0.4594377875328064, 0.561197817325592, 0.44189566373825073, 0.3168579041957855, 0.46243736147880554]
[0.5611288547515869, 0.5933742523193359, 0.4110243022441864, 0.2654956877231598, 0.5646888613700867]
