0
【MIT发现了一个1957年的时间胶囊！但是他们挖早了】麻省理工最近在施工修建新的实验室，结果意外地挖出了个时间胶囊——这货是1957年该校的教授和学生制作的，里面包括一些纪念品，还有一封热情洋溢的信。哦对了，人家本是打算在2957年之后再被挖出来的。
[0.4758453965187073, 0.5256028175354004, 0.5142217874526978, 0.38997113704681396, 0.49948233366012573]
[0.5602214932441711, 0.5154880285263062, 0.44717878103256226, 0.329370379447937, 0.5585645437240601]
[0.5139617323875427, 0.5929368138313293, 0.41964560747146606, 0.23943687975406647, 0.5214974880218506]
[0.3598909080028534, 0.5665807127952576, 0.5082476735115051, 0.32556548714637756, 0.4438689947128296]
[0.4767831861972809, 0.5783295631408691, 0.44756677746772766, 0.2877795994281769, 0.49625563621520996]
[0.50538170337677, 0.5710908770561218, 0.43557092547416687, 0.27996397018432617, 0.5614503026008606]
[0.5075518488883972, 0.5707036256790161, 0.41675060987472534, 0.29028382897377014, 0.5392560362815857]
[0.5219595432281494, 0.5586462616920471, 0.4295232594013214, 0.2921602129936218, 0.556618869304657]
[0.4591464698314667, 0.5700957775115967, 0.439108669757843, 0.3215256631374359, 0.48966431617736816]
[0.5075518488883972, 0.5707036256790161, 0.41675060987472534, 0.29028382897377014, 0.5392560362815857]
[0.49984681606292725, 0.5763576030731201, 0.4303053319454193, 0.2934473752975464, 0.5069719552993774]
[0.4552929103374481, 0.5566890239715576, 0.46373283863067627, 0.3246534466743469, 0.4867633581161499]
[0.49984681606292725, 0.5763576030731201, 0.4303053319454193, 0.2934473752975464, 0.5069719552993774]
[0.46438947319984436, 0.5663521885871887, 0.46854403614997864, 0.330978661775589, 0.5227808952331543]
[0.4098413288593292, 0.5762868523597717, 0.4394632875919342, 0.2893775999546051, 0.49087822437286377]
[0.4950619041919708, 0.5713269710540771, 0.44090086221694946, 0.27966976165771484, 0.553997814655304]
[0.49909815192222595, 0.563334047794342, 0.43780654668807983, 0.2952896058559418, 0.5305924415588379]
[0.4328186810016632, 0.5611789226531982, 0.45485830307006836, 0.3348899781703949, 0.481442391872406]
[0.5559179186820984, 0.5816144943237305, 0.4048234522342682, 0.2520963251590729, 0.5728446841239929]
[0.5004123449325562, 0.5874886512756348, 0.42341721057891846, 0.2641690969467163, 0.5268703103065491]
[0.5103930830955505, 0.5594386458396912, 0.421604186296463, 0.28565648198127747, 0.5290603637695312]
[0.5889610648155212, 0.5780371427536011, 0.40817973017692566, 0.24599821865558624, 0.5655844807624817]
[0.6026448607444763, 0.5488297939300537, 0.40237879753112793, 0.2541957497596741, 0.5886267423629761]
[0.5422282814979553, 0.5863180160522461, 0.40551844239234924, 0.2753317654132843, 0.556081235408783]
[0.49819183349609375, 0.5695810914039612, 0.4092336595058441, 0.28381651639938354, 0.5330636501312256]
[0.49029970169067383, 0.586135983467102, 0.41699841618537903, 0.25333496928215027, 0.5173271894454956]
[0.5075518488883972, 0.5707036256790161, 0.41675060987472534, 0.29028382897377014, 0.5392560362815857]
[0.5045033693313599, 0.5737800598144531, 0.4571481943130493, 0.30393341183662415, 0.5339069962501526]
[0.39718300104141235, 0.5422095060348511, 0.49830931425094604, 0.4150691032409668, 0.4541745185852051]
[0.4696910083293915, 0.5572671294212341, 0.4578534662723541, 0.32840070128440857, 0.5097383260726929]
[0.6277485489845276, 0.562628448009491, 0.376519113779068, 0.24786370992660522, 0.6124646663665771]
[0.5463154911994934, 0.5343952178955078, 0.4742775559425354, 0.34123507142066956, 0.5205381512641907]
[0.46785956621170044, 0.5553664565086365, 0.4547780156135559, 0.3519362807273865, 0.46351349353790283]
[0.5634029507637024, 0.5783467292785645, 0.39400532841682434, 0.27352380752563477, 0.574043333530426]
[0.4861726760864258, 0.5480209589004517, 0.419624388217926, 0.30615130066871643, 0.5055074095726013]
[0.45540758967399597, 0.5827502608299255, 0.43686217069625854, 0.26754817366600037, 0.520965039730072]
[0.5070725679397583, 0.5795678496360779, 0.4309682846069336, 0.25872695446014404, 0.538472592830658]
[0.4150964915752411, 0.5823381543159485, 0.43968814611434937, 0.27584999799728394, 0.48416203260421753]
[0.5551155209541321, 0.5754216313362122, 0.41423243284225464, 0.3030022382736206, 0.5599715709686279]
[0.4726368188858032, 0.5926544070243835, 0.43317079544067383, 0.27996256947517395, 0.5390241742134094]
[0.5743399262428284, 0.5797060132026672, 0.3997141420841217, 0.2682253420352936, 0.5701860785484314]
[0.4852287769317627, 0.5801492929458618, 0.437289297580719, 0.2757485806941986, 0.5545343160629272]
[0.5400922298431396, 0.5735363364219666, 0.4195570945739746, 0.2802276611328125, 0.5636399388313293]
[0.4854170083999634, 0.5366252660751343, 0.5102295279502869, 0.4240826666355133, 0.5496653914451599]
[0.43258756399154663, 0.555526614189148, 0.4713059663772583, 0.3460206389427185, 0.45605984330177307]
[0.5307892560958862, 0.5811089873313904, 0.408077597618103, 0.2718023657798767, 0.5369817018508911]
[0.4875587522983551, 0.5768774747848511, 0.45491909980773926, 0.2912744879722595, 0.5397661328315735]
[0.35005369782447815, 0.548804759979248, 0.45135074853897095, 0.3015742003917694, 0.4178348481655121]
[0.4853138327598572, 0.5618343353271484, 0.4589586853981018, 0.3167947828769684, 0.5358562469482422]
[0.4932118356227875, 0.5823038220405579, 0.4487622082233429, 0.2754223048686981, 0.5624433159828186]
[0.49171125888824463, 0.5453189015388489, 0.43711593747138977, 0.30546125769615173, 0.524878740310669]
[0.4914487302303314, 0.561813473701477, 0.43551936745643616, 0.29300251603126526, 0.5139292478561401]
[0.5268720984458923, 0.5818623304367065, 0.4180101156234741, 0.2671290934085846, 0.5806257724761963]
[0.41728925704956055, 0.5540944933891296, 0.45213669538497925, 0.31441500782966614, 0.4672050178050995]
[0.5059401392936707, 0.5447596907615662, 0.43058592081069946, 0.28276336193084717, 0.5392888784408569]
[0.4797617793083191, 0.5530965328216553, 0.44476738572120667, 0.32838526368141174, 0.5081369876861572]
[0.5083460211753845, 0.5824403166770935, 0.43786704540252686, 0.27210891246795654, 0.5444719195365906]
[0.4707837700843811, 0.5718535780906677, 0.43828606605529785, 0.28999319672584534, 0.5089061856269836]
[0.49984681606292725, 0.5763576030731201, 0.4303053319454193, 0.2934473752975464, 0.5069719552993774]
[0.4753713309764862, 0.5747315287590027, 0.4410737454891205, 0.2740466594696045, 0.5005407333374023]
[0.5091608166694641, 0.5794134140014648, 0.42993927001953125, 0.28277450799942017, 0.5224244594573975]
[0.32082033157348633, 0.5148619413375854, 0.5231289267539978, 0.39177727699279785, 0.4235195517539978]
[0.4600636959075928, 0.5397716164588928, 0.4634932577610016, 0.34839317202568054, 0.4885071814060211]
[0.49819183349609375, 0.5695810914039612, 0.4092336595058441, 0.28381651639938354, 0.5330636501312256]
[0.5083460211753845, 0.5824403166770935, 0.43786704540252686, 0.27210891246795654, 0.5444719195365906]
[0.4724496006965637, 0.5592339634895325, 0.47826433181762695, 0.3696230351924896, 0.5138702988624573]
[0.44841188192367554, 0.5444805026054382, 0.4955188035964966, 0.36677005887031555, 0.49901559948921204]
[0.47826939821243286, 0.5492904782295227, 0.4415298104286194, 0.31054118275642395, 0.5218421816825867]
[0.5125256180763245, 0.5771501064300537, 0.4459693133831024, 0.26978448033332825, 0.5372041463851929]
[0.4575795531272888, 0.5629487633705139, 0.47677671909332275, 0.34587734937667847, 0.4868897497653961]
[0.473499059677124, 0.5501396656036377, 0.4402334690093994, 0.3036917746067047, 0.5199848413467407]
[0.46268367767333984, 0.5568131804466248, 0.4570746123790741, 0.3060641586780548, 0.4909321069717407]
[0.4356134533882141, 0.5482297539710999, 0.4733811318874359, 0.31209683418273926, 0.5127862095832825]
[0.33521145582199097, 0.5351771712303162, 0.4761064946651459, 0.3497862219810486, 0.4352215528488159]
[0.42490434646606445, 0.5173596739768982, 0.4894979000091553, 0.3671817481517792, 0.4535070061683655]
[0.47703978419303894, 0.530753493309021, 0.47610628604888916, 0.35657015442848206, 0.49068835377693176]
[0.45784470438957214, 0.5374104380607605, 0.4718667268753052, 0.37350210547447205, 0.49729016423225403]
[0.6053830981254578, 0.515777587890625, 0.4290900230407715, 0.33981677889823914, 0.5860474109649658]
[0.48689812421798706, 0.5790957808494568, 0.4546966850757599, 0.3063073456287384, 0.5244712233543396]
[0.4116372764110565, 0.5396857261657715, 0.48091432452201843, 0.3655391037464142, 0.48510655760765076]
[0.39454740285873413, 0.5491877794265747, 0.46344226598739624, 0.36648261547088623, 0.45818251371383667]
[0.5422282814979553, 0.5863180160522461, 0.40551844239234924, 0.2753317654132843, 0.556081235408783]
[0.4334021210670471, 0.5554993748664856, 0.465313583612442, 0.32341107726097107, 0.4851529598236084]
[0.41808608174324036, 0.5463970899581909, 0.47344931960105896, 0.30393603444099426, 0.46713975071907043]
[0.49588271975517273, 0.5270635485649109, 0.4374462366104126, 0.30894649028778076, 0.5482542514801025]
[0.461751252412796, 0.5567262172698975, 0.4438674747943878, 0.33398744463920593, 0.4989606440067291]
[0.5799671411514282, 0.5356070399284363, 0.4313127100467682, 0.2930332124233246, 0.5688856244087219]
[0.40859201550483704, 0.5398622751235962, 0.4605177044868469, 0.35066381096839905, 0.46408918499946594]
[0.49370720982551575, 0.5661159753799438, 0.446285218000412, 0.3120608627796173, 0.5020173788070679]
[0.5083460211753845, 0.5824403166770935, 0.43786704540252686, 0.27210891246795654, 0.5444719195365906]
[0.6006934642791748, 0.5074645280838013, 0.47863560914993286, 0.39966094493865967, 0.5950808525085449]
[0.5379124879837036, 0.5812722444534302, 0.43074822425842285, 0.31053808331489563, 0.5508531928062439]
[0.6008853912353516, 0.5308131575584412, 0.4570334553718567, 0.3507295548915863, 0.5795730948448181]
[0.5245482921600342, 0.5844650864601135, 0.42175206542015076, 0.27402761578559875, 0.5589638352394104]
[0.5049474835395813, 0.5443654656410217, 0.43950754404067993, 0.2854181230068207, 0.5193207263946533]
[0.4255383312702179, 0.5434509515762329, 0.4752703905105591, 0.35284027457237244, 0.45309895277023315]
[0.46050333976745605, 0.5422483682632446, 0.47450172901153564, 0.3360116481781006, 0.4906916916370392]
[0.5079537034034729, 0.5483295321464539, 0.4533308446407318, 0.31806787848472595, 0.509541392326355]
[0.46730130910873413, 0.5680146813392639, 0.45258116722106934, 0.3313477635383606, 0.5015618801116943]
[0.4344480633735657, 0.5451894402503967, 0.4550969898700714, 0.3438671827316284, 0.4786068797111511]
[0.42779821157455444, 0.569038450717926, 0.46130216121673584, 0.3059556186199188, 0.49063244462013245]
