0
【教你做土豆泥虾球】一口一个，一口一个，虾和土豆都是真爱啊！！！
[0.5251219868659973, 0.5613593459129333, 0.42506712675094604, 0.31295672059059143, 0.532425582408905]
[0.5080143213272095, 0.5352725386619568, 0.4163796603679657, 0.28921329975128174, 0.5541507005691528]
[0.49054500460624695, 0.5485219955444336, 0.44782012701034546, 0.31152746081352234, 0.49441391229629517]
[0.48995959758758545, 0.5882102251052856, 0.4360218942165375, 0.2700733244419098, 0.536587119102478]
[0.46638035774230957, 0.5648683309555054, 0.4494856297969818, 0.3282828629016876, 0.4706222414970398]
[0.5823898315429688, 0.5849925875663757, 0.4158918261528015, 0.25167539715766907, 0.5722929835319519]
[0.5373417735099792, 0.5879915952682495, 0.4212911128997803, 0.281441330909729, 0.5567320585250854]
[0.4830920696258545, 0.5750347971916199, 0.45129361748695374, 0.285917192697525, 0.536197304725647]
[0.38084888458251953, 0.5723817348480225, 0.4537689983844757, 0.2887296676635742, 0.4711882770061493]
[0.4914586842060089, 0.5598971247673035, 0.4470609128475189, 0.31037411093711853, 0.5033780932426453]
[0.518643319606781, 0.5795661211013794, 0.43667668104171753, 0.2685704827308655, 0.5344675779342651]
[0.5070725679397583, 0.5795678496360779, 0.4309682846069336, 0.25872695446014404, 0.538472592830658]
[0.5238269567489624, 0.5756938457489014, 0.43178462982177734, 0.2660461962223053, 0.530784010887146]
[0.5053690671920776, 0.5770865082740784, 0.4234728217124939, 0.26742568612098694, 0.5389273762702942]
[0.5098654627799988, 0.5896173715591431, 0.4248509109020233, 0.2715158760547638, 0.5381749868392944]
[0.5011407732963562, 0.5586159229278564, 0.46780312061309814, 0.3578466475009918, 0.5155904293060303]
[0.5354865789413452, 0.5888907313346863, 0.41922876238822937, 0.2605830132961273, 0.5253303050994873]
[0.4120628833770752, 0.5349505543708801, 0.4720895290374756, 0.38890746235847473, 0.46607354283332825]
[0.5555643439292908, 0.5246040225028992, 0.4209772050380707, 0.33952876925468445, 0.5867025256156921]
[0.48228079080581665, 0.5483993291854858, 0.46013233065605164, 0.326810747385025, 0.5374477505683899]
[0.6006714105606079, 0.5921800136566162, 0.39053988456726074, 0.2326512187719345, 0.585294246673584]
[0.5071316957473755, 0.563936710357666, 0.4498911201953888, 0.3318656086921692, 0.48049646615982056]
[0.5046262145042419, 0.590512216091156, 0.4555043876171112, 0.30811676383018494, 0.5384358167648315]
[0.4580983817577362, 0.5809210538864136, 0.44372037053108215, 0.32297995686531067, 0.48493385314941406]
[0.4903830289840698, 0.5623007416725159, 0.43976980447769165, 0.33703288435935974, 0.5167539119720459]
[0.51365727186203, 0.5882049202919006, 0.42709118127822876, 0.26018473505973816, 0.5473125576972961]
[0.39352089166641235, 0.5441920161247253, 0.48339787125587463, 0.34900352358818054, 0.5020022988319397]
[0.46638035774230957, 0.5648683309555054, 0.4494856297969818, 0.3282828629016876, 0.4706222414970398]
[0.5145267248153687, 0.5889360904693604, 0.4163583517074585, 0.28373482823371887, 0.5402801632881165]
[0.5238228440284729, 0.5392753481864929, 0.44669806957244873, 0.3766355514526367, 0.530400812625885]
[0.5555643439292908, 0.5246040225028992, 0.4209772050380707, 0.33952876925468445, 0.5867025256156921]
[0.4758692681789398, 0.5671343803405762, 0.4664519131183624, 0.3051452934741974, 0.4674079716205597]
[0.4946446716785431, 0.5729982256889343, 0.42919909954071045, 0.3063522279262543, 0.5101202726364136]
[0.5431181788444519, 0.5741326212882996, 0.412404865026474, 0.28170427680015564, 0.5502879619598389]
[0.5132630467414856, 0.5755763649940491, 0.43260255455970764, 0.2861328125, 0.5457780361175537]
[0.5238786935806274, 0.534304678440094, 0.4301814138889313, 0.3152792453765869, 0.5508372783660889]
[0.529624879360199, 0.5896633863449097, 0.41819608211517334, 0.26099666953086853, 0.5508267879486084]
[0.4914586842060089, 0.5598971247673035, 0.4470609128475189, 0.31037411093711853, 0.5033780932426453]
[0.3492831587791443, 0.5231722593307495, 0.4723469614982605, 0.35915032029151917, 0.45663779973983765]
[0.5062131285667419, 0.5578945875167847, 0.44330155849456787, 0.304703950881958, 0.5033844709396362]
[0.537859320640564, 0.5933181047439575, 0.4154967963695526, 0.27064359188079834, 0.5502873063087463]
[0.6006714105606079, 0.5921800136566162, 0.39053988456726074, 0.2326512187719345, 0.585294246673584]
[0.4970196485519409, 0.5553348064422607, 0.44814133644104004, 0.356720507144928, 0.48792389035224915]
[0.49761685729026794, 0.5777846574783325, 0.42459291219711304, 0.2792431116104126, 0.5200966596603394]
[0.4493314325809479, 0.5624034404754639, 0.44231563806533813, 0.29666852951049805, 0.47483646869659424]
[0.5176209211349487, 0.5651084184646606, 0.44473695755004883, 0.2990104854106903, 0.5438882112503052]
[0.5222427845001221, 0.5831510424613953, 0.43077078461647034, 0.2762342691421509, 0.5095915198326111]
[0.49819183349609375, 0.5695810914039612, 0.4092336595058441, 0.28381651639938354, 0.5330636501312256]
[0.4880632162094116, 0.5868604779243469, 0.43443185091018677, 0.27956467866897583, 0.5300235748291016]
[0.4973893165588379, 0.5658584237098694, 0.43615520000457764, 0.3080257475376129, 0.5147654414176941]
[0.6233166456222534, 0.5436164736747742, 0.4476851522922516, 0.2965811789035797, 0.5829935073852539]
[0.5160627365112305, 0.594837486743927, 0.42653605341911316, 0.2876904606819153, 0.5362962484359741]
[0.474691778421402, 0.556045413017273, 0.4561394453048706, 0.3302071988582611, 0.4988173246383667]
[0.5577174425125122, 0.5880692005157471, 0.4233148694038391, 0.27262261509895325, 0.5653077363967896]
[0.49568745493888855, 0.5815555453300476, 0.4360997974872589, 0.2783968150615692, 0.5261787176132202]
[0.40280866622924805, 0.5455663204193115, 0.5096395015716553, 0.4227626919746399, 0.45903536677360535]
[0.4279159605503082, 0.5568282604217529, 0.4616576135158539, 0.29990485310554504, 0.5040577054023743]
[0.538105845451355, 0.5879831314086914, 0.41182050108909607, 0.26826104521751404, 0.5607741475105286]
[0.5208424925804138, 0.5690502524375916, 0.48079410195350647, 0.36015045642852783, 0.5435254573822021]
[0.5857130289077759, 0.5841307640075684, 0.4136672019958496, 0.2687113285064697, 0.5941346883773804]
[0.43992385268211365, 0.550396740436554, 0.46080678701400757, 0.3271920382976532, 0.4918377697467804]
[0.49819183349609375, 0.5695810914039612, 0.4092336595058441, 0.28381651639938354, 0.5330636501312256]
[0.5043214559555054, 0.5701788663864136, 0.4470556676387787, 0.30884698033332825, 0.5300315022468567]
[0.4523310661315918, 0.544532060623169, 0.4559064209461212, 0.3055048882961273, 0.4793127775192261]
[0.44828224182128906, 0.5490663647651672, 0.4607166051864624, 0.3356715142726898, 0.4626102149486542]
[0.5713948607444763, 0.5970783233642578, 0.4016703963279724, 0.2540013790130615, 0.5752983093261719]
[0.5083343386650085, 0.580457866191864, 0.4221240282058716, 0.2834033668041229, 0.5129327178001404]
[0.5369597673416138, 0.5854213833808899, 0.40693584084510803, 0.27459582686424255, 0.5393497943878174]
[0.4995252788066864, 0.5928541421890259, 0.4350484609603882, 0.29409366846084595, 0.5276650786399841]
[0.5153517723083496, 0.5743321776390076, 0.4232543408870697, 0.3060140907764435, 0.5450277924537659]
[0.4914586842060089, 0.5598971247673035, 0.4470609128475189, 0.31037411093711853, 0.5033780932426453]
[0.4917016923427582, 0.5620545744895935, 0.44304707646369934, 0.31819701194763184, 0.5208613872528076]
[0.46638035774230957, 0.5648683309555054, 0.4494856297969818, 0.3282828629016876, 0.4706222414970398]
[0.5225083231925964, 0.5679907202720642, 0.45365044474601746, 0.32318010926246643, 0.5550967454910278]
[0.4788195490837097, 0.5973051190376282, 0.4321950078010559, 0.28206485509872437, 0.5095052719116211]
[0.46638035774230957, 0.5648683309555054, 0.4494856297969818, 0.3282828629016876, 0.4706222414970398]
[0.5060319900512695, 0.555938184261322, 0.4497721195220947, 0.2948678731918335, 0.5382388830184937]
[0.57039475440979, 0.5919638276100159, 0.4115010201931, 0.26584383845329285, 0.5648959875106812]
[0.4795565903186798, 0.5359276533126831, 0.48255041241645813, 0.364997535943985, 0.47487080097198486]
[0.515393853187561, 0.5705724954605103, 0.4382614493370056, 0.2816044092178345, 0.5499029755592346]
[0.47263801097869873, 0.5559963583946228, 0.46017998456954956, 0.32247045636177063, 0.4982951879501343]
[0.49819183349609375, 0.5695810914039612, 0.4092336595058441, 0.28381651639938354, 0.5330636501312256]
[0.5082989931106567, 0.5848428606987, 0.4423995316028595, 0.2909434139728546, 0.5457190275192261]
[0.4824073314666748, 0.5556647181510925, 0.44987785816192627, 0.3262796401977539, 0.5109838843345642]
[0.5042006969451904, 0.581508994102478, 0.4356386065483093, 0.2987608313560486, 0.5344796776771545]
[0.514322817325592, 0.573509931564331, 0.43072623014450073, 0.27594318985939026, 0.5545668005943298]
[0.45757174491882324, 0.566382646560669, 0.473104327917099, 0.3462137281894684, 0.5019440054893494]
[0.49819183349609375, 0.5695810914039612, 0.4092336595058441, 0.28381651639938354, 0.5330636501312256]
[0.5234349370002747, 0.5674130916595459, 0.4264214038848877, 0.2762106657028198, 0.5367887020111084]
[0.5230644941329956, 0.593233048915863, 0.42922818660736084, 0.2881224751472473, 0.5396323800086975]
[0.4942803680896759, 0.591575562953949, 0.418180376291275, 0.2671513259410858, 0.5432485342025757]
[0.4591905176639557, 0.5492885708808899, 0.46590113639831543, 0.32782605290412903, 0.47871634364128113]
[0.43323633074760437, 0.541152834892273, 0.4509536325931549, 0.3033938407897949, 0.47582006454467773]
[0.483441025018692, 0.5493381023406982, 0.4753727316856384, 0.3657494783401489, 0.4924342632293701]
[0.46738171577453613, 0.5753567218780518, 0.43437862396240234, 0.2766481935977936, 0.5325838923454285]
[0.46638035774230957, 0.5648683309555054, 0.4494856297969818, 0.3282828629016876, 0.4706222414970398]
[0.48366686701774597, 0.5869975090026855, 0.4218730032444, 0.306749552488327, 0.5215206146240234]
[0.514753520488739, 0.568225085735321, 0.4176229238510132, 0.2818355858325958, 0.5340732336044312]
[0.5312824845314026, 0.5781851410865784, 0.4360738694667816, 0.29972192645072937, 0.5333511829376221]
[0.5555643439292908, 0.5246040225028992, 0.4209772050380707, 0.33952876925468445, 0.5867025256156921]
[0.4923197031021118, 0.5694162249565125, 0.429212749004364, 0.2982180714607239, 0.49388545751571655]
