0
#时局#【习近平：中国将大幅减少外资准入限制】习近平今天在APEC演讲：1、未来5年将使中国现行标准下7000多万农村贫困人口全脱贫，贫困县全脱帽。2、中国将大幅减少外资准入限制。3、加快亚太自贸区建设，推进区域经济一体化。4、预计亚投行年底前正式成立，为一批重大项目融资。
[0.47204717993736267, 0.5052009224891663, 0.526194155216217, 0.4328869879245758, 0.4890323281288147]
[0.5073038935661316, 0.5614904761314392, 0.4155351221561432, 0.24981120228767395, 0.5340512990951538]
[0.48587968945503235, 0.5723552703857422, 0.4284075200557709, 0.2870602011680603, 0.4953308403491974]
[0.5127015113830566, 0.5769418478012085, 0.4234163463115692, 0.2843863070011139, 0.543386697769165]
[0.49819183349609375, 0.5695810914039612, 0.4092336595058441, 0.28381651639938354, 0.5330636501312256]
[0.5120326280593872, 0.5228775143623352, 0.4511379897594452, 0.29555419087409973, 0.5188338160514832]
[0.5073038935661316, 0.5614904761314392, 0.4155351221561432, 0.24981120228767395, 0.5340512990951538]
[0.48445290327072144, 0.5600203275680542, 0.4399298131465912, 0.3414531946182251, 0.5179349184036255]
[0.4533385932445526, 0.5061126947402954, 0.5376468300819397, 0.44760870933532715, 0.4730736315250397]
[0.4481503963470459, 0.5436984300613403, 0.4666292071342468, 0.32102447748184204, 0.489760160446167]
[0.5747720003128052, 0.5642958879470825, 0.4073692858219147, 0.274749755859375, 0.5536502599716187]
