0
靖王教大家行礼 是不是很萌？
[0.5244234204292297, 0.5642993450164795, 0.44410401582717896, 0.3198682367801666, 0.514017641544342]
[0.4938969612121582, 0.5600298643112183, 0.4722667634487152, 0.3763972520828247, 0.5149355530738831]
[0.4717402756214142, 0.5249974727630615, 0.4551207423210144, 0.34487107396125793, 0.4534926414489746]
[0.5580297708511353, 0.5324312448501587, 0.41223201155662537, 0.3220653831958771, 0.585793137550354]
[0.524827778339386, 0.5705648064613342, 0.43299683928489685, 0.28937044739723206, 0.544515073299408]
[0.5603377223014832, 0.590295135974884, 0.4162331819534302, 0.25213176012039185, 0.5517856478691101]
[0.5902454257011414, 0.5771095156669617, 0.40615081787109375, 0.2682604491710663, 0.5648889541625977]
[0.5030559301376343, 0.5532445907592773, 0.4606098532676697, 0.3330150544643402, 0.5264449715614319]
[0.5339101552963257, 0.5813760161399841, 0.41958439350128174, 0.2771961987018585, 0.5373187065124512]
[0.5637169480323792, 0.5684821605682373, 0.4289538264274597, 0.2687758207321167, 0.5523335933685303]
[0.5295817255973816, 0.5791787505149841, 0.4213866591453552, 0.2634482979774475, 0.5569471120834351]
[0.4487040340900421, 0.5511872172355652, 0.4748842418193817, 0.33265402913093567, 0.4805113673210144]
[0.4784623086452484, 0.563917338848114, 0.4523741900920868, 0.3020828366279602, 0.5074270963668823]
[0.5237215757369995, 0.5739428400993347, 0.43542397022247314, 0.3057873845100403, 0.545592188835144]
[0.42312052845954895, 0.5417948961257935, 0.4787653088569641, 0.3351060748100281, 0.4524702727794647]
[0.5658268332481384, 0.5326693654060364, 0.43082380294799805, 0.3091142475605011, 0.5374182462692261]
[0.43258756399154663, 0.555526614189148, 0.4713059663772583, 0.3460206389427185, 0.45605984330177307]
[0.5578630566596985, 0.5819410681724548, 0.39593759179115295, 0.2714889645576477, 0.5701462030410767]
[0.3864581882953644, 0.528977632522583, 0.48760709166526794, 0.35831770300865173, 0.44777747988700867]
[0.5643225312232971, 0.5188120603561401, 0.4777304232120514, 0.401157945394516, 0.552527666091919]
[0.6144853830337524, 0.5668663382530212, 0.3892512321472168, 0.23379665613174438, 0.606448233127594]
[0.46646079421043396, 0.5657373666763306, 0.45068514347076416, 0.2893150746822357, 0.5120354890823364]
[0.4435972273349762, 0.5622885227203369, 0.45499202609062195, 0.30026474595069885, 0.5191652774810791]
[0.5614532828330994, 0.5844451189041138, 0.420693039894104, 0.2597188949584961, 0.5487179756164551]
[0.43714508414268494, 0.5731275081634521, 0.42473113536834717, 0.2897603213787079, 0.5059453248977661]
[0.4514324963092804, 0.5575992465019226, 0.45350131392478943, 0.340752512216568, 0.48385897278785706]
[0.5564937591552734, 0.5534504055976868, 0.4081451892852783, 0.2652052640914917, 0.5521631836891174]
[0.4880853593349457, 0.5582693219184875, 0.44289594888687134, 0.3320510983467102, 0.5144178867340088]
[0.48636502027511597, 0.5541183352470398, 0.45360010862350464, 0.33782026171684265, 0.5026524066925049]
[0.4838877320289612, 0.5492506623268127, 0.46785929799079895, 0.33102428913116455, 0.5150994062423706]
[0.5346711874008179, 0.5811509490013123, 0.4041937589645386, 0.2690393924713135, 0.5570536851882935]
[0.5171750783920288, 0.5856480002403259, 0.4296110272407532, 0.2771410048007965, 0.5482370853424072]
[0.522382378578186, 0.5409819483757019, 0.42705756425857544, 0.2783004343509674, 0.5259657502174377]
[0.5253210663795471, 0.5742711424827576, 0.4479459226131439, 0.29206401109695435, 0.5422303080558777]
[0.4339073598384857, 0.5464476943016052, 0.46803170442581177, 0.3418058156967163, 0.5032482743263245]
[0.5669677257537842, 0.5767298340797424, 0.4107912480831146, 0.25313979387283325, 0.5629927515983582]
[0.5087021589279175, 0.55372554063797, 0.4271865785121918, 0.30103716254234314, 0.5406450629234314]
[0.49951112270355225, 0.5797741413116455, 0.4349474012851715, 0.3032708764076233, 0.513394832611084]
[0.5512261390686035, 0.5829716920852661, 0.4285249412059784, 0.2811618149280548, 0.5435426831245422]
[0.4402826130390167, 0.5479804277420044, 0.4499957263469696, 0.31331801414489746, 0.46701711416244507]
[0.5856446623802185, 0.5419911742210388, 0.44759601354599, 0.3034413754940033, 0.5856454372406006]
[0.5295737981796265, 0.5566244125366211, 0.44209250807762146, 0.33064955472946167, 0.5057040452957153]
[0.5206184983253479, 0.5449782609939575, 0.44869184494018555, 0.2957325279712677, 0.5246434211730957]
[0.589542806148529, 0.5670232176780701, 0.3996146023273468, 0.2546638548374176, 0.5786269903182983]
[0.5233977437019348, 0.574427604675293, 0.42192548513412476, 0.2829113006591797, 0.5400768518447876]
[0.47967442870140076, 0.5577803254127502, 0.43952104449272156, 0.30124127864837646, 0.5321635007858276]
[0.3458620309829712, 0.5146744847297668, 0.5247885584831238, 0.4221082031726837, 0.4137233793735504]
[0.44941261410713196, 0.5494968295097351, 0.4618745446205139, 0.31421107053756714, 0.4565088748931885]
[0.4050917625427246, 0.5507092475891113, 0.4469294250011444, 0.30867984890937805, 0.4818989634513855]
[0.5286340117454529, 0.5675817131996155, 0.4557390809059143, 0.3105211853981018, 0.5351309776306152]
[0.5545535087585449, 0.52702796459198, 0.49141815304756165, 0.4103047251701355, 0.585686981678009]
[0.47023507952690125, 0.5565944910049438, 0.44505318999290466, 0.32629698514938354, 0.4922495186328888]
[0.5729601383209229, 0.5369864702224731, 0.42505568265914917, 0.2787085771560669, 0.5850601196289062]
[0.49903684854507446, 0.5599585771560669, 0.4293065071105957, 0.3070073425769806, 0.48760390281677246]
[0.4582790434360504, 0.5402095913887024, 0.4670412838459015, 0.31145644187927246, 0.4782807528972626]
[0.5045111775398254, 0.5710178017616272, 0.428670734167099, 0.29556000232696533, 0.547726571559906]
[0.5212104916572571, 0.5847941637039185, 0.4374833106994629, 0.27252066135406494, 0.5462501049041748]
[0.5620326399803162, 0.5218561291694641, 0.47592195868492126, 0.37889862060546875, 0.5278487205505371]
[0.4316093921661377, 0.5633983612060547, 0.46760043501853943, 0.3158654570579529, 0.4561212360858917]
[0.466500848531723, 0.573945164680481, 0.45303410291671753, 0.306620717048645, 0.5240945816040039]
[0.5295817255973816, 0.5791787505149841, 0.4213866591453552, 0.2634482979774475, 0.5569471120834351]
[0.506122887134552, 0.5576832294464111, 0.44195425510406494, 0.30864250659942627, 0.509155809879303]
[0.4895946979522705, 0.5850561261177063, 0.43437251448631287, 0.278474897146225, 0.5219709277153015]
[0.49635183811187744, 0.5718159675598145, 0.43447145819664, 0.3005818724632263, 0.5167667865753174]
[0.5530924797058105, 0.5531865954399109, 0.4395519495010376, 0.28972047567367554, 0.5562338829040527]
[0.47146400809288025, 0.5827268958091736, 0.4316967725753784, 0.2864181399345398, 0.5225508213043213]
[0.5661075115203857, 0.5428637266159058, 0.46762213110923767, 0.3076664209365845, 0.5422649383544922]
[0.4402826130390167, 0.5479804277420044, 0.4499957263469696, 0.31331801414489746, 0.46701711416244507]
[0.5132286548614502, 0.5478616952896118, 0.44747814536094666, 0.31819555163383484, 0.4719308018684387]
[0.5370412468910217, 0.553375244140625, 0.4282985329627991, 0.3189721703529358, 0.5221806764602661]
[0.573059618473053, 0.5266568064689636, 0.46768105030059814, 0.36071088910102844, 0.5607884526252747]
[0.5218020677566528, 0.49864599108695984, 0.5474370718002319, 0.47456979751586914, 0.5565780401229858]
[0.5474509000778198, 0.5567489862442017, 0.44114747643470764, 0.2896905839443207, 0.5282973647117615]
[0.5068491697311401, 0.5586894750595093, 0.47234779596328735, 0.3277992904186249, 0.5120150446891785]
[0.5422250628471375, 0.5545253753662109, 0.4437502324581146, 0.2977275252342224, 0.549324631690979]
[0.45673584938049316, 0.5395087599754333, 0.4716883897781372, 0.34223368763923645, 0.5016506910324097]
[0.5679672360420227, 0.5785434246063232, 0.42071762681007385, 0.25733324885368347, 0.5600477457046509]
[0.5078883767127991, 0.588371992111206, 0.42459574341773987, 0.2895931601524353, 0.5446128845214844]
[0.5343427062034607, 0.5694711804389954, 0.4103458821773529, 0.2710602283477783, 0.5458897948265076]
[0.46430861949920654, 0.5522147417068481, 0.4453575015068054, 0.330819308757782, 0.5109440684318542]
[0.4084620475769043, 0.5577332973480225, 0.428856760263443, 0.2997889816761017, 0.4700360894203186]
[0.5886143445968628, 0.5231057405471802, 0.45208773016929626, 0.35351112484931946, 0.5810480117797852]
[0.579735517501831, 0.5779231786727905, 0.41096198558807373, 0.2846185564994812, 0.5683919191360474]
[0.5668989419937134, 0.5634976625442505, 0.41500124335289, 0.2603417932987213, 0.5761197805404663]
[0.44612017273902893, 0.5101668834686279, 0.4826139807701111, 0.35832130908966064, 0.46292364597320557]
[0.4635668694972992, 0.5467827320098877, 0.4364711046218872, 0.3001130521297455, 0.5003980398178101]
[0.5017743110656738, 0.564713716506958, 0.45006445050239563, 0.28794416785240173, 0.5365059971809387]
[0.4966026544570923, 0.5763579607009888, 0.43484559655189514, 0.2847920060157776, 0.5300717353820801]
[0.5402364730834961, 0.5430989265441895, 0.443028062582016, 0.2905915081501007, 0.5644082427024841]
[0.4815712571144104, 0.5268784165382385, 0.4561733305454254, 0.32644543051719666, 0.49592703580856323]
[0.49756383895874023, 0.5621716976165771, 0.4486766755580902, 0.30010658502578735, 0.5380151271820068]
[0.4365001618862152, 0.560985267162323, 0.4606035649776459, 0.29832586646080017, 0.47634580731391907]
[0.5017743110656738, 0.564713716506958, 0.45006445050239563, 0.28794416785240173, 0.5365059971809387]
[0.5733384490013123, 0.5263307690620422, 0.45985516905784607, 0.3541080951690674, 0.5815281867980957]
[0.5533743500709534, 0.5906001329421997, 0.41914987564086914, 0.25639644265174866, 0.5407605171203613]
[0.45023271441459656, 0.5569759011268616, 0.4420829117298126, 0.2963137626647949, 0.49830910563468933]
[0.463502436876297, 0.5583076477050781, 0.46360310912132263, 0.34310469031333923, 0.48543208837509155]
[0.49126848578453064, 0.5665025115013123, 0.4276657998561859, 0.2842368483543396, 0.5208016037940979]
[0.4468410015106201, 0.551176905632019, 0.4346869885921478, 0.3027343451976776, 0.4942931830883026]
[0.4698454737663269, 0.5362710356712341, 0.5019978284835815, 0.41134878993034363, 0.4423297345638275]
[0.475492924451828, 0.5584600567817688, 0.44030308723449707, 0.306589812040329, 0.49699679017066956]
