0
【杭州1土豪花120万买3万斤大闸蟹 运到钱塘江放生】近日，传言有神秘萧山男子，到市场购买大闸蟹，每次都买上万斤，当面现金结清，然后装车运走，倒入钱塘江放生。来采购的时间也有讲究，得是适合放生的日子，隔两三天就会采购一次。记者求证确有此事，3万斤大闸蟹用于放生。
[0.5413321256637573, 0.5363713502883911, 0.4890011250972748, 0.35868802666664124, 0.5723922848701477]
[0.4890677332878113, 0.5595028400421143, 0.4659278094768524, 0.3388938307762146, 0.49195027351379395]
[0.44923415780067444, 0.5582284331321716, 0.45069125294685364, 0.32142409682273865, 0.48879551887512207]
[0.5100125074386597, 0.5252821445465088, 0.44505932927131653, 0.31160447001457214, 0.5117118954658508]
[0.41335856914520264, 0.5372635722160339, 0.45133528113365173, 0.31332388520240784, 0.44728928804397583]
[0.516800045967102, 0.5665848851203918, 0.45738643407821655, 0.3142414391040802, 0.51980060338974]
[0.5017586946487427, 0.5856274962425232, 0.44663408398628235, 0.27931320667266846, 0.5269047617912292]
[0.47610238194465637, 0.5617287755012512, 0.4391223192214966, 0.32186001539230347, 0.4930243492126465]
[0.4234302043914795, 0.5619128346443176, 0.4563286304473877, 0.2863980829715729, 0.45948338508605957]
[0.5291123986244202, 0.5724694728851318, 0.4092662036418915, 0.2730103135108948, 0.5446213483810425]
[0.3908163905143738, 0.5657800436019897, 0.4528420865535736, 0.3029055595397949, 0.46100011467933655]
[0.501265287399292, 0.5674898028373718, 0.42172202467918396, 0.28538379073143005, 0.5345824360847473]
[0.5017688274383545, 0.573878824710846, 0.4310603737831116, 0.29014822840690613, 0.5533402562141418]
[0.5033801198005676, 0.5945813655853271, 0.4454793632030487, 0.28209227323532104, 0.5355061888694763]
[0.44658082723617554, 0.5432408452033997, 0.44030433893203735, 0.3195376694202423, 0.4979599714279175]
[0.4592742323875427, 0.5695115327835083, 0.43917131423950195, 0.3122698664665222, 0.4994686543941498]
[0.503273069858551, 0.510556161403656, 0.4805275499820709, 0.37225255370140076, 0.5288005471229553]
[0.44198077917099, 0.5303506255149841, 0.46828731894493103, 0.36123642325401306, 0.46334636211395264]
[0.4599184989929199, 0.5417518019676208, 0.4450666904449463, 0.33281463384628296, 0.49352386593818665]
[0.542640745639801, 0.5849900245666504, 0.4215397834777832, 0.2827979624271393, 0.5436045527458191]
[0.514542281627655, 0.5802371501922607, 0.41656723618507385, 0.2866268455982208, 0.5313311219215393]
[0.518312931060791, 0.5813202261924744, 0.4084571599960327, 0.24028001725673676, 0.5518553853034973]
[0.47307780385017395, 0.5478296279907227, 0.45370835065841675, 0.3351905643939972, 0.5173847079277039]
[0.49832969903945923, 0.5831724405288696, 0.4442477822303772, 0.3120414614677429, 0.5135416984558105]
[0.5586423277854919, 0.5926681160926819, 0.40298205614089966, 0.24401222169399261, 0.5698907971382141]
[0.4521923363208771, 0.5586573481559753, 0.4800684154033661, 0.35221046209335327, 0.5185307264328003]
[0.5393109917640686, 0.5820276141166687, 0.408365398645401, 0.25386008620262146, 0.5508933663368225]
[0.48085033893585205, 0.5267946124076843, 0.47847214341163635, 0.40556228160858154, 0.5243529081344604]
[0.5728477835655212, 0.5409311056137085, 0.465194970369339, 0.3118191957473755, 0.5798995494842529]
[0.491140216588974, 0.5501605272293091, 0.4633963406085968, 0.3197164237499237, 0.5146524906158447]
[0.5757365226745605, 0.5897319316864014, 0.40643736720085144, 0.25071677565574646, 0.5680649280548096]
[0.5335930585861206, 0.5626042485237122, 0.4217545986175537, 0.3039117753505707, 0.5358158349990845]
[0.5246511697769165, 0.5662046074867249, 0.4372631311416626, 0.29114869236946106, 0.5600743293762207]
[0.466835081577301, 0.541254460811615, 0.4396769106388092, 0.3100526034832001, 0.528026282787323]
[0.3508540987968445, 0.5538231730461121, 0.4429462254047394, 0.3280927240848541, 0.4471396803855896]
[0.49262744188308716, 0.5610440969467163, 0.43357402086257935, 0.28937312960624695, 0.5210957527160645]
[0.5443698763847351, 0.592653214931488, 0.41314515471458435, 0.2680369019508362, 0.5440337657928467]
[0.5114670991897583, 0.5837084650993347, 0.4063946306705475, 0.27546456456184387, 0.5210027694702148]
[0.5406796336174011, 0.5628805756568909, 0.4310070872306824, 0.2939772605895996, 0.5560814142227173]
[0.5066441297531128, 0.5456939935684204, 0.45142656564712524, 0.2856545150279999, 0.5635038018226624]
[0.5287815928459167, 0.5822796821594238, 0.4217747151851654, 0.2852970063686371, 0.5640980005264282]
[0.4844871461391449, 0.5851805210113525, 0.4547269344329834, 0.28848302364349365, 0.5234140753746033]
[0.45152050256729126, 0.5457016229629517, 0.4633775055408478, 0.34413424134254456, 0.48250988125801086]
[0.3685941994190216, 0.5338988900184631, 0.4961208701133728, 0.3955738842487335, 0.46209192276000977]
[0.5192555785179138, 0.5489166378974915, 0.46222999691963196, 0.4009537696838379, 0.5040282607078552]
[0.5406796336174011, 0.5628805756568909, 0.4310070872306824, 0.2939772605895996, 0.5560814142227173]
[0.471871554851532, 0.5511050224304199, 0.4609387218952179, 0.33836185932159424, 0.49980783462524414]
[0.4985477328300476, 0.5931411385536194, 0.4268622398376465, 0.2883148491382599, 0.49974191188812256]
[0.5115761160850525, 0.5406059622764587, 0.4487547278404236, 0.3584006428718567, 0.5086150765419006]
[0.5132670402526855, 0.5934965014457703, 0.4420536458492279, 0.27757078409194946, 0.5219869613647461]
[0.5063190460205078, 0.5788170695304871, 0.44721707701683044, 0.2803001403808594, 0.529789924621582]
[0.5694442391395569, 0.5822205543518066, 0.3938743472099304, 0.2584984004497528, 0.5772846937179565]
[0.3788204789161682, 0.5512404441833496, 0.4577178657054901, 0.3367336690425873, 0.4718911051750183]
[0.557842493057251, 0.5702321529388428, 0.39041489362716675, 0.2490786463022232, 0.557464063167572]
[0.4366019666194916, 0.5538280606269836, 0.46221616864204407, 0.3282524347305298, 0.4935002326965332]
[0.413496732711792, 0.5396055579185486, 0.48285478353500366, 0.3189223110675812, 0.5095615386962891]
[0.3844061493873596, 0.5212059617042542, 0.508115828037262, 0.34396976232528687, 0.40238329768180847]
[0.5052444934844971, 0.5685431957244873, 0.4492713212966919, 0.2977096438407898, 0.5487666726112366]
[0.41953277587890625, 0.5645124912261963, 0.4709457457065582, 0.31888848543167114, 0.49070990085601807]
[0.5335080027580261, 0.599581778049469, 0.42092016339302063, 0.2625229060649872, 0.5384938716888428]
[0.5029833316802979, 0.5353454351425171, 0.4803101420402527, 0.34180179238319397, 0.5421344041824341]
[0.49240535497665405, 0.575347900390625, 0.4299471974372864, 0.2732018232345581, 0.5103101134300232]
