0
【教育部新规拟要求高校辅导员必须是中共党员】教育部日前在官网公布了《普通高等学校辅导员队伍建设规定》，与原规相比，新规对高校辅导员队伍建设的要求和措施更加具体，对辅导员队伍的政治要求更严格，要求高校辅导员必须是中共党员，并且“不得有损害党和国家利益以及不利于学生健康成长的言行。”
[0.5083405375480652, 0.5427273511886597, 0.5031796097755432, 0.39366650581359863, 0.5265401601791382]
[0.5644946694374084, 0.5535591244697571, 0.44010886549949646, 0.2641047537326813, 0.5635246634483337]
[0.4639963209629059, 0.5807995200157166, 0.4412662982940674, 0.29608476161956787, 0.5070504546165466]
[0.49058908224105835, 0.5135677456855774, 0.46866098046302795, 0.34307926893234253, 0.5143570303916931]
[0.49819183349609375, 0.5695810914039612, 0.4092336595058441, 0.28381651639938354, 0.5330636501312256]
[0.5570181608200073, 0.558387815952301, 0.38905617594718933, 0.26177307963371277, 0.5597163438796997]
[0.4918946325778961, 0.5711461305618286, 0.4286154508590698, 0.3095289170742035, 0.5128387808799744]
[0.5164874792098999, 0.5744487047195435, 0.4270571172237396, 0.2788642346858978, 0.5364731550216675]
[0.4752258062362671, 0.5691908001899719, 0.4391210675239563, 0.3077876567840576, 0.4840574860572815]
[0.4907926917076111, 0.5637834668159485, 0.4414612948894501, 0.2947947084903717, 0.49108949303627014]
[0.5392138957977295, 0.5823938250541687, 0.4261903762817383, 0.27492547035217285, 0.5122859477996826]
[0.4752258062362671, 0.5691908001899719, 0.4391210675239563, 0.3077876567840576, 0.4840574860572815]
[0.4052065908908844, 0.5504616498947144, 0.4734753370285034, 0.3485337495803833, 0.45623451471328735]
[0.501763105392456, 0.5493150949478149, 0.43913891911506653, 0.2897382378578186, 0.5177291035652161]
[0.5708203911781311, 0.5839177370071411, 0.4050414264202118, 0.2545846402645111, 0.5888614654541016]
[0.4545459449291229, 0.539592981338501, 0.4754238724708557, 0.32467225193977356, 0.5305026173591614]
[0.5644946694374084, 0.5535591244697571, 0.44010886549949646, 0.2641047537326813, 0.5635246634483337]
[0.48914027214050293, 0.5767039060592651, 0.4335431456565857, 0.2905321419239044, 0.4943446218967438]
[0.45548439025878906, 0.519679605960846, 0.4885006248950958, 0.39715906977653503, 0.4848397374153137]
[0.47902384400367737, 0.55209881067276, 0.45960643887519836, 0.34715279936790466, 0.4679010212421417]
[0.5444731712341309, 0.5838104486465454, 0.4139184057712555, 0.25832685828208923, 0.5652064085006714]
[0.5223827958106995, 0.5824562311172485, 0.4161616265773773, 0.2747953534126282, 0.5244501233100891]
[0.5404128432273865, 0.5823633670806885, 0.4184034764766693, 0.2794688045978546, 0.539771318435669]
[0.4558408260345459, 0.5757754445075989, 0.4249473512172699, 0.3060535490512848, 0.48351821303367615]
[0.3723528981208801, 0.5612441897392273, 0.4396122992038727, 0.29227980971336365, 0.4474621117115021]
[0.5547314286231995, 0.5699960589408875, 0.40699586272239685, 0.2699648439884186, 0.5784702897071838]
[0.5010496377944946, 0.5591225028038025, 0.4335498511791229, 0.2776283621788025, 0.5240210890769958]
[0.5349149107933044, 0.5815778374671936, 0.41430363059043884, 0.274579256772995, 0.5376179814338684]
[0.4692831039428711, 0.568009614944458, 0.43220677971839905, 0.2683343291282654, 0.4885052442550659]
[0.4794958829879761, 0.5697804689407349, 0.4353785216808319, 0.3155973255634308, 0.48273828625679016]
[0.5689255595207214, 0.5658525824546814, 0.39580488204956055, 0.24032506346702576, 0.5818603038787842]
[0.5312179327011108, 0.583070695400238, 0.4142923951148987, 0.25005796551704407, 0.5328344702720642]
[0.4668807089328766, 0.5213931798934937, 0.485731303691864, 0.3513338267803192, 0.4993847906589508]
[0.4405500292778015, 0.5274436473846436, 0.5422871112823486, 0.4812047779560089, 0.5148780345916748]
[0.5385386943817139, 0.5813561677932739, 0.4149138033390045, 0.25142547488212585, 0.5554950833320618]
[0.5119490623474121, 0.5869953632354736, 0.39536571502685547, 0.25010550022125244, 0.5313717722892761]
[0.5050513744354248, 0.5431497097015381, 0.44599929451942444, 0.3015836477279663, 0.531471848487854]
[0.5177729725837708, 0.5833643078804016, 0.40603089332580566, 0.2730325162410736, 0.5234096646308899]
[0.5305089950561523, 0.5754643082618713, 0.42245930433273315, 0.2786347270011902, 0.5460972785949707]
[0.558381199836731, 0.5423411130905151, 0.4284226596355438, 0.3064698874950409, 0.5471082925796509]
[0.48333361744880676, 0.5695263147354126, 0.4487859308719635, 0.31024104356765747, 0.50972980260849]
[0.4906030595302582, 0.5536200404167175, 0.4496518671512604, 0.3281911015510559, 0.516048014163971]
[0.577185869216919, 0.5273345708847046, 0.41492170095443726, 0.294709712266922, 0.582987904548645]
[0.49804413318634033, 0.5509020090103149, 0.4442155957221985, 0.3074604272842407, 0.5385709404945374]
[0.5352217555046082, 0.5552836656570435, 0.41940319538116455, 0.2730030417442322, 0.5547244548797607]
[0.547616720199585, 0.5786662101745605, 0.43001994490623474, 0.268674373626709, 0.5238481163978577]
[0.5124277472496033, 0.5201136469841003, 0.47213178873062134, 0.4392809271812439, 0.5158973932266235]
[0.5300712585449219, 0.5544556379318237, 0.42883509397506714, 0.3016274571418762, 0.5347665548324585]
[0.5580922961235046, 0.5530509948730469, 0.4131881892681122, 0.2712014615535736, 0.5695449113845825]
[0.5190750360488892, 0.5799463987350464, 0.44099143147468567, 0.2905498743057251, 0.5277294516563416]
[0.5263249278068542, 0.5880606770515442, 0.42088040709495544, 0.2532336413860321, 0.5471904277801514]
[0.5178512334823608, 0.5812960863113403, 0.44276541471481323, 0.2836514711380005, 0.5277688503265381]
[0.5100952386856079, 0.5498936176300049, 0.43107280135154724, 0.29975056648254395, 0.5247198939323425]
[0.5577108263969421, 0.564716100692749, 0.3879919648170471, 0.23786789178848267, 0.5881210565567017]
[0.37297454476356506, 0.5175012350082397, 0.5382634401321411, 0.37039515376091003, 0.49071016907691956]
[0.43928033113479614, 0.5755216479301453, 0.43812182545661926, 0.28464990854263306, 0.4676651954650879]
[0.4616888761520386, 0.5508934259414673, 0.4353989064693451, 0.2949153482913971, 0.4792840778827667]
[0.5224481821060181, 0.5729219913482666, 0.42719125747680664, 0.2739661931991577, 0.5166744589805603]
[0.5444002747535706, 0.5663224458694458, 0.41967037320137024, 0.2881081700325012, 0.5384171009063721]
[0.5178912878036499, 0.5706862211227417, 0.43308040499687195, 0.29842543601989746, 0.5245769023895264]
[0.5864070653915405, 0.5454434156417847, 0.41905245184898376, 0.29416757822036743, 0.5558716654777527]
[0.43947577476501465, 0.5358186960220337, 0.48248735070228577, 0.3452150225639343, 0.48942509293556213]
[0.5419531464576721, 0.5894731879234314, 0.3970734179019928, 0.2347671538591385, 0.5633763074874878]
[0.43517088890075684, 0.531914472579956, 0.49491503834724426, 0.34558749198913574, 0.48045799136161804]
[0.4610803425312042, 0.566485583782196, 0.45316216349601746, 0.33862823247909546, 0.5064936876296997]
[0.5276172161102295, 0.5155298113822937, 0.49428513646125793, 0.42213213443756104, 0.5400463342666626]
[0.5126570463180542, 0.5517799258232117, 0.45812270045280457, 0.3248118758201599, 0.5028242468833923]
[0.31953486800193787, 0.5135893821716309, 0.5321112871170044, 0.4950753450393677, 0.43388018012046814]
[0.5882867574691772, 0.513550341129303, 0.4811396300792694, 0.3702428638935089, 0.5899092555046082]
[0.47464391589164734, 0.5606929063796997, 0.4652746617794037, 0.33006444573402405, 0.46641573309898376]
[0.5369587540626526, 0.5925830602645874, 0.4072514772415161, 0.2580244243144989, 0.5456135272979736]
