0
【猎豹：你追我，如果你追到我……汪：嘿嘿嘿】哈士奇能不能追上猎豹并嘿嘿嘿，得看屋子有多大…呸，得看赛程有多长 （图4、6、7、8、9为GIF，每个不超过2M
[0.4940527677536011, 0.527106761932373, 0.47340649366378784, 0.33386585116386414, 0.5340165495872498]
[0.5001550912857056, 0.5606508255004883, 0.45598092675209045, 0.31407153606414795, 0.518500030040741]
[0.3800254166126251, 0.5386618375778198, 0.4390166997909546, 0.3065527081489563, 0.4465992748737335]
[0.4463588297367096, 0.5675832629203796, 0.44754576683044434, 0.2921259105205536, 0.48608365654945374]
[0.3962860405445099, 0.5645008683204651, 0.4759019613265991, 0.300518661737442, 0.46258780360221863]
[0.5033414363861084, 0.5606000423431396, 0.43047571182250977, 0.2789537012577057, 0.5103550553321838]
[0.48466628789901733, 0.5797420144081116, 0.42118948698043823, 0.2892201840877533, 0.5242112278938293]
[0.6309479475021362, 0.5599254965782166, 0.38114166259765625, 0.24809253215789795, 0.6088895201683044]
[0.4782266318798065, 0.5866954326629639, 0.44335171580314636, 0.27443960309028625, 0.5164209604263306]
[0.49819183349609375, 0.5695810914039612, 0.4092336595058441, 0.28381651639938354, 0.5330636501312256]
[0.47585445642471313, 0.5522108674049377, 0.4479679763317108, 0.2774064838886261, 0.4978066682815552]
[0.5660179853439331, 0.5495641827583313, 0.40529200434684753, 0.2619147002696991, 0.5774182081222534]
[0.5363203287124634, 0.5624563097953796, 0.41862764954566956, 0.2673673927783966, 0.5565575361251831]
[0.5788037180900574, 0.5487756133079529, 0.4039960503578186, 0.2587178945541382, 0.5830512046813965]
[0.5419694781303406, 0.5746396780014038, 0.42067858576774597, 0.27076172828674316, 0.560901403427124]
[0.5422282814979553, 0.5863180160522461, 0.40551844239234924, 0.2753317654132843, 0.556081235408783]
[0.5429257750511169, 0.5647552609443665, 0.43069905042648315, 0.28337520360946655, 0.5529060959815979]
[0.5274962782859802, 0.5588670372962952, 0.4141565263271332, 0.28192761540412903, 0.5756616592407227]
[0.5296691060066223, 0.5707728266716003, 0.42334896326065063, 0.27799296379089355, 0.5634075403213501]
[0.46788322925567627, 0.5727689266204834, 0.4728100001811981, 0.31392809748649597, 0.5191923379898071]
[0.4758628308773041, 0.5798635482788086, 0.4262865483760834, 0.29265955090522766, 0.5130860209465027]
[0.5296691060066223, 0.5707728266716003, 0.42334896326065063, 0.27799296379089355, 0.5634075403213501]
[0.5296691060066223, 0.5707728266716003, 0.42334896326065063, 0.27799296379089355, 0.5634075403213501]
[0.5620272159576416, 0.5406281352043152, 0.426029771566391, 0.3095690906047821, 0.590239942073822]
[0.3870297074317932, 0.5433395504951477, 0.4708499312400818, 0.32025575637817383, 0.4888991117477417]
[0.46978759765625, 0.5875194668769836, 0.44888126850128174, 0.30410313606262207, 0.5098078846931458]
[0.47927388548851013, 0.5399836897850037, 0.4689444601535797, 0.3129345774650574, 0.5205603241920471]
[0.5155748128890991, 0.5583639740943909, 0.42973071336746216, 0.29460152983665466, 0.5198690295219421]
[0.43036511540412903, 0.5767939686775208, 0.4517853856086731, 0.311461865901947, 0.47961360216140747]
[0.5167209506034851, 0.5633214712142944, 0.4319169521331787, 0.289650022983551, 0.5471745133399963]
[0.3121407628059387, 0.5467475056648254, 0.4548705518245697, 0.29476284980773926, 0.423620343208313]
[0.4955488443374634, 0.5591515302658081, 0.4836074411869049, 0.3072219789028168, 0.5108872652053833]
[0.4799349308013916, 0.5312906503677368, 0.4807453453540802, 0.338861346244812, 0.5095173716545105]
[0.4620078504085541, 0.5644723176956177, 0.46625933051109314, 0.30376559495925903, 0.48163971304893494]
[0.4385877251625061, 0.5689809322357178, 0.4216516613960266, 0.2744072675704956, 0.5010490417480469]
[0.5319766402244568, 0.5295450687408447, 0.48791956901550293, 0.3699764311313629, 0.5538235306739807]
[0.5488256812095642, 0.5639514327049255, 0.4001484215259552, 0.26385852694511414, 0.5652010440826416]
[0.5299980044364929, 0.5378808379173279, 0.4405536353588104, 0.32587966322898865, 0.5179228782653809]
[0.47585445642471313, 0.5522108674049377, 0.4479679763317108, 0.2774064838886261, 0.4978066682815552]
[0.5603683590888977, 0.5248619914054871, 0.4323585331439972, 0.34615179896354675, 0.592862069606781]
[0.46262139081954956, 0.5451145172119141, 0.4717925786972046, 0.3350273668766022, 0.5174410343170166]
[0.45404428243637085, 0.5511230826377869, 0.45762017369270325, 0.2841234803199768, 0.5064730644226074]
[0.5166255831718445, 0.5597178339958191, 0.4688635766506195, 0.31282585859298706, 0.5215665698051453]
[0.4249861538410187, 0.5659744143486023, 0.4211588501930237, 0.28496429324150085, 0.5252048969268799]
[0.5613222122192383, 0.5897018313407898, 0.4099632501602173, 0.250293493270874, 0.5624767541885376]
[0.41881659626960754, 0.5554888844490051, 0.4396236836910248, 0.2929469645023346, 0.47292205691337585]
[0.5462706089019775, 0.5459898114204407, 0.43263939023017883, 0.2874819338321686, 0.5439159274101257]
[0.5175746083259583, 0.5897117853164673, 0.4336633086204529, 0.2664244472980499, 0.537759006023407]
[0.4907926917076111, 0.5637834668159485, 0.4414612948894501, 0.2947947084903717, 0.49108949303627014]
[0.5296691060066223, 0.5707728266716003, 0.42334896326065063, 0.27799296379089355, 0.5634075403213501]
[0.46443796157836914, 0.5669066309928894, 0.4032532572746277, 0.2667709290981293, 0.5305850505828857]
[0.5277048349380493, 0.5207220315933228, 0.4714008867740631, 0.3897252380847931, 0.5618518590927124]
[0.45260488986968994, 0.5576100945472717, 0.45919081568717957, 0.3132244944572449, 0.5097360610961914]
[0.49934569001197815, 0.5617992877960205, 0.4515717327594757, 0.3151303231716156, 0.5523138046264648]
[0.5040035247802734, 0.5719863772392273, 0.43091994524002075, 0.27657848596572876, 0.5261465907096863]
[0.48484960198402405, 0.5696600079536438, 0.42216211557388306, 0.2531767785549164, 0.5411184430122375]
[0.443514347076416, 0.5498281121253967, 0.4474106431007385, 0.3199723958969116, 0.4921124577522278]
[0.5578630566596985, 0.5819410681724548, 0.39593759179115295, 0.2714889645576477, 0.5701462030410767]
[0.5021455883979797, 0.5708336234092712, 0.4355899691581726, 0.29694825410842896, 0.5275979042053223]
[0.5380213856697083, 0.5755460858345032, 0.4155716598033905, 0.2716466188430786, 0.5680131316184998]
[0.44230547547340393, 0.5586792230606079, 0.46694856882095337, 0.3057602047920227, 0.49486109614372253]
[0.41087356209754944, 0.54530930519104, 0.4688516855239868, 0.31634238362312317, 0.4737292528152466]
[0.48001545667648315, 0.5483189225196838, 0.43118298053741455, 0.30765804648399353, 0.514879584312439]
[0.5296691060066223, 0.5707728266716003, 0.42334896326065063, 0.27799296379089355, 0.5634075403213501]
[0.44543755054473877, 0.5152758955955505, 0.5226708650588989, 0.45656344294548035, 0.5366969108581543]
[0.5139617323875427, 0.5929368138313293, 0.41964560747146606, 0.23943687975406647, 0.5214974880218506]
[0.3922196626663208, 0.5590634346008301, 0.45585712790489197, 0.2751356363296509, 0.46182379126548767]
[0.5579310059547424, 0.547799825668335, 0.41831666231155396, 0.2719845473766327, 0.5689440965652466]
[0.4708300828933716, 0.548847496509552, 0.4462907612323761, 0.31722408533096313, 0.511246919631958]
[0.4774519205093384, 0.5587937831878662, 0.4670822322368622, 0.3207891583442688, 0.48943760991096497]
[0.5462487936019897, 0.5617377758026123, 0.42604759335517883, 0.3004671037197113, 0.527309775352478]
[0.49819183349609375, 0.5695810914039612, 0.4092336595058441, 0.28381651639938354, 0.5330636501312256]
[0.32821500301361084, 0.5512189865112305, 0.45477762818336487, 0.2989852726459503, 0.43944334983825684]
[0.5560932159423828, 0.5621722340583801, 0.418030321598053, 0.2596265375614166, 0.5564454197883606]
[0.47237658500671387, 0.5684100389480591, 0.4326830506324768, 0.28622740507125854, 0.5248547792434692]
[0.5238269567489624, 0.5756938457489014, 0.43178462982177734, 0.2660461962223053, 0.530784010887146]
[0.5364683270454407, 0.5880946516990662, 0.42673608660697937, 0.28962787985801697, 0.5637860894203186]
[0.4463909864425659, 0.5661280751228333, 0.4413696527481079, 0.30760425329208374, 0.49869105219841003]
[0.5296691060066223, 0.5707728266716003, 0.42334896326065063, 0.27799296379089355, 0.5634075403213501]
[0.43118780851364136, 0.5589860081672668, 0.47688785195350647, 0.2978401184082031, 0.4729938805103302]
[0.5318406820297241, 0.5617071986198425, 0.4382990002632141, 0.3204514980316162, 0.5379427075386047]
[0.4018004536628723, 0.5649181008338928, 0.44831669330596924, 0.2681600749492645, 0.4533645212650299]
[0.43647465109825134, 0.5679559111595154, 0.4474518597126007, 0.3366682231426239, 0.47807776927948]
[0.4908154308795929, 0.5691565275192261, 0.42236727476119995, 0.2863771617412567, 0.5204073786735535]
[0.46148252487182617, 0.5437319278717041, 0.446620911359787, 0.3137451410293579, 0.5139617323875427]
[0.5296691060066223, 0.5707728266716003, 0.42334896326065063, 0.27799296379089355, 0.5634075403213501]
[0.46778157353401184, 0.561202347278595, 0.45672178268432617, 0.3095445930957794, 0.5104714632034302]
[0.5535204410552979, 0.5560024380683899, 0.4073463976383209, 0.2702324390411377, 0.5874627232551575]
[0.5511943101882935, 0.5713518857955933, 0.40470919013023376, 0.26788315176963806, 0.5757399201393127]
[0.49221131205558777, 0.5558778643608093, 0.44632819294929504, 0.2992154359817505, 0.52032071352005]
[0.40443313121795654, 0.5654654502868652, 0.4516952633857727, 0.26238274574279785, 0.47802281379699707]
[0.5731393098831177, 0.5210152864456177, 0.4567948579788208, 0.3900376260280609, 0.5800036787986755]
[0.4200877547264099, 0.5546166300773621, 0.4310002028942108, 0.27791115641593933, 0.4906873404979706]
[0.5296691060066223, 0.5707728266716003, 0.42334896326065063, 0.27799296379089355, 0.5634075403213501]
[0.5414412021636963, 0.555259644985199, 0.4285490810871124, 0.2931569516658783, 0.5164509415626526]
[0.5296691060066223, 0.5707728266716003, 0.42334896326065063, 0.27799296379089355, 0.5634075403213501]
[0.500992476940155, 0.5205032825469971, 0.49850228428840637, 0.41636040806770325, 0.5246695280075073]
[0.4632234573364258, 0.5630234479904175, 0.4295792877674103, 0.28320008516311646, 0.4808981120586395]
[0.535337507724762, 0.5927966833114624, 0.4051937460899353, 0.26235613226890564, 0.5578676462173462]
[0.5296691060066223, 0.5707728266716003, 0.42334896326065063, 0.27799296379089355, 0.5634075403213501]
[0.5864819288253784, 0.5605950951576233, 0.39193105697631836, 0.26435357332229614, 0.5907802581787109]
