0
Pink现场版《Just Give Me A Reason》，听一遍就喜欢上的一首歌！很好听！！
[0.45552441477775574, 0.5274638533592224, 0.4573296904563904, 0.3304244577884674, 0.5658982396125793]
[0.5048794150352478, 0.5617455244064331, 0.4273602366447449, 0.28044405579566956, 0.5319724678993225]
[0.5163440704345703, 0.569268524646759, 0.41554349660873413, 0.28172704577445984, 0.5262464284896851]
[0.39036768674850464, 0.5493518114089966, 0.4192630350589752, 0.2847096920013428, 0.44649091362953186]
[0.4487622082233429, 0.5716210603713989, 0.4600348174571991, 0.3031274080276489, 0.45275557041168213]
[0.46601602435112, 0.5651649832725525, 0.4377492070198059, 0.2894585430622101, 0.48092910647392273]
[0.47044941782951355, 0.5589215755462646, 0.4290546178817749, 0.2602120637893677, 0.5129347443580627]
[0.49842220544815063, 0.5566328763961792, 0.4392201602458954, 0.31644466519355774, 0.521393895149231]
[0.4614907503128052, 0.5772873163223267, 0.44834670424461365, 0.2955644428730011, 0.5134732127189636]
[0.4440322816371918, 0.578681230545044, 0.4385848045349121, 0.27691948413848877, 0.4900504946708679]
[0.5167959332466125, 0.5694593191146851, 0.4156857430934906, 0.28377217054367065, 0.514004111289978]
[0.5195865035057068, 0.5807787775993347, 0.43985217809677124, 0.3028724789619446, 0.5346273183822632]
[0.4345061480998993, 0.5568930506706238, 0.44924604892730713, 0.3036644160747528, 0.4710766077041626]
[0.5045487880706787, 0.576109766960144, 0.4281996786594391, 0.29281336069107056, 0.538455069065094]
[0.577574610710144, 0.5764400959014893, 0.4048956334590912, 0.25880733132362366, 0.5527929067611694]
[0.4713256061077118, 0.5833336710929871, 0.4079774022102356, 0.2817792296409607, 0.5009906888008118]
[0.4569525122642517, 0.5564441084861755, 0.4328797161579132, 0.3096882402896881, 0.48085203766822815]
[0.5046249628067017, 0.5825799107551575, 0.4194002151489258, 0.28759273886680603, 0.5204702019691467]
[0.41664090752601624, 0.5271686315536499, 0.44260790944099426, 0.2782187759876251, 0.4540039002895355]
[0.44792717695236206, 0.5501941442489624, 0.4401187002658844, 0.30777934193611145, 0.4817257225513458]
[0.41469845175743103, 0.5398221015930176, 0.4766542613506317, 0.37931784987449646, 0.4750453233718872]
[0.5070725679397583, 0.5795678496360779, 0.4309682846069336, 0.25872695446014404, 0.538472592830658]
[0.4485238492488861, 0.5768065452575684, 0.4425056576728821, 0.31344208121299744, 0.4715299904346466]
[0.5214606523513794, 0.567754864692688, 0.429293692111969, 0.28390470147132874, 0.5134283304214478]
[0.4398125410079956, 0.5487576723098755, 0.4826735854148865, 0.3562387526035309, 0.4826875627040863]
[0.46797215938568115, 0.5717066526412964, 0.46063679456710815, 0.3115885555744171, 0.49243786931037903]
[0.47761014103889465, 0.5559179186820984, 0.43222707509994507, 0.2955586314201355, 0.4968396723270416]
[0.4591304361820221, 0.5631794333457947, 0.43633952736854553, 0.2973176836967468, 0.47992509603500366]
[0.4340813457965851, 0.5577306747436523, 0.469936341047287, 0.3287248909473419, 0.4888816177845001]
[0.511672854423523, 0.5495505928993225, 0.4579254984855652, 0.29397979378700256, 0.5170460343360901]
[0.5138278007507324, 0.5719684362411499, 0.4300827383995056, 0.2970241904258728, 0.5164225697517395]
[0.4345061480998993, 0.5568930506706238, 0.44924604892730713, 0.3036644160747528, 0.4710766077041626]
[0.4345061480998993, 0.5568930506706238, 0.44924604892730713, 0.3036644160747528, 0.4710766077041626]
[0.5040035247802734, 0.5719863772392273, 0.43091994524002075, 0.27657848596572876, 0.5261465907096863]
[0.35005369782447815, 0.548804759979248, 0.45135074853897095, 0.3015742003917694, 0.4178348481655121]
[0.5163440704345703, 0.569268524646759, 0.41554349660873413, 0.28172704577445984, 0.5262464284896851]
[0.4194642901420593, 0.5326944589614868, 0.4712229371070862, 0.346950501203537, 0.4610450565814972]
[0.5378872156143188, 0.5718238949775696, 0.4128565788269043, 0.2856185734272003, 0.5530136227607727]
