0
刚看完吴彦祖主演的美剧《Into the Badlands荒原》第一集.....总结就是：剧情soso，看脸就好~~~~~给了蛋妞N多特写镜头~
[0.5275993943214417, 0.582265317440033, 0.4400536119937897, 0.29600051045417786, 0.5368414521217346]
[0.41859328746795654, 0.5392583012580872, 0.4742724299430847, 0.3401469886302948, 0.4989240765571594]
[0.3286454677581787, 0.5455142855644226, 0.4480680525302887, 0.31157010793685913, 0.44130250811576843]
[0.5070725679397583, 0.5795678496360779, 0.4309682846069336, 0.25872695446014404, 0.538472592830658]
[0.4275505542755127, 0.5533618330955505, 0.4547838270664215, 0.31804347038269043, 0.4704163372516632]
[0.4267176389694214, 0.5395027995109558, 0.453016996383667, 0.3232945501804352, 0.4441356360912323]
[0.5759175419807434, 0.5553173422813416, 0.3947882056236267, 0.2533787488937378, 0.5750939846038818]
[0.5027303099632263, 0.5603308081626892, 0.44119369983673096, 0.30533644556999207, 0.5372418165206909]
[0.5129417181015015, 0.569631040096283, 0.42146897315979004, 0.29468679428100586, 0.554334819316864]
[0.5071439743041992, 0.5792050957679749, 0.41779181361198425, 0.2626103162765503, 0.5391613245010376]
[0.5278136134147644, 0.5564643144607544, 0.4417376220226288, 0.30324915051460266, 0.5224235653877258]
[0.5224171876907349, 0.5536071062088013, 0.41932472586631775, 0.26480698585510254, 0.515242338180542]
[0.5016758441925049, 0.5783666372299194, 0.44595953822135925, 0.30752477049827576, 0.5204539895057678]
[0.39681556820869446, 0.5670008063316345, 0.450910747051239, 0.27820900082588196, 0.4694101810455322]
[0.5338759422302246, 0.5963340401649475, 0.41893982887268066, 0.27215665578842163, 0.5456072092056274]
[0.49511221051216125, 0.562874436378479, 0.4386506676673889, 0.29418128728866577, 0.5306033492088318]
[0.49786150455474854, 0.5625477433204651, 0.4467613399028778, 0.328977108001709, 0.4959522485733032]
[0.5637131333351135, 0.5691472291946411, 0.4325339198112488, 0.26662734150886536, 0.5640906095504761]
[0.4716910719871521, 0.5602249503135681, 0.43587201833724976, 0.305030882358551, 0.5255867838859558]
[0.6087878346443176, 0.5561714768409729, 0.37775906920433044, 0.23047956824302673, 0.6121081709861755]
[0.4568624794483185, 0.5311698317527771, 0.4874286353588104, 0.3761155307292938, 0.4924221932888031]
[0.4405513107776642, 0.5162810683250427, 0.5102370381355286, 0.462318480014801, 0.4667963683605194]
[0.435048371553421, 0.5686114430427551, 0.4459839165210724, 0.28888073563575745, 0.47627344727516174]
[0.5418296456336975, 0.5683835744857788, 0.4147879183292389, 0.26997509598731995, 0.5460386872291565]
[0.47696366906166077, 0.5485094785690308, 0.45423129200935364, 0.31251010298728943, 0.49086299538612366]
[0.5458110570907593, 0.5721988677978516, 0.42238688468933105, 0.27155590057373047, 0.5343785881996155]
[0.5271000862121582, 0.5841900706291199, 0.4263049364089966, 0.2644718885421753, 0.5446051359176636]
[0.4095001816749573, 0.575032114982605, 0.44141799211502075, 0.28873685002326965, 0.46506819128990173]
[0.46001535654067993, 0.5502304434776306, 0.4639374017715454, 0.3424706757068634, 0.5066498517990112]
[0.5354865789413452, 0.5888907313346863, 0.41922876238822937, 0.2605830132961273, 0.5253303050994873]
[0.523434042930603, 0.5568151473999023, 0.46155139803886414, 0.34383705258369446, 0.5578836798667908]
[0.3864169716835022, 0.5534237027168274, 0.46350622177124023, 0.3388268053531647, 0.45722049474716187]
[0.4685487449169159, 0.5641553997993469, 0.4465296268463135, 0.2949005961418152, 0.5240758657455444]
[0.4977587163448334, 0.5509678721427917, 0.4505607783794403, 0.33675751090049744, 0.5031414031982422]
[0.5068411231040955, 0.5874482989311218, 0.44149285554885864, 0.3031616806983948, 0.5284994840621948]
[0.5406274795532227, 0.5917494297027588, 0.4394749402999878, 0.2944681942462921, 0.5450797080993652]
[0.47244080901145935, 0.5607556104660034, 0.4227672219276428, 0.2882823944091797, 0.4790023863315582]
[0.5043923258781433, 0.5711999535560608, 0.42201128602027893, 0.26762303709983826, 0.5205498933792114]
[0.5366166830062866, 0.5805956125259399, 0.4337269365787506, 0.28980571031570435, 0.5693590044975281]
[0.43561720848083496, 0.553564727306366, 0.46820786595344543, 0.300523579120636, 0.4857754111289978]
[0.5070725679397583, 0.5795678496360779, 0.4309682846069336, 0.25872695446014404, 0.538472592830658]
[0.5149896740913391, 0.5502520203590393, 0.4517979323863983, 0.3032034635543823, 0.5122177600860596]
[0.5219772458076477, 0.5873788595199585, 0.4128667712211609, 0.2667549252510071, 0.5276853442192078]
[0.4199143946170807, 0.5776719450950623, 0.4511725902557373, 0.3031664788722992, 0.4927734136581421]
[0.4870895743370056, 0.5758760571479797, 0.43590131402015686, 0.3111758232116699, 0.5157202482223511]
[0.5142466425895691, 0.5670685768127441, 0.4166182279586792, 0.29750674962997437, 0.529180109500885]
[0.5586074590682983, 0.5730433464050293, 0.4216599762439728, 0.26295578479766846, 0.5568857192993164]
[0.4674067199230194, 0.5428537130355835, 0.47141021490097046, 0.323027640581131, 0.5272093415260315]
[0.47921445965766907, 0.5502158999443054, 0.44785046577453613, 0.32705265283584595, 0.5291954874992371]
[0.4782562553882599, 0.5661914348602295, 0.43921422958374023, 0.28946617245674133, 0.4809021055698395]
[0.4035619795322418, 0.5630075931549072, 0.43835076689720154, 0.29424363374710083, 0.4609862267971039]
[0.558176577091217, 0.5837705731391907, 0.4205693006515503, 0.26933491230010986, 0.5672476291656494]
[0.5131794810295105, 0.5797098278999329, 0.43374478816986084, 0.29429733753204346, 0.5392919182777405]
[0.5723711252212524, 0.5928268432617188, 0.4078955352306366, 0.2578364908695221, 0.5537734627723694]
[0.36635610461235046, 0.5353468656539917, 0.5129963755607605, 0.3914894163608551, 0.43629375100135803]
[0.4706346094608307, 0.5659028887748718, 0.4494398534297943, 0.26167625188827515, 0.4920324385166168]
[0.41402667760849, 0.5569984912872314, 0.43685683608055115, 0.3108520805835724, 0.4888535737991333]
[0.4889065623283386, 0.5403938889503479, 0.48362037539482117, 0.37542039155960083, 0.4856531322002411]
[0.48065057396888733, 0.5616994500160217, 0.45888274908065796, 0.3342377245426178, 0.4990931451320648]
[0.4264454245567322, 0.5394307374954224, 0.5163120627403259, 0.3889561593532562, 0.4588126242160797]
[0.35455289483070374, 0.5702024698257446, 0.4576372504234314, 0.3069925010204315, 0.4449981153011322]
[0.5077029466629028, 0.5453429222106934, 0.4469556212425232, 0.30732443928718567, 0.5352145433425903]
[0.561345100402832, 0.5195594429969788, 0.4318791329860687, 0.3028240501880646, 0.5581859350204468]
[0.5050678849220276, 0.5718779563903809, 0.41685599088668823, 0.30297210812568665, 0.5191908478736877]
[0.4449211657047272, 0.5489526391029358, 0.47188737988471985, 0.32361695170402527, 0.48860129714012146]
[0.4566422700881958, 0.5721485018730164, 0.45612451434135437, 0.30334922671318054, 0.5089516043663025]
[0.535548985004425, 0.5743044018745422, 0.4219232201576233, 0.27131181955337524, 0.5345061421394348]
[0.5217335224151611, 0.5791683793067932, 0.4183267652988434, 0.2677558362483978, 0.5428871512413025]
[0.4900031089782715, 0.5739505887031555, 0.41456741094589233, 0.27774110436439514, 0.5143365859985352]
[0.44753536581993103, 0.553423285484314, 0.44897738099098206, 0.3089454174041748, 0.4894554018974304]
[0.47906363010406494, 0.5687845349311829, 0.45099934935569763, 0.3103802502155304, 0.519991397857666]
[0.5070725679397583, 0.5795678496360779, 0.4309682846069336, 0.25872695446014404, 0.538472592830658]
[0.49819183349609375, 0.5695810914039612, 0.4092336595058441, 0.28381651639938354, 0.5330636501312256]
[0.5224364995956421, 0.5739192962646484, 0.42010021209716797, 0.2583424150943756, 0.5493972897529602]
[0.48244190216064453, 0.5733981132507324, 0.41363251209259033, 0.2708147168159485, 0.5498830080032349]
[0.5099478960037231, 0.5233414769172668, 0.4483186602592468, 0.3210107982158661, 0.5487572550773621]
[0.5123664736747742, 0.5515420436859131, 0.46782243251800537, 0.3263193666934967, 0.5415335893630981]
[0.49895647168159485, 0.5794661641120911, 0.45277175307273865, 0.3345469534397125, 0.5395713448524475]
[0.36888059973716736, 0.5621331334114075, 0.45588332414627075, 0.33058851957321167, 0.41302672028541565]
[0.5448513627052307, 0.5843579769134521, 0.42191532254219055, 0.25794702768325806, 0.5417395234107971]
[0.5610010027885437, 0.560722827911377, 0.41318005323410034, 0.2712310254573822, 0.5668191909790039]
[0.5006526708602905, 0.5628519654273987, 0.4290386438369751, 0.26854589581489563, 0.489065945148468]
[0.4726911187171936, 0.5435590147972107, 0.4670718312263489, 0.3853309154510498, 0.4801473319530487]
[0.5065202116966248, 0.5603808164596558, 0.43458470702171326, 0.3115789592266083, 0.48890554904937744]
[0.43560972809791565, 0.5814327597618103, 0.4335804581642151, 0.24875286221504211, 0.48607903718948364]
[0.5090017318725586, 0.5566473603248596, 0.44678765535354614, 0.3395398259162903, 0.5032829642295837]
[0.4988100826740265, 0.566283106803894, 0.4437015950679779, 0.3113328516483307, 0.5257946252822876]
[0.535548985004425, 0.5743044018745422, 0.4219232201576233, 0.27131181955337524, 0.5345061421394348]
[0.4914993345737457, 0.5982964634895325, 0.4286304712295532, 0.2769787609577179, 0.5201640725135803]
[0.5066813826560974, 0.5724776983261108, 0.42923516035079956, 0.2689880430698395, 0.5290197134017944]
[0.3650490939617157, 0.579291045665741, 0.4659474194049835, 0.3010520339012146, 0.4546385109424591]
[0.5644780397415161, 0.5992301106452942, 0.4013305604457855, 0.25180450081825256, 0.5570338368415833]
[0.40461260080337524, 0.5606763362884521, 0.447124719619751, 0.2855130136013031, 0.47432830929756165]
[0.5328496098518372, 0.5883159041404724, 0.41100674867630005, 0.29306694865226746, 0.5414872169494629]
[0.4809688329696655, 0.5725002288818359, 0.46407291293144226, 0.3127564489841461, 0.5256801843643188]
[0.3969934284687042, 0.5672468543052673, 0.46999669075012207, 0.3127053380012512, 0.46806800365448]
[0.5287694931030273, 0.6027446389198303, 0.44126880168914795, 0.2762436270713806, 0.5372902750968933]
[0.49819183349609375, 0.5695810914039612, 0.4092336595058441, 0.28381651639938354, 0.5330636501312256]
[0.5065202116966248, 0.5603808164596558, 0.43458470702171326, 0.3115789592266083, 0.48890554904937744]
[0.35455289483070374, 0.5702024698257446, 0.4576372504234314, 0.3069925010204315, 0.4449981153011322]
[0.538105845451355, 0.5879831314086914, 0.41182050108909607, 0.26826104521751404, 0.5607741475105286]
