0
【15岁少年因染紫发遭围殴致死：满街就他染紫发】河南西平7名少年在街看见将头发染成紫色的郭某。“整个吕店街，还没人染紫发，咱们整整他。”之后7人拳脚并用围殴郭某。郭某回家后难受恶心，去医院时已“尿失禁，神志太清楚”。郭某随后在医院不治身亡。（大河报）
[0.5442000031471252, 0.5239627361297607, 0.4832369089126587, 0.326407253742218, 0.5487812757492065]
[0.5513102412223816, 0.575002133846283, 0.39011824131011963, 0.23952116072177887, 0.562203049659729]
[0.5260461568832397, 0.5862242579460144, 0.4310151934623718, 0.2730245292186737, 0.5295546650886536]
[0.4490191340446472, 0.5661135911941528, 0.48218104243278503, 0.3358963429927826, 0.5058479905128479]
[0.47135040163993835, 0.5251650810241699, 0.4188711941242218, 0.26410192251205444, 0.5392111539840698]
[0.5539495944976807, 0.5870729684829712, 0.4281187653541565, 0.2834840714931488, 0.5361800789833069]
[0.475287526845932, 0.5149893760681152, 0.4857272207736969, 0.3694550395011902, 0.5074506402015686]
[0.5289766788482666, 0.5148372054100037, 0.49276506900787354, 0.41326597332954407, 0.5155429244041443]
[0.44568702578544617, 0.5638559460639954, 0.4510239064693451, 0.301156610250473, 0.5109282732009888]
[0.578093409538269, 0.5590209364891052, 0.43319159746170044, 0.2948533892631531, 0.5511988401412964]
[0.5622957944869995, 0.5790247321128845, 0.41200482845306396, 0.2640698552131653, 0.5553526282310486]
[0.5507357716560364, 0.5793952941894531, 0.4100002348423004, 0.25113445520401, 0.5749277472496033]
[0.47071361541748047, 0.548038899898529, 0.4720439910888672, 0.36354824900627136, 0.4932643175125122]
[0.558872401714325, 0.5754489302635193, 0.39402392506599426, 0.2762373089790344, 0.5717193484306335]
[0.4955340325832367, 0.5612064003944397, 0.4293098449707031, 0.2988419532775879, 0.49749550223350525]
[0.5079424977302551, 0.5320537090301514, 0.48508208990097046, 0.4200863242149353, 0.5228713750839233]
[0.5301222801208496, 0.5252941846847534, 0.44268789887428284, 0.3294580578804016, 0.5205867290496826]
[0.4927201569080353, 0.5779551267623901, 0.4449854791164398, 0.3195376694202423, 0.5201023817062378]
[0.47962793707847595, 0.5563672780990601, 0.4432395398616791, 0.3163694143295288, 0.5233032703399658]
[0.5451405048370361, 0.5799071192741394, 0.4316512644290924, 0.266661137342453, 0.5196403861045837]
[0.4582087993621826, 0.5273194313049316, 0.48720014095306396, 0.3708423376083374, 0.4654950499534607]
[0.5328707098960876, 0.5634959936141968, 0.44773122668266296, 0.3193906247615814, 0.554512083530426]
[0.4934166967868805, 0.5868629217147827, 0.4470164477825165, 0.28823122382164, 0.4850083887577057]
[0.47685977816581726, 0.5941519737243652, 0.4160160422325134, 0.2719385623931885, 0.5226946473121643]
[0.507505476474762, 0.5623208284378052, 0.4064302444458008, 0.28300827741622925, 0.5310110449790955]
[0.5994217991828918, 0.5790717601776123, 0.39698463678359985, 0.24610017240047455, 0.5589818358421326]
[0.4962545931339264, 0.529090404510498, 0.46005555987358093, 0.3470704257488251, 0.5366212129592896]
[0.4573231339454651, 0.5675817728042603, 0.45442286133766174, 0.3059062063694, 0.4803641140460968]
[0.5281586050987244, 0.5640408992767334, 0.4107646942138672, 0.26209789514541626, 0.54636150598526]
[0.5133447051048279, 0.5375275611877441, 0.44595861434936523, 0.3177925646305084, 0.5397135019302368]
[0.44649362564086914, 0.5524753332138062, 0.44176962971687317, 0.29250529408454895, 0.5061413049697876]
[0.4969157576560974, 0.5623893737792969, 0.44229400157928467, 0.30865567922592163, 0.49890002608299255]
[0.5036300420761108, 0.5797315835952759, 0.459358274936676, 0.30291885137557983, 0.5219987630844116]
[0.45361441373825073, 0.5556368827819824, 0.4829196631908417, 0.3114576041698456, 0.48919007182121277]
[0.49500972032546997, 0.5710752010345459, 0.43990379571914673, 0.3019735813140869, 0.5022831559181213]
[0.46836885809898376, 0.5602399706840515, 0.43018195033073425, 0.30281758308410645, 0.5329840183258057]
[0.5113317966461182, 0.5800943970680237, 0.4613268971443176, 0.3023475706577301, 0.5428523421287537]
[0.5562425851821899, 0.5561580657958984, 0.4233746826648712, 0.27352797985076904, 0.5461989641189575]
[0.5588759779930115, 0.5939423441886902, 0.4082406461238861, 0.2595439851284027, 0.5500534772872925]
[0.4204770624637604, 0.5313541889190674, 0.5601670742034912, 0.420421838760376, 0.5009183883666992]
[0.4849873483181, 0.5738402009010315, 0.4394639730453491, 0.30344900488853455, 0.5055522918701172]
[0.5451405048370361, 0.5799071192741394, 0.4316512644290924, 0.266661137342453, 0.5196403861045837]
[0.5181060433387756, 0.608632504940033, 0.438276469707489, 0.28479206562042236, 0.5111607909202576]
[0.5639212727546692, 0.5689001083374023, 0.4187072813510895, 0.2504904568195343, 0.5489802956581116]
[0.551572859287262, 0.5562100410461426, 0.4425618350505829, 0.3059789836406708, 0.5710086226463318]
[0.45945993065834045, 0.544086754322052, 0.4522680342197418, 0.34265074133872986, 0.5264043211936951]
[0.48029497265815735, 0.5783863663673401, 0.4301031529903412, 0.29576992988586426, 0.5009608864784241]
[0.5178738236427307, 0.5913012623786926, 0.42478033900260925, 0.2780857980251312, 0.5544928908348083]
[0.43613892793655396, 0.5568062663078308, 0.46298983693122864, 0.3332914710044861, 0.49846407771110535]
[0.501815676689148, 0.5563888549804688, 0.4417196214199066, 0.33990004658699036, 0.4974435865879059]
[0.5378087759017944, 0.5697387456893921, 0.43172284960746765, 0.2953091263771057, 0.5568813681602478]
[0.5113328099250793, 0.5599724054336548, 0.4375249445438385, 0.3206513822078705, 0.5035260915756226]
[0.4961318373680115, 0.5494310855865479, 0.4442550539970398, 0.3420456647872925, 0.5231093168258667]
[0.46751585602760315, 0.5309435129165649, 0.4619370996952057, 0.3370422422885895, 0.4838562607765198]
[0.5863153338432312, 0.5570339560508728, 0.40078791975975037, 0.2695775628089905, 0.5962531566619873]
[0.5065847039222717, 0.573275089263916, 0.4262544810771942, 0.28875744342803955, 0.5186053514480591]
[0.4594663679599762, 0.560247540473938, 0.45571011304855347, 0.29866182804107666, 0.4916221797466278]
[0.5295401811599731, 0.5522460341453552, 0.44723576307296753, 0.2981436848640442, 0.5356751084327698]
[0.48379552364349365, 0.5937032699584961, 0.41920071840286255, 0.2830924987792969, 0.4925927221775055]
[0.4784659147262573, 0.5651370882987976, 0.43458831310272217, 0.3238123953342438, 0.5206707715988159]
[0.45083656907081604, 0.5561894774436951, 0.43460556864738464, 0.3250722289085388, 0.5174073576927185]
[0.48670417070388794, 0.5497420430183411, 0.4610324501991272, 0.3516489267349243, 0.5196887850761414]
[0.4399966299533844, 0.5405252575874329, 0.47121673822402954, 0.3821175992488861, 0.46261101961135864]
[0.4932141602039337, 0.5679402947425842, 0.4305106997489929, 0.3088279962539673, 0.5170045495033264]
[0.5451405048370361, 0.5799071192741394, 0.4316512644290924, 0.266661137342453, 0.5196403861045837]
[0.5438017845153809, 0.5942021012306213, 0.41521143913269043, 0.26803213357925415, 0.5571514964103699]
[0.48566681146621704, 0.5703331828117371, 0.4438759386539459, 0.3071954548358917, 0.5399913787841797]
[0.4780117869377136, 0.5757471919059753, 0.4227025806903839, 0.29812490940093994, 0.5344995856285095]
[0.4973410665988922, 0.5701909065246582, 0.4293961822986603, 0.2782016396522522, 0.5098714232444763]
[0.3861103653907776, 0.5626804232597351, 0.42905399203300476, 0.2910979092121124, 0.48848703503608704]
[0.4080248773097992, 0.5576197504997253, 0.464473158121109, 0.3401292860507965, 0.45299994945526123]
[0.583041250705719, 0.5365850329399109, 0.4026620090007782, 0.2951221168041229, 0.5706971287727356]
[0.46946871280670166, 0.539243221282959, 0.4990074038505554, 0.3940878212451935, 0.49688926339149475]
[0.5070725679397583, 0.5795678496360779, 0.4309682846069336, 0.25872695446014404, 0.538472592830658]
[0.5451405048370361, 0.5799071192741394, 0.4316512644290924, 0.266661137342453, 0.5196403861045837]
[0.5267950296401978, 0.5570012927055359, 0.4489929974079132, 0.3401980698108673, 0.5298161506652832]
[0.4617781937122345, 0.5498929619789124, 0.5183797478675842, 0.41755232214927673, 0.5377792716026306]
[0.5070725679397583, 0.5795678496360779, 0.4309682846069336, 0.25872695446014404, 0.538472592830658]
[0.4496273696422577, 0.5460385680198669, 0.4409063756465912, 0.31114184856414795, 0.5013995170593262]
[0.4534823000431061, 0.529347836971283, 0.47703689336776733, 0.3194081485271454, 0.47790995240211487]
[0.46325457096099854, 0.5493366122245789, 0.47362932562828064, 0.3437313139438629, 0.5027046799659729]
[0.5562049746513367, 0.5345450639724731, 0.40896037220954895, 0.30938804149627686, 0.5656458139419556]
[0.42595404386520386, 0.537682294845581, 0.45700907707214355, 0.34154966473579407, 0.4633280038833618]
[0.48081809282302856, 0.5785771012306213, 0.43693462014198303, 0.2735704779624939, 0.5243832468986511]
[0.45376938581466675, 0.5531655550003052, 0.4744381904602051, 0.3320787847042084, 0.5082786083221436]
[0.5590220093727112, 0.5977882146835327, 0.40684181451797485, 0.2528597116470337, 0.5553472638130188]
[0.4685695767402649, 0.5488405227661133, 0.4809737205505371, 0.3541145920753479, 0.5237331390380859]
[0.46268680691719055, 0.5780918002128601, 0.4585356116294861, 0.3087288439273834, 0.4891730844974518]
[0.5257137417793274, 0.5981784462928772, 0.427974671125412, 0.2738589346408844, 0.5624009370803833]
[0.458586722612381, 0.5403773784637451, 0.46581876277923584, 0.3926753103733063, 0.47720569372177124]
[0.4180881679058075, 0.5636430978775024, 0.46670594811439514, 0.3093550205230713, 0.4748530685901642]
[0.5228320956230164, 0.5491650104522705, 0.4418182969093323, 0.27084577083587646, 0.554443359375]
[0.5073177218437195, 0.5793049335479736, 0.4256255030632019, 0.30341213941574097, 0.5178262591362]
[0.3976055085659027, 0.5579517483711243, 0.46552810072898865, 0.3061802387237549, 0.49145233631134033]
[0.5496901869773865, 0.5922012329101562, 0.4157007038593292, 0.27854248881340027, 0.5614905953407288]
[0.42979317903518677, 0.5220259428024292, 0.4764188528060913, 0.37475496530532837, 0.48665180802345276]
[0.4895564317703247, 0.5124015212059021, 0.5124773383140564, 0.3281109035015106, 0.49468037486076355]
[0.5543441772460938, 0.5904615521430969, 0.41327837109565735, 0.27465230226516724, 0.5587884187698364]
[0.5054560303688049, 0.5841476321220398, 0.4518366754055023, 0.29291364550590515, 0.5583873391151428]
[0.4485897123813629, 0.5534776449203491, 0.4438250660896301, 0.32351094484329224, 0.4699140787124634]
[0.516436755657196, 0.5564794540405273, 0.3980441391468048, 0.2595991790294647, 0.5578050017356873]
