0
#法国枪击案#【它咬住恐怖分子，自己被炸身亡】当地时间18日早，法国警方在巴黎北部郊区与恐怖袭击嫌犯发生枪战。一只叫Diesel的7岁比利时牧羊犬，在执行特别任务时因公殉职。当时恐怖分子将枪口对向警方，Diesel冲上去，最终和恐怖分子同归于尽。请善待这些人类最忠诚无言的朋友！via.中国日报
[0.5589093565940857, 0.5480619668960571, 0.4622053802013397, 0.3129567503929138, 0.5448738932609558]
[0.5045630931854248, 0.5793526768684387, 0.42236435413360596, 0.27335166931152344, 0.5470303297042847]
[0.4470462203025818, 0.5494387149810791, 0.4569479823112488, 0.31773608922958374, 0.4556673467159271]
[0.43416330218315125, 0.5480000972747803, 0.4340710937976837, 0.29650723934173584, 0.496776282787323]
[0.49819183349609375, 0.5695810914039612, 0.4092336595058441, 0.28381651639938354, 0.5330636501312256]
[0.5632700324058533, 0.5859576463699341, 0.4485779106616974, 0.29636576771736145, 0.5550640821456909]
[0.549139678478241, 0.5857283473014832, 0.4297059178352356, 0.298229455947876, 0.5670902729034424]
[0.497831255197525, 0.5784004926681519, 0.4159136712551117, 0.283512145280838, 0.5419434309005737]
[0.5070725679397583, 0.5795678496360779, 0.4309682846069336, 0.25872695446014404, 0.538472592830658]
[0.47313448786735535, 0.555054783821106, 0.4317731559276581, 0.29199111461639404, 0.530142068862915]
[0.5212012529373169, 0.5671143531799316, 0.43586549162864685, 0.33312320709228516, 0.5364642143249512]
[0.5292119383811951, 0.5926544070243835, 0.425163209438324, 0.2832915484905243, 0.5511766672134399]
[0.5925108790397644, 0.5381631851196289, 0.46803247928619385, 0.3459642231464386, 0.5877552628517151]
[0.5384460091590881, 0.5665873289108276, 0.42886078357696533, 0.3002849221229553, 0.5507292747497559]
[0.3119848072528839, 0.5465649366378784, 0.44918590784072876, 0.3110869526863098, 0.4288490414619446]
[0.48403480648994446, 0.5712770223617554, 0.4341225028038025, 0.2860249876976013, 0.5057144165039062]
[0.3272322416305542, 0.5317985415458679, 0.44494977593421936, 0.3194728195667267, 0.4471169412136078]
[0.5074424147605896, 0.5735964775085449, 0.41068795323371887, 0.2700597643852234, 0.5490450859069824]
[0.4358699321746826, 0.5553222894668579, 0.46968406438827515, 0.3181067407131195, 0.5267170071601868]
[0.47029247879981995, 0.5537633895874023, 0.44662219285964966, 0.32145628333091736, 0.4787379801273346]
[0.5925108790397644, 0.5381631851196289, 0.46803247928619385, 0.3459642231464386, 0.5877552628517151]
[0.5460160374641418, 0.5412821173667908, 0.4408411681652069, 0.31478631496429443, 0.5469586849212646]
[0.5451405048370361, 0.5799071192741394, 0.4316512644290924, 0.266661137342453, 0.5196403861045837]
[0.5279365181922913, 0.5263228416442871, 0.40649673342704773, 0.2783699929714203, 0.5527403354644775]
[0.47708582878112793, 0.5820401906967163, 0.42631590366363525, 0.28223031759262085, 0.5296570062637329]
[0.5596670508384705, 0.5937355756759644, 0.4088996648788452, 0.25616440176963806, 0.574123203754425]
[0.5042007565498352, 0.5752599835395813, 0.41134408116340637, 0.2767253816127777, 0.5305041074752808]
[0.42653927206993103, 0.5737385749816895, 0.42159315943717957, 0.2814728021621704, 0.4679858386516571]
[0.4855855107307434, 0.5690075159072876, 0.4287125766277313, 0.2937321066856384, 0.5128226280212402]
[0.4901728332042694, 0.5213155746459961, 0.49629226326942444, 0.43924206495285034, 0.5065206289291382]
[0.3690482974052429, 0.5359146595001221, 0.5116800665855408, 0.3721543848514557, 0.4532943367958069]
[0.5449520945549011, 0.5683113932609558, 0.4127955734729767, 0.2582915723323822, 0.569874107837677]
[0.49150440096855164, 0.573337972164154, 0.4485166072845459, 0.299580842256546, 0.5263972282409668]
[0.583156943321228, 0.5951454043388367, 0.3954259157180786, 0.2365565150976181, 0.5712417364120483]
[0.5520381331443787, 0.5700141787528992, 0.40813812613487244, 0.2692554295063019, 0.5443698167800903]
[0.45876941084861755, 0.5407203435897827, 0.4783669710159302, 0.32602864503860474, 0.48285895586013794]
[0.5750390291213989, 0.5806297659873962, 0.4081045985221863, 0.26074516773223877, 0.5720431804656982]
[0.41528239846229553, 0.5437313318252563, 0.44946354627609253, 0.31260013580322266, 0.44434434175491333]
[0.5502533316612244, 0.5312448740005493, 0.41978147625923157, 0.28317323327064514, 0.554564893245697]
[0.5197495222091675, 0.5887172222137451, 0.41722506284713745, 0.2624342739582062, 0.5301077961921692]
[0.5346454977989197, 0.5948864221572876, 0.4311683177947998, 0.2947942912578583, 0.527152955532074]
[0.5007607936859131, 0.560224711894989, 0.43095117807388306, 0.3140612840652466, 0.5212286114692688]
[0.4527629017829895, 0.5702840089797974, 0.4316502511501312, 0.2864159941673279, 0.5344521403312683]
[0.4453200101852417, 0.5722979307174683, 0.45950523018836975, 0.2966005802154541, 0.4679202139377594]
[0.39886367321014404, 0.5208896398544312, 0.4919589161872864, 0.3811146318912506, 0.4681878685951233]
[0.5057121515274048, 0.5637522339820862, 0.4293668866157532, 0.29307258129119873, 0.5194131135940552]
[0.5371646285057068, 0.5827702879905701, 0.42888328433036804, 0.2991344928741455, 0.5453377366065979]
[0.5006805658340454, 0.546695351600647, 0.44448739290237427, 0.2952727675437927, 0.555737316608429]
[0.5088104605674744, 0.5542998313903809, 0.4458075761795044, 0.3413458466529846, 0.5107712745666504]
[0.5474764108657837, 0.5584145188331604, 0.3934899568557739, 0.2671715021133423, 0.5430587530136108]
[0.5093264579772949, 0.5692765712738037, 0.43576115369796753, 0.2888718247413635, 0.5451347827911377]
[0.39381787180900574, 0.5442290306091309, 0.46441560983657837, 0.3336837589740753, 0.47201043367385864]
[0.4756394326686859, 0.5645713806152344, 0.4462103247642517, 0.31989699602127075, 0.5074364542961121]
[0.49886569380760193, 0.5437467098236084, 0.45801976323127747, 0.33581453561782837, 0.529646635055542]
[0.5107439160346985, 0.5701770782470703, 0.43786486983299255, 0.30514007806777954, 0.5227742791175842]
[0.5296624898910522, 0.5819279551506042, 0.41009804606437683, 0.2820874750614166, 0.5397757291793823]
[0.427595853805542, 0.5612565279006958, 0.43963679671287537, 0.3085659146308899, 0.48392802476882935]
[0.5761032104492188, 0.5951863527297974, 0.4027789235115051, 0.24115623533725739, 0.5672377347946167]
[0.5062499642372131, 0.5527141094207764, 0.4369083046913147, 0.29089421033859253, 0.5463756918907166]
[0.5174663066864014, 0.5303372144699097, 0.4393399655818939, 0.30817896127700806, 0.5335041284561157]
[0.5604093074798584, 0.5988282561302185, 0.41459694504737854, 0.2463545799255371, 0.5625867247581482]
[0.5070725679397583, 0.5795678496360779, 0.4309682846069336, 0.25872695446014404, 0.538472592830658]
[0.5397323966026306, 0.5986484289169312, 0.42316994071006775, 0.2700996696949005, 0.5608393549919128]
[0.5268012881278992, 0.5743621587753296, 0.428279846906662, 0.295529305934906, 0.5530902743339539]
[0.527990996837616, 0.5867201685905457, 0.4139535129070282, 0.28145459294319153, 0.5511736273765564]
[0.5001964569091797, 0.5708230137825012, 0.4336061179637909, 0.27066361904144287, 0.531827449798584]
[0.527990996837616, 0.5867201685905457, 0.4139535129070282, 0.28145459294319153, 0.5511736273765564]
[0.5640743374824524, 0.5705550312995911, 0.3990127444267273, 0.2646852135658264, 0.5695601105690002]
[0.5157835483551025, 0.587534487247467, 0.42641526460647583, 0.2935349643230438, 0.5450623035430908]
[0.5692853927612305, 0.5901541709899902, 0.40777361392974854, 0.24599596858024597, 0.5620738863945007]
[0.5646176338195801, 0.598720133304596, 0.4232468605041504, 0.2636287808418274, 0.5676133632659912]
[0.4812997579574585, 0.548388659954071, 0.43842169642448425, 0.28774017095565796, 0.5150704979896545]
[0.5647226572036743, 0.5842422246932983, 0.3996996581554413, 0.2608722448348999, 0.54198157787323]
[0.5789158940315247, 0.5908281803131104, 0.40291351079940796, 0.254571795463562, 0.558647096157074]
[0.5206316113471985, 0.5791252255439758, 0.4397676885128021, 0.27541300654411316, 0.5473576784133911]
[0.561353325843811, 0.5415406227111816, 0.42484185099601746, 0.27577999234199524, 0.5480402708053589]
[0.4952239394187927, 0.5805774331092834, 0.46736785769462585, 0.29644066095352173, 0.5163388252258301]
[0.4743739068508148, 0.5119460821151733, 0.48123717308044434, 0.3910265862941742, 0.511165976524353]
[0.5039355158805847, 0.5722299814224243, 0.4191547930240631, 0.29152700304985046, 0.5188831686973572]
[0.4588523209095001, 0.5567559003829956, 0.45108336210250854, 0.31763607263565063, 0.5071372389793396]
[0.49819183349609375, 0.5695810914039612, 0.4092336595058441, 0.28381651639938354, 0.5330636501312256]
[0.46776607632637024, 0.5709369778633118, 0.45481184124946594, 0.2922772765159607, 0.5217193365097046]
[0.5703377723693848, 0.5902465581893921, 0.40384721755981445, 0.25344666838645935, 0.5806813836097717]
[0.46372053027153015, 0.5764046907424927, 0.4348611831665039, 0.27699699997901917, 0.5068849921226501]
[0.5168821811676025, 0.5744454264640808, 0.41407066583633423, 0.27824264764785767, 0.529731035232544]
[0.5141251683235168, 0.54803067445755, 0.43837156891822815, 0.3275035619735718, 0.5396379232406616]
[0.5542249083518982, 0.5804654359817505, 0.41818729043006897, 0.2897252142429352, 0.560889482498169]
[0.4230252206325531, 0.5840869545936584, 0.42882421612739563, 0.28455185890197754, 0.5011635422706604]
[0.49476349353790283, 0.5738341212272644, 0.4148463010787964, 0.2789674699306488, 0.5271576046943665]
[0.5164569020271301, 0.5735395550727844, 0.430728942155838, 0.3075425922870636, 0.5290296673774719]
[0.4216516315937042, 0.5338054895401001, 0.4961353540420532, 0.38978585600852966, 0.4631023406982422]
