0
【Naver Blog】哈哈哈哈大笑的朴灿烈！~biongbiong
[0.6161065697669983, 0.507805347442627, 0.4353634715080261, 0.32228967547416687, 0.6038514971733093]
[0.512677788734436, 0.5859931707382202, 0.4314326047897339, 0.286905437707901, 0.5480189323425293]
[0.5075746774673462, 0.5804883241653442, 0.4239875376224518, 0.26678726077079773, 0.5562202334403992]
[0.5574654340744019, 0.5562214851379395, 0.43357545137405396, 0.29557520151138306, 0.5557825565338135]
[0.5441091060638428, 0.5468387007713318, 0.47098445892333984, 0.3282985985279083, 0.5437406897544861]
[0.5659708976745605, 0.5494065880775452, 0.44283527135849, 0.29392948746681213, 0.5675493478775024]
[0.5578508973121643, 0.5623235702514648, 0.41002020239830017, 0.26035571098327637, 0.5589564442634583]
[0.5290462970733643, 0.5537197589874268, 0.44605734944343567, 0.30820468068122864, 0.5395202040672302]
[0.5040495991706848, 0.5200439691543579, 0.4765198528766632, 0.35640501976013184, 0.5182784795761108]
[0.5070725679397583, 0.5795678496360779, 0.4309682846069336, 0.25872695446014404, 0.538472592830658]
[0.5151509642601013, 0.5890184044837952, 0.4257679879665375, 0.27053338289260864, 0.5677964091300964]
[0.5284598469734192, 0.5382532477378845, 0.4730091989040375, 0.31737270951271057, 0.5447006821632385]
[0.4426240921020508, 0.5484422445297241, 0.4602510929107666, 0.2992759644985199, 0.49070507287979126]
[0.46536824107170105, 0.5519334673881531, 0.4397847354412079, 0.2964293658733368, 0.5175557732582092]
[0.5696768760681152, 0.5653583407402039, 0.4340062737464905, 0.28544333577156067, 0.5542201995849609]
[0.5275508761405945, 0.5712538361549377, 0.4221792221069336, 0.2996254563331604, 0.5228271484375]
[0.5275508761405945, 0.5712538361549377, 0.4221792221069336, 0.2996254563331604, 0.5228271484375]
[0.4687747657299042, 0.5290703773498535, 0.4359608590602875, 0.33669567108154297, 0.4828457236289978]
[0.537977397441864, 0.5688495635986328, 0.42456817626953125, 0.28435656428337097, 0.5434641242027283]
[0.3989415466785431, 0.5549371242523193, 0.44158005714416504, 0.3011119067668915, 0.46573522686958313]
[0.40978696942329407, 0.5524395108222961, 0.4497648775577545, 0.27827438712120056, 0.4695538580417633]
[0.5469315052032471, 0.5428895950317383, 0.4532703757286072, 0.2917341887950897, 0.5613881349563599]
[0.49738040566444397, 0.5733819603919983, 0.42534008622169495, 0.2780017852783203, 0.5418180227279663]
[0.5290462970733643, 0.5537197589874268, 0.44605734944343567, 0.30820468068122864, 0.5395202040672302]
[0.5930930972099304, 0.4896687865257263, 0.5103482604026794, 0.4360632598400116, 0.5936180353164673]
[0.48379552364349365, 0.5937032699584961, 0.41920071840286255, 0.2830924987792969, 0.4925927221775055]
[0.5082877278327942, 0.5317123532295227, 0.4752374291419983, 0.34883928298950195, 0.5209572911262512]
[0.525742769241333, 0.5770395994186401, 0.4318368434906006, 0.2840481400489807, 0.4978189766407013]
[0.5974804162979126, 0.5760787725448608, 0.41529473662376404, 0.25309520959854126, 0.5756456851959229]
[0.524380087852478, 0.5584713816642761, 0.44837895035743713, 0.31345057487487793, 0.5398905277252197]
[0.5070725679397583, 0.5795678496360779, 0.4309682846069336, 0.25872695446014404, 0.538472592830658]
[0.5290462970733643, 0.5537197589874268, 0.44605734944343567, 0.30820468068122864, 0.5395202040672302]
[0.43210792541503906, 0.5459840297698975, 0.452743798494339, 0.29457801580429077, 0.4719545543193817]
[0.44678565859794617, 0.5332459807395935, 0.524198591709137, 0.37711915373802185, 0.51295006275177]
[0.49762311577796936, 0.5601457953453064, 0.44095125794410706, 0.2774942219257355, 0.5445239543914795]
[0.5278642177581787, 0.5725924968719482, 0.4181385934352875, 0.27337318658828735, 0.5659805536270142]
[0.5118271708488464, 0.5564402341842651, 0.42505335807800293, 0.2912530303001404, 0.5160759687423706]
[0.5774304270744324, 0.6065936088562012, 0.41549786925315857, 0.2480234056711197, 0.5604559779167175]
[0.524380087852478, 0.5584713816642761, 0.44837895035743713, 0.31345057487487793, 0.5398905277252197]
[0.5130478143692017, 0.5670167803764343, 0.4221983850002289, 0.29883790016174316, 0.5354316830635071]
[0.5106605291366577, 0.5426377058029175, 0.4736141264438629, 0.31196293234825134, 0.5390663743019104]
[0.6314446926116943, 0.5596553683280945, 0.38216057419776917, 0.24828824400901794, 0.6096954941749573]
[0.5512261390686035, 0.5829716920852661, 0.4285249412059784, 0.2811618149280548, 0.5435426831245422]
[0.49573126435279846, 0.5397487878799438, 0.45950981974601746, 0.3316972255706787, 0.5489182472229004]
[0.5780516266822815, 0.5497624278068542, 0.40383943915367126, 0.25746670365333557, 0.5834029316902161]
[0.4391578137874603, 0.5321235656738281, 0.4435947835445404, 0.30543771386146545, 0.5144340395927429]
[0.5408074855804443, 0.5706931352615356, 0.41535070538520813, 0.30584925413131714, 0.5345495939254761]
[0.5505388379096985, 0.5850437879562378, 0.43239882588386536, 0.27478697896003723, 0.5687089562416077]
[0.5082877278327942, 0.5317123532295227, 0.4752374291419983, 0.34883928298950195, 0.5209572911262512]
[0.5615060329437256, 0.5841159224510193, 0.39749354124069214, 0.27023908495903015, 0.5706154108047485]
[0.5383467674255371, 0.569599449634552, 0.4292687177658081, 0.2710590362548828, 0.550786554813385]
[0.5290462970733643, 0.5537197589874268, 0.44605734944343567, 0.30820468068122864, 0.5395202040672302]
[0.5784446001052856, 0.5883871912956238, 0.39561620354652405, 0.24457399547100067, 0.5706567168235779]
[0.5520936250686646, 0.572313666343689, 0.40184590220451355, 0.26712536811828613, 0.5757388472557068]
[0.4752114713191986, 0.5203167200088501, 0.5308846235275269, 0.4098537266254425, 0.5507670640945435]
[0.4739043712615967, 0.5037738680839539, 0.4900723695755005, 0.35431453585624695, 0.47276654839515686]
[0.46140018105506897, 0.5521214604377747, 0.43987131118774414, 0.30821260809898376, 0.5009126663208008]
[0.49248450994491577, 0.5688313841819763, 0.4378949999809265, 0.26647090911865234, 0.5248934030532837]
[0.5185446739196777, 0.5827361345291138, 0.4310055375099182, 0.26365959644317627, 0.5279685258865356]
[0.5610256195068359, 0.5631553530693054, 0.42404863238334656, 0.288104385137558, 0.533076822757721]
[0.5146497488021851, 0.5609362721443176, 0.4473975896835327, 0.28786996006965637, 0.5306356549263]
[0.5912253856658936, 0.5572327375411987, 0.3810397982597351, 0.260015070438385, 0.5856243371963501]
[0.5247263312339783, 0.5961504578590393, 0.42559221386909485, 0.2881375253200531, 0.5414531230926514]
[0.5290462970733643, 0.5537197589874268, 0.44605734944343567, 0.30820468068122864, 0.5395202040672302]
[0.41995054483413696, 0.5431377291679382, 0.46753278374671936, 0.312313050031662, 0.4985545575618744]
[0.5648178458213806, 0.5646503567695618, 0.40926459431648254, 0.25923651456832886, 0.5615972280502319]
[0.5499464869499207, 0.5438124537467957, 0.4689158499240875, 0.332724004983902, 0.5482794642448425]
[0.5492504239082336, 0.543653130531311, 0.45576390624046326, 0.3190859258174896, 0.5715689659118652]
[0.5272860527038574, 0.5474605560302734, 0.4561413824558258, 0.30172011256217957, 0.5571560263633728]
[0.5070725679397583, 0.5795678496360779, 0.4309682846069336, 0.25872695446014404, 0.538472592830658]
[0.4763554334640503, 0.5667849183082581, 0.4317794144153595, 0.27791449427604675, 0.533071756362915]
[0.523357629776001, 0.5720046162605286, 0.42801544070243835, 0.3043508529663086, 0.5487273335456848]
[0.562934160232544, 0.5117533802986145, 0.505362868309021, 0.4287124574184418, 0.5698115229606628]
[0.44567182660102844, 0.5403051972389221, 0.4541778266429901, 0.2920991778373718, 0.4980374872684479]
[0.5237719416618347, 0.5662692189216614, 0.42648306488990784, 0.27895110845565796, 0.561705470085144]
[0.5317625403404236, 0.5526831150054932, 0.45914196968078613, 0.3162533938884735, 0.5444079041481018]
[0.4067955017089844, 0.5584641695022583, 0.46102049946784973, 0.326767235994339, 0.46364301443099976]
[0.3388160765171051, 0.5166222453117371, 0.4906107485294342, 0.4763662815093994, 0.4900803864002228]
[0.5402833223342896, 0.5896862149238586, 0.4248623549938202, 0.27504754066467285, 0.5449701547622681]
[0.45639392733573914, 0.5483958125114441, 0.46735596656799316, 0.30267050862312317, 0.5162138938903809]
[0.53711998462677, 0.5463354587554932, 0.484101802110672, 0.3292850852012634, 0.5372629165649414]
[0.41042935848236084, 0.5292638540267944, 0.5088411569595337, 0.33416399359703064, 0.47445428371429443]
[0.5699477195739746, 0.5427849888801575, 0.45245784521102905, 0.3063041567802429, 0.5897764563560486]
[0.5366268157958984, 0.5495023727416992, 0.4402855336666107, 0.3009040951728821, 0.5411114692687988]
[0.40738868713378906, 0.5447067618370056, 0.4502217769622803, 0.2838360369205475, 0.5182400941848755]
[0.6309479475021362, 0.5599254965782166, 0.38114166259765625, 0.24809253215789795, 0.6088895201683044]
[0.4946135878562927, 0.5424042344093323, 0.44190841913223267, 0.29776227474212646, 0.4961185157299042]
[0.5255735516548157, 0.5765371918678284, 0.41789668798446655, 0.2721051275730133, 0.5587413907051086]
[0.6138522028923035, 0.5026134252548218, 0.46207690238952637, 0.360076904296875, 0.6048689484596252]
[0.5978918671607971, 0.5100493431091309, 0.4819456934928894, 0.39291054010391235, 0.6066405773162842]
[0.5192333459854126, 0.5229328870773315, 0.49124622344970703, 0.4446069300174713, 0.5653566718101501]
[0.5542827844619751, 0.5378381013870239, 0.4628526568412781, 0.3004240393638611, 0.5579588413238525]
[0.5086266994476318, 0.5273220539093018, 0.4901912808418274, 0.35441863536834717, 0.5519324541091919]
[0.43598121404647827, 0.5256109833717346, 0.5357653498649597, 0.39025643467903137, 0.48716822266578674]
[0.5200863480567932, 0.5673127174377441, 0.42855533957481384, 0.28108713030815125, 0.53734290599823]
[0.6186217069625854, 0.5221461057662964, 0.41990160942077637, 0.3217252790927887, 0.5951313376426697]
[0.524380087852478, 0.5584713816642761, 0.44837895035743713, 0.31345057487487793, 0.5398905277252197]
[0.5290462970733643, 0.5537197589874268, 0.44605734944343567, 0.30820468068122864, 0.5395202040672302]
[0.5290462970733643, 0.5537197589874268, 0.44605734944343567, 0.30820468068122864, 0.5395202040672302]
[0.5871345400810242, 0.5740638375282288, 0.3909512162208557, 0.2632189989089966, 0.5625498294830322]
[0.478047639131546, 0.5547404885292053, 0.45846253633499146, 0.2977113425731659, 0.4933360815048218]
