0
我到现在也不知道自己到底有没有爱过你 只知道那时候眼泪是真的 心酸是真的 想和你在一起一辈子也是真的
[0.47373807430267334, 0.575191855430603, 0.441806435585022, 0.32134804129600525, 0.516477644443512]
[0.4840359389781952, 0.5921185612678528, 0.41535264253616333, 0.2788805067539215, 0.5156298279762268]
[0.49544456601142883, 0.5702023506164551, 0.4325752854347229, 0.30567699670791626, 0.5078453421592712]
[0.4793127775192261, 0.5572006106376648, 0.44348788261413574, 0.3462737798690796, 0.4815863370895386]
[0.5193629860877991, 0.5856478810310364, 0.41173920035362244, 0.282301664352417, 0.5441094636917114]
[0.49819183349609375, 0.5695810914039612, 0.4092336595058441, 0.28381651639938354, 0.5330636501312256]
[0.48930513858795166, 0.5814982056617737, 0.4362886846065521, 0.2655320465564728, 0.49774590134620667]
[0.49894675612449646, 0.5797480940818787, 0.4412022829055786, 0.28785890340805054, 0.5112805962562561]
[0.3885754942893982, 0.5515738725662231, 0.4650164246559143, 0.32402244210243225, 0.4867294728755951]
[0.49819183349609375, 0.5695810914039612, 0.4092336595058441, 0.28381651639938354, 0.5330636501312256]
[0.47429344058036804, 0.5606256723403931, 0.447065144777298, 0.3358214199542999, 0.5059009194374084]
[0.3859742283821106, 0.5535584688186646, 0.4344932436943054, 0.30763038992881775, 0.45243167877197266]
[0.49819183349609375, 0.5695810914039612, 0.4092336595058441, 0.28381651639938354, 0.5330636501312256]
[0.46323639154434204, 0.5875775218009949, 0.41917797923088074, 0.3018539547920227, 0.47080734372138977]
[0.5278968811035156, 0.5963045358657837, 0.40903595089912415, 0.2533082664012909, 0.561689019203186]
[0.5303000807762146, 0.5893476009368896, 0.4050636887550354, 0.27134788036346436, 0.5496746301651001]
[0.5575770735740662, 0.5808904767036438, 0.39394187927246094, 0.2617652714252472, 0.5474557876586914]
[0.5632444620132446, 0.5747667551040649, 0.4188845157623291, 0.27234405279159546, 0.5865694880485535]
[0.5058007836341858, 0.57082599401474, 0.42074650526046753, 0.29197677969932556, 0.5068703889846802]
