0
【抹布挡号牌 驾照被吊销(央视记者许国飞)
[0.42029982805252075, 0.5294373631477356, 0.4957795739173889, 0.33735936880111694, 0.46199750900268555]
[0.49819183349609375, 0.5695810914039612, 0.4092336595058441, 0.28381651639938354, 0.5330636501312256]
[0.47846296429634094, 0.536988377571106, 0.45381447672843933, 0.3033701181411743, 0.49568653106689453]
[0.43624746799468994, 0.5597729086875916, 0.43525248765945435, 0.3177846074104309, 0.4942164123058319]
[0.5093942284584045, 0.5846842527389526, 0.41357094049453735, 0.28522801399230957, 0.5120751261711121]
[0.4631577730178833, 0.5548105835914612, 0.45690611004829407, 0.3403344452381134, 0.48206400871276855]
[0.5070725679397583, 0.5795678496360779, 0.4309682846069336, 0.25872695446014404, 0.538472592830658]
[0.45958003401756287, 0.5514125227928162, 0.4646751284599304, 0.3193438649177551, 0.46514469385147095]
[0.5227502584457397, 0.5594210624694824, 0.4183069169521332, 0.28904056549072266, 0.5031458139419556]
[0.44296419620513916, 0.5867204666137695, 0.433702290058136, 0.29924771189689636, 0.5120244026184082]
[0.5385285019874573, 0.592927873134613, 0.4366501271724701, 0.27475765347480774, 0.5613072514533997]
[0.533793032169342, 0.5673639178276062, 0.43001118302345276, 0.28245916962623596, 0.5096796751022339]
[0.49163714051246643, 0.5717736482620239, 0.4386243522167206, 0.30139076709747314, 0.5217152237892151]
[0.3364064395427704, 0.5530104637145996, 0.44753363728523254, 0.3004894554615021, 0.44148722290992737]
[0.5051329731941223, 0.5899836421012878, 0.4247754216194153, 0.2757553160190582, 0.5170662999153137]
[0.45691198110580444, 0.5476556420326233, 0.4504813551902771, 0.30164211988449097, 0.47023338079452515]
[0.6206127405166626, 0.5694409012794495, 0.37554073333740234, 0.24117134511470795, 0.6033797860145569]
[0.5552383661270142, 0.5594775080680847, 0.4206145107746124, 0.2515639066696167, 0.5419234037399292]
[0.5799715518951416, 0.5953717827796936, 0.39087656140327454, 0.2357998490333557, 0.5807968378067017]
[0.48379552364349365, 0.5937032699584961, 0.41920071840286255, 0.2830924987792969, 0.4925927221775055]
[0.45084911584854126, 0.5336213111877441, 0.5120490193367004, 0.3974160850048065, 0.48557403683662415]
[0.4504626989364624, 0.5426169633865356, 0.4749293625354767, 0.3283955454826355, 0.5020862221717834]
[0.47291117906570435, 0.5538899302482605, 0.46925294399261475, 0.3687162697315216, 0.48999840021133423]
[0.535921037197113, 0.5964357852935791, 0.4199274182319641, 0.27324655652046204, 0.5504410862922668]
[0.5106168389320374, 0.5730307698249817, 0.428698867559433, 0.27679309248924255, 0.5303708910942078]
[0.5390591621398926, 0.5952105522155762, 0.39781859517097473, 0.23891977965831757, 0.5766826272010803]
[0.5466985702514648, 0.5918687582015991, 0.41247743368148804, 0.2711631953716278, 0.5478925108909607]
[0.4546322226524353, 0.5741155743598938, 0.4802059829235077, 0.30249908566474915, 0.5190697312355042]
[0.5070725679397583, 0.5795678496360779, 0.4309682846069336, 0.25872695446014404, 0.538472592830658]
[0.3990519344806671, 0.5178706049919128, 0.4921268820762634, 0.3524978756904602, 0.4486587643623352]
[0.4805000424385071, 0.5328744649887085, 0.45629462599754333, 0.31351226568222046, 0.5247094035148621]
[0.5183144807815552, 0.575348436832428, 0.4046606123447418, 0.2860856354236603, 0.5314154028892517]
[0.5120877623558044, 0.5579939484596252, 0.4282214045524597, 0.3099614679813385, 0.5195028185844421]
[0.4913092255592346, 0.5674813389778137, 0.4305364191532135, 0.2992546856403351, 0.5189809799194336]
[0.5099369287490845, 0.5585256814956665, 0.43083643913269043, 0.31774458289146423, 0.5156910419464111]
[0.5530743598937988, 0.5664665102958679, 0.42628106474876404, 0.2636714279651642, 0.5468027591705322]
[0.46611738204956055, 0.573712170124054, 0.4384806752204895, 0.3161851763725281, 0.4981684684753418]
[0.4789492189884186, 0.560190737247467, 0.461708128452301, 0.3253011107444763, 0.512468159198761]
[0.4661239981651306, 0.5624451041221619, 0.4485897123813629, 0.3240557014942169, 0.5008242130279541]
[0.5070725679397583, 0.5795678496360779, 0.4309682846069336, 0.25872695446014404, 0.538472592830658]
[0.5354467034339905, 0.5402328968048096, 0.4362989366054535, 0.31198257207870483, 0.5442867279052734]
[0.476700097322464, 0.5774152278900146, 0.434286504983902, 0.28602170944213867, 0.5255011916160583]
[0.5687924027442932, 0.5687794089317322, 0.42367780208587646, 0.29174309968948364, 0.5663955211639404]
[0.49601125717163086, 0.5480767488479614, 0.4619196057319641, 0.33757880330085754, 0.5075819492340088]
[0.5374209880828857, 0.5746139287948608, 0.39782899618148804, 0.26130813360214233, 0.5600553750991821]
[0.5295397639274597, 0.5937909483909607, 0.41989666223526, 0.2857068181037903, 0.54707932472229]
[0.5504789352416992, 0.5504522323608398, 0.46797049045562744, 0.3006422519683838, 0.5575739741325378]
[0.3898088335990906, 0.5084633231163025, 0.49397382140159607, 0.3489442765712738, 0.3890945017337799]
[0.5680944919586182, 0.5645679235458374, 0.4167499542236328, 0.2683810889720917, 0.519780158996582]
[0.5610038042068481, 0.589194655418396, 0.4025805592536926, 0.27749574184417725, 0.5260034203529358]
[0.540461540222168, 0.5631343722343445, 0.442056804895401, 0.3110719323158264, 0.5708492398262024]
[0.3232819437980652, 0.5072541236877441, 0.5069777965545654, 0.558610737323761, 0.501651406288147]
[0.4681757390499115, 0.5745408535003662, 0.4570157527923584, 0.3035201132297516, 0.5186935067176819]
[0.511897623538971, 0.5778298377990723, 0.41454631090164185, 0.25018414855003357, 0.5730889439582825]
[0.4538881480693817, 0.5365767478942871, 0.5010961890220642, 0.3661990463733673, 0.4421727657318115]
[0.5173517465591431, 0.5798868536949158, 0.452647864818573, 0.29388299584388733, 0.5342203378677368]
[0.34394025802612305, 0.50890052318573, 0.5461602210998535, 0.4601724445819855, 0.4346926212310791]
[0.4752258062362671, 0.5691908001899719, 0.4391210675239563, 0.3077876567840576, 0.4840574860572815]
[0.5065021514892578, 0.5656341314315796, 0.4327872395515442, 0.27634212374687195, 0.560916006565094]
[0.46598654985427856, 0.5693656802177429, 0.4516351819038391, 0.2882099449634552, 0.532517671585083]
[0.48358339071273804, 0.5679340958595276, 0.4394901692867279, 0.30233439803123474, 0.499975323677063]
[0.5299214124679565, 0.5800057649612427, 0.424424946308136, 0.2756156921386719, 0.5510689616203308]
[0.43928033113479614, 0.5755216479301453, 0.43812182545661926, 0.28464990854263306, 0.4676651954650879]
[0.4218722879886627, 0.5393391847610474, 0.47738873958587646, 0.33117902278900146, 0.4372364282608032]
[0.5040035247802734, 0.5719863772392273, 0.43091994524002075, 0.27657848596572876, 0.5261465907096863]
[0.3364064395427704, 0.5530104637145996, 0.44753363728523254, 0.3004894554615021, 0.44148722290992737]
[0.46342337131500244, 0.5665329694747925, 0.4454681873321533, 0.3088059723377228, 0.4590219557285309]
[0.535248875617981, 0.551616370677948, 0.4407326877117157, 0.2708992660045624, 0.5579197406768799]
[0.49811840057373047, 0.5736905932426453, 0.4079636037349701, 0.28774112462997437, 0.5356017351150513]
[0.4940948486328125, 0.5840982794761658, 0.4168994128704071, 0.2683383822441101, 0.5216974020004272]
[0.5354865789413452, 0.5888907313346863, 0.41922876238822937, 0.2605830132961273, 0.5253303050994873]
[0.4897325932979584, 0.5729953646659851, 0.43896210193634033, 0.3207404911518097, 0.4908064007759094]
[0.4796947240829468, 0.5776488780975342, 0.43076738715171814, 0.27605360746383667, 0.5073146224021912]
[0.5487862825393677, 0.5815494060516357, 0.4240264594554901, 0.2817598581314087, 0.5577513575553894]
[0.4558250606060028, 0.5897515416145325, 0.45203280448913574, 0.28876742720603943, 0.49002525210380554]
[0.42029982805252075, 0.5294373631477356, 0.4957795739173889, 0.33735936880111694, 0.46199750900268555]
[0.3861103653907776, 0.5626804232597351, 0.42905399203300476, 0.2910979092121124, 0.48848703503608704]
[0.4189511239528656, 0.5396223664283752, 0.4935961365699768, 0.3680095374584198, 0.46657639741897583]
[0.4580179452896118, 0.5541266798973083, 0.43536144495010376, 0.2816208302974701, 0.5108625888824463]
[0.4814934730529785, 0.5666276812553406, 0.4183095693588257, 0.2769066095352173, 0.5230266451835632]
[0.5112774968147278, 0.5501077771186829, 0.45021575689315796, 0.31349319219589233, 0.48445379734039307]
[0.39034098386764526, 0.5619242787361145, 0.46147218346595764, 0.2913438379764557, 0.4476010203361511]
[0.5088239908218384, 0.5470182299613953, 0.45582446455955505, 0.2932347357273102, 0.48989468812942505]
[0.4638579785823822, 0.5621734261512756, 0.43202194571495056, 0.29250451922416687, 0.5375046133995056]
[0.49811840057373047, 0.5736905932426453, 0.4079636037349701, 0.28774112462997437, 0.5356017351150513]
[0.47916775941848755, 0.5643742084503174, 0.4532519578933716, 0.3388943374156952, 0.5300494432449341]
[0.449229896068573, 0.5293373465538025, 0.4933429956436157, 0.36603593826293945, 0.5013939738273621]
[0.43928033113479614, 0.5755216479301453, 0.43812182545661926, 0.28464990854263306, 0.4676651954650879]
[0.506663978099823, 0.5781840682029724, 0.41636231541633606, 0.2748399078845978, 0.5291997194290161]
[0.46042609214782715, 0.5312287211418152, 0.492480993270874, 0.3420957028865814, 0.47557368874549866]
[0.4955155849456787, 0.5536401867866516, 0.44828277826309204, 0.29616960883140564, 0.49964433908462524]
[0.3664727509021759, 0.554492712020874, 0.4789113998413086, 0.287409245967865, 0.4113079607486725]
[0.47411608695983887, 0.5705145001411438, 0.4771863520145416, 0.3351348042488098, 0.504156231880188]
[0.5136842131614685, 0.5683769583702087, 0.453810453414917, 0.2996242642402649, 0.5463855862617493]
[0.466758131980896, 0.5525115132331848, 0.4757267236709595, 0.32824915647506714, 0.502239465713501]
[0.466758131980896, 0.5525115132331848, 0.4757267236709595, 0.32824915647506714, 0.502239465713501]
[0.46340903639793396, 0.5683802962303162, 0.4527140259742737, 0.3400016129016876, 0.5067570209503174]
[0.46994027495384216, 0.5276397466659546, 0.4719529151916504, 0.32489505410194397, 0.48831239342689514]
[0.4959556758403778, 0.57239830493927, 0.4628802239894867, 0.3175233006477356, 0.5491411685943604]
[0.449229896068573, 0.5293373465538025, 0.4933429956436157, 0.36603593826293945, 0.5013939738273621]
[0.46247968077659607, 0.5532109141349792, 0.4634648859500885, 0.3384592533111572, 0.4713730812072754]
