0
#杨洋icon# 就得这么看
[0.5361865758895874, 0.5503041744232178, 0.43495145440101624, 0.2740439176559448, 0.5525182485580444]
[0.5300001502037048, 0.5590968132019043, 0.4341394305229187, 0.27804550528526306, 0.5411014556884766]
[0.47160881757736206, 0.5655504465103149, 0.4530019164085388, 0.31841033697128296, 0.5247265696525574]
[0.5714412331581116, 0.5205544829368591, 0.4768974483013153, 0.3697112798690796, 0.5674422979354858]
[0.5354865789413452, 0.5888907313346863, 0.41922876238822937, 0.2605830132961273, 0.5253303050994873]
[0.560850203037262, 0.5853933095932007, 0.42092883586883545, 0.2718711793422699, 0.5583540201187134]
[0.45518988370895386, 0.5784578323364258, 0.4508781135082245, 0.2693265378475189, 0.4939885437488556]
[0.5857466459274292, 0.5110423564910889, 0.4863864481449127, 0.4172716736793518, 0.5735297799110413]
[0.5578329563140869, 0.5210254788398743, 0.47112247347831726, 0.3753006160259247, 0.523802638053894]
[0.5281029939651489, 0.5295275449752808, 0.47142186760902405, 0.36946702003479004, 0.5402469635009766]
[0.48274391889572144, 0.5626707673072815, 0.43246757984161377, 0.3014563024044037, 0.505673885345459]
[0.5264943242073059, 0.5528011918067932, 0.4433908760547638, 0.31008878350257874, 0.5381606817245483]
[0.42528069019317627, 0.5744214057922363, 0.4504586160182953, 0.26449498534202576, 0.4669388234615326]
[0.5834630131721497, 0.5181453227996826, 0.4509485363960266, 0.3183484375476837, 0.5639404058456421]
[0.3461597263813019, 0.5660690069198608, 0.45271357893943787, 0.3171800374984741, 0.4504111111164093]
[0.551876425743103, 0.5333872437477112, 0.43550533056259155, 0.30944958329200745, 0.5317184329032898]
[0.5300001502037048, 0.5590968132019043, 0.4341394305229187, 0.27804550528526306, 0.5411014556884766]
[0.5548539161682129, 0.5329405069351196, 0.43739545345306396, 0.3139722943305969, 0.532512366771698]
[0.5621739625930786, 0.5215297341346741, 0.4663638472557068, 0.37608614563941956, 0.5216631889343262]
[0.5098796486854553, 0.5531527996063232, 0.45995762944221497, 0.32370641827583313, 0.5240397453308105]
[0.5584356188774109, 0.538079023361206, 0.4175254702568054, 0.28312909603118896, 0.5496967434883118]
[0.4946823716163635, 0.5514160394668579, 0.4515671730041504, 0.2888745665550232, 0.5168086290359497]
[0.5504789352416992, 0.5504522323608398, 0.46797049045562744, 0.3006422519683838, 0.5575739741325378]
[0.5480042695999146, 0.5624748468399048, 0.4279712438583374, 0.2773216962814331, 0.5630440711975098]
[0.555525004863739, 0.5342257618904114, 0.4499412178993225, 0.3292487859725952, 0.5653274059295654]
[0.5844460725784302, 0.5649806261062622, 0.4160420000553131, 0.26124805212020874, 0.5660839080810547]
[0.4893319010734558, 0.5730206370353699, 0.42194288969039917, 0.2588694989681244, 0.5248550772666931]
[0.5981975197792053, 0.5154748558998108, 0.44888612627983093, 0.31884869933128357, 0.5502680540084839]
[0.548547089099884, 0.5287690758705139, 0.4464060962200165, 0.32892870903015137, 0.5287840366363525]
[0.5660188794136047, 0.5218290686607361, 0.46619343757629395, 0.3771698772907257, 0.5243080854415894]
[0.5504789352416992, 0.5504522323608398, 0.46797049045562744, 0.3006422519683838, 0.5575739741325378]
[0.569267988204956, 0.5117090344429016, 0.47378167510032654, 0.336841344833374, 0.5420551300048828]
[0.5463089346885681, 0.5213630199432373, 0.48276111483573914, 0.38206684589385986, 0.523273229598999]
[0.5300001502037048, 0.5590968132019043, 0.4341394305229187, 0.27804550528526306, 0.5411014556884766]
[0.5260461568832397, 0.5862242579460144, 0.4310151934623718, 0.2730245292186737, 0.5295546650886536]
[0.5728020668029785, 0.5250626802444458, 0.4531645178794861, 0.3556063771247864, 0.5589264631271362]
[0.4931415617465973, 0.5730117559432983, 0.43126770853996277, 0.34045836329460144, 0.4926629662513733]
[0.6136147379875183, 0.5108856558799744, 0.5046550631523132, 0.4322319030761719, 0.5909751057624817]
[0.5810231566429138, 0.5119329690933228, 0.5066220760345459, 0.3550286591053009, 0.5414894819259644]
[0.5100035071372986, 0.5825427174568176, 0.42243432998657227, 0.24835634231567383, 0.5585797429084778]
[0.5300001502037048, 0.5590968132019043, 0.4341394305229187, 0.27804550528526306, 0.5411014556884766]
[0.5758468508720398, 0.5901648998260498, 0.430378794670105, 0.2576752305030823, 0.5736340880393982]
[0.5840269327163696, 0.5176253914833069, 0.4488953649997711, 0.32856103777885437, 0.5645925402641296]
[0.6219739317893982, 0.523587167263031, 0.4871802031993866, 0.33804067969322205, 0.5879976153373718]
[0.5438856482505798, 0.5929805040359497, 0.418680876493454, 0.27237069606781006, 0.5508289337158203]
[0.5551180243492126, 0.5337366461753845, 0.43478649854660034, 0.3101782500743866, 0.5334223508834839]
[0.554137647151947, 0.5205193161964417, 0.47844451665878296, 0.38127270340919495, 0.5182600021362305]
[0.5890107154846191, 0.5535292029380798, 0.40408292412757874, 0.24249999225139618, 0.578855037689209]
[0.551876425743103, 0.5333872437477112, 0.43550533056259155, 0.30944958329200745, 0.5317184329032898]
[0.43738415837287903, 0.5719547271728516, 0.43069174885749817, 0.28993654251098633, 0.5091231465339661]
[0.42587676644325256, 0.5622686743736267, 0.493428498506546, 0.34553372859954834, 0.4709911048412323]
[0.4651085138320923, 0.5584108233451843, 0.440883606672287, 0.28917396068573, 0.515491247177124]
[0.6171430349349976, 0.5054427981376648, 0.48266178369522095, 0.42573365569114685, 0.5941669940948486]
[0.5286744832992554, 0.5580198764801025, 0.4186168611049652, 0.28859859704971313, 0.5457227230072021]
[0.5759430527687073, 0.5179722905158997, 0.4535103440284729, 0.36734822392463684, 0.5583140254020691]
[0.5300001502037048, 0.5590968132019043, 0.4341394305229187, 0.27804550528526306, 0.5411014556884766]
[0.5300001502037048, 0.5590968132019043, 0.4341394305229187, 0.27804550528526306, 0.5411014556884766]
[0.5300001502037048, 0.5590968132019043, 0.4341394305229187, 0.27804550528526306, 0.5411014556884766]
[0.5548539161682129, 0.5329405069351196, 0.43739545345306396, 0.3139722943305969, 0.532512366771698]
[0.5410444140434265, 0.5689141154289246, 0.4246787428855896, 0.25943222641944885, 0.5435934662818909]
[0.5241740942001343, 0.5352033376693726, 0.43439602851867676, 0.3216981291770935, 0.5503774285316467]
[0.5736892223358154, 0.5300974249839783, 0.4359648823738098, 0.3304290771484375, 0.5313047766685486]
[0.5721498131752014, 0.5525153279304504, 0.41035738587379456, 0.24656033515930176, 0.5748417973518372]
[0.5549442172050476, 0.5011754035949707, 0.5031672716140747, 0.4302358627319336, 0.5860755443572998]
[0.5385902523994446, 0.5573647618293762, 0.45994633436203003, 0.30129799246788025, 0.5211349129676819]
[0.5172310471534729, 0.5866304636001587, 0.39643141627311707, 0.23272040486335754, 0.5669661164283752]
[0.550911009311676, 0.5280008912086487, 0.4214898943901062, 0.2873832881450653, 0.5551020503044128]
[0.544319212436676, 0.5172547698020935, 0.4511124789714813, 0.3390882909297943, 0.5588821172714233]
[0.5727390646934509, 0.5893916487693787, 0.4132425785064697, 0.25986194610595703, 0.5575045943260193]
[0.5771812796592712, 0.5192818641662598, 0.46517711877822876, 0.3295561969280243, 0.5491596460342407]
[0.5300001502037048, 0.5590968132019043, 0.4341394305229187, 0.27804550528526306, 0.5411014556884766]
[0.5504789352416992, 0.5504522323608398, 0.46797049045562744, 0.3006422519683838, 0.5575739741325378]
[0.5607688426971436, 0.5204123854637146, 0.47073623538017273, 0.3749784231185913, 0.5337016582489014]
[0.5751922130584717, 0.5203219652175903, 0.4540477395057678, 0.37637290358543396, 0.5487595200538635]
[0.5357751250267029, 0.5636495351791382, 0.4329729378223419, 0.285792738199234, 0.5400276184082031]
[0.5836229920387268, 0.5753741264343262, 0.4084857702255249, 0.24961596727371216, 0.5743277668952942]
[0.567435622215271, 0.5863202214241028, 0.4114372432231903, 0.27792277932167053, 0.5777193307876587]
[0.5300001502037048, 0.5590968132019043, 0.4341394305229187, 0.27804550528526306, 0.5411014556884766]
[0.5014699101448059, 0.5781077146530151, 0.44891679286956787, 0.2722232937812805, 0.5413858890533447]
[0.5853390693664551, 0.5368659496307373, 0.4470330774784088, 0.32820311188697815, 0.573645293712616]
[0.5300001502037048, 0.5590968132019043, 0.4341394305229187, 0.27804550528526306, 0.5411014556884766]
[0.5050353407859802, 0.5498130917549133, 0.44970524311065674, 0.31792306900024414, 0.520314633846283]
[0.5275557041168213, 0.5516445636749268, 0.4348146617412567, 0.28959032893180847, 0.5301114320755005]
[0.5954216122627258, 0.5423170328140259, 0.4179212749004364, 0.29550957679748535, 0.5850012302398682]
[0.5111486315727234, 0.582491934299469, 0.4221796691417694, 0.27621936798095703, 0.5181747674942017]
[0.529839277267456, 0.5424851775169373, 0.5058300495147705, 0.36959508061408997, 0.5385709404945374]
[0.6145820021629333, 0.5077978372573853, 0.510648250579834, 0.4019007682800293, 0.5998421907424927]
[0.5300001502037048, 0.5590968132019043, 0.4341394305229187, 0.27804550528526306, 0.5411014556884766]
[0.47991862893104553, 0.5659225583076477, 0.44761282205581665, 0.3014308214187622, 0.532055139541626]
[0.5485917925834656, 0.5449993014335632, 0.4343721866607666, 0.29176604747772217, 0.5617034435272217]
[0.5554683208465576, 0.5346828103065491, 0.4321419298648834, 0.30376192927360535, 0.5350087285041809]
[0.42756596207618713, 0.5621201395988464, 0.4695171117782593, 0.31448373198509216, 0.4837220311164856]
[0.5834630131721497, 0.5181453227996826, 0.4509485363960266, 0.3183484375476837, 0.5639404058456421]
[0.475036084651947, 0.5735476613044739, 0.44211700558662415, 0.3166692852973938, 0.5059105753898621]
[0.5551180243492126, 0.5337366461753845, 0.43478649854660034, 0.3101782500743866, 0.5334223508834839]
[0.49283573031425476, 0.5767083168029785, 0.42585545778274536, 0.27138587832450867, 0.5258444547653198]
[0.5857466459274292, 0.5110423564910889, 0.4863864481449127, 0.4172716736793518, 0.5735297799110413]
[0.5800811052322388, 0.5222316384315491, 0.4500861167907715, 0.32045406103134155, 0.5628093481063843]
[0.5497624278068542, 0.5729950666427612, 0.4264642596244812, 0.2690405249595642, 0.552290678024292]
[0.5300001502037048, 0.5590968132019043, 0.4341394305229187, 0.27804550528526306, 0.5411014556884766]
[0.5632534623146057, 0.515689492225647, 0.461237370967865, 0.35369211435317993, 0.5638420581817627]
