0
#午间分享#西城男孩高清MV《You Raise Me Up》，感谢你，你鼓舞了我，让我能走过狂风暴雨的海。感谢你，你鼓舞了我，让我能超越自己。既好听又有蕴意的一首歌，推荐！（转）
[0.5007399320602417, 0.5401726961135864, 0.4550521969795227, 0.3493260443210602, 0.5458760261535645]
[0.4345061480998993, 0.5568930506706238, 0.44924604892730713, 0.3036644160747528, 0.4710766077041626]
[0.47472497820854187, 0.5715376734733582, 0.42141687870025635, 0.26863476634025574, 0.5418249368667603]
[0.527567446231842, 0.5905604958534241, 0.41316601634025574, 0.27075299620628357, 0.5272797346115112]
[0.4224175810813904, 0.557636559009552, 0.5059947967529297, 0.3479383885860443, 0.4793364405632019]
[0.5162485837936401, 0.5974263548851013, 0.42493999004364014, 0.2835739254951477, 0.5407006740570068]
[0.45431914925575256, 0.5326499938964844, 0.4522225558757782, 0.29184985160827637, 0.48026806116104126]
[0.45431914925575256, 0.5326499938964844, 0.4522225558757782, 0.29184985160827637, 0.48026806116104126]
[0.38830065727233887, 0.5296488404273987, 0.47246453166007996, 0.3414214551448822, 0.48456281423568726]
[0.5355250835418701, 0.5817824602127075, 0.4227930009365082, 0.2809771001338959, 0.5404102802276611]
[0.4523814022541046, 0.5392852425575256, 0.44520804286003113, 0.2864277958869934, 0.4787272810935974]
[0.5202862024307251, 0.5810336470603943, 0.4101262390613556, 0.26850610971450806, 0.5348315834999084]
[0.5178347229957581, 0.571922779083252, 0.41145065426826477, 0.28331613540649414, 0.5249499082565308]
[0.48143741488456726, 0.5540748834609985, 0.459514856338501, 0.33527347445487976, 0.5015628337860107]
[0.4917965829372406, 0.5642513632774353, 0.44473153352737427, 0.292820006608963, 0.504958987236023]
[0.49819183349609375, 0.5695810914039612, 0.4092336595058441, 0.28381651639938354, 0.5330636501312256]
[0.5559489727020264, 0.5725517272949219, 0.4115205705165863, 0.2718439996242523, 0.5543605089187622]
[0.42261046171188354, 0.5462657809257507, 0.45487281680107117, 0.310028076171875, 0.494986891746521]
[0.49182549118995667, 0.571639358997345, 0.4173731803894043, 0.22182035446166992, 0.5292088985443115]
[0.4739144444465637, 0.5744837522506714, 0.4578624665737152, 0.27670323848724365, 0.4993405044078827]
[0.5060935616493225, 0.5624959468841553, 0.42937639355659485, 0.32649853825569153, 0.5151408910751343]
[0.45431914925575256, 0.5326499938964844, 0.4522225558757782, 0.29184985160827637, 0.48026806116104126]
[0.5074624419212341, 0.578350841999054, 0.4318251609802246, 0.27153411507606506, 0.5679025650024414]
[0.46601602435112, 0.5651649832725525, 0.4377492070198059, 0.2894585430622101, 0.48092910647392273]
[0.46601602435112, 0.5651649832725525, 0.4377492070198059, 0.2894585430622101, 0.48092910647392273]
[0.49819183349609375, 0.5695810914039612, 0.4092336595058441, 0.28381651639938354, 0.5330636501312256]
[0.3291623294353485, 0.538038432598114, 0.45875677466392517, 0.30893221497535706, 0.41363525390625]
[0.4114070534706116, 0.5330862402915955, 0.458051860332489, 0.3400486707687378, 0.49076053500175476]
[0.5760374665260315, 0.5568257570266724, 0.41884979605674744, 0.28121575713157654, 0.5734756588935852]
[0.5389162302017212, 0.5738784074783325, 0.42026832699775696, 0.28591832518577576, 0.5538541674613953]
[0.4833153188228607, 0.5569245219230652, 0.41631510853767395, 0.266377329826355, 0.5476254820823669]
[0.5055584907531738, 0.5628523826599121, 0.42066168785095215, 0.2956410050392151, 0.5367924571037292]
[0.42407408356666565, 0.5653526782989502, 0.4348786771297455, 0.2937979996204376, 0.5040332674980164]
[0.4858367443084717, 0.5383425951004028, 0.453224778175354, 0.3162834644317627, 0.4842033386230469]
[0.4597967863082886, 0.564391553401947, 0.4391641616821289, 0.2976599335670471, 0.4883105158805847]
[0.4433915317058563, 0.5156826972961426, 0.44445037841796875, 0.2958821952342987, 0.4460173547267914]
[0.5138278007507324, 0.5719684362411499, 0.4300827383995056, 0.2970241904258728, 0.5164225697517395]
