0
#中南海#【习近平就3名中国公民在马里遇害作批示】对这一残暴行径予以强烈谴责，向遇难者家属表示深切慰问，要求有关部门加大投入和保障，加强境外安全保护工作，确保我国公民和机构安全。中国将加强同国际社会的合作，坚决打击残害无辜生命的暴力恐怖活动，维护世界和平与安宁。
[0.5266555547714233, 0.5261795520782471, 0.4571857154369354, 0.33733391761779785, 0.519751250743866]
[0.5059483647346497, 0.5303152203559875, 0.47661495208740234, 0.39160382747650146, 0.5339481830596924]
[0.5570958852767944, 0.5647113919258118, 0.39782100915908813, 0.24673786759376526, 0.5653184056282043]
[0.5522747039794922, 0.5849092602729797, 0.37749576568603516, 0.23916971683502197, 0.5640181303024292]
[0.46619388461112976, 0.513484537601471, 0.4909401535987854, 0.35232579708099365, 0.467711865901947]
[0.44767358899116516, 0.5538015961647034, 0.4621155560016632, 0.36323797702789307, 0.4946485459804535]
[0.5574079751968384, 0.5704132318496704, 0.41530275344848633, 0.28322428464889526, 0.5672715306282043]
[0.5522747039794922, 0.5849092602729797, 0.37749576568603516, 0.23916971683502197, 0.5640181303024292]
