0
一组经典视觉欺骗图片，看来眼见不一定为实啊(=ﾟДﾟ=)
[0.4946827292442322, 0.5496767163276672, 0.44541314244270325, 0.3272157907485962, 0.5221728086471558]
[0.4978148341178894, 0.576171338558197, 0.45187512040138245, 0.29921478033065796, 0.5260340571403503]
[0.6100245118141174, 0.5741111040115356, 0.3757953941822052, 0.2259899526834488, 0.591346800327301]
[0.6000707149505615, 0.5337573289871216, 0.47871658205986023, 0.3712497651576996, 0.5988777875900269]
[0.48379552364349365, 0.5937032699584961, 0.41920071840286255, 0.2830924987792969, 0.4925927221775055]
[0.5624390244483948, 0.576741099357605, 0.394595742225647, 0.282252699136734, 0.5663142800331116]
[0.5393750071525574, 0.5984041094779968, 0.40927672386169434, 0.24525867402553558, 0.5812369585037231]
[0.516706109046936, 0.5812620520591736, 0.43450188636779785, 0.294036328792572, 0.5120617151260376]
[0.5414836406707764, 0.5936719179153442, 0.4169122576713562, 0.2716946005821228, 0.5570518970489502]
[0.4760547876358032, 0.561172366142273, 0.4509691894054413, 0.32225096225738525, 0.47913143038749695]
