0
日本盖浇饭
[0.5942582488059998, 0.5869329571723938, 0.3775659501552582, 0.22404824197292328, 0.6009199023246765]
[0.49819183349609375, 0.5695810914039612, 0.4092336595058441, 0.28381651639938354, 0.5330636501312256]
[0.47918233275413513, 0.5511541962623596, 0.44805148243904114, 0.32367709279060364, 0.47124120593070984]
[0.46150630712509155, 0.577296793460846, 0.4731622338294983, 0.2843893766403198, 0.5269778966903687]
[0.42277130484580994, 0.5393577814102173, 0.48426690697669983, 0.35125449299812317, 0.445597380399704]
[0.41674572229385376, 0.5222887396812439, 0.5121480226516724, 0.40300697088241577, 0.47289037704467773]
[0.36409157514572144, 0.5259667634963989, 0.4936574101448059, 0.37677401304244995, 0.4205426573753357]
[0.49819183349609375, 0.5695810914039612, 0.4092336595058441, 0.28381651639938354, 0.5330636501312256]
[0.5529078841209412, 0.5226582288742065, 0.4433087408542633, 0.31489747762680054, 0.5914438962936401]
[0.36918941140174866, 0.5161048173904419, 0.5622146129608154, 0.58412766456604, 0.4769395887851715]
[0.42483773827552795, 0.5615813732147217, 0.45974835753440857, 0.3143710792064667, 0.5066418051719666]
[0.4665234684944153, 0.5574922561645508, 0.455697238445282, 0.31362462043762207, 0.49898332357406616]
[0.5451908707618713, 0.5766529440879822, 0.4226669371128082, 0.2872115671634674, 0.5658292174339294]
[0.5536560416221619, 0.5714466571807861, 0.4356762766838074, 0.28877711296081543, 0.5500498414039612]
[0.35687148571014404, 0.5437644720077515, 0.5177391767501831, 0.5402713418006897, 0.4841686487197876]
[0.4003669321537018, 0.5499446988105774, 0.4488080143928528, 0.32120415568351746, 0.46308496594429016]
[0.4914586842060089, 0.5598971247673035, 0.4470609128475189, 0.31037411093711853, 0.5033780932426453]
[0.5857130289077759, 0.5841307640075684, 0.4136672019958496, 0.2687113285064697, 0.5941346883773804]
[0.46638035774230957, 0.5648683309555054, 0.4494856297969818, 0.3282828629016876, 0.4706222414970398]
[0.43405744433403015, 0.5371310114860535, 0.44167500734329224, 0.30400916934013367, 0.4994427263736725]
[0.519820511341095, 0.5749845504760742, 0.42101070284843445, 0.2703607976436615, 0.5448430776596069]
[0.4523047208786011, 0.5495575666427612, 0.45538130402565, 0.33572641015052795, 0.4551902413368225]
[0.462004691362381, 0.5485862493515015, 0.48198202252388, 0.3450133800506592, 0.5210140943527222]
[0.5343405604362488, 0.5466415882110596, 0.4507852792739868, 0.30621328949928284, 0.5300567150115967]
[0.5139617323875427, 0.5929368138313293, 0.41964560747146606, 0.23943687975406647, 0.5214974880218506]
[0.4785328507423401, 0.58744215965271, 0.4151059091091156, 0.2653130292892456, 0.5236160159111023]
[0.46638035774230957, 0.5648683309555054, 0.4494856297969818, 0.3282828629016876, 0.4706222414970398]
[0.442886084318161, 0.5584024786949158, 0.43273162841796875, 0.3019087314605713, 0.4793856143951416]
[0.4484483599662781, 0.5574188232421875, 0.47128060460090637, 0.36416950821876526, 0.5032990574836731]
[0.4438819885253906, 0.5638949871063232, 0.43985894322395325, 0.2947743833065033, 0.518326461315155]
[0.5176476240158081, 0.57084059715271, 0.42899036407470703, 0.30703750252723694, 0.5120335817337036]
[0.43259403109550476, 0.5687845349311829, 0.43400201201438904, 0.3005620837211609, 0.49192845821380615]
[0.567549467086792, 0.5698894262313843, 0.43078112602233887, 0.2652447521686554, 0.5659921169281006]
[0.4551418423652649, 0.5771381258964539, 0.443742036819458, 0.2937262952327728, 0.4991247057914734]
[0.5433347821235657, 0.5925135016441345, 0.40954089164733887, 0.2539425194263458, 0.5711995959281921]
[0.46150630712509155, 0.577296793460846, 0.4731622338294983, 0.2843893766403198, 0.5269778966903687]
[0.583867609500885, 0.5574044585227966, 0.396875262260437, 0.2384040802717209, 0.5689719915390015]
[0.4310321509838104, 0.5489394068717957, 0.45033085346221924, 0.33473002910614014, 0.46745777130126953]
[0.5022879242897034, 0.5772305130958557, 0.4161044657230377, 0.2871452271938324, 0.5071033835411072]
[0.5406296253204346, 0.5863083004951477, 0.4252282977104187, 0.26034924387931824, 0.558923602104187]
[0.45005783438682556, 0.5376073122024536, 0.4691159725189209, 0.3377799093723297, 0.4930509924888611]
[0.4914586842060089, 0.5598971247673035, 0.4470609128475189, 0.31037411093711853, 0.5033780932426453]
[0.5115816593170166, 0.5665543675422668, 0.4074711203575134, 0.2813531756401062, 0.5264888405799866]
[0.5694615244865417, 0.5888253450393677, 0.4156618118286133, 0.2594481408596039, 0.558655858039856]
[0.49819183349609375, 0.5695810914039612, 0.4092336595058441, 0.28381651639938354, 0.5330636501312256]
[0.5142083764076233, 0.5740025043487549, 0.435975581407547, 0.2639220952987671, 0.5134303569793701]
[0.46638035774230957, 0.5648683309555054, 0.4494856297969818, 0.3282828629016876, 0.4706222414970398]
[0.49819183349609375, 0.5695810914039612, 0.4092336595058441, 0.28381651639938354, 0.5330636501312256]
[0.4734669029712677, 0.5459801554679871, 0.4737267792224884, 0.35377514362335205, 0.4868410527706146]
[0.46638035774230957, 0.5648683309555054, 0.4494856297969818, 0.3282828629016876, 0.4706222414970398]
[0.4462216794490814, 0.564423143863678, 0.43532949686050415, 0.2994317412376404, 0.4880681037902832]
[0.3476544916629791, 0.5255779027938843, 0.4963497221469879, 0.4265499413013458, 0.4222743809223175]
[0.4214046001434326, 0.543165922164917, 0.4386734366416931, 0.28680968284606934, 0.4743391275405884]
[0.4036864638328552, 0.519894003868103, 0.4682619869709015, 0.3712679147720337, 0.4454725384712219]
[0.5306448340415955, 0.5660070776939392, 0.44224900007247925, 0.346510112285614, 0.5113006234169006]
[0.45860278606414795, 0.5445501208305359, 0.4818028509616852, 0.3569811284542084, 0.4637608230113983]
[0.5569995045661926, 0.5544873476028442, 0.4419851303100586, 0.2821662425994873, 0.530458390712738]
[0.4991021156311035, 0.572293221950531, 0.44108057022094727, 0.31490087509155273, 0.5287836790084839]
[0.46638035774230957, 0.5648683309555054, 0.4494856297969818, 0.3282828629016876, 0.4706222414970398]
[0.4846397340297699, 0.5450577139854431, 0.4475471079349518, 0.32087650895118713, 0.4995996057987213]
[0.5369433760643005, 0.564433753490448, 0.4184936583042145, 0.25270360708236694, 0.5368390679359436]
[0.5070725679397583, 0.5795678496360779, 0.4309682846069336, 0.25872695446014404, 0.538472592830658]
[0.4734669029712677, 0.5459801554679871, 0.4737267792224884, 0.35377514362335205, 0.4868410527706146]
[0.577574610710144, 0.5764400959014893, 0.4048956334590912, 0.25880733132362366, 0.5527929067611694]
[0.48731890320777893, 0.5688050389289856, 0.4128499925136566, 0.2406395971775055, 0.5287901163101196]
[0.6047395467758179, 0.5650502443313599, 0.36132970452308655, 0.22943329811096191, 0.6023901700973511]
[0.44293922185897827, 0.5325637459754944, 0.4788045585155487, 0.3242894113063812, 0.45376360416412354]
[0.5044633746147156, 0.5782021880149841, 0.4131201505661011, 0.2858734130859375, 0.5269829034805298]
[0.49819183349609375, 0.5695810914039612, 0.4092336595058441, 0.28381651639938354, 0.5330636501312256]
[0.4734669029712677, 0.5459801554679871, 0.4737267792224884, 0.35377514362335205, 0.4868410527706146]
[0.29430949687957764, 0.5033925175666809, 0.4833453893661499, 0.3946671783924103, 0.4434365928173065]
[0.5139617323875427, 0.5929368138313293, 0.41964560747146606, 0.23943687975406647, 0.5214974880218506]
[0.5149213075637817, 0.5745115280151367, 0.4294396936893463, 0.2818833291530609, 0.5206738114356995]
[0.4902172386646271, 0.5526703596115112, 0.42593684792518616, 0.3070160150527954, 0.5182351469993591]
[0.3682872951030731, 0.5410106182098389, 0.43682804703712463, 0.29630130529403687, 0.4435845613479614]
[0.42754998803138733, 0.5839616656303406, 0.43022632598876953, 0.27488812804222107, 0.5031811594963074]
[0.5694615244865417, 0.5888253450393677, 0.4156618118286133, 0.2594481408596039, 0.558655858039856]
[0.48598575592041016, 0.5733087062835693, 0.43868061900138855, 0.29927361011505127, 0.5164997577667236]
[0.552428662776947, 0.5664559006690979, 0.4201062321662903, 0.27160969376564026, 0.5478879809379578]
[0.40684592723846436, 0.5543795228004456, 0.44838014245033264, 0.3196153938770294, 0.43176987767219543]
[0.5315364003181458, 0.5757692456245422, 0.43128588795661926, 0.28446829319000244, 0.518339991569519]
[0.4679141640663147, 0.5376296639442444, 0.4866569936275482, 0.38456279039382935, 0.4558146297931671]
[0.5133541822433472, 0.5912718772888184, 0.42053288221359253, 0.28022417426109314, 0.533724844455719]
[0.4292600154876709, 0.5670283436775208, 0.43127143383026123, 0.2584322988986969, 0.47339513897895813]
[0.4846397340297699, 0.5450577139854431, 0.4475471079349518, 0.32087650895118713, 0.4995996057987213]
[0.4734669029712677, 0.5459801554679871, 0.4737267792224884, 0.35377514362335205, 0.4868410527706146]
[0.4851609766483307, 0.5238204598426819, 0.515988826751709, 0.4355809688568115, 0.49462947249412537]
[0.4847201704978943, 0.5897184610366821, 0.43552473187446594, 0.2384859323501587, 0.5280616879463196]
[0.3971540331840515, 0.5224214792251587, 0.4806358218193054, 0.353067010641098, 0.4516749382019043]
[0.5022104978561401, 0.5873597264289856, 0.4427506923675537, 0.2781207263469696, 0.5484828948974609]
[0.5018760561943054, 0.5756170153617859, 0.44384661316871643, 0.3227529227733612, 0.5149533152580261]
[0.43957433104515076, 0.5910294651985168, 0.45156142115592957, 0.29457733035087585, 0.4808385968208313]
[0.5244597792625427, 0.5673940777778625, 0.42901942133903503, 0.28732484579086304, 0.508772611618042]
[0.501481831073761, 0.550108790397644, 0.4321824610233307, 0.30478206276893616, 0.5332962274551392]
[0.47855281829833984, 0.5729572772979736, 0.43179067969322205, 0.26145440340042114, 0.5503940582275391]
[0.49819183349609375, 0.5695810914039612, 0.4092336595058441, 0.28381651639938354, 0.5330636501312256]
[0.5244597792625427, 0.5673940777778625, 0.42901942133903503, 0.28732484579086304, 0.508772611618042]
[0.483441025018692, 0.5493381023406982, 0.4753727316856384, 0.3657494783401489, 0.4924342632293701]
[0.48023277521133423, 0.569097101688385, 0.439129114151001, 0.27685925364494324, 0.5328474640846252]
[0.46150854229927063, 0.5529152750968933, 0.48533523082733154, 0.38230380415916443, 0.4670381247997284]
[0.483441025018692, 0.5493381023406982, 0.4753727316856384, 0.3657494783401489, 0.4924342632293701]
