0
【别再让更多的孩子受到伤害】儿童是人类的未来和希望，儿童的安全、生存和发展是人类进步的先决条件。如果社会无法好好保护这些孩子，又如何让美丽的花朵绽放？近年来，一些惨不忍睹的虐童案例屡屡发生，您的随手点击和传播，也许能拯救更多的孩子！让更多的孩子不再受到伤害！
[0.5336676836013794, 0.5534206628799438, 0.4432501196861267, 0.3391917943954468, 0.5641005039215088]
[0.5197079181671143, 0.5749695301055908, 0.41280627250671387, 0.2836375832557678, 0.52324378490448]
[0.5783469676971436, 0.574550986289978, 0.38566502928733826, 0.24937772750854492, 0.5826765894889832]
[0.5087209343910217, 0.5599658489227295, 0.4225466251373291, 0.29426702857017517, 0.5302744507789612]
[0.5215636491775513, 0.5689923167228699, 0.43724024295806885, 0.3225211203098297, 0.5404549837112427]
[0.5539531707763672, 0.5742120742797852, 0.449892520904541, 0.3502258062362671, 0.5545363426208496]
[0.51601243019104, 0.5566549897193909, 0.4551827311515808, 0.30487704277038574, 0.5530610084533691]
[0.4792534112930298, 0.5749064683914185, 0.4707103967666626, 0.3246416449546814, 0.5191479921340942]
[0.5078673362731934, 0.5943693518638611, 0.4397641718387604, 0.28252312541007996, 0.5522531270980835]
[0.5834817290306091, 0.5731504559516907, 0.4037846326828003, 0.26165008544921875, 0.5671678185462952]
[0.5118300318717957, 0.5382901430130005, 0.4640371799468994, 0.36505985260009766, 0.5382905006408691]
[0.5507431030273438, 0.5509816408157349, 0.45762521028518677, 0.3147067129611969, 0.563285231590271]
[0.592353105545044, 0.5904228687286377, 0.38583073019981384, 0.2287265807390213, 0.5810132026672363]
[0.4751167297363281, 0.5528033971786499, 0.4296085238456726, 0.28020989894866943, 0.512265145778656]
[0.496479332447052, 0.5694624781608582, 0.44911423325538635, 0.3092355728149414, 0.5386103987693787]
[0.473690927028656, 0.5784314274787903, 0.4240685999393463, 0.29332849383354187, 0.5324576497077942]
[0.5599950551986694, 0.5819452404975891, 0.39673230051994324, 0.25712984800338745, 0.5781785845756531]
[0.5643832087516785, 0.5590840578079224, 0.4123668074607849, 0.29497861862182617, 0.5501816868782043]
[0.458755224943161, 0.5622961521148682, 0.4748428463935852, 0.3358399271965027, 0.5164020657539368]
[0.5108087658882141, 0.5809016227722168, 0.3905549943447113, 0.25321531295776367, 0.5514326095581055]
[0.5115498900413513, 0.5423001646995544, 0.45324933528900146, 0.36918869614601135, 0.5387786030769348]
[0.5462405681610107, 0.5965782999992371, 0.4131373167037964, 0.2635187804698944, 0.5563358068466187]
[0.5470727682113647, 0.574161171913147, 0.40305012464523315, 0.26001664996147156, 0.5583637356758118]
[0.5691150426864624, 0.5803942084312439, 0.40990808606147766, 0.27867475152015686, 0.5664952397346497]
[0.5161558985710144, 0.5666446089744568, 0.4197389483451843, 0.2432851791381836, 0.544316828250885]
[0.4963268041610718, 0.5454317331314087, 0.4375283122062683, 0.3171399235725403, 0.5050230622291565]
[0.49445655941963196, 0.5978206992149353, 0.42837607860565186, 0.2731701731681824, 0.49730321764945984]
[0.5258077383041382, 0.5624959468841553, 0.4087716042995453, 0.2970806360244751, 0.5255797505378723]
[0.5132343769073486, 0.5900415778160095, 0.4107038080692291, 0.26193660497665405, 0.5373635292053223]
[0.4834471046924591, 0.5603244304656982, 0.4927636981010437, 0.3661838173866272, 0.5323153734207153]
[0.47694599628448486, 0.5707288980484009, 0.4301442503929138, 0.2884899973869324, 0.49586066603660583]
[0.5249328017234802, 0.5910364389419556, 0.4134911000728607, 0.2675403654575348, 0.5428435206413269]
[0.5070725679397583, 0.5795678496360779, 0.4309682846069336, 0.25872695446014404, 0.538472592830658]
[0.4275378882884979, 0.5718470811843872, 0.44574612379074097, 0.29460960626602173, 0.4921588897705078]
