0
#拍案#【儿子拔掉重病母亲呼吸管致其死亡】四川眉山女子朱素芬，因车祸重伤，躺在重症监护室里，插呼吸管维系生命。朱素芬孩子前来探视时，却趁机拔掉她身上的呼吸管，甚至阻止医护人员抢救。不久后朱素芬离世，两个子女等多名家属涉嫌故意杀人罪，被采取强制措施。
[0.5441233515739441, 0.5640997886657715, 0.4014255404472351, 0.2570931613445282, 0.543522298336029]
[0.5070725679397583, 0.5795678496360779, 0.4309682846069336, 0.25872695446014404, 0.538472592830658]
[0.5070725679397583, 0.5795678496360779, 0.4309682846069336, 0.25872695446014404, 0.538472592830658]
[0.5445119738578796, 0.5843786597251892, 0.41506728529930115, 0.25699159502983093, 0.5592021942138672]
[0.45822805166244507, 0.5717983245849609, 0.4445769190788269, 0.3544636070728302, 0.4958578646183014]
[0.3911689817905426, 0.5740871429443359, 0.4354863464832306, 0.28327760100364685, 0.4496150314807892]
[0.5185462236404419, 0.5895203351974487, 0.40197649598121643, 0.27706649899482727, 0.5317392945289612]
[0.46545886993408203, 0.5704411268234253, 0.4197903573513031, 0.27912843227386475, 0.5145575404167175]
[0.5047162175178528, 0.5579254627227783, 0.4277920126914978, 0.2936250865459442, 0.5086714625358582]
[0.5076420903205872, 0.5841494202613831, 0.44302240014076233, 0.28798651695251465, 0.5336790084838867]
[0.47497475147247314, 0.5647767186164856, 0.4418558180332184, 0.29461297392845154, 0.534186601638794]
[0.6302138566970825, 0.49167799949645996, 0.4949631094932556, 0.3881288170814514, 0.585003674030304]
[0.4696716368198395, 0.5549660325050354, 0.4583151936531067, 0.33449068665504456, 0.5066695213317871]
[0.516398549079895, 0.5428622961044312, 0.43467235565185547, 0.34664538502693176, 0.536101758480072]
[0.5404128432273865, 0.5823633670806885, 0.4184034764766693, 0.2794688045978546, 0.539771318435669]
[0.4595670700073242, 0.5582393407821655, 0.4939907491207123, 0.35145655274391174, 0.5012168884277344]
[0.4461190700531006, 0.5430259704589844, 0.505560040473938, 0.38448262214660645, 0.471397340297699]
[0.44507017731666565, 0.5603439211845398, 0.4606660008430481, 0.3072164058685303, 0.48484617471694946]
[0.4620800018310547, 0.5749905705451965, 0.4488990008831024, 0.29578274488449097, 0.4757459759712219]
[0.513081967830658, 0.5791798233985901, 0.43071070313453674, 0.2709270417690277, 0.5497548580169678]
[0.5122214555740356, 0.5857398509979248, 0.41837984323501587, 0.26306962966918945, 0.5407235026359558]
[0.5697625279426575, 0.5766750574111938, 0.42575085163116455, 0.2738025188446045, 0.5646615028381348]
[0.49819183349609375, 0.5695810914039612, 0.4092336595058441, 0.28381651639938354, 0.5330636501312256]
[0.520257294178009, 0.5568307042121887, 0.4773466885089874, 0.4174325168132782, 0.5488551259040833]
[0.49770087003707886, 0.5546919703483582, 0.4475235641002655, 0.3094165325164795, 0.5250088572502136]
[0.4906487464904785, 0.5570487380027771, 0.45087647438049316, 0.3159269094467163, 0.545081377029419]
[0.5197240114212036, 0.5604191422462463, 0.43176817893981934, 0.28908124566078186, 0.5526959896087646]
[0.46957477927207947, 0.5212060809135437, 0.501064121723175, 0.4107339382171631, 0.47076791524887085]
[0.5591291785240173, 0.5837835669517517, 0.4079224467277527, 0.26728177070617676, 0.5647057890892029]
[0.509884238243103, 0.5680813789367676, 0.4263104498386383, 0.27583229541778564, 0.5475942492485046]
[0.5481734275817871, 0.5798913240432739, 0.42276453971862793, 0.30238160490989685, 0.5520291924476624]
[0.485293447971344, 0.5728186368942261, 0.44184786081314087, 0.29634177684783936, 0.5256730914115906]
[0.4534241557121277, 0.5707968473434448, 0.442720890045166, 0.2989789545536041, 0.5077781677246094]
[0.5295971632003784, 0.5607997179031372, 0.424313485622406, 0.27818581461906433, 0.4988056421279907]
[0.5198111534118652, 0.5910702347755432, 0.4289352297782898, 0.2753356993198395, 0.5416064262390137]
[0.4939567744731903, 0.5303412079811096, 0.4698689579963684, 0.3789321184158325, 0.5466732382774353]
[0.5183792114257812, 0.5534569621086121, 0.43626463413238525, 0.3331598937511444, 0.5362765789031982]
[0.4696716368198395, 0.5549660325050354, 0.4583151936531067, 0.33449068665504456, 0.5066695213317871]
[0.4136887788772583, 0.5185843110084534, 0.5185245871543884, 0.5635653138160706, 0.5004013776779175]
[0.43128132820129395, 0.543045699596405, 0.4866688549518585, 0.3395463526248932, 0.5142842531204224]
[0.4917125403881073, 0.5682409405708313, 0.4489893317222595, 0.3196345865726471, 0.5280556082725525]
[0.5169094204902649, 0.5959646701812744, 0.42362505197525024, 0.25689977407455444, 0.5240118503570557]
[0.4691959619522095, 0.5519527196884155, 0.5005333423614502, 0.42368796467781067, 0.5211023092269897]
[0.45287054777145386, 0.5392970442771912, 0.4820508360862732, 0.39784950017929077, 0.47806596755981445]
[0.45714545249938965, 0.5536048412322998, 0.44472989439964294, 0.3373517096042633, 0.45527204871177673]
[0.48129984736442566, 0.5721817016601562, 0.4437926709651947, 0.29476475715637207, 0.5337933897972107]
[0.5292931199073792, 0.5863452553749084, 0.4069826304912567, 0.26306408643722534, 0.548448383808136]
[0.4489816129207611, 0.5549406409263611, 0.45982712507247925, 0.33165493607521057, 0.5069761276245117]
[0.4168013036251068, 0.5202658176422119, 0.4983575940132141, 0.40829020738601685, 0.4472309947013855]
[0.549691379070282, 0.5871497988700867, 0.4130420386791229, 0.26551756262779236, 0.5281603336334229]
[0.45913460850715637, 0.5796701312065125, 0.4404933452606201, 0.27935293316841125, 0.4932342767715454]
[0.5315693616867065, 0.5502054691314697, 0.46546468138694763, 0.3358601927757263, 0.5444098711013794]
[0.5163109302520752, 0.5852705836296082, 0.42313656210899353, 0.28857868909835815, 0.5516757965087891]
[0.49759820103645325, 0.5435223579406738, 0.424051970243454, 0.26876017451286316, 0.5573520660400391]
[0.4431688189506531, 0.5292174816131592, 0.5090683698654175, 0.44207555055618286, 0.5099096894264221]
[0.5404128432273865, 0.5823633670806885, 0.4184034764766693, 0.2794688045978546, 0.539771318435669]
[0.4887680113315582, 0.5275067090988159, 0.46863606572151184, 0.37074899673461914, 0.5412423014640808]
[0.5327865481376648, 0.5472670197486877, 0.43667033314704895, 0.30179598927497864, 0.5550968647003174]
[0.5276871919631958, 0.5831267833709717, 0.42673420906066895, 0.28783029317855835, 0.5739222168922424]
[0.4706362783908844, 0.5419613718986511, 0.4913249909877777, 0.3851700723171234, 0.5136146545410156]
[0.40267401933670044, 0.5290172100067139, 0.4753372371196747, 0.3707488477230072, 0.47051987051963806]
[0.5251668095588684, 0.5240535140037537, 0.48074865341186523, 0.3651312589645386, 0.4899636507034302]
[0.475422203540802, 0.5581810474395752, 0.42766207456588745, 0.28840309381484985, 0.4955596625804901]
[0.5405113697052002, 0.5926933884620667, 0.4115977883338928, 0.265913724899292, 0.5505838990211487]
[0.44268694519996643, 0.5401124358177185, 0.45197299122810364, 0.3410538136959076, 0.4638857841491699]
[0.5212772488594055, 0.5175806283950806, 0.47618499398231506, 0.38657471537590027, 0.5492746233940125]
[0.4884732663631439, 0.5278669595718384, 0.46660116314888, 0.3116254210472107, 0.5416684150695801]
[0.5190718770027161, 0.5695008039474487, 0.4278939664363861, 0.29882827401161194, 0.5119290351867676]
[0.3193247318267822, 0.5216705799102783, 0.4851405620574951, 0.4114639163017273, 0.4061155617237091]
[0.578266978263855, 0.5565215349197388, 0.41107118129730225, 0.26181119680404663, 0.5785324573516846]
[0.5404128432273865, 0.5823633670806885, 0.4184034764766693, 0.2794688045978546, 0.539771318435669]
[0.4700089991092682, 0.5413175225257874, 0.4576711058616638, 0.33517077565193176, 0.5380067825317383]
[0.4207346439361572, 0.573407769203186, 0.44316497445106506, 0.2810993790626526, 0.4718472361564636]
[0.4692521095275879, 0.5646077990531921, 0.43015211820602417, 0.3104882538318634, 0.48977094888687134]
[0.538184642791748, 0.5214018225669861, 0.45931828022003174, 0.28873199224472046, 0.5450122356414795]
[0.4814794361591339, 0.5751292109489441, 0.45511314272880554, 0.3302122950553894, 0.5308098196983337]
[0.4317661225795746, 0.5253142714500427, 0.4850257635116577, 0.36499619483947754, 0.47457119822502136]
[0.5492740869522095, 0.5646753311157227, 0.4141553044319153, 0.2907666563987732, 0.5535581707954407]
[0.4487319588661194, 0.5706747174263, 0.44781744480133057, 0.3282363712787628, 0.45866361260414124]
[0.4421449899673462, 0.5634111762046814, 0.4802013635635376, 0.3416472375392914, 0.5078250765800476]
[0.366671085357666, 0.515899658203125, 0.5380567312240601, 0.5476590991020203, 0.476287841796875]
[0.4638678729534149, 0.5276658535003662, 0.45101866126060486, 0.3162841200828552, 0.5323487520217896]
[0.41584333777427673, 0.5801612138748169, 0.4477117359638214, 0.34508761763572693, 0.467856764793396]
[0.5185366272926331, 0.5682886242866516, 0.4139648973941803, 0.27503061294555664, 0.5415270328521729]
[0.5249018669128418, 0.5912196040153503, 0.4302786588668823, 0.2758256196975708, 0.5400189757347107]
[0.4226943254470825, 0.5358232855796814, 0.45830196142196655, 0.38846492767333984, 0.47606417536735535]
[0.5371301174163818, 0.5800008773803711, 0.40720877051353455, 0.2627517580986023, 0.580498218536377]
[0.5076064467430115, 0.559782862663269, 0.40416398644447327, 0.2730332612991333, 0.5141617059707642]
[0.4846391975879669, 0.5412839651107788, 0.4563117027282715, 0.3260986804962158, 0.5363497734069824]
[0.44682183861732483, 0.5717613101005554, 0.4463580548763275, 0.29511743783950806, 0.4978720247745514]
[0.4978806674480438, 0.5955155491828918, 0.422469824552536, 0.2711159288883209, 0.5232560634613037]
[0.5564673542976379, 0.5206732153892517, 0.42676079273223877, 0.34671154618263245, 0.5886445045471191]
[0.45619845390319824, 0.5825492739677429, 0.4284532070159912, 0.27476435899734497, 0.5082412362098694]
[0.43928033113479614, 0.5755216479301453, 0.43812182545661926, 0.28464990854263306, 0.4676651954650879]
[0.5390293002128601, 0.5988966822624207, 0.4342493712902069, 0.28259098529815674, 0.5477694869041443]
[0.42645877599716187, 0.5786011219024658, 0.4339320659637451, 0.2901339530944824, 0.4960052967071533]
[0.47152718901634216, 0.51264488697052, 0.5338420271873474, 0.47923871874809265, 0.5034410357475281]
[0.46171149611473083, 0.5388928651809692, 0.46559765934944153, 0.3626939058303833, 0.5112813115119934]
[0.5223883986473083, 0.5473867058753967, 0.4759579300880432, 0.35902488231658936, 0.542592465877533]
[0.5251835584640503, 0.5483230352401733, 0.4088645279407501, 0.2708889842033386, 0.5613886117935181]
[0.5142335295677185, 0.5672160387039185, 0.43425750732421875, 0.3352442681789398, 0.5145565867424011]
