0
泰国公益短片《不要让好人受到伤害》：短片讲述了一位腿脚残疾的收废品老人，自己生活已经十分贫困，却还不忘日行一善。然而，这个世界总是相信眼睛却不靠脑子，老人在一次事故中被误认为抢了别人的包而锒铛入狱。
[0.49062901735305786, 0.5610335469245911, 0.42249101400375366, 0.23341161012649536, 0.5159247517585754]
[0.5594232082366943, 0.5919896364212036, 0.4173275828361511, 0.25103825330734253, 0.5659148097038269]
[0.5650267601013184, 0.5852903127670288, 0.4019711911678314, 0.2611404359340668, 0.586902916431427]
[0.5070725679397583, 0.5795678496360779, 0.4309682846069336, 0.25872695446014404, 0.538472592830658]
[0.5194103717803955, 0.573662281036377, 0.4323391020298004, 0.3135952949523926, 0.5236145257949829]
[0.5083285570144653, 0.5901371836662292, 0.44234195351600647, 0.2820079028606415, 0.5551291704177856]
[0.5195552706718445, 0.5680810213088989, 0.4118167459964752, 0.2878154218196869, 0.5342751145362854]
[0.5312809348106384, 0.6003786325454712, 0.4171167314052582, 0.2601715624332428, 0.5651242136955261]
[0.4464340806007385, 0.5192692279815674, 0.508516252040863, 0.4123072028160095, 0.46676602959632874]
[0.5184555649757385, 0.5709661841392517, 0.4164488613605499, 0.2745964229106903, 0.5610081553459167]
[0.5197932720184326, 0.5943314433097839, 0.39575260877609253, 0.24296748638153076, 0.5670342445373535]
