0
【大雪天 银杏大道喊你来拍照，约吗？】11月22日，北京迎来了第二场降雪。钓鱼台外的银杏大道热闹非凡，金黄的银杏叶落满地与积雪相加的美景让人垂怜。不少市民不惧寒冷穿着鲜艳的衣服过来合影留念。 大冷天儿的，你是会被美景吸引出门尽情玩儿雪，还是宅在家里美美的睡觉看剧呢？
[0.5312101244926453, 0.5442220568656921, 0.5001858472824097, 0.3840579688549042, 0.5385342240333557]
[0.49819183349609375, 0.5695810914039612, 0.4092336595058441, 0.28381651639938354, 0.5330636501312256]
[0.519072949886322, 0.5700616240501404, 0.4295438230037689, 0.2848649322986603, 0.5340650677680969]
[0.46195685863494873, 0.5566068291664124, 0.4334648549556732, 0.31696534156799316, 0.4843114912509918]
[0.5233380794525146, 0.554229199886322, 0.45732489228248596, 0.3163376748561859, 0.5679829120635986]
[0.5138278007507324, 0.5719684362411499, 0.4300827383995056, 0.2970241904258728, 0.5164225697517395]
[0.5131977200508118, 0.5760651230812073, 0.4174268841743469, 0.28678908944129944, 0.5263461470603943]
[0.5328505039215088, 0.5661913752555847, 0.43262168765068054, 0.2980453372001648, 0.5172106623649597]
[0.46205073595046997, 0.5575339794158936, 0.4478249251842499, 0.2980585992336273, 0.4857839047908783]
[0.5194076299667358, 0.5800455808639526, 0.4347202181816101, 0.2660684883594513, 0.5548139810562134]
[0.5155588388442993, 0.5481712222099304, 0.45228755474090576, 0.3240729868412018, 0.532820463180542]
[0.5504789352416992, 0.5504522323608398, 0.46797049045562744, 0.3006422519683838, 0.5575739741325378]
[0.4502721428871155, 0.5374178290367126, 0.4756786525249481, 0.3682238757610321, 0.46438848972320557]
[0.46770191192626953, 0.5841115117073059, 0.44895055890083313, 0.28250032663345337, 0.5207722187042236]
[0.4994165599346161, 0.5646296739578247, 0.49064645171165466, 0.34742626547813416, 0.5291286110877991]
[0.5533461570739746, 0.5105230212211609, 0.47681862115859985, 0.3253973424434662, 0.580230712890625]
[0.5291447043418884, 0.5707775950431824, 0.44641655683517456, 0.31718549132347107, 0.5259576439857483]
[0.5309019088745117, 0.5616583824157715, 0.41174906492233276, 0.2990373969078064, 0.5535125732421875]
[0.5332260727882385, 0.5736154913902283, 0.44406190514564514, 0.3181319236755371, 0.5376753807067871]
[0.5138278007507324, 0.5719684362411499, 0.4300827383995056, 0.2970241904258728, 0.5164225697517395]
[0.5274931192398071, 0.5739364624023438, 0.4143195152282715, 0.2466680407524109, 0.564903974533081]
[0.42370977997779846, 0.5474205613136292, 0.44730234146118164, 0.31261250376701355, 0.45265284180641174]
[0.46770191192626953, 0.5841115117073059, 0.44895055890083313, 0.28250032663345337, 0.5207722187042236]
[0.4733441472053528, 0.5529820919036865, 0.44487446546554565, 0.3160305917263031, 0.4920234978199005]
[0.5138278007507324, 0.5719684362411499, 0.4300827383995056, 0.2970241904258728, 0.5164225697517395]
[0.44909319281578064, 0.5443621277809143, 0.4541366994380951, 0.32148993015289307, 0.4793640375137329]
[0.5254529118537903, 0.5926608443260193, 0.4293603003025055, 0.28923726081848145, 0.543437659740448]
[0.5138278007507324, 0.5719684362411499, 0.4300827383995056, 0.2970241904258728, 0.5164225697517395]
[0.5620900988578796, 0.5942291021347046, 0.419325053691864, 0.2666260004043579, 0.5534039735794067]
[0.4548082947731018, 0.5410295724868774, 0.47900867462158203, 0.3882067799568176, 0.47265779972076416]
[0.5138278007507324, 0.5719684362411499, 0.4300827383995056, 0.2970241904258728, 0.5164225697517395]
[0.462247759103775, 0.557473361492157, 0.4575868248939514, 0.33752328157424927, 0.4847894310951233]
[0.5138278007507324, 0.5719684362411499, 0.4300827383995056, 0.2970241904258728, 0.5164225697517395]
[0.3555000424385071, 0.5357411503791809, 0.47356343269348145, 0.35256242752075195, 0.48125016689300537]
[0.49080440402030945, 0.5476260185241699, 0.4797385632991791, 0.35979217290878296, 0.5071073174476624]
[0.5138278007507324, 0.5719684362411499, 0.4300827383995056, 0.2970241904258728, 0.5164225697517395]
[0.5049826502799988, 0.5673073530197144, 0.4622548520565033, 0.3095763623714447, 0.5403832197189331]
[0.4758547842502594, 0.5444238781929016, 0.43468624353408813, 0.3210001587867737, 0.5092354416847229]
[0.5567931532859802, 0.582973837852478, 0.3931221067905426, 0.250004380941391, 0.5602797865867615]
[0.46360427141189575, 0.5529588460922241, 0.46317097544670105, 0.3325698971748352, 0.4894351363182068]
[0.49819183349609375, 0.5695810914039612, 0.4092336595058441, 0.28381651639938354, 0.5330636501312256]
[0.49032673239707947, 0.526458740234375, 0.4787752032279968, 0.367816686630249, 0.519727349281311]
[0.4739343225955963, 0.5585453510284424, 0.4493865966796875, 0.3588009476661682, 0.5098238587379456]
[0.5312101244926453, 0.5442220568656921, 0.5001858472824097, 0.3840579688549042, 0.5385342240333557]
[0.4968826174736023, 0.5510408282279968, 0.4907858669757843, 0.37454280257225037, 0.49279189109802246]
[0.5346876978874207, 0.5732276439666748, 0.4310217797756195, 0.2773726284503937, 0.5539040565490723]
[0.5343017578125, 0.5822650194168091, 0.40302297472953796, 0.24288393557071686, 0.5744970440864563]
[0.3708410859107971, 0.5300588011741638, 0.48605671525001526, 0.4103192687034607, 0.430128812789917]
[0.4144458472728729, 0.5734670758247375, 0.4696596562862396, 0.3229021430015564, 0.5054712295532227]
[0.5138278007507324, 0.5719684362411499, 0.4300827383995056, 0.2970241904258728, 0.5164225697517395]
[0.510506272315979, 0.5807797312736511, 0.4515208899974823, 0.2918837368488312, 0.535135805606842]
[0.5050580501556396, 0.5712310671806335, 0.44224512577056885, 0.3037981390953064, 0.5046895742416382]
[0.5620900988578796, 0.5942291021347046, 0.419325053691864, 0.2666260004043579, 0.5534039735794067]
[0.5353406071662903, 0.5519667863845825, 0.43193718791007996, 0.30176910758018494, 0.5486229062080383]
[0.5138278007507324, 0.5719684362411499, 0.4300827383995056, 0.2970241904258728, 0.5164225697517395]
[0.5138278007507324, 0.5719684362411499, 0.4300827383995056, 0.2970241904258728, 0.5164225697517395]
[0.5138278007507324, 0.5719684362411499, 0.4300827383995056, 0.2970241904258728, 0.5164225697517395]
[0.5010460615158081, 0.567555844783783, 0.47506842017173767, 0.3347601294517517, 0.5236139297485352]
[0.3301456868648529, 0.52431720495224, 0.5133342742919922, 0.5518897175788879, 0.47925788164138794]
[0.5014883279800415, 0.589524507522583, 0.4599281847476959, 0.2869013547897339, 0.5136753916740417]
[0.5620900988578796, 0.5942291021347046, 0.419325053691864, 0.2666260004043579, 0.5534039735794067]
