0
【我们要活着年轻，要年轻地活着
[0.4903871715068817, 0.5280011296272278, 0.47099941968917847, 0.3093528151512146, 0.494495153427124]
[0.5070855021476746, 0.5866903066635132, 0.4154660999774933, 0.2977618873119354, 0.5205931663513184]
[0.5558697581291199, 0.587392270565033, 0.42293107509613037, 0.26016077399253845, 0.5553978681564331]
[0.5098817348480225, 0.5957211256027222, 0.4279880225658417, 0.27306243777275085, 0.5451793670654297]
[0.4504960775375366, 0.5798063278198242, 0.4669730067253113, 0.326545774936676, 0.49517154693603516]
[0.5056416392326355, 0.583291232585907, 0.4378495514392853, 0.26418447494506836, 0.5035848617553711]
[0.3682872951030731, 0.5410106182098389, 0.43682804703712463, 0.29630130529403687, 0.4435845613479614]
[0.48875170946121216, 0.5735830664634705, 0.4252387285232544, 0.290105938911438, 0.5265341997146606]
[0.5433405041694641, 0.5505936145782471, 0.41864243149757385, 0.2892873287200928, 0.5575077533721924]
[0.529624879360199, 0.5896633863449097, 0.41819608211517334, 0.26099666953086853, 0.5508267879486084]
[0.5576108694076538, 0.5788691639900208, 0.40967726707458496, 0.26718848943710327, 0.5620250105857849]
[0.512819766998291, 0.5657524466514587, 0.4208739995956421, 0.28978636860847473, 0.5314395427703857]
[0.4719574749469757, 0.5833243727684021, 0.4257153272628784, 0.29352903366088867, 0.5401570796966553]
[0.5187511444091797, 0.5657637715339661, 0.4381132125854492, 0.2819228768348694, 0.518878698348999]
[0.5200756192207336, 0.54148930311203, 0.483400821685791, 0.4222308397293091, 0.5014378428459167]
[0.49819183349609375, 0.5695810914039612, 0.4092336595058441, 0.28381651639938354, 0.5330636501312256]
[0.5092272758483887, 0.5593217015266418, 0.44412168860435486, 0.3193618655204773, 0.4996323883533478]
[0.524957537651062, 0.5745905637741089, 0.42992523312568665, 0.30524054169654846, 0.547747790813446]
[0.5519406795501709, 0.5899231433868408, 0.39368149638175964, 0.25502684712409973, 0.5679002404212952]
[0.5860405564308167, 0.5876187682151794, 0.39720165729522705, 0.24026338756084442, 0.581658124923706]
[0.4480840265750885, 0.5512650609016418, 0.44513294100761414, 0.2911624610424042, 0.47719115018844604]
[0.5030433535575867, 0.5750698447227478, 0.44272106885910034, 0.3018503189086914, 0.5373470783233643]
[0.492000013589859, 0.5456722378730774, 0.4860687255859375, 0.35981038212776184, 0.5179566144943237]
[0.49819183349609375, 0.5695810914039612, 0.4092336595058441, 0.28381651639938354, 0.5330636501312256]
[0.4835543930530548, 0.5529915690422058, 0.44525131583213806, 0.3014238178730011, 0.5181768536567688]
[0.5070725679397583, 0.5795678496360779, 0.4309682846069336, 0.25872695446014404, 0.538472592830658]
[0.5232840180397034, 0.5725243091583252, 0.4427637457847595, 0.3257376253604889, 0.5155199766159058]
[0.4929620921611786, 0.5647445917129517, 0.44772031903266907, 0.34008216857910156, 0.5068395733833313]
[0.41802623867988586, 0.5661028027534485, 0.4261525273323059, 0.28122609853744507, 0.4794427156448364]
[0.49375295639038086, 0.5783133506774902, 0.45450490713119507, 0.29023781418800354, 0.505050003528595]
[0.5436353087425232, 0.5923649668693542, 0.41012030839920044, 0.25108593702316284, 0.5565556883811951]
[0.5389671325683594, 0.59160977602005, 0.4120718538761139, 0.2618751525878906, 0.5595207214355469]
[0.49819183349609375, 0.5695810914039612, 0.4092336595058441, 0.28381651639938354, 0.5330636501312256]
[0.48207175731658936, 0.568831205368042, 0.41418880224227905, 0.2811039090156555, 0.5532715916633606]
[0.5011364221572876, 0.578071653842926, 0.43130257725715637, 0.295217901468277, 0.535344123840332]
[0.518643319606781, 0.5795661211013794, 0.43667668104171753, 0.2685704827308655, 0.5344675779342651]
[0.5187511444091797, 0.5657637715339661, 0.4381132125854492, 0.2819228768348694, 0.518878698348999]
[0.5961012244224548, 0.5670495629310608, 0.414147287607193, 0.2599810063838959, 0.5743634700775146]
[0.5319418907165527, 0.5370930433273315, 0.4376112222671509, 0.2984338700771332, 0.5409814119338989]
[0.5153175592422485, 0.5895915627479553, 0.41982075572013855, 0.28632652759552, 0.5588991045951843]
[0.47878992557525635, 0.5434123277664185, 0.499808132648468, 0.4262290894985199, 0.5270443558692932]
[0.3682872951030731, 0.5410106182098389, 0.43682804703712463, 0.29630130529403687, 0.4435845613479614]
[0.46972519159317017, 0.5614332556724548, 0.4700363874435425, 0.3398805558681488, 0.4976251721382141]
[0.5382919907569885, 0.5841968655586243, 0.4091050326824188, 0.2717916667461395, 0.5422629117965698]
[0.4145800471305847, 0.5602164268493652, 0.4270014762878418, 0.2625711262226105, 0.4717119336128235]
[0.4500654935836792, 0.5767665505409241, 0.46844345331192017, 0.3379049599170685, 0.518667995929718]
[0.49819183349609375, 0.5695810914039612, 0.4092336595058441, 0.28381651639938354, 0.5330636501312256]
[0.5834662318229675, 0.5896536111831665, 0.4210098683834076, 0.25801733136177063, 0.5602291226387024]
[0.5098801255226135, 0.5459680557250977, 0.45603862404823303, 0.36083757877349854, 0.5327166318893433]
[0.49819183349609375, 0.5695810914039612, 0.4092336595058441, 0.28381651639938354, 0.5330636501312256]
[0.5333377718925476, 0.5833579301834106, 0.4343961179256439, 0.27361705899238586, 0.5446772575378418]
[0.5865321755409241, 0.5846967101097107, 0.41338133811950684, 0.2611958980560303, 0.5732434391975403]
[0.535548985004425, 0.5743044018745422, 0.4219232201576233, 0.27131181955337524, 0.5345061421394348]
[0.5384058356285095, 0.5857094526290894, 0.42661628127098083, 0.27800682187080383, 0.542138934135437]
[0.5185060501098633, 0.5668916702270508, 0.4235022962093353, 0.30842795968055725, 0.5065327882766724]
[0.5317959189414978, 0.5701711177825928, 0.42630377411842346, 0.2943507432937622, 0.5388407111167908]
[0.49819183349609375, 0.5695810914039612, 0.4092336595058441, 0.28381651639938354, 0.5330636501312256]
[0.558176577091217, 0.5837705731391907, 0.4205693006515503, 0.26933491230010986, 0.5672476291656494]
[0.524674654006958, 0.5676491260528564, 0.4394351541996002, 0.282265841960907, 0.5490800738334656]
[0.5153175592422485, 0.5895915627479553, 0.41982075572013855, 0.28632652759552, 0.5588991045951843]
[0.5153175592422485, 0.5895915627479553, 0.41982075572013855, 0.28632652759552, 0.5588991045951843]
[0.5199093818664551, 0.5682519674301147, 0.41250282526016235, 0.2755654454231262, 0.5444631576538086]
[0.48000863194465637, 0.5712236762046814, 0.4459613561630249, 0.34483790397644043, 0.5019471645355225]
[0.5511102676391602, 0.5997952222824097, 0.43027928471565247, 0.26407086849212646, 0.5418362021446228]
[0.5717133283615112, 0.5692352652549744, 0.38779857754707336, 0.24194994568824768, 0.5695364475250244]
[0.5590195655822754, 0.5802389979362488, 0.4168921113014221, 0.25336188077926636, 0.5648035407066345]
[0.436299204826355, 0.5756106972694397, 0.42875373363494873, 0.2831295132637024, 0.5082883238792419]
[0.5517743825912476, 0.5410490036010742, 0.44519323110580444, 0.3073381781578064, 0.5071971416473389]
[0.5467655062675476, 0.5785499811172485, 0.4360181987285614, 0.2998363673686981, 0.5434790849685669]
[0.5590195655822754, 0.5802389979362488, 0.4168921113014221, 0.25336188077926636, 0.5648035407066345]
[0.5046670436859131, 0.5822392702102661, 0.4272371232509613, 0.2922365069389343, 0.5282027721405029]
[0.5196200609207153, 0.5109671354293823, 0.4869125783443451, 0.3906443417072296, 0.5279272794723511]
[0.5031301379203796, 0.5542086362838745, 0.4449447691440582, 0.30810675024986267, 0.5285643339157104]
[0.6055775284767151, 0.5318122506141663, 0.4006847143173218, 0.31330403685569763, 0.5899018049240112]
[0.5718631148338318, 0.5526421070098877, 0.40192165970802307, 0.2679142653942108, 0.5786318182945251]
[0.5055546164512634, 0.5467687845230103, 0.43319347500801086, 0.2821798026561737, 0.526509165763855]
[0.4980323612689972, 0.5464373826980591, 0.4453672468662262, 0.3300931751728058, 0.5214970111846924]
[0.6198208332061768, 0.5087452530860901, 0.41130292415618896, 0.28914234042167664, 0.5987758636474609]
[0.5527213215827942, 0.5624698400497437, 0.41664770245552063, 0.26462092995643616, 0.5480292439460754]
[0.4145800471305847, 0.5602164268493652, 0.4270014762878418, 0.2625711262226105, 0.4717119336128235]
[0.5366212129592896, 0.5532206892967224, 0.4574968218803406, 0.2970590591430664, 0.5439234375953674]
[0.5338565707206726, 0.5653106570243835, 0.4108222424983978, 0.28201866149902344, 0.5577648282051086]
[0.5439326763153076, 0.5701921582221985, 0.41380757093429565, 0.2892545759677887, 0.550175666809082]
[0.4917965829372406, 0.5642513632774353, 0.44473153352737427, 0.292820006608963, 0.504958987236023]
[0.5422062277793884, 0.5921669006347656, 0.4310038089752197, 0.2687726616859436, 0.5462668538093567]
[0.5553165078163147, 0.5746220350265503, 0.40132936835289, 0.2826422452926636, 0.5195386409759521]
[0.5032404065132141, 0.5309595465660095, 0.44531920552253723, 0.31849372386932373, 0.5255134105682373]
[0.4741399884223938, 0.5563517808914185, 0.4401799142360687, 0.30748045444488525, 0.4936794340610504]
[0.549189031124115, 0.5812362432479858, 0.41487523913383484, 0.2574589252471924, 0.5480528473854065]
[0.488470196723938, 0.5642147064208984, 0.4179135859012604, 0.2838864028453827, 0.5410355925559998]
[0.5437276363372803, 0.5720086693763733, 0.4413791298866272, 0.28248289227485657, 0.5590222477912903]
[0.5322338342666626, 0.5681633949279785, 0.39984130859375, 0.2632344961166382, 0.537203311920166]
[0.30836302042007446, 0.5360184907913208, 0.5033200979232788, 0.41787949204444885, 0.4469657242298126]
[0.5153175592422485, 0.5895915627479553, 0.41982075572013855, 0.28632652759552, 0.5588991045951843]
[0.5211843848228455, 0.583560049533844, 0.4148346483707428, 0.2480366975069046, 0.5554129481315613]
[0.5658575892448425, 0.594083845615387, 0.4165635406970978, 0.2592214345932007, 0.574134111404419]
[0.5070725679397583, 0.5795678496360779, 0.4309682846069336, 0.25872695446014404, 0.538472592830658]
[0.570939302444458, 0.5637018084526062, 0.3999776542186737, 0.2628972828388214, 0.5626582503318787]
[0.547444224357605, 0.5548952221870422, 0.38173750042915344, 0.23872148990631104, 0.5744339823722839]
[0.5366925597190857, 0.5663939118385315, 0.3932945132255554, 0.24295735359191895, 0.5556012392044067]
