0
【中国铁建确认3名员工在马里酒店袭击事件中遇难】据 ，从中国驻马里大使馆处确认，中国铁建赴马里交通部洽谈合作项目的三名员工在马里劫持人质事件中不幸遇难。他们分别是：中国铁建国际集团总经理周天想，中国铁建国际集团副总经理王选尚，中国铁建国际集团西非公司总经理常学辉。
[0.5351334810256958, 0.5039466619491577, 0.5037709474563599, 0.344411700963974, 0.5356512665748596]
[0.5288885235786438, 0.5674756169319153, 0.3972534239292145, 0.2833259105682373, 0.5426957607269287]
[0.5280590653419495, 0.5868803858757019, 0.42713794112205505, 0.28094908595085144, 0.5376410484313965]
[0.5070725679397583, 0.5795678496360779, 0.4309682846069336, 0.25872695446014404, 0.538472592830658]
[0.48891523480415344, 0.5986390709877014, 0.4251663088798523, 0.2733253836631775, 0.5165185332298279]
[0.5432907342910767, 0.5815773010253906, 0.4333319365978241, 0.2840655446052551, 0.5452447533607483]
[0.4885391592979431, 0.5555012226104736, 0.47057080268859863, 0.3350857198238373, 0.5011223554611206]
[0.5494831800460815, 0.5801141262054443, 0.40921786427497864, 0.2629533112049103, 0.5558136701583862]
[0.5029402375221252, 0.574586808681488, 0.42664626240730286, 0.30576133728027344, 0.5401574373245239]
[0.4932609498500824, 0.5451288819313049, 0.437683641910553, 0.2883988618850708, 0.5315777659416199]
[0.5181707143783569, 0.5791366696357727, 0.41183558106422424, 0.3064477741718292, 0.5363485813140869]
[0.4831681549549103, 0.5442824959754944, 0.46498364210128784, 0.3390537202358246, 0.49641239643096924]
[0.5354865789413452, 0.5888907313346863, 0.41922876238822937, 0.2605830132961273, 0.5253303050994873]
[0.4015761613845825, 0.5548283457756042, 0.47853967547416687, 0.3063359558582306, 0.46452540159225464]
[0.4931859076023102, 0.5885190963745117, 0.4517102837562561, 0.29238978028297424, 0.5263768434524536]
[0.5757558345794678, 0.5891810059547424, 0.40614813566207886, 0.24981285631656647, 0.5875118970870972]
[0.5462220907211304, 0.5965338349342346, 0.43912139534950256, 0.2695907950401306, 0.5685463547706604]
[0.5354865789413452, 0.5888907313346863, 0.41922876238822937, 0.2605830132961273, 0.5253303050994873]
[0.5432085990905762, 0.5555967688560486, 0.4457845687866211, 0.33076098561286926, 0.5483815670013428]
[0.46992871165275574, 0.5677937269210815, 0.44486695528030396, 0.29922816157341003, 0.5164880156517029]
[0.4957990050315857, 0.5759769082069397, 0.4723389744758606, 0.30708321928977966, 0.5322969555854797]
[0.4882381856441498, 0.5979098081588745, 0.44289132952690125, 0.28958937525749207, 0.5090510249137878]
[0.49234896898269653, 0.5659056901931763, 0.43063804507255554, 0.28395822644233704, 0.5063629150390625]
[0.47134870290756226, 0.5769238471984863, 0.4131350517272949, 0.3051835298538208, 0.5252211093902588]
[0.4617292284965515, 0.5526717901229858, 0.4512941241264343, 0.31369855999946594, 0.5252423286437988]
[0.48741409182548523, 0.5602720975875854, 0.450558602809906, 0.3306828737258911, 0.4911191165447235]
[0.4624571204185486, 0.5655238032341003, 0.45277658104896545, 0.29227733612060547, 0.5044499635696411]
[0.49819183349609375, 0.5695810914039612, 0.4092336595058441, 0.28381651639938354, 0.5330636501312256]
[0.4733595848083496, 0.5630175471305847, 0.4440080225467682, 0.32285821437835693, 0.5115378499031067]
[0.5162014961242676, 0.5870271921157837, 0.4269408881664276, 0.28358784317970276, 0.5350375175476074]
[0.5351334810256958, 0.5039466619491577, 0.5037709474563599, 0.344411700963974, 0.5356512665748596]
[0.549691379070282, 0.5871497988700867, 0.4130420386791229, 0.26551756262779236, 0.5281603336334229]
[0.5205827951431274, 0.5625974535942078, 0.4245235323905945, 0.3030523657798767, 0.5347188115119934]
[0.4983820915222168, 0.5743594169616699, 0.43340834975242615, 0.30369195342063904, 0.5441427230834961]
[0.40556612610816956, 0.5275591611862183, 0.49770742654800415, 0.3772282898426056, 0.4578153192996979]
[0.5070725679397583, 0.5795678496360779, 0.4309682846069336, 0.25872695446014404, 0.538472592830658]
[0.5059154629707336, 0.5185248851776123, 0.4454166293144226, 0.31000369787216187, 0.5352497100830078]
[0.44727158546447754, 0.5170806646347046, 0.48885831236839294, 0.38197895884513855, 0.4561018943786621]
[0.4757612943649292, 0.546532154083252, 0.4623660743236542, 0.26271891593933105, 0.4604126513004303]
[0.5772531628608704, 0.562574028968811, 0.39562299847602844, 0.25882309675216675, 0.5654587745666504]
[0.4589669108390808, 0.5738357901573181, 0.43685224652290344, 0.33370983600616455, 0.5137375593185425]
[0.4686521887779236, 0.5436578989028931, 0.4374050498008728, 0.26517340540885925, 0.5284358859062195]
[0.49555298686027527, 0.570673942565918, 0.4313119649887085, 0.2879068851470947, 0.5146951675415039]
[0.5380898118019104, 0.5814195871353149, 0.4322701692581177, 0.28698304295539856, 0.5525074005126953]
[0.490195631980896, 0.5447590351104736, 0.46742406487464905, 0.3993549942970276, 0.46920233964920044]
[0.43751153349876404, 0.5830925107002258, 0.4174342155456543, 0.27435851097106934, 0.5136235356330872]
[0.5460599660873413, 0.5893864631652832, 0.40713027119636536, 0.27942466735839844, 0.5293534994125366]
[0.537272036075592, 0.5887752175331116, 0.4071476459503174, 0.2596084177494049, 0.5493714213371277]
[0.4931970536708832, 0.5606790781021118, 0.4605688750743866, 0.29757341742515564, 0.4729613959789276]
[0.5079928040504456, 0.5807703137397766, 0.4302385151386261, 0.27392643690109253, 0.5217547416687012]
[0.49819183349609375, 0.5695810914039612, 0.4092336595058441, 0.28381651639938354, 0.5330636501312256]
[0.5280358791351318, 0.5619356036186218, 0.434192031621933, 0.30098143219947815, 0.5565613508224487]
[0.5352408289909363, 0.5613033771514893, 0.43942180275917053, 0.3204188942909241, 0.5216537714004517]
[0.5648415684700012, 0.5929900407791138, 0.4064779281616211, 0.24855172634124756, 0.5723830461502075]
[0.5208656787872314, 0.5620449781417847, 0.470837265253067, 0.32314160466194153, 0.5191080570220947]
[0.5393437147140503, 0.5491299033164978, 0.4344522953033447, 0.3103830814361572, 0.5405771136283875]
[0.4653351604938507, 0.5555858612060547, 0.4748755395412445, 0.3490162491798401, 0.506222128868103]
[0.5007315874099731, 0.5645670294761658, 0.4523332118988037, 0.28431475162506104, 0.5465292930603027]
[0.48379552364349365, 0.5937032699584961, 0.41920071840286255, 0.2830924987792969, 0.4925927221775055]
[0.5032227039337158, 0.5910582542419434, 0.43914172053337097, 0.2745574712753296, 0.5100879073143005]
[0.42756524682044983, 0.5434800386428833, 0.4882374107837677, 0.366334468126297, 0.5045979022979736]
[0.47719842195510864, 0.575080931186676, 0.41361889243125916, 0.2678276598453522, 0.5230929851531982]
[0.5522422790527344, 0.5904744863510132, 0.43469294905662537, 0.2820410132408142, 0.5609146356582642]
[0.4696716368198395, 0.5549660325050354, 0.4583151936531067, 0.33449068665504456, 0.5066695213317871]
[0.43372195959091187, 0.5776039361953735, 0.4284563362598419, 0.27846717834472656, 0.47131162881851196]
[0.5343832969665527, 0.5802587270736694, 0.4250352084636688, 0.28814104199409485, 0.5496314764022827]
[0.522517204284668, 0.5907626748085022, 0.4325905740261078, 0.2761838734149933, 0.5573961734771729]
[0.3348228931427002, 0.5591109395027161, 0.5578119158744812, 0.6149517893791199, 0.4882773756980896]
[0.4944736957550049, 0.5720574259757996, 0.42987021803855896, 0.2906734049320221, 0.5145910382270813]
[0.4482893943786621, 0.5688272714614868, 0.4510660469532013, 0.2946365773677826, 0.5012927651405334]
[0.5307657122612, 0.5882207751274109, 0.4205469489097595, 0.28331458568573, 0.5369219183921814]
[0.4952796697616577, 0.5792413353919983, 0.46399518847465515, 0.3193994462490082, 0.5229419469833374]
[0.49819183349609375, 0.5695810914039612, 0.4092336595058441, 0.28381651639938354, 0.5330636501312256]
[0.5413965582847595, 0.5913143157958984, 0.4050649404525757, 0.25012362003326416, 0.5627120733261108]
[0.5070725679397583, 0.5795678496360779, 0.4309682846069336, 0.25872695446014404, 0.538472592830658]
[0.549691379070282, 0.5871497988700867, 0.4130420386791229, 0.26551756262779236, 0.5281603336334229]
[0.583327054977417, 0.5849218964576721, 0.37628793716430664, 0.24839197099208832, 0.5875377058982849]
[0.5354865789413452, 0.5888907313346863, 0.41922876238822937, 0.2605830132961273, 0.5253303050994873]
[0.5070725679397583, 0.5795678496360779, 0.4309682846069336, 0.25872695446014404, 0.538472592830658]
[0.49374017119407654, 0.5380774736404419, 0.447629451751709, 0.33486291766166687, 0.4994555711746216]
[0.5268573760986328, 0.5802984833717346, 0.4214209318161011, 0.2826795279979706, 0.5541506409645081]
[0.4344746470451355, 0.5851055979728699, 0.42623844742774963, 0.27694591879844666, 0.5023674964904785]
[0.4368647038936615, 0.5938490033149719, 0.4278245270252228, 0.28128233551979065, 0.5021486282348633]
[0.6495225429534912, 0.5057379603385925, 0.48281875252723694, 0.36904868483543396, 0.6211718916893005]
[0.5141569972038269, 0.5661917328834534, 0.4454198479652405, 0.31711509823799133, 0.5255541205406189]
[0.48379552364349365, 0.5937032699584961, 0.41920071840286255, 0.2830924987792969, 0.4925927221775055]
[0.5231096148490906, 0.591888427734375, 0.4413500130176544, 0.2652563452720642, 0.523461639881134]
[0.5067310929298401, 0.5894333720207214, 0.4273310601711273, 0.2743063271045685, 0.5371056795120239]
[0.4221303462982178, 0.5537797212600708, 0.47456422448158264, 0.3309005796909332, 0.49335145950317383]
[0.5038174390792847, 0.5789213180541992, 0.44811007380485535, 0.30179744958877563, 0.5071670413017273]
[0.4981653392314911, 0.586291491985321, 0.4130634367465973, 0.27747800946235657, 0.5251455903053284]
[0.43461480736732483, 0.550489068031311, 0.4513131380081177, 0.2966253459453583, 0.5034821033477783]
[0.40029555559158325, 0.5611095428466797, 0.4607175588607788, 0.3276160657405853, 0.4391282796859741]
[0.47348013520240784, 0.5628955960273743, 0.49210020899772644, 0.37064650654792786, 0.5285872220993042]
[0.5070725679397583, 0.5795678496360779, 0.4309682846069336, 0.25872695446014404, 0.538472592830658]
[0.5151393413543701, 0.5418254733085632, 0.43423107266426086, 0.27253976464271545, 0.5348216891288757]
[0.5070725679397583, 0.5795678496360779, 0.4309682846069336, 0.25872695446014404, 0.538472592830658]
[0.5343832969665527, 0.5802587270736694, 0.4250352084636688, 0.28814104199409485, 0.5496314764022827]
[0.41565820574760437, 0.5163858532905579, 0.5285757780075073, 0.4605681002140045, 0.49595412611961365]
[0.4707070589065552, 0.5683239698410034, 0.4367150664329529, 0.31868189573287964, 0.5297718048095703]
[0.4531451165676117, 0.5339869260787964, 0.4684356153011322, 0.35434699058532715, 0.47145918011665344]
