0
#晨赫# #晨赫大法好# 第三季第四期：这一期晨赫所有互动都是在25分之前和1小时35分之后总的来说在这十分有限的共同游戏的过程中，晨赫二人也是再次将旁若无人进行到了极致...希望能尽快再次看到二人联盟><
[0.5261800289154053, 0.5220209956169128, 0.48138272762298584, 0.40246593952178955, 0.5234317779541016]
[0.4907926917076111, 0.5637834668159485, 0.4414612948894501, 0.2947947084903717, 0.49108949303627014]
[0.4121440649032593, 0.5601204633712769, 0.4517301023006439, 0.3195304870605469, 0.48186519742012024]
[0.45089638233184814, 0.5548778772354126, 0.46518099308013916, 0.28732043504714966, 0.4394325017929077]
[0.555604875087738, 0.5435921549797058, 0.42039698362350464, 0.2661057412624359, 0.5416467189788818]
[0.5016372203826904, 0.5769651532173157, 0.43896421790122986, 0.28789862990379333, 0.5337302088737488]
[0.4969666302204132, 0.580291748046875, 0.42536941170692444, 0.280807226896286, 0.5327876210212708]
[0.44340887665748596, 0.5739540457725525, 0.4393892288208008, 0.3087031841278076, 0.4685152471065521]
[0.509534478187561, 0.5727853775024414, 0.4457874596118927, 0.33004429936408997, 0.5136907696723938]
[0.5785382390022278, 0.5769044756889343, 0.4183656871318817, 0.2799970209598541, 0.5665538311004639]
[0.31306371092796326, 0.5578588843345642, 0.4633634090423584, 0.3229585289955139, 0.4207881987094879]
[0.5139617323875427, 0.5929368138313293, 0.41964560747146606, 0.23943687975406647, 0.5214974880218506]
[0.5019045472145081, 0.5852699279785156, 0.4308963716030121, 0.2711838483810425, 0.5491809844970703]
[0.49650776386260986, 0.5725861191749573, 0.45851466059684753, 0.3452069163322449, 0.5035637617111206]
[0.45585939288139343, 0.5530946850776672, 0.4507535398006439, 0.29274168610572815, 0.4997033476829529]
[0.4580668807029724, 0.5551608204841614, 0.45328861474990845, 0.35170185565948486, 0.48993030190467834]
[0.49769455194473267, 0.5606277585029602, 0.43156957626342773, 0.30910778045654297, 0.49844351410865784]
[0.535548985004425, 0.5743044018745422, 0.4219232201576233, 0.27131181955337524, 0.5345061421394348]
[0.32803091406822205, 0.5303688645362854, 0.48577019572257996, 0.3534732460975647, 0.4243626892566681]
[0.5930390357971191, 0.5293940305709839, 0.450188547372818, 0.3332044184207916, 0.5892785787582397]
[0.4809315502643585, 0.5600736141204834, 0.4559755027294159, 0.3372963070869446, 0.5025350451469421]
[0.5070725679397583, 0.5795678496360779, 0.4309682846069336, 0.25872695446014404, 0.538472592830658]
[0.4837579131126404, 0.5770857334136963, 0.46317875385284424, 0.3111233711242676, 0.5288966298103333]
[0.4455738067626953, 0.5551686882972717, 0.46007367968559265, 0.31843748688697815, 0.4597204327583313]
[0.6254709959030151, 0.5487476587295532, 0.39015206694602966, 0.2446577250957489, 0.6062406897544861]
[0.5464311242103577, 0.5934597253799438, 0.4159097969532013, 0.2564423978328705, 0.5621001124382019]
[0.42930614948272705, 0.5510368943214417, 0.48054981231689453, 0.31534385681152344, 0.5066381096839905]
[0.5062859058380127, 0.5844190120697021, 0.43014824390411377, 0.2772379517555237, 0.5449161529541016]
[0.469299852848053, 0.5605199337005615, 0.4556780457496643, 0.29232800006866455, 0.48471343517303467]
[0.5064043998718262, 0.5437371134757996, 0.4589559733867645, 0.301143616437912, 0.5098244547843933]
[0.5040035247802734, 0.5719863772392273, 0.43091994524002075, 0.27657848596572876, 0.5261465907096863]
[0.5201937556266785, 0.5347557663917542, 0.4780727028846741, 0.34442952275276184, 0.5319334268569946]
[0.6206393837928772, 0.5796144604682922, 0.3830825388431549, 0.22933749854564667, 0.602382481098175]
[0.2984819710254669, 0.5327035188674927, 0.5226726531982422, 0.5192619562149048, 0.42460229992866516]
[0.3370736539363861, 0.5519911646842957, 0.4262711703777313, 0.27557259798049927, 0.4493347406387329]
[0.5297867655754089, 0.583289384841919, 0.4149910807609558, 0.2542431056499481, 0.5472326278686523]
[0.43843716382980347, 0.5501427054405212, 0.4584742486476898, 0.3142523765563965, 0.44327014684677124]
