0
#拍案#【南京一小区称有中东男子潜入，他想干嘛？】近日，南京唱经楼小区物业发警示，18日晚，一中东男子和女华人进入该小区29楼并拆除防盗门，准备进水箱房和电梯机房，被发现并斥责后匆忙离去。经监控录像分析，二人有严重破坏或投毒嫌疑。警方已介入，两名嫌疑人尚在抓捕中。
[0.5277510285377502, 0.5443738102912903, 0.47509780526161194, 0.30865252017974854, 0.5114685893058777]
[0.48379552364349365, 0.5937032699584961, 0.41920071840286255, 0.2830924987792969, 0.4925927221775055]
[0.45968490839004517, 0.5601420402526855, 0.4502931237220764, 0.31808850169181824, 0.5045590400695801]
[0.43596702814102173, 0.5548840761184692, 0.4564726948738098, 0.3129747807979584, 0.4867837429046631]
[0.42911359667778015, 0.5583806037902832, 0.4441983699798584, 0.3178548216819763, 0.47514215111732483]
[0.5185933113098145, 0.5886591672897339, 0.41420748829841614, 0.28358691930770874, 0.5321028828620911]
[0.527854323387146, 0.5857251286506653, 0.42558375000953674, 0.27191784977912903, 0.5264109373092651]
[0.5382105708122253, 0.6007962226867676, 0.4259464740753174, 0.27806466817855835, 0.5080875158309937]
[0.5424410104751587, 0.602057695388794, 0.4374203681945801, 0.26714152097702026, 0.5403971672058105]
[0.5149213075637817, 0.5745115280151367, 0.4294396936893463, 0.2818833291530609, 0.5206738114356995]
[0.5244597792625427, 0.5673940777778625, 0.42901942133903503, 0.28732484579086304, 0.508772611618042]
[0.5432543754577637, 0.5832544565200806, 0.38799652457237244, 0.26532748341560364, 0.5415636301040649]
[0.5149213075637817, 0.5745115280151367, 0.4294396936893463, 0.2818833291530609, 0.5206738114356995]
[0.5003835558891296, 0.5466932058334351, 0.4549272954463959, 0.2832370102405548, 0.5196231007575989]
[0.5185933113098145, 0.5886591672897339, 0.41420748829841614, 0.28358691930770874, 0.5321028828620911]
[0.49200576543807983, 0.5706233382225037, 0.45085158944129944, 0.33118799328804016, 0.5132768750190735]
[0.5192060470581055, 0.5787978172302246, 0.44630321860313416, 0.25870001316070557, 0.5243940353393555]
[0.5234566926956177, 0.5679651498794556, 0.4072536826133728, 0.2638663649559021, 0.5311647653579712]
[0.43408647179603577, 0.5750000476837158, 0.4371979534626007, 0.28787627816200256, 0.4821231961250305]
[0.5536494851112366, 0.5684286952018738, 0.4264592230319977, 0.28106996417045593, 0.524756133556366]
[0.5070725679397583, 0.5795678496360779, 0.4309682846069336, 0.25872695446014404, 0.538472592830658]
[0.5149213075637817, 0.5745115280151367, 0.4294396936893463, 0.2818833291530609, 0.5206738114356995]
[0.5347557663917542, 0.6058130860328674, 0.41698184609413147, 0.25213393568992615, 0.5593185424804688]
[0.5325873494148254, 0.5880876183509827, 0.42129048705101013, 0.2533036768436432, 0.5475322008132935]
[0.5597755908966064, 0.5957757234573364, 0.4105871021747589, 0.2672206461429596, 0.570284366607666]
[0.3750896155834198, 0.5442177057266235, 0.48508915305137634, 0.37484920024871826, 0.4354614019393921]
[0.531018078327179, 0.5850381851196289, 0.4180653393268585, 0.27578359842300415, 0.5622336268424988]
[0.48891523480415344, 0.5986390709877014, 0.4251663088798523, 0.2733253836631775, 0.5165185332298279]
[0.32090845704078674, 0.5372346639633179, 0.4827110171318054, 0.34263360500335693, 0.41806575655937195]
[0.5249699950218201, 0.5738779306411743, 0.4336502254009247, 0.30761685967445374, 0.5444921255111694]
[0.5226723551750183, 0.5877060294151306, 0.4237286150455475, 0.3007010519504547, 0.5264017581939697]
[0.4797555208206177, 0.58607017993927, 0.4261816143989563, 0.27739301323890686, 0.5209331512451172]
[0.5531229376792908, 0.5735966563224792, 0.41050687432289124, 0.2741905748844147, 0.5325888395309448]
[0.5016259551048279, 0.5577742457389832, 0.45266956090927124, 0.29110997915267944, 0.48689767718315125]
[0.5358197689056396, 0.5491740107536316, 0.4170970022678375, 0.279694139957428, 0.5273202061653137]
[0.5070725679397583, 0.5795678496360779, 0.4309682846069336, 0.25872695446014404, 0.538472592830658]
[0.48885825276374817, 0.571009635925293, 0.4475785195827484, 0.3163774311542511, 0.509505569934845]
[0.5149213075637817, 0.5745115280151367, 0.4294396936893463, 0.2818833291530609, 0.5206738114356995]
[0.5961934924125671, 0.580569326877594, 0.3771151304244995, 0.21482154726982117, 0.5909936428070068]
[0.4950631856918335, 0.5951991081237793, 0.4581737518310547, 0.2974984347820282, 0.5151053071022034]
[0.46907609701156616, 0.5681576728820801, 0.43419182300567627, 0.2892066240310669, 0.5227755308151245]
[0.4597482979297638, 0.5323662161827087, 0.5151961445808411, 0.41088953614234924, 0.5149084329605103]
[0.5185933113098145, 0.5886591672897339, 0.41420748829841614, 0.28358691930770874, 0.5321028828620911]
[0.4905957877635956, 0.5733180046081543, 0.42548868060112, 0.28363877534866333, 0.5262462496757507]
[0.4860062599182129, 0.5847538113594055, 0.42435747385025024, 0.25989794731140137, 0.5238702297210693]
[0.48453667759895325, 0.5578193664550781, 0.4668530523777008, 0.32058611512184143, 0.4967516362667084]
[0.5710631608963013, 0.5947601795196533, 0.3967514634132385, 0.25014883279800415, 0.5633044838905334]
[0.5289933085441589, 0.5920649170875549, 0.41541245579719543, 0.28368476033210754, 0.5062136054039001]
[0.48625969886779785, 0.5679979920387268, 0.4237464368343353, 0.30652058124542236, 0.4892224967479706]
[0.5099790096282959, 0.535199761390686, 0.489629328250885, 0.4044075608253479, 0.5231945514678955]
[0.46528157591819763, 0.5307536125183105, 0.4551139771938324, 0.2858167886734009, 0.4875445067882538]
[0.4189586639404297, 0.5354630351066589, 0.44542115926742554, 0.28925272822380066, 0.44327056407928467]
[0.5660030841827393, 0.5742864608764648, 0.41852086782455444, 0.2837775647640228, 0.5549795627593994]
[0.5373163819313049, 0.5904172658920288, 0.42900437116622925, 0.2895174026489258, 0.5339218974113464]
[0.4905276894569397, 0.5613729357719421, 0.4256107807159424, 0.3103848695755005, 0.5133159756660461]
[0.5393798351287842, 0.5637444853782654, 0.4181537330150604, 0.28060901165008545, 0.5494706630706787]
[0.5237079858779907, 0.5770372152328491, 0.45723864436149597, 0.2730944752693176, 0.5208137035369873]
[0.4050097167491913, 0.5638911128044128, 0.46857815980911255, 0.3297147750854492, 0.45411548018455505]
[0.5041483640670776, 0.5836431384086609, 0.44095003604888916, 0.2723315954208374, 0.5233734846115112]
[0.5556584596633911, 0.5782181024551392, 0.40764617919921875, 0.2555958926677704, 0.5499146580696106]
[0.5086488127708435, 0.5817275643348694, 0.47796374559402466, 0.29880455136299133, 0.5121130347251892]
[0.5080112218856812, 0.5827934145927429, 0.41869643330574036, 0.28289127349853516, 0.52117520570755]
[0.5707451701164246, 0.6060691475868225, 0.3951038420200348, 0.24408000707626343, 0.5799821615219116]
[0.5354865789413452, 0.5888907313346863, 0.41922876238822937, 0.2605830132961273, 0.5253303050994873]
[0.44002026319503784, 0.5564913749694824, 0.49702081084251404, 0.33782216906547546, 0.4917122423648834]
[0.5153945088386536, 0.5673201680183411, 0.46125102043151855, 0.31165236234664917, 0.5361435413360596]
[0.4107108414173126, 0.5530737638473511, 0.47401705384254456, 0.3754540681838989, 0.478176474571228]
[0.4786050319671631, 0.5654294490814209, 0.4745902121067047, 0.32545948028564453, 0.5326091051101685]
[0.5593538880348206, 0.5512046813964844, 0.42828506231307983, 0.3219203054904938, 0.5530233979225159]
[0.5674346685409546, 0.5927099585533142, 0.4133814573287964, 0.26619675755500793, 0.5799829959869385]
[0.4629320800304413, 0.5745484232902527, 0.45089444518089294, 0.2754165232181549, 0.49018967151641846]
[0.5260461568832397, 0.5862242579460144, 0.4310151934623718, 0.2730245292186737, 0.5295546650886536]
[0.42911359667778015, 0.5583806037902832, 0.4441983699798584, 0.3178548216819763, 0.47514215111732483]
[0.427759051322937, 0.5437496304512024, 0.4578688442707062, 0.3202213644981384, 0.48404285311698914]
[0.48379552364349365, 0.5937032699584961, 0.41920071840286255, 0.2830924987792969, 0.4925927221775055]
[0.4665379524230957, 0.5731414556503296, 0.44626545906066895, 0.30401137471199036, 0.5225774645805359]
[0.48373928666114807, 0.5731188654899597, 0.42564067244529724, 0.30531564354896545, 0.48563408851623535]
[0.5614204406738281, 0.578935444355011, 0.42027321457862854, 0.2766430079936981, 0.5304237604141235]
[0.4812818467617035, 0.5984389185905457, 0.4233774244785309, 0.2795993685722351, 0.5052288770675659]
[0.4568108320236206, 0.5546389818191528, 0.43502774834632874, 0.3037970960140228, 0.463882714509964]
[0.3771943747997284, 0.5417178273200989, 0.47832638025283813, 0.35051843523979187, 0.4353407621383667]
[0.5752901434898376, 0.6040991544723511, 0.40839987993240356, 0.24079643189907074, 0.5689627528190613]
[0.5060151815414429, 0.5825546979904175, 0.4342140853404999, 0.27603602409362793, 0.5473917126655579]
[0.44222795963287354, 0.5681736469268799, 0.45566070079803467, 0.28963354229927063, 0.5093801021575928]
[0.520918607711792, 0.563820481300354, 0.4420086443424225, 0.30512526631355286, 0.55296790599823]
[0.49517714977264404, 0.5723093152046204, 0.4362364113330841, 0.2860306203365326, 0.5198899507522583]
[0.45423030853271484, 0.5742037296295166, 0.4164167642593384, 0.2898101508617401, 0.49501362442970276]
[0.521691083908081, 0.5878927707672119, 0.4193263351917267, 0.279192179441452, 0.5255200266838074]
[0.5354865789413452, 0.5888907313346863, 0.41922876238822937, 0.2605830132961273, 0.5253303050994873]
[0.4272163212299347, 0.578639805316925, 0.4649880826473236, 0.29797032475471497, 0.4680140018463135]
[0.521691083908081, 0.5878927707672119, 0.4193263351917267, 0.279192179441452, 0.5255200266838074]
[0.5185933113098145, 0.5886591672897339, 0.41420748829841614, 0.28358691930770874, 0.5321028828620911]
[0.5132670402526855, 0.5934965014457703, 0.4420536458492279, 0.27757078409194946, 0.5219869613647461]
[0.5149213075637817, 0.5745115280151367, 0.4294396936893463, 0.2818833291530609, 0.5206738114356995]
[0.49819183349609375, 0.5695810914039612, 0.4092336595058441, 0.28381651639938354, 0.5330636501312256]
[0.4647945463657379, 0.5686246752738953, 0.4411203861236572, 0.29545390605926514, 0.5244970321655273]
[0.5011439323425293, 0.5832080245018005, 0.42378804087638855, 0.27690762281417847, 0.50703364610672]
[0.40029555559158325, 0.5611095428466797, 0.4607175588607788, 0.3276160657405853, 0.4391282796859741]
[0.5007784962654114, 0.5629050731658936, 0.4233884811401367, 0.30948904156684875, 0.5143130421638489]
[0.4418225884437561, 0.5436044335365295, 0.49389493465423584, 0.33112218976020813, 0.5049815773963928]
[0.5260104537010193, 0.557929277420044, 0.4258829653263092, 0.3030007481575012, 0.540404736995697]
