0
【收藏！最新全国医院专科排行全名单】今日，复旦大学版2014年度#最佳医院排行榜#发布，北京协和医院、四川大学华西医院、中国人民解放军总医院名列综合榜前三。还有耳鼻喉科、呼吸科、骨科、内分泌科、肿瘤学……34个专科排行↓↓速转留存，看病做参考！
[0.5659038424491882, 0.5377199053764343, 0.47099414467811584, 0.3206177353858948, 0.5536444187164307]
[0.44281959533691406, 0.5349825620651245, 0.47604501247406006, 0.3311022222042084, 0.46955248713493347]
[0.3542344272136688, 0.5427576899528503, 0.47831445932388306, 0.35704004764556885, 0.44724348187446594]
[0.44641178846359253, 0.5092449188232422, 0.49283212423324585, 0.39778274297714233, 0.494351327419281]
[0.458665668964386, 0.5935304760932922, 0.4388082027435303, 0.27181175351142883, 0.48087936639785767]
[0.37261706590652466, 0.5743075013160706, 0.45699432492256165, 0.296398788690567, 0.45108574628829956]
[0.49116310477256775, 0.5734727382659912, 0.42602095007896423, 0.2974458336830139, 0.5254453420639038]
[0.529624879360199, 0.5896633863449097, 0.41819608211517334, 0.26099666953086853, 0.5508267879486084]
[0.39697474241256714, 0.5589956045150757, 0.431417852640152, 0.27816012501716614, 0.4655689299106598]
[0.5319328308105469, 0.584604024887085, 0.40984225273132324, 0.26690757274627686, 0.5313603281974792]
[0.36732009053230286, 0.5611740946769714, 0.4423961639404297, 0.2842545509338379, 0.4558969736099243]
[0.4429057240486145, 0.5632790327072144, 0.44825634360313416, 0.30919215083122253, 0.48447751998901367]
[0.36732009053230286, 0.5611740946769714, 0.4423961639404297, 0.2842545509338379, 0.4558969736099243]
[0.5595979690551758, 0.5479740500450134, 0.4412987530231476, 0.3166116178035736, 0.5340660214424133]
[0.5325873494148254, 0.5880876183509827, 0.42129048705101013, 0.2533036768436432, 0.5475322008132935]
[0.5011078119277954, 0.5508326888084412, 0.4633883535861969, 0.32414934039115906, 0.4855036735534668]
[0.5126057267189026, 0.5484644174575806, 0.46517977118492126, 0.31500935554504395, 0.5465124845504761]
[0.4843076169490814, 0.5585811734199524, 0.4681139588356018, 0.31071117520332336, 0.5024362802505493]
[0.3717663288116455, 0.5591752529144287, 0.44442230463027954, 0.2877909243106842, 0.4457230567932129]
[0.4800247848033905, 0.5775119662284851, 0.41844579577445984, 0.2517889440059662, 0.5158828496932983]
[0.518643319606781, 0.5795661211013794, 0.43667668104171753, 0.2685704827308655, 0.5344675779342651]
[0.5359944701194763, 0.5825049877166748, 0.41244903206825256, 0.26725539565086365, 0.5338192582130432]
[0.5011078119277954, 0.5508326888084412, 0.4633883535861969, 0.32414934039115906, 0.4855036735534668]
[0.4757459759712219, 0.5611383318901062, 0.4320862889289856, 0.28821349143981934, 0.5217910408973694]
[0.5084882378578186, 0.573093593120575, 0.45702770352363586, 0.3017822802066803, 0.49861109256744385]
[0.3682872951030731, 0.5410106182098389, 0.43682804703712463, 0.29630130529403687, 0.4435845613479614]
[0.5430936813354492, 0.5933454632759094, 0.4148803949356079, 0.2509933412075043, 0.5609080791473389]
[0.5622235536575317, 0.5581368803977966, 0.42647483944892883, 0.29270920157432556, 0.5620859861373901]
[0.4973893165588379, 0.5658584237098694, 0.43615520000457764, 0.3080257475376129, 0.5147654414176941]
[0.529624879360199, 0.5896633863449097, 0.41819608211517334, 0.26099666953086853, 0.5508267879486084]
[0.3525565266609192, 0.5549966096878052, 0.4557444751262665, 0.29298844933509827, 0.43208077549934387]
[0.3717663288116455, 0.5591752529144287, 0.44442230463027954, 0.2877909243106842, 0.4457230567932129]
[0.36732009053230286, 0.5611740946769714, 0.4423961639404297, 0.2842545509338379, 0.4558969736099243]
[0.4993751645088196, 0.5801568627357483, 0.4399324059486389, 0.2734115719795227, 0.5289195775985718]
[0.5394194722175598, 0.5736678838729858, 0.43046608567237854, 0.2670201361179352, 0.5698733925819397]
[0.49819183349609375, 0.5695810914039612, 0.4092336595058441, 0.28381651639938354, 0.5330636501312256]
[0.4950695037841797, 0.5701094269752502, 0.4732610583305359, 0.378928542137146, 0.5181933045387268]
[0.529624879360199, 0.5896633863449097, 0.41819608211517334, 0.26099666953086853, 0.5508267879486084]
[0.5130316615104675, 0.5724431872367859, 0.433411568403244, 0.27383437752723694, 0.5611511468887329]
