0
#新浪独家#【重庆被劳教村官通过司法考试】“我不想再回到体制内了，再说也回不去了。”新闻极客今日对话曾因被判劳教2年的任建宇，他今年以415分的高分通过司法考试。他回忆起在劳教所里的时候，最渴望的是自由。如今，他说自己“依然相信法治”、“以后或许会当律师”。
[0.4836813807487488, 0.5163325071334839, 0.4875938892364502, 0.38095149397850037, 0.5179026126861572]
[0.4710003137588501, 0.5498074293136597, 0.46731725335121155, 0.3110286593437195, 0.500859797000885]
[0.43928033113479614, 0.5755216479301453, 0.43812182545661926, 0.28464990854263306, 0.4676651954650879]
[0.44800496101379395, 0.5455726385116577, 0.451440691947937, 0.3424953818321228, 0.49714192748069763]
[0.5070725679397583, 0.5795678496360779, 0.4309682846069336, 0.25872695446014404, 0.538472592830658]
[0.5241608023643494, 0.5849540829658508, 0.4383174180984497, 0.2678382396697998, 0.524145245552063]
[0.46483558416366577, 0.5535040497779846, 0.47776317596435547, 0.3077932298183441, 0.4915870130062103]
[0.5070725679397583, 0.5795678496360779, 0.4309682846069336, 0.25872695446014404, 0.538472592830658]
[0.517414391040802, 0.5591842532157898, 0.4384925365447998, 0.30243122577667236, 0.560380220413208]
[0.46385130286216736, 0.5698700547218323, 0.4545522928237915, 0.2974333167076111, 0.5080801844596863]
[0.4762975573539734, 0.5791293382644653, 0.4382477104663849, 0.309662789106369, 0.503767728805542]
[0.5770156979560852, 0.5979297161102295, 0.4066532850265503, 0.2511694133281708, 0.5702731609344482]
[0.4836813807487488, 0.5163325071334839, 0.4875938892364502, 0.38095149397850037, 0.5179026126861572]
[0.556489109992981, 0.5882245302200317, 0.43712419271469116, 0.25363457202911377, 0.5762461423873901]
[0.40801605582237244, 0.5466158986091614, 0.45223093032836914, 0.3160090148448944, 0.4281574487686157]
[0.5524023771286011, 0.5937196612358093, 0.4105049669742584, 0.2494817078113556, 0.5501902103424072]
[0.43906697630882263, 0.5467206835746765, 0.445641428232193, 0.31249770522117615, 0.4906049072742462]
[0.4650244116783142, 0.5768699049949646, 0.4432328939437866, 0.2886543273925781, 0.5188762545585632]
[0.5370978116989136, 0.5626977682113647, 0.44573500752449036, 0.28168588876724243, 0.5170992016792297]
[0.5298066735267639, 0.5460628271102905, 0.4409500062465668, 0.3097864091396332, 0.5275318026542664]
[0.4611072540283203, 0.5542817115783691, 0.45347073674201965, 0.2856687307357788, 0.4792577922344208]
[0.49753350019454956, 0.5840678811073303, 0.44127845764160156, 0.2841383218765259, 0.5290744304656982]
[0.4696716368198395, 0.5549660325050354, 0.4583151936531067, 0.33449068665504456, 0.5066695213317871]
[0.5820812582969666, 0.563714861869812, 0.4169330596923828, 0.27341195940971375, 0.5685886740684509]
[0.5097700953483582, 0.5349555015563965, 0.4434923529624939, 0.2845045328140259, 0.5336079001426697]
[0.45777401328086853, 0.5539705157279968, 0.4762035310268402, 0.33543941378593445, 0.4933697581291199]
[0.4375454783439636, 0.49132806062698364, 0.5210655927658081, 0.48248451948165894, 0.4464006721973419]
[0.5206316113471985, 0.5791252255439758, 0.4397676885128021, 0.27541300654411316, 0.5473576784133911]
[0.5281350612640381, 0.5691762566566467, 0.4226430356502533, 0.2738784849643707, 0.5263625979423523]
[0.513764500617981, 0.5542938113212585, 0.46346351504325867, 0.3457743227481842, 0.5304968953132629]
[0.5070725679397583, 0.5795678496360779, 0.4309682846069336, 0.25872695446014404, 0.538472592830658]
[0.5062659978866577, 0.5753622055053711, 0.42227068543434143, 0.27668526768684387, 0.5266332030296326]
[0.47363123297691345, 0.57059645652771, 0.4534040689468384, 0.2769467830657959, 0.5333791375160217]
[0.5031946301460266, 0.5496777296066284, 0.4608413279056549, 0.32050982117652893, 0.4992524981498718]
[0.5757216811180115, 0.5845369100570679, 0.3881358206272125, 0.25935253500938416, 0.5847108364105225]
[0.5014429688453674, 0.5639767050743103, 0.4348200857639313, 0.30743855237960815, 0.5242847204208374]
[0.3920972943305969, 0.5579378604888916, 0.44919514656066895, 0.2765152156352997, 0.43414077162742615]
[0.5011425018310547, 0.5858144760131836, 0.4372365176677704, 0.2676145136356354, 0.5456972122192383]
[0.49819183349609375, 0.5695810914039612, 0.4092336595058441, 0.28381651639938354, 0.5330636501312256]
[0.4696086347103119, 0.524528980255127, 0.5359340310096741, 0.4515842795372009, 0.5064486861228943]
[0.547568678855896, 0.5795928835868835, 0.4090377688407898, 0.2743672728538513, 0.567746102809906]
[0.5423506498336792, 0.5648659467697144, 0.39458638429641724, 0.26201146841049194, 0.5750084519386292]
[0.4806675314903259, 0.5264078378677368, 0.4836955964565277, 0.3783886432647705, 0.5029760599136353]
[0.4183826148509979, 0.514631450176239, 0.5095750093460083, 0.43558141589164734, 0.4503694772720337]
[0.48576271533966064, 0.5845141410827637, 0.4284243881702423, 0.2953599691390991, 0.5263667702674866]
[0.4969278872013092, 0.5375296473503113, 0.49574312567710876, 0.408170610666275, 0.518497884273529]
[0.5099478960037231, 0.5233414769172668, 0.4483186602592468, 0.3210107982158661, 0.5487572550773621]
[0.4845149517059326, 0.5887420773506165, 0.4091246426105499, 0.2652561068534851, 0.5205158591270447]
[0.36306875944137573, 0.5451125502586365, 0.43933528661727905, 0.31389331817626953, 0.4269064664840698]
[0.46164730191230774, 0.5528542399406433, 0.4409359097480774, 0.27491679787635803, 0.5011894106864929]
[0.49819183349609375, 0.5695810914039612, 0.4092336595058441, 0.28381651639938354, 0.5330636501312256]
[0.4463390111923218, 0.5220182538032532, 0.4775337874889374, 0.32372304797172546, 0.46244361996650696]
[0.49946996569633484, 0.541316032409668, 0.4242212176322937, 0.2775706946849823, 0.5255692601203918]
[0.5223954916000366, 0.5324541330337524, 0.48024728894233704, 0.36203861236572266, 0.5311235189437866]
[0.5805753469467163, 0.5841261148452759, 0.40625450015068054, 0.25577399134635925, 0.5620498061180115]
[0.5575781464576721, 0.5655947327613831, 0.4194423258304596, 0.25158119201660156, 0.5604296922683716]
[0.5116405487060547, 0.5862855911254883, 0.40641576051712036, 0.2605586349964142, 0.49990156292915344]
[0.5237930417060852, 0.5749905705451965, 0.4206992983818054, 0.302046000957489, 0.5314338207244873]
[0.45178458094596863, 0.5403348803520203, 0.47467076778411865, 0.3374600112438202, 0.4658403992652893]
[0.5532069802284241, 0.5728786587715149, 0.39586225152015686, 0.2525351941585541, 0.5628107786178589]
[0.5174928307533264, 0.553931713104248, 0.4630706012248993, 0.3115743398666382, 0.5097430348396301]
[0.44046998023986816, 0.531080424785614, 0.49862542748451233, 0.37227001786231995, 0.4775797426700592]
[0.4499172568321228, 0.5301934480667114, 0.5401384830474854, 0.4785294532775879, 0.5147305130958557]
[0.4899284541606903, 0.5758103728294373, 0.42934975028038025, 0.284563809633255, 0.5296885967254639]
[0.4592345654964447, 0.5394126176834106, 0.44593024253845215, 0.31175124645233154, 0.4489143192768097]
[0.48131653666496277, 0.5359187722206116, 0.4635675847530365, 0.31559106707572937, 0.4872085154056549]
[0.5200712084770203, 0.5613070130348206, 0.43396681547164917, 0.3179936707019806, 0.5385320782661438]
[0.49946460127830505, 0.536139726638794, 0.470625102519989, 0.3601250648498535, 0.5322428345680237]
[0.4876214265823364, 0.5521881580352783, 0.44760555028915405, 0.31091687083244324, 0.5051063895225525]
[0.5185933113098145, 0.5886591672897339, 0.41420748829841614, 0.28358691930770874, 0.5321028828620911]
[0.4774198830127716, 0.5618178248405457, 0.4607919156551361, 0.3259485960006714, 0.5047836303710938]
[0.5070725679397583, 0.5795678496360779, 0.4309682846069336, 0.25872695446014404, 0.538472592830658]
[0.44729748368263245, 0.5459897518157959, 0.4794725477695465, 0.3312096893787384, 0.4920550584793091]
[0.5498471856117249, 0.5711485147476196, 0.43344882130622864, 0.286795049905777, 0.5917027592658997]
[0.4518513083457947, 0.5566367506980896, 0.4811621606349945, 0.3088557720184326, 0.4960992634296417]
[0.39737340807914734, 0.5426048636436462, 0.452619343996048, 0.3237030804157257, 0.44986099004745483]
[0.500810444355011, 0.5421050190925598, 0.44407886266708374, 0.3424387276172638, 0.5118521451950073]
[0.5287061333656311, 0.5638510584831238, 0.4417652487754822, 0.2847440242767334, 0.5411738157272339]
[0.42377880215644836, 0.545025110244751, 0.4626438319683075, 0.33541303873062134, 0.47931045293807983]
[0.42778924107551575, 0.5614718198776245, 0.4380403757095337, 0.30592605471611023, 0.47718706727027893]
[0.5169004797935486, 0.5752297043800354, 0.43300503492355347, 0.29304471611976624, 0.5351778864860535]
[0.46871379017829895, 0.5843146443367004, 0.4626792371273041, 0.323666512966156, 0.501505970954895]
[0.34977513551712036, 0.533134937286377, 0.5270652770996094, 0.3842753469944, 0.41976118087768555]
[0.5193629860877991, 0.5856478810310364, 0.41173920035362244, 0.282301664352417, 0.5441094636917114]
[0.4537736177444458, 0.5410470962524414, 0.45399367809295654, 0.32288211584091187, 0.4906039834022522]
[0.5791997313499451, 0.5928546190261841, 0.39961886405944824, 0.2280900478363037, 0.5883556604385376]
[0.43725037574768066, 0.5180830359458923, 0.4881419539451599, 0.39483943581581116, 0.48608940839767456]
[0.5265589356422424, 0.5867292881011963, 0.40262436866760254, 0.2605912685394287, 0.5609416365623474]
[0.4752415418624878, 0.5357239246368408, 0.4270403981208801, 0.3222668468952179, 0.5094004273414612]
[0.38504019379615784, 0.5469036102294922, 0.4813764691352844, 0.3626928925514221, 0.4466548562049866]
[0.48339512944221497, 0.5598042607307434, 0.5015561580657959, 0.3885219991207123, 0.514087975025177]
[0.46607649326324463, 0.4759727120399475, 0.5632708668708801, 0.6381334066390991, 0.4531346559524536]
[0.48379552364349365, 0.5937032699584961, 0.41920071840286255, 0.2830924987792969, 0.4925927221775055]
[0.501337468624115, 0.5509243011474609, 0.4456242024898529, 0.3140518069267273, 0.5022643804550171]
[0.4970947504043579, 0.5562219619750977, 0.4283108115196228, 0.31005752086639404, 0.5017170310020447]
[0.5254446864128113, 0.578194797039032, 0.42911598086357117, 0.2780751585960388, 0.5384158492088318]
[0.49235084652900696, 0.5583922863006592, 0.44164448976516724, 0.31233540177345276, 0.491444855928421]
[0.5312954187393188, 0.569166362285614, 0.43954116106033325, 0.2789628207683563, 0.5390016436576843]
[0.4580796957015991, 0.5713124871253967, 0.44430282711982727, 0.2557647228240967, 0.4958999454975128]
[0.536063551902771, 0.5845471024513245, 0.4414728879928589, 0.27636510133743286, 0.5475112199783325]
[0.3314706087112427, 0.5589134693145752, 0.5017353296279907, 0.36863499879837036, 0.40900224447250366]
