0
#晚安#【九部横扫国际大奖的高逼格电影】：部部看哭，唯有爱不分国界！
[0.5716895461082458, 0.5234287977218628, 0.5213844180107117, 0.44850873947143555, 0.5681197047233582]
[0.47795069217681885, 0.5567105412483215, 0.4417243003845215, 0.269304484128952, 0.5044130086898804]
[0.5615435242652893, 0.595025360584259, 0.40306541323661804, 0.24841265380382538, 0.5739153027534485]
[0.43427523970603943, 0.5758890509605408, 0.4474790096282959, 0.32543981075286865, 0.46447932720184326]
[0.5218234062194824, 0.5696755051612854, 0.43786683678627014, 0.33537545800209045, 0.5064240097999573]
[0.48760226368904114, 0.5720899105072021, 0.41657596826553345, 0.31105154752731323, 0.5358802676200867]
[0.36732009053230286, 0.5611740946769714, 0.4423961639404297, 0.2842545509338379, 0.4558969736099243]
[0.5555643439292908, 0.5246040225028992, 0.4209772050380707, 0.33952876925468445, 0.5867025256156921]
[0.49516406655311584, 0.5471230745315552, 0.43090683221817017, 0.31390106678009033, 0.5260372757911682]
[0.47237589955329895, 0.5438974499702454, 0.4401504695415497, 0.3283832371234894, 0.4926215410232544]
[0.4924623668193817, 0.5669683218002319, 0.4257269501686096, 0.2965225875377655, 0.5186877250671387]
[0.3879867494106293, 0.5410933494567871, 0.4816971719264984, 0.3689744174480438, 0.4405677914619446]
[0.6055775284767151, 0.5318122506141663, 0.4006847143173218, 0.31330403685569763, 0.5899018049240112]
[0.44676023721694946, 0.5704311728477478, 0.44099098443984985, 0.2976226508617401, 0.5118401646614075]
[0.49259713292121887, 0.5678681135177612, 0.4161393940448761, 0.28336235880851746, 0.5262365937232971]
[0.558176577091217, 0.5837705731391907, 0.4205693006515503, 0.26933491230010986, 0.5672476291656494]
[0.4615371823310852, 0.5770171284675598, 0.4235055446624756, 0.3003650903701782, 0.5191866755485535]
[0.5181389451026917, 0.5466534495353699, 0.4237711727619171, 0.31102612614631653, 0.520689070224762]
[0.5438856482505798, 0.5929805040359497, 0.418680876493454, 0.27237069606781006, 0.5508289337158203]
[0.49819183349609375, 0.5695810914039612, 0.4092336595058441, 0.28381651639938354, 0.5330636501312256]
[0.4719587564468384, 0.5569277405738831, 0.4376192092895508, 0.30633828043937683, 0.49971428513526917]
[0.46343687176704407, 0.5483666062355042, 0.44541841745376587, 0.3101552724838257, 0.5020694136619568]
[0.538105845451355, 0.5879831314086914, 0.41182050108909607, 0.26826104521751404, 0.5607741475105286]
[0.5004901885986328, 0.5710895657539368, 0.4454594850540161, 0.3384708762168884, 0.5149690508842468]
[0.49819183349609375, 0.5695810914039612, 0.4092336595058441, 0.28381651639938354, 0.5330636501312256]
[0.518643319606781, 0.5795661211013794, 0.43667668104171753, 0.2685704827308655, 0.5344675779342651]
[0.49819183349609375, 0.5695810914039612, 0.4092336595058441, 0.28381651639938354, 0.5330636501312256]
