0
【。感谢他们，为我们的平安辛苦付出！若支持，转给所有人！
[0.5017390251159668, 0.5568241477012634, 0.42699310183525085, 0.33371928334236145, 0.5040906071662903]
[0.4772193729877472, 0.573043942451477, 0.4368286728858948, 0.2999303340911865, 0.4921420216560364]
[0.49819183349609375, 0.5695810914039612, 0.4092336595058441, 0.28381651639938354, 0.5330636501312256]
[0.5202862024307251, 0.5810336470603943, 0.4101262390613556, 0.26850610971450806, 0.5348315834999084]
[0.5420821309089661, 0.5839356184005737, 0.3975711762905121, 0.26701465249061584, 0.5582541227340698]
[0.5056460499763489, 0.5634573101997375, 0.416639506816864, 0.28790831565856934, 0.5411378145217896]
[0.5420821309089661, 0.5839356184005737, 0.3975711762905121, 0.26701465249061584, 0.5582541227340698]
[0.5647226572036743, 0.5842422246932983, 0.3996996581554413, 0.2608722448348999, 0.54198157787323]
[0.4702654480934143, 0.5640186071395874, 0.4549747705459595, 0.3258773386478424, 0.47016623616218567]
[0.5202862024307251, 0.5810336470603943, 0.4101262390613556, 0.26850610971450806, 0.5348315834999084]
[0.5070725679397583, 0.5795678496360779, 0.4309682846069336, 0.25872695446014404, 0.538472592830658]
[0.45218583941459656, 0.5633954405784607, 0.4251028895378113, 0.29549312591552734, 0.47477346658706665]
[0.5433036088943481, 0.5613191723823547, 0.47856736183166504, 0.3422340452671051, 0.554336667060852]
[0.5388180017471313, 0.563265860080719, 0.41409507393836975, 0.288550466299057, 0.5459848642349243]
[0.5279192924499512, 0.571467399597168, 0.417856365442276, 0.2813756763935089, 0.5349583625793457]
[0.5171926617622375, 0.5745499730110168, 0.42902567982673645, 0.3125803768634796, 0.5071449279785156]
[0.5420821309089661, 0.5839356184005737, 0.3975711762905121, 0.26701465249061584, 0.5582541227340698]
[0.5265234112739563, 0.57822585105896, 0.4223429560661316, 0.31499195098876953, 0.5257785320281982]
[0.5420821309089661, 0.5839356184005737, 0.3975711762905121, 0.26701465249061584, 0.5582541227340698]
[0.5055618286132812, 0.5775404572486877, 0.4601040482521057, 0.3208870589733124, 0.5248210430145264]
[0.5347209572792053, 0.5864936709403992, 0.43808844685554504, 0.28825247287750244, 0.543247640132904]
[0.5442937612533569, 0.5807464122772217, 0.43776559829711914, 0.2723132073879242, 0.558712899684906]
[0.5956888198852539, 0.5644171237945557, 0.4039265811443329, 0.26348361372947693, 0.589745283126831]
[0.5420821309089661, 0.5839356184005737, 0.3975711762905121, 0.26701465249061584, 0.5582541227340698]
[0.5420821309089661, 0.5839356184005737, 0.3975711762905121, 0.26701465249061584, 0.5582541227340698]
[0.5398315787315369, 0.5160518884658813, 0.5214850902557373, 0.4490503966808319, 0.537689208984375]
[0.5132179856300354, 0.5708296895027161, 0.4592638313770294, 0.3162058889865875, 0.5414569973945618]
[0.3932754695415497, 0.5123636722564697, 0.5437259674072266, 0.4111098349094391, 0.4847469627857208]
[0.5284052491188049, 0.5595688223838806, 0.45438507199287415, 0.3242729902267456, 0.5463553667068481]
[0.5420821309089661, 0.5839356184005737, 0.3975711762905121, 0.26701465249061584, 0.5582541227340698]
[0.5361413359642029, 0.5620362758636475, 0.42578473687171936, 0.28957921266555786, 0.5478187203407288]
[0.5420821309089661, 0.5839356184005737, 0.3975711762905121, 0.26701465249061584, 0.5582541227340698]
[0.4709925353527069, 0.5545386075973511, 0.4601359963417053, 0.3149763345718384, 0.526270866394043]
[0.5394854545593262, 0.5700360536575317, 0.4315844774246216, 0.3112831711769104, 0.5477686524391174]
[0.5283015966415405, 0.5577237010002136, 0.44979628920555115, 0.3046673536300659, 0.5236775875091553]
[0.5202862024307251, 0.5810336470603943, 0.4101262390613556, 0.26850610971450806, 0.5348315834999084]
[0.5043836236000061, 0.5774431824684143, 0.42686164379119873, 0.27486154437065125, 0.5264852046966553]
[0.5360398888587952, 0.584168016910553, 0.4234260320663452, 0.2642444968223572, 0.5561829209327698]
[0.5027691721916199, 0.5859344005584717, 0.44439420104026794, 0.2788013517856598, 0.5401126146316528]
[0.398179292678833, 0.54414302110672, 0.48935914039611816, 0.3562623858451843, 0.45402535796165466]
[0.5202862024307251, 0.5810336470603943, 0.4101262390613556, 0.26850610971450806, 0.5348315834999084]
[0.5092836618423462, 0.5682448148727417, 0.42827868461608887, 0.3075512945652008, 0.5284528136253357]
[0.5420821309089661, 0.5839356184005737, 0.3975711762905121, 0.26701465249061584, 0.5582541227340698]
[0.4907926917076111, 0.5637834668159485, 0.4414612948894501, 0.2947947084903717, 0.49108949303627014]
[0.49819183349609375, 0.5695810914039612, 0.4092336595058441, 0.28381651639938354, 0.5330636501312256]
[0.49819183349609375, 0.5695810914039612, 0.4092336595058441, 0.28381651639938354, 0.5330636501312256]
[0.546576738357544, 0.5782839059829712, 0.42776358127593994, 0.2596825957298279, 0.5622984170913696]
[0.4596177637577057, 0.5482001900672913, 0.45958003401756287, 0.34015873074531555, 0.4737378656864166]
[0.539056122303009, 0.5848897099494934, 0.41474395990371704, 0.2763637602329254, 0.5574659109115601]
[0.5661664009094238, 0.5832736492156982, 0.40433862805366516, 0.2764334976673126, 0.5735517144203186]
[0.5457720160484314, 0.5586363673210144, 0.44897833466529846, 0.3366410732269287, 0.5409979224205017]
[0.527904212474823, 0.5864652395248413, 0.41995224356651306, 0.28249192237854004, 0.5376759171485901]
[0.5420821309089661, 0.5839356184005737, 0.3975711762905121, 0.26701465249061584, 0.5582541227340698]
[0.49831318855285645, 0.5790659189224243, 0.43536511063575745, 0.29008153080940247, 0.5361270308494568]
[0.49819183349609375, 0.5695810914039612, 0.4092336595058441, 0.28381651639938354, 0.5330636501312256]
[0.47099027037620544, 0.5576275587081909, 0.45310816168785095, 0.32502612471580505, 0.4707745313644409]
[0.5463957190513611, 0.5482333302497864, 0.45621639490127563, 0.32795390486717224, 0.5380105376243591]
[0.45218583941459656, 0.5633954405784607, 0.4251028895378113, 0.29549312591552734, 0.47477346658706665]
[0.5482727885246277, 0.5714836120605469, 0.4134417772293091, 0.26996874809265137, 0.5234555602073669]
[0.46413320302963257, 0.5369774699211121, 0.46773627400398254, 0.3252016007900238, 0.4929870665073395]
[0.5528578162193298, 0.584112286567688, 0.4005744755268097, 0.26266515254974365, 0.5500484704971313]
[0.5420821309089661, 0.5839356184005737, 0.3975711762905121, 0.26701465249061584, 0.5582541227340698]
[0.5214254856109619, 0.5782216191291809, 0.4109666347503662, 0.27235275506973267, 0.551163911819458]
[0.5449601411819458, 0.560766875743866, 0.42791515588760376, 0.29432931542396545, 0.5389772653579712]
[0.45218583941459656, 0.5633954405784607, 0.4251028895378113, 0.29549312591552734, 0.47477346658706665]
[0.4838923513889313, 0.56076580286026, 0.4346843957901001, 0.3128902018070221, 0.5139088034629822]
[0.5072441101074219, 0.5805054306983948, 0.4478538930416107, 0.32660460472106934, 0.5274481773376465]
[0.5420821309089661, 0.5839356184005737, 0.3975711762905121, 0.26701465249061584, 0.5582541227340698]
[0.5488724112510681, 0.5525979399681091, 0.46050524711608887, 0.3099443018436432, 0.5526323318481445]
[0.5173230767250061, 0.566875159740448, 0.43468132615089417, 0.29160386323928833, 0.5497341752052307]
[0.4580756425857544, 0.5647796392440796, 0.4536343514919281, 0.30256062746047974, 0.4924813508987427]
[0.5383939146995544, 0.5778812170028687, 0.41899824142456055, 0.25039634108543396, 0.517958402633667]
[0.5343482494354248, 0.5764212012290955, 0.4508151710033417, 0.2958712875843048, 0.5670357346534729]
[0.5160202980041504, 0.5640525817871094, 0.44131597876548767, 0.2901560664176941, 0.5220354795455933]
[0.5311257839202881, 0.5657966732978821, 0.4326392710208893, 0.2966289222240448, 0.5231835842132568]
[0.5202862024307251, 0.5810336470603943, 0.4101262390613556, 0.26850610971450806, 0.5348315834999084]
[0.40998196601867676, 0.5643240213394165, 0.45052772760391235, 0.3143603205680847, 0.4723171591758728]
[0.4788091480731964, 0.5515286326408386, 0.4321991205215454, 0.3164026439189911, 0.5159124135971069]
[0.3862452805042267, 0.5514785647392273, 0.48971670866012573, 0.3244033455848694, 0.47060492634773254]
[0.5420821309089661, 0.5839356184005737, 0.3975711762905121, 0.26701465249061584, 0.5582541227340698]
[0.5311563611030579, 0.5371628999710083, 0.4781022369861603, 0.36470648646354675, 0.5522960424423218]
[0.5503857731819153, 0.5892287492752075, 0.428146094083786, 0.2704734206199646, 0.5487778782844543]
[0.5070725679397583, 0.5795678496360779, 0.4309682846069336, 0.25872695446014404, 0.538472592830658]
[0.5124909281730652, 0.5788004994392395, 0.4189431667327881, 0.2534482777118683, 0.5654280781745911]
[0.5047303438186646, 0.5730469822883606, 0.4169856011867523, 0.3146809935569763, 0.5102139711380005]
[0.5425648093223572, 0.5468164086341858, 0.40813276171684265, 0.2861950397491455, 0.5543453693389893]
[0.5046362280845642, 0.5315815210342407, 0.47957369685173035, 0.37861961126327515, 0.5190368294715881]
[0.43947529792785645, 0.5624468922615051, 0.42913150787353516, 0.2931727170944214, 0.45917633175849915]
[0.3950367867946625, 0.562821626663208, 0.47713860869407654, 0.33669278025627136, 0.45201703906059265]
[0.47769713401794434, 0.54665207862854, 0.4558802545070648, 0.3178483843803406, 0.49774572253227234]
[0.537662148475647, 0.58919358253479, 0.41872936487197876, 0.2912757098674774, 0.5504248142242432]
[0.5263477563858032, 0.5513232946395874, 0.4407714903354645, 0.2933986485004425, 0.5408331155776978]
[0.5278623104095459, 0.5624395608901978, 0.406162291765213, 0.29296475648880005, 0.5308859944343567]
[0.5200608372688293, 0.5253642797470093, 0.4554431140422821, 0.40367254614830017, 0.5500357151031494]
[0.48300474882125854, 0.5576982498168945, 0.4215124249458313, 0.2585113048553467, 0.4726227819919586]
[0.3584214746952057, 0.5487715601921082, 0.4370112717151642, 0.30469733476638794, 0.4265046715736389]
[0.4972091317176819, 0.5318499803543091, 0.4572087824344635, 0.3770112991333008, 0.5200952887535095]
[0.5420821309089661, 0.5839356184005737, 0.3975711762905121, 0.26701465249061584, 0.5582541227340698]
[0.4739355444908142, 0.5845855474472046, 0.43272948265075684, 0.30109578371047974, 0.5160006880760193]
[0.5070502161979675, 0.5675110220909119, 0.4405817687511444, 0.3374001383781433, 0.5188400149345398]
[0.4698173701763153, 0.5548585057258606, 0.48427578806877136, 0.3490743041038513, 0.5492841601371765]
