0
这是每个汪星人，都过不去的一道坎。。。心疼哭
[0.5131731033325195, 0.5737244486808777, 0.4152763783931732, 0.2809165418148041, 0.5530577898025513]
[0.37169715762138367, 0.5236365795135498, 0.48945072293281555, 0.3479517102241516, 0.46754008531570435]
[0.5802424550056458, 0.5621479749679565, 0.3657655119895935, 0.23950432240962982, 0.5864620208740234]
[0.4796406626701355, 0.5974323153495789, 0.4227512776851654, 0.27846574783325195, 0.5192805528640747]
[0.5070725679397583, 0.5795678496360779, 0.4309682846069336, 0.25872695446014404, 0.538472592830658]
[0.5066049098968506, 0.568452000617981, 0.4165329039096832, 0.27996405959129333, 0.5439948439598083]
[0.5326565504074097, 0.613871693611145, 0.42189180850982666, 0.2729127109050751, 0.5246680378913879]
[0.425571471452713, 0.5587049722671509, 0.4300917685031891, 0.29044878482818604, 0.48654884099960327]
[0.5126591920852661, 0.5759720802307129, 0.4152299463748932, 0.2810848355293274, 0.5174343585968018]
[0.6209832429885864, 0.5661757588386536, 0.37918946146965027, 0.24497203528881073, 0.6027675271034241]
[0.4835827946662903, 0.5734483599662781, 0.42547503113746643, 0.2680400311946869, 0.5514158010482788]
[0.5316860675811768, 0.5756761431694031, 0.4589095115661621, 0.34106749296188354, 0.538508951663971]
[0.4001907408237457, 0.5709991455078125, 0.4770696759223938, 0.3137107789516449, 0.4593523442745209]
