0
#万象#【福建法官在KTV搂抱亲吻陪酒女】网友微博爆料，漳州市漳浦县法院少年庭庭长陈毅东在豪华KTV“喝美酒叫小姐”，并晒出多张疑似其正在搂抱、亲吻照片。今天上午，法院方面证实，图中男子确为该院少年审判庭庭长陈毅东，目前院方已经介入调查此事。详见：
[0.6293337345123291, 0.5248672962188721, 0.4451444447040558, 0.31527048349380493, 0.6162700653076172]
[0.385852575302124, 0.5593848824501038, 0.45914506912231445, 0.2989233136177063, 0.4251597821712494]
[0.4392833709716797, 0.5409708619117737, 0.45669129490852356, 0.31335559487342834, 0.4890255331993103]
[0.497475266456604, 0.5832428336143494, 0.4273175299167633, 0.28507834672927856, 0.5461991429328918]
[0.5183146595954895, 0.5739473700523376, 0.46435585618019104, 0.32338255643844604, 0.5316412448883057]
[0.5255082845687866, 0.5412834882736206, 0.4428866505622864, 0.28720948100090027, 0.5302759408950806]
[0.45764535665512085, 0.5417094230651855, 0.4991087019443512, 0.3705337941646576, 0.5002636909484863]
[0.37565821409225464, 0.5618774890899658, 0.4841512441635132, 0.3225780427455902, 0.43847498297691345]
[0.4348864257335663, 0.5367059707641602, 0.4650576710700989, 0.32751786708831787, 0.4750976860523224]
[0.48338040709495544, 0.5314469933509827, 0.4729374945163727, 0.4003129005432129, 0.5133918523788452]
[0.42673221230506897, 0.5352290868759155, 0.5068510174751282, 0.34625181555747986, 0.45087844133377075]
[0.5459145307540894, 0.5744597911834717, 0.42316970229148865, 0.29752451181411743, 0.5347321033477783]
[0.5007604360580444, 0.5792070627212524, 0.4277983009815216, 0.27511346340179443, 0.4931904971599579]
[0.561774730682373, 0.5744144320487976, 0.40755319595336914, 0.2582428455352783, 0.5656298398971558]
[0.5143769383430481, 0.5764187574386597, 0.43634387850761414, 0.30894017219543457, 0.5453969240188599]
[0.46651947498321533, 0.5177295207977295, 0.44848084449768066, 0.33901944756507874, 0.45415225625038147]
[0.5613232851028442, 0.5338002443313599, 0.42352041602134705, 0.29699060320854187, 0.5385189056396484]
[0.6161854267120361, 0.5381802320480347, 0.403155118227005, 0.2554873824119568, 0.6046461462974548]
[0.4545988142490387, 0.5738227963447571, 0.44342073798179626, 0.3117406964302063, 0.4793517589569092]
[0.4973869025707245, 0.5224752426147461, 0.5026240944862366, 0.3876636028289795, 0.49192240834236145]
[0.46397578716278076, 0.5516935586929321, 0.4604935348033905, 0.31919267773628235, 0.48265528678894043]
[0.3602803647518158, 0.5526259541511536, 0.44073450565338135, 0.2737150192260742, 0.4453480541706085]
[0.5131025314331055, 0.5677923560142517, 0.4270167946815491, 0.30017927289009094, 0.5220810174942017]
[0.5737101435661316, 0.5665992498397827, 0.3894682228565216, 0.2607787847518921, 0.5704213976860046]
[0.4909176230430603, 0.5441032648086548, 0.44577091932296753, 0.30334529280662537, 0.5033911466598511]
[0.4622134268283844, 0.5798273086547852, 0.4187106490135193, 0.29893940687179565, 0.5038982033729553]
[0.4761180579662323, 0.5467545986175537, 0.46293365955352783, 0.31845855712890625, 0.47824037075042725]
[0.3558576703071594, 0.5147984027862549, 0.5306091904640198, 0.5237213969230652, 0.464679092168808]
[0.5244774222373962, 0.5462886691093445, 0.43235182762145996, 0.2950054407119751, 0.5506436824798584]
[0.48359230160713196, 0.5927678942680359, 0.43945881724357605, 0.2975825071334839, 0.5169289112091064]
[0.5449565052986145, 0.5861325860023499, 0.4129107892513275, 0.27066612243652344, 0.5593444108963013]
[0.4290376603603363, 0.561511754989624, 0.4673008322715759, 0.285514771938324, 0.4686959683895111]
[0.48250433802604675, 0.5800290703773499, 0.44617170095443726, 0.3084857165813446, 0.5241666436195374]
[0.47303083539009094, 0.5510835647583008, 0.48452451825141907, 0.376633882522583, 0.4939212203025818]
[0.5070122480392456, 0.5792533755302429, 0.4236959218978882, 0.2830761671066284, 0.5183866620063782]
[0.49584677815437317, 0.5770876407623291, 0.4346016049385071, 0.31077149510383606, 0.5018018484115601]
[0.485829621553421, 0.5706530809402466, 0.44201022386550903, 0.2981574535369873, 0.5259535908699036]
[0.4180242121219635, 0.5294454097747803, 0.4737998843193054, 0.33044499158859253, 0.46790632605552673]
[0.5089619755744934, 0.5892454385757446, 0.4332291781902313, 0.27447354793548584, 0.5481723546981812]
[0.5216830968856812, 0.5473338961601257, 0.4621940851211548, 0.35281795263290405, 0.5353615880012512]
[0.5178880095481873, 0.5759865641593933, 0.4323301315307617, 0.3060143291950226, 0.5199153423309326]
[0.525038480758667, 0.5589916706085205, 0.4330538511276245, 0.2942861318588257, 0.5032563805580139]
[0.3637891411781311, 0.5297481417655945, 0.48586606979370117, 0.374559223651886, 0.44013887643814087]
[0.5071349740028381, 0.5699694752693176, 0.4284193217754364, 0.3000165820121765, 0.5434038043022156]
[0.5376940369606018, 0.518247663974762, 0.46966028213500977, 0.3230087161064148, 0.5278143286705017]
[0.5030109286308289, 0.5466602444648743, 0.4657737612724304, 0.32553842663764954, 0.5504618287086487]
[0.5037397742271423, 0.5443540215492249, 0.44536489248275757, 0.31443867087364197, 0.5370240211486816]
[0.5036309361457825, 0.5642091035842896, 0.4140823483467102, 0.28512704372406006, 0.5017557144165039]
[0.5005472898483276, 0.5297698378562927, 0.538162112236023, 0.44763079285621643, 0.5279422402381897]
[0.5269669890403748, 0.5656949877738953, 0.45265641808509827, 0.32212674617767334, 0.5391305088996887]
[0.5315884947776794, 0.571410059928894, 0.43609243631362915, 0.28579503297805786, 0.5223734974861145]
[0.5268256068229675, 0.5746464133262634, 0.4254933297634125, 0.2885204553604126, 0.5515409708023071]
[0.48009249567985535, 0.5610357522964478, 0.43447837233543396, 0.2981138229370117, 0.45337551832199097]
[0.47475114464759827, 0.5634138584136963, 0.4631097614765167, 0.32637351751327515, 0.49263983964920044]
[0.4878222942352295, 0.541919469833374, 0.45269516110420227, 0.32932010293006897, 0.46084222197532654]
[0.542765736579895, 0.5792903304100037, 0.4192064106464386, 0.2662433385848999, 0.5475742220878601]
[0.48647576570510864, 0.5881346464157104, 0.46591609716415405, 0.31597697734832764, 0.5290314555168152]
[0.5616822242736816, 0.546103835105896, 0.423505038022995, 0.29920461773872375, 0.542955756187439]
[0.5087499022483826, 0.5536339282989502, 0.46998220682144165, 0.2877115309238434, 0.4906329810619354]
[0.48674917221069336, 0.5678871870040894, 0.4554966688156128, 0.2854531705379486, 0.5309616923332214]
[0.4879169762134552, 0.5390505790710449, 0.44610312581062317, 0.3360581398010254, 0.4934520721435547]
[0.525470495223999, 0.5755836367607117, 0.4498538374900818, 0.29797229170799255, 0.5107759833335876]
[0.46081113815307617, 0.5281240344047546, 0.48121073842048645, 0.3571881353855133, 0.5113316178321838]
[0.48328012228012085, 0.5763663649559021, 0.4362577199935913, 0.3120531439781189, 0.4942992329597473]
[0.46765759587287903, 0.5091676115989685, 0.5149683356285095, 0.40993085503578186, 0.49044185876846313]
[0.4870661497116089, 0.5938290357589722, 0.43140196800231934, 0.2732129395008087, 0.5099448561668396]
[0.5070725679397583, 0.5795678496360779, 0.4309682846069336, 0.25872695446014404, 0.538472592830658]
[0.4865829348564148, 0.5725595951080322, 0.4683622717857361, 0.2981255054473877, 0.5125344395637512]
[0.3906097412109375, 0.5435389876365662, 0.47085702419281006, 0.3291787803173065, 0.45183271169662476]
[0.49940526485443115, 0.5373411178588867, 0.43281441926956177, 0.2890668213367462, 0.4838467538356781]
[0.531738817691803, 0.5538452863693237, 0.4766397476196289, 0.31249046325683594, 0.5261939167976379]
[0.45969438552856445, 0.5644997358322144, 0.4374440014362335, 0.3188672363758087, 0.489366739988327]
[0.43928033113479614, 0.5755216479301453, 0.43812182545661926, 0.28464990854263306, 0.4676651954650879]
[0.452953577041626, 0.5763936042785645, 0.45897606015205383, 0.29416728019714355, 0.4766490161418915]
[0.4892270565032959, 0.5399417281150818, 0.4778466820716858, 0.3083895444869995, 0.4940534234046936]
[0.4539836049079895, 0.542773425579071, 0.440950870513916, 0.27368777990341187, 0.47150373458862305]
[0.58179771900177, 0.5900912880897522, 0.40808814764022827, 0.2534189522266388, 0.5842033624649048]
[0.5756714344024658, 0.5849572420120239, 0.41363781690597534, 0.27317771315574646, 0.5806744694709778]
[0.5185380578041077, 0.5605754256248474, 0.43314096331596375, 0.2760089933872223, 0.5540733337402344]
[0.5364641547203064, 0.5601869821548462, 0.4564664363861084, 0.30107206106185913, 0.5113804340362549]
[0.4524310231208801, 0.5386983156204224, 0.47322598099708557, 0.34138795733451843, 0.4817097783088684]
[0.5147260427474976, 0.5399094223976135, 0.4351555407047272, 0.2860059142112732, 0.5368920564651489]
[0.5515748262405396, 0.577119767665863, 0.43607616424560547, 0.2435380071401596, 0.5775657892227173]
[0.48984578251838684, 0.5393003225326538, 0.4374816417694092, 0.3298191726207733, 0.47745025157928467]
[0.48515784740448, 0.5670157074928284, 0.4613226354122162, 0.3048955500125885, 0.5230498909950256]
[0.41484203934669495, 0.5164930820465088, 0.5526488423347473, 0.47546735405921936, 0.45070600509643555]
[0.5376157760620117, 0.5709975957870483, 0.417928546667099, 0.2624233365058899, 0.5303813219070435]
[0.5394020080566406, 0.5858519673347473, 0.42014506459236145, 0.2530825734138489, 0.5491648316383362]
[0.5048714280128479, 0.5640780329704285, 0.43619316816329956, 0.31672659516334534, 0.5323328971862793]
[0.47134414315223694, 0.5611825585365295, 0.45208629965782166, 0.2962620258331299, 0.514234185218811]
[0.4783634841442108, 0.5523458123207092, 0.4961529076099396, 0.39301353693008423, 0.48772570490837097]
[0.47986266016960144, 0.5880082249641418, 0.4293723404407501, 0.2743452191352844, 0.5044422149658203]
[0.4964630603790283, 0.5885696411132812, 0.42569413781166077, 0.2565181255340576, 0.5242477655410767]
[0.42567434906959534, 0.5209054350852966, 0.4764125347137451, 0.3668125867843628, 0.4479609429836273]
[0.5276955962181091, 0.5662010312080383, 0.45517927408218384, 0.32970038056373596, 0.5287861824035645]
[0.4762764275074005, 0.5477064847946167, 0.4141033887863159, 0.2662546932697296, 0.5201097130775452]
[0.5105337500572205, 0.5298491716384888, 0.44804325699806213, 0.3434818387031555, 0.49396416544914246]
[0.43575698137283325, 0.5204245448112488, 0.4817751944065094, 0.34169328212738037, 0.46593379974365234]
[0.3857479691505432, 0.5633725523948669, 0.45447102189064026, 0.3410700857639313, 0.44333288073539734]
[0.5285618305206299, 0.5515275001525879, 0.4219229817390442, 0.29425740242004395, 0.5608915090560913]
[0.5016812086105347, 0.5457128882408142, 0.44021135568618774, 0.30406060814857483, 0.4959865212440491]
