0
【紧急寻人！云南男孩被车撞后遭抱走】18日早，师宗县9岁男孩刘望上学途中被撞，车上男子将其抱走逃跑至今下落不明。刘望高1.3米，穿绿上衣、蓝牛仔裤、黑色旅游鞋。肇事车为浅色面包，前挡风玻璃有蛛网状裂痕。如有线索请联系0874- 5756994。早一点找到就多一分希望，扩！
[0.5231643915176392, 0.540353536605835, 0.4936096668243408, 0.3588525950908661, 0.5581612586975098]
[0.5354865789413452, 0.5888907313346863, 0.41922876238822937, 0.2605830132961273, 0.5253303050994873]
[0.5608706474304199, 0.5921117663383484, 0.4097330868244171, 0.24906928837299347, 0.5580546855926514]
[0.5832794308662415, 0.5465051531791687, 0.45640575885772705, 0.2979411780834198, 0.5452348589897156]
[0.4559313952922821, 0.5762705206871033, 0.4304424226284027, 0.2840439975261688, 0.49658888578414917]
[0.4174230992794037, 0.546465277671814, 0.4548833668231964, 0.32368239760398865, 0.4635792672634125]
[0.48564857244491577, 0.5850051641464233, 0.43568891286849976, 0.2892528772354126, 0.5024670958518982]
[0.3474690616130829, 0.5694479942321777, 0.47022852301597595, 0.2912043333053589, 0.4598521888256073]
[0.44964703917503357, 0.583727240562439, 0.4285126328468323, 0.2945486307144165, 0.48907211422920227]
[0.5509173274040222, 0.5845791697502136, 0.3955498933792114, 0.2668468654155731, 0.550653338432312]
[0.3601253628730774, 0.5588699579238892, 0.4370354115962982, 0.2802875339984894, 0.4537184536457062]
[0.44399288296699524, 0.5816325545310974, 0.4424910545349121, 0.308303564786911, 0.49348074197769165]
[0.5702311396598816, 0.5370484590530396, 0.4023127257823944, 0.26598018407821655, 0.5757904648780823]
[0.5588693618774414, 0.5913648009300232, 0.4150678813457489, 0.25538986921310425, 0.5496917366981506]
[0.5179142355918884, 0.567655622959137, 0.4254571795463562, 0.3069266080856323, 0.5301263332366943]
[0.4734898805618286, 0.5709275603294373, 0.4489007294178009, 0.3239486813545227, 0.5062351822853088]
[0.5163087844848633, 0.598210334777832, 0.40430665016174316, 0.26736363768577576, 0.5343700647354126]
[0.489305704832077, 0.5514301061630249, 0.44517967104911804, 0.2984921932220459, 0.5320819020271301]
[0.5156879425048828, 0.5876377820968628, 0.4318605661392212, 0.3125048577785492, 0.5247795581817627]
[0.5734205842018127, 0.5836486220359802, 0.40670958161354065, 0.24612386524677277, 0.5672005414962769]
[0.3474690616130829, 0.5694479942321777, 0.47022852301597595, 0.2912043333053589, 0.4598521888256073]
[0.6020903587341309, 0.5794304013252258, 0.37144964933395386, 0.23468290269374847, 0.6013894081115723]
[0.4282061457633972, 0.5702860355377197, 0.449737548828125, 0.29913008213043213, 0.49331438541412354]
[0.45788174867630005, 0.5771008133888245, 0.4551222622394562, 0.32447561621665955, 0.4977216124534607]
[0.5325873494148254, 0.5880876183509827, 0.42129048705101013, 0.2533036768436432, 0.5475322008132935]
[0.494205117225647, 0.559859573841095, 0.44407138228416443, 0.2972237467765808, 0.5424990653991699]
[0.5314932465553284, 0.530105710029602, 0.4280603528022766, 0.29017460346221924, 0.5394814610481262]
[0.5009185671806335, 0.5916858315467834, 0.42101648449897766, 0.295243501663208, 0.5353508591651917]
[0.5070725679397583, 0.5795678496360779, 0.4309682846069336, 0.25872695446014404, 0.538472592830658]
[0.474835067987442, 0.585129976272583, 0.43568482995033264, 0.2900458872318268, 0.5095977187156677]
[0.5106151103973389, 0.576516330242157, 0.4266345202922821, 0.2877594530582428, 0.5128627419471741]
[0.36768266558647156, 0.5553683042526245, 0.44645723700523376, 0.2846674919128418, 0.45567676424980164]
[0.5166460871696472, 0.559660792350769, 0.42790037393569946, 0.307792991399765, 0.510577917098999]
[0.36768266558647156, 0.5553683042526245, 0.44645723700523376, 0.2846674919128418, 0.45567676424980164]
[0.5270827412605286, 0.5967831015586853, 0.41281893849372864, 0.26888126134872437, 0.5519604086875916]
[0.5031642913818359, 0.5722072124481201, 0.43389999866485596, 0.3038402795791626, 0.5306279063224792]
[0.3474690616130829, 0.5694479942321777, 0.47022852301597595, 0.2912043333053589, 0.4598521888256073]
[0.3525565266609192, 0.5549966096878052, 0.4557444751262665, 0.29298844933509827, 0.43208077549934387]
[0.3601253628730774, 0.5588699579238892, 0.4370354115962982, 0.2802875339984894, 0.4537184536457062]
[0.49819183349609375, 0.5695810914039612, 0.4092336595058441, 0.28381651639938354, 0.5330636501312256]
[0.4070596992969513, 0.5746929049491882, 0.41853633522987366, 0.28607577085494995, 0.4860132336616516]
[0.5723329782485962, 0.5901384353637695, 0.41764017939567566, 0.2559628486633301, 0.5722815990447998]
[0.3797011375427246, 0.5576049089431763, 0.4427049160003662, 0.3018699884414673, 0.4630216062068939]
[0.4863869547843933, 0.5790018439292908, 0.44374626874923706, 0.31474384665489197, 0.5189319849014282]
[0.5332876443862915, 0.5591375231742859, 0.4699951112270355, 0.2827857434749603, 0.518941342830658]
[0.5332876443862915, 0.5591375231742859, 0.4699951112270355, 0.2827857434749603, 0.518941342830658]
[0.4997303783893585, 0.5699273943901062, 0.433017373085022, 0.2797869145870209, 0.528606653213501]
[0.549691379070282, 0.5871497988700867, 0.4130420386791229, 0.26551756262779236, 0.5281603336334229]
[0.49588915705680847, 0.5783502459526062, 0.4457451403141022, 0.2831513583660126, 0.5494496822357178]
[0.5593857765197754, 0.5214536190032959, 0.4442901313304901, 0.33001673221588135, 0.5508365035057068]
[0.3879772424697876, 0.5630448460578918, 0.4463376998901367, 0.29952916502952576, 0.45687445998191833]
[0.4737333059310913, 0.6044455170631409, 0.43854159116744995, 0.27192071080207825, 0.49753108620643616]
[0.5222663283348083, 0.5943982005119324, 0.4214465022087097, 0.2867927551269531, 0.5376396179199219]
[0.5285942554473877, 0.5823128819465637, 0.44323787093162537, 0.2928180396556854, 0.538156270980835]
[0.4922908842563629, 0.5367116928100586, 0.4725935459136963, 0.37186965346336365, 0.5367947220802307]
[0.537398636341095, 0.5656827688217163, 0.42720285058021545, 0.28656205534935, 0.5369135737419128]
[0.4700470268726349, 0.5368973612785339, 0.47308146953582764, 0.3448178172111511, 0.49873974919319153]
[0.5404128432273865, 0.5823633670806885, 0.4184034764766693, 0.2794688045978546, 0.539771318435669]
[0.5178646445274353, 0.5306439995765686, 0.4774562418460846, 0.306146502494812, 0.49689021706581116]
[0.5185332298278809, 0.5979981422424316, 0.4238531291484833, 0.2804935872554779, 0.5281396508216858]
[0.4480794370174408, 0.5184909105300903, 0.48015064001083374, 0.38744303584098816, 0.4905134439468384]
[0.5005142688751221, 0.5843270421028137, 0.4407249093055725, 0.26805004477500916, 0.530113697052002]
[0.3861103653907776, 0.5626804232597351, 0.42905399203300476, 0.2910979092121124, 0.48848703503608704]
[0.49819183349609375, 0.5695810914039612, 0.4092336595058441, 0.28381651639938354, 0.5330636501312256]
[0.5330262780189514, 0.5172125697135925, 0.4985070824623108, 0.34269899129867554, 0.5197613835334778]
[0.48481979966163635, 0.5930529832839966, 0.42546895146369934, 0.27266812324523926, 0.5225622057914734]
[0.49363231658935547, 0.5356018543243408, 0.47697246074676514, 0.3715130090713501, 0.5253235697746277]
