0
#正能量#你一个小小的举动，却能温暖整个寒冬！转！
[0.520187258720398, 0.5683405995368958, 0.41312307119369507, 0.28544530272483826, 0.5484159588813782]
[0.4692370593547821, 0.5453001260757446, 0.4446927607059479, 0.2781904339790344, 0.4961598813533783]
[0.4798007607460022, 0.5646970272064209, 0.44617000222206116, 0.31970125436782837, 0.5200119614601135]
[0.5433148741722107, 0.5731631517410278, 0.4248568117618561, 0.27773746848106384, 0.5443516373634338]
[0.46802276372909546, 0.5785555839538574, 0.445696085691452, 0.29950621724128723, 0.4952661991119385]
[0.4027559757232666, 0.5530020594596863, 0.510897696018219, 0.37878236174583435, 0.4701039493083954]
[0.5027384757995605, 0.5686714053153992, 0.43696093559265137, 0.3083105981349945, 0.520734429359436]
[0.4330655038356781, 0.5456937551498413, 0.4607422649860382, 0.35666435956954956, 0.45242050290107727]
[0.5082975029945374, 0.5795257687568665, 0.40943408012390137, 0.2597498893737793, 0.5453384518623352]
[0.5195263028144836, 0.5987675189971924, 0.4324871897697449, 0.2740366756916046, 0.5549894571304321]
[0.5583892464637756, 0.5943871736526489, 0.4324738085269928, 0.250506192445755, 0.556086003780365]
[0.49819183349609375, 0.5695810914039612, 0.4092336595058441, 0.28381651639938354, 0.5330636501312256]
[0.4145800471305847, 0.5602164268493652, 0.4270014762878418, 0.2625711262226105, 0.4717119336128235]
[0.5316799879074097, 0.5888776183128357, 0.4543708860874176, 0.27080395817756653, 0.5338685512542725]
[0.4844520092010498, 0.5939132571220398, 0.41432738304138184, 0.2883051037788391, 0.5358394384384155]
[0.5367752909660339, 0.5699688792228699, 0.41486480832099915, 0.3049076795578003, 0.5359388589859009]
[0.5378478765487671, 0.5761298537254333, 0.4200134575366974, 0.25968137383461, 0.557414174079895]
[0.5070725679397583, 0.5795678496360779, 0.4309682846069336, 0.25872695446014404, 0.538472592830658]
[0.4145800471305847, 0.5602164268493652, 0.4270014762878418, 0.2625711262226105, 0.4717119336128235]
[0.5294768810272217, 0.5923122763633728, 0.43780234456062317, 0.2881370782852173, 0.5433681607246399]
[0.5535418391227722, 0.5951646566390991, 0.4027711749076843, 0.2501104176044464, 0.5523548126220703]
[0.4364919066429138, 0.5653693675994873, 0.451999306678772, 0.31646594405174255, 0.5041018724441528]
[0.4399811327457428, 0.5457596182823181, 0.47948092222213745, 0.35048210620880127, 0.5004896521568298]
[0.4440681040287018, 0.566257655620575, 0.442073255777359, 0.297995924949646, 0.4919447898864746]
[0.47712355852127075, 0.5701696276664734, 0.41728198528289795, 0.2949299216270447, 0.5134920477867126]
[0.43374690413475037, 0.5783661603927612, 0.4657958149909973, 0.3085966110229492, 0.5145147442817688]
[0.473250150680542, 0.5657575130462646, 0.45126959681510925, 0.3339608609676361, 0.490960955619812]
[0.3899065852165222, 0.5645803213119507, 0.49320730566978455, 0.3487553894519806, 0.4730719327926636]
[0.4211938679218292, 0.5528941750526428, 0.47720450162887573, 0.29781603813171387, 0.47901487350463867]
[0.45029333233833313, 0.5584526658058167, 0.4789324998855591, 0.3660057783126831, 0.5180480480194092]
[0.5448194742202759, 0.5362048745155334, 0.43851107358932495, 0.2956688702106476, 0.5491417646408081]
[0.5203284025192261, 0.582466185092926, 0.42065998911857605, 0.25461116433143616, 0.5670948028564453]
[0.3334803581237793, 0.5446568131446838, 0.4419358968734741, 0.29200583696365356, 0.43217208981513977]
[0.3803441822528839, 0.5579501986503601, 0.46433091163635254, 0.3714715838432312, 0.44854509830474854]
[0.5378478765487671, 0.5761298537254333, 0.4200134575366974, 0.25968137383461, 0.557414174079895]
[0.5583892464637756, 0.5943871736526489, 0.4324738085269928, 0.250506192445755, 0.556086003780365]
[0.4145800471305847, 0.5602164268493652, 0.4270014762878418, 0.2625711262226105, 0.4717119336128235]
[0.5495262145996094, 0.5861809253692627, 0.3987780809402466, 0.26299723982810974, 0.5842770934104919]
[0.5368108749389648, 0.5879858136177063, 0.431243360042572, 0.2799631655216217, 0.561093807220459]
[0.5129821300506592, 0.5764148235321045, 0.4331108033657074, 0.2714290916919708, 0.5527626872062683]
[0.47864609956741333, 0.5735393762588501, 0.42933380603790283, 0.25606346130371094, 0.5132114887237549]
[0.3746679127216339, 0.5524670481681824, 0.4673719108104706, 0.3326139748096466, 0.4649081826210022]
[0.48048341274261475, 0.5722979307174683, 0.45658162236213684, 0.31410136818885803, 0.49689847230911255]
[0.54131680727005, 0.5843005776405334, 0.41735464334487915, 0.24754029512405396, 0.554028332233429]
[0.5378478765487671, 0.5761298537254333, 0.4200134575366974, 0.25968137383461, 0.557414174079895]
[0.5296415686607361, 0.5607366561889648, 0.4129708707332611, 0.2653215527534485, 0.5422697067260742]
[0.521990954875946, 0.5868485569953918, 0.42934343218803406, 0.2728523910045624, 0.5496365427970886]
[0.4887058138847351, 0.5865228176116943, 0.4211687445640564, 0.2740577757358551, 0.5035997629165649]
[0.5518101453781128, 0.5722728371620178, 0.42272093892097473, 0.270612895488739, 0.5635270476341248]
[0.49636098742485046, 0.5854657888412476, 0.4161541163921356, 0.26875558495521545, 0.5231732726097107]
[0.5091068148612976, 0.5467609167098999, 0.4274670481681824, 0.2917685806751251, 0.5003347396850586]
[0.3717663288116455, 0.5591752529144287, 0.44442230463027954, 0.2877909243106842, 0.4457230567932129]
[0.518866240978241, 0.5538657307624817, 0.44092774391174316, 0.29708993434906006, 0.5266479849815369]
[0.5583892464637756, 0.5943871736526489, 0.4324738085269928, 0.250506192445755, 0.556086003780365]
[0.36300885677337646, 0.5377577543258667, 0.473076730966568, 0.33899030089378357, 0.435236394405365]
[0.5660655498504639, 0.5909094214439392, 0.41962847113609314, 0.26158151030540466, 0.5609385371208191]
[0.47272926568984985, 0.5713594555854797, 0.43421149253845215, 0.2672536373138428, 0.5072406530380249]
[0.49182388186454773, 0.5709145665168762, 0.4422948360443115, 0.2785445749759674, 0.5321567058563232]
[0.4947105646133423, 0.5715629458427429, 0.43411189317703247, 0.3291573226451874, 0.5251333713531494]
[0.4188813269138336, 0.5375255942344666, 0.4769747257232666, 0.34183797240257263, 0.47336408495903015]
[0.42708486318588257, 0.5726112127304077, 0.45371362566947937, 0.35760611295700073, 0.503895103931427]
[0.4145800471305847, 0.5602164268493652, 0.4270014762878418, 0.2625711262226105, 0.4717119336128235]
[0.511255145072937, 0.5555015802383423, 0.44553065299987793, 0.29960352182388306, 0.5322266817092896]
[0.48787957429885864, 0.5812252759933472, 0.4274020493030548, 0.29153677821159363, 0.5211269855499268]
[0.32576650381088257, 0.5199792385101318, 0.5136083364486694, 0.4591312110424042, 0.43184277415275574]
