0
这摇头的节奏竟然和《Uptown Funk》这么搭，萌了我一脸！
[0.5438475012779236, 0.5477076172828674, 0.42285048961639404, 0.295622318983078, 0.5401568412780762]
[0.42248040437698364, 0.5603103637695312, 0.46357426047325134, 0.3104502260684967, 0.4917961359024048]
[0.436608225107193, 0.5342445373535156, 0.45731720328330994, 0.35024479031562805, 0.49256670475006104]
[0.5070725679397583, 0.5795678496360779, 0.4309682846069336, 0.25872695446014404, 0.538472592830658]
[0.4919798672199249, 0.5748646259307861, 0.4381832480430603, 0.283725380897522, 0.49894264340400696]
[0.4929582178592682, 0.5626319646835327, 0.42114320397377014, 0.2710278630256653, 0.5096142888069153]
[0.5561572909355164, 0.5937171578407288, 0.41795048117637634, 0.2560843825340271, 0.5541695356369019]
[0.449567049741745, 0.5470989942550659, 0.4863308370113373, 0.35966137051582336, 0.4808989465236664]
[0.5354865789413452, 0.5888907313346863, 0.41922876238822937, 0.2605830132961273, 0.5253303050994873]
[0.5603848695755005, 0.5348739624023438, 0.42829734086990356, 0.2840532660484314, 0.5817788243293762]
[0.6000707149505615, 0.5337573289871216, 0.47871658205986023, 0.3712497651576996, 0.5988777875900269]
[0.5070725679397583, 0.5795678496360779, 0.4309682846069336, 0.25872695446014404, 0.538472592830658]
[0.4869285225868225, 0.5911471247673035, 0.41898125410079956, 0.28422290086746216, 0.5259705781936646]
[0.4340311288833618, 0.5183870792388916, 0.4590637683868408, 0.31639671325683594, 0.47136810421943665]
[0.48379552364349365, 0.5937032699584961, 0.41920071840286255, 0.2830924987792969, 0.4925927221775055]
[0.4365001618862152, 0.560985267162323, 0.4606035649776459, 0.29832586646080017, 0.47634580731391907]
[0.5023077130317688, 0.5214571356773376, 0.44374820590019226, 0.3217093348503113, 0.5447909235954285]
[0.4455414116382599, 0.5582684874534607, 0.43604764342308044, 0.2936370372772217, 0.49480316042900085]
[0.5070725679397583, 0.5795678496360779, 0.4309682846069336, 0.25872695446014404, 0.538472592830658]
[0.4119884967803955, 0.5388997793197632, 0.46824777126312256, 0.31152838468551636, 0.44365793466567993]
[0.5560024976730347, 0.5935279130935669, 0.41596969962120056, 0.2570136487483978, 0.5727675557136536]
[0.5373417735099792, 0.5879915952682495, 0.4212911128997803, 0.281441330909729, 0.5567320585250854]
[0.49920210242271423, 0.5861404538154602, 0.420544296503067, 0.2671198844909668, 0.5429153442382812]
[0.4721069633960724, 0.5600392818450928, 0.4487696588039398, 0.3133368492126465, 0.5325683951377869]
[0.5070725679397583, 0.5795678496360779, 0.4309682846069336, 0.25872695446014404, 0.538472592830658]
[0.5415754914283752, 0.5867705345153809, 0.4200650453567505, 0.2699512541294098, 0.5649509429931641]
[0.46249863505363464, 0.5723034739494324, 0.45185136795043945, 0.33158397674560547, 0.48571330308914185]
[0.5015744566917419, 0.5599504113197327, 0.4340399205684662, 0.2956404387950897, 0.5097926259040833]
[0.5265613794326782, 0.573172926902771, 0.43413063883781433, 0.28162363171577454, 0.5576798319816589]
[0.3778814375400543, 0.5375016331672668, 0.4723794162273407, 0.38381505012512207, 0.4741547703742981]
[0.4387655556201935, 0.5445433855056763, 0.46823740005493164, 0.35730594396591187, 0.49179279804229736]
[0.4514324963092804, 0.5575992465019226, 0.45350131392478943, 0.340752512216568, 0.48385897278785706]
[0.5367856025695801, 0.5750685930252075, 0.4232664704322815, 0.27289608120918274, 0.560652494430542]
[0.37285947799682617, 0.5435768961906433, 0.4677126109600067, 0.37883126735687256, 0.4639810621738434]
[0.494396835565567, 0.5638185739517212, 0.42650458216667175, 0.296255499124527, 0.5147783756256104]
[0.46737587451934814, 0.5485805869102478, 0.4542314410209656, 0.27946075797080994, 0.48861950635910034]
[0.4514324963092804, 0.5575992465019226, 0.45350131392478943, 0.340752512216568, 0.48385897278785706]
[0.5637362003326416, 0.6022608876228333, 0.4111192226409912, 0.2667543888092041, 0.5624533295631409]
[0.4514324963092804, 0.5575992465019226, 0.45350131392478943, 0.340752512216568, 0.48385897278785706]
[0.4788174033164978, 0.5536462664604187, 0.42193594574928284, 0.28979742527008057, 0.4875134527683258]
[0.4998144507408142, 0.6037166714668274, 0.442720890045166, 0.28468871116638184, 0.5073404312133789]
[0.4805240333080292, 0.5680084824562073, 0.4422001242637634, 0.290121465921402, 0.5195369720458984]
[0.4514324963092804, 0.5575992465019226, 0.45350131392478943, 0.340752512216568, 0.48385897278785706]
[0.5070725679397583, 0.5795678496360779, 0.4309682846069336, 0.25872695446014404, 0.538472592830658]
[0.5512261390686035, 0.5829716920852661, 0.4285249412059784, 0.2811618149280548, 0.5435426831245422]
[0.48183673620224, 0.5572273135185242, 0.44337284564971924, 0.28780850768089294, 0.5156400799751282]
[0.5634029507637024, 0.5783467292785645, 0.39400532841682434, 0.27352380752563477, 0.574043333530426]
[0.4432685077190399, 0.5411084294319153, 0.4624573290348053, 0.36314210295677185, 0.47365519404411316]
[0.560238242149353, 0.48941662907600403, 0.4998948276042938, 0.39080438017845154, 0.579896867275238]
[0.4897272288799286, 0.582029402256012, 0.43800923228263855, 0.2690584659576416, 0.5075291991233826]
[0.47225648164749146, 0.5788601040840149, 0.4387167990207672, 0.3054124414920807, 0.5088079571723938]
[0.5225769877433777, 0.5699021816253662, 0.4258110821247101, 0.2680199444293976, 0.5564171075820923]
[0.544809877872467, 0.5484604239463806, 0.44050928950309753, 0.2921909987926483, 0.5373240113258362]
[0.5354865789413452, 0.5888907313346863, 0.41922876238822937, 0.2605830132961273, 0.5253303050994873]
[0.5530514717102051, 0.5887817740440369, 0.4218890368938446, 0.27804505825042725, 0.565109372138977]
[0.4933360815048218, 0.5730819702148438, 0.4358959197998047, 0.2647401988506317, 0.5211486220359802]
[0.4844491481781006, 0.5676985383033752, 0.44657188653945923, 0.3024800419807434, 0.5323055982589722]
[0.4907844066619873, 0.5775863528251648, 0.43462011218070984, 0.2805531919002533, 0.5128400921821594]
[0.5502887964248657, 0.586197018623352, 0.4208514094352722, 0.25604450702667236, 0.5656148791313171]
[0.5091650485992432, 0.5442712306976318, 0.4441213309764862, 0.31472617387771606, 0.5270963311195374]
[0.5070725679397583, 0.5795678496360779, 0.4309682846069336, 0.25872695446014404, 0.538472592830658]
