0
把目光放在别处，洒脱还给自己，做想做的事情，去想去的远方。
[0.5083840489387512, 0.5774627327919006, 0.4144681394100189, 0.24653999507427216, 0.5689366459846497]
[0.557774007320404, 0.560293972492218, 0.40554556250572205, 0.24360322952270508, 0.5875866413116455]
[0.49819183349609375, 0.5695810914039612, 0.4092336595058441, 0.28381651639938354, 0.5330636501312256]
[0.535548985004425, 0.5743044018745422, 0.4219232201576233, 0.27131181955337524, 0.5345061421394348]
[0.5070725679397583, 0.5795678496360779, 0.4309682846069336, 0.25872695446014404, 0.538472592830658]
[0.39826467633247375, 0.5704476237297058, 0.4584742486476898, 0.30211958289146423, 0.4483298361301422]
[0.5070725679397583, 0.5795678496360779, 0.4309682846069336, 0.25872695446014404, 0.538472592830658]
[0.49819183349609375, 0.5695810914039612, 0.4092336595058441, 0.28381651639938354, 0.5330636501312256]
[0.41070032119750977, 0.5388641357421875, 0.4656260907649994, 0.32128316164016724, 0.4934217035770416]
[0.4917965829372406, 0.5642513632774353, 0.44473153352737427, 0.292820006608963, 0.504958987236023]
[0.5073113441467285, 0.580120325088501, 0.38755178451538086, 0.26329270005226135, 0.5479506850242615]
[0.49760493636131287, 0.5635151863098145, 0.43663904070854187, 0.30219319462776184, 0.5256837010383606]
[0.5187511444091797, 0.5657637715339661, 0.4381132125854492, 0.2819228768348694, 0.518878698348999]
[0.5083840489387512, 0.5774627327919006, 0.4144681394100189, 0.24653999507427216, 0.5689366459846497]
[0.40772414207458496, 0.5664278268814087, 0.4710724651813507, 0.32825523614883423, 0.487988144159317]
[0.5620900988578796, 0.5942291021347046, 0.419325053691864, 0.2666260004043579, 0.5534039735794067]
[0.46969982981681824, 0.5714078545570374, 0.4419243633747101, 0.30313339829444885, 0.49431753158569336]
[0.4721389412879944, 0.5775165557861328, 0.4464953541755676, 0.32464244961738586, 0.5221022367477417]
[0.3635256588459015, 0.5306777358055115, 0.5637244582176208, 0.5919920802116394, 0.4267222583293915]
[0.5620900988578796, 0.5942291021347046, 0.419325053691864, 0.2666260004043579, 0.5534039735794067]
[0.4759240746498108, 0.5726789236068726, 0.42013370990753174, 0.25953879952430725, 0.5536565184593201]
[0.4421561658382416, 0.5458821654319763, 0.4662662744522095, 0.34282442927360535, 0.4641510248184204]
[0.6257264614105225, 0.5160449147224426, 0.44227534532546997, 0.30446532368659973, 0.5821353793144226]
[0.48743295669555664, 0.5859113931655884, 0.43162333965301514, 0.2792415916919708, 0.5262221097946167]
