0
【迷茫时看的八句话】①先处理心情，再处理事情；②最困难的时候，就是最接近成功的时候；③不为模糊不清的未来担忧，只为清清楚楚的现在努力；④宽容他人对你的冒犯；⑤不要无缘无故的妒忌；⑥只为成功找方法，不为失败找借口；⑦不要看我失去什么，只看我还拥有什么；⑧用最放松的心态对待一切艰难。
[0.4737233519554138, 0.5427998304367065, 0.49864423274993896, 0.38981693983078003, 0.5388215780258179]
[0.5070725679397583, 0.5795678496360779, 0.4309682846069336, 0.25872695446014404, 0.538472592830658]
[0.5397236347198486, 0.5540803670883179, 0.4097819924354553, 0.2987523674964905, 0.5264168381690979]
[0.5178548097610474, 0.5896162390708923, 0.4222664535045624, 0.2724999487400055, 0.5306234359741211]
[0.35455289483070374, 0.5702024698257446, 0.4576372504234314, 0.3069925010204315, 0.4449981153011322]
[0.5211257934570312, 0.5641031265258789, 0.4361879527568817, 0.2972922623157501, 0.5572420358657837]
[0.4650244116783142, 0.5768699049949646, 0.4432328939437866, 0.2886543273925781, 0.5188762545585632]
[0.6277270913124084, 0.537666380405426, 0.42318394780158997, 0.30911746621131897, 0.6100323796272278]
[0.5504664778709412, 0.5467995405197144, 0.44339296221733093, 0.29225248098373413, 0.5800586938858032]
[0.49819183349609375, 0.5695810914039612, 0.4092336595058441, 0.28381651639938354, 0.5330636501312256]
[0.5187511444091797, 0.5657637715339661, 0.4381132125854492, 0.2819228768348694, 0.518878698348999]
[0.509576141834259, 0.5762795209884644, 0.412319540977478, 0.2924996614456177, 0.5278252959251404]
[0.5185073018074036, 0.5762780904769897, 0.44309666752815247, 0.288186639547348, 0.5287245512008667]
[0.500709056854248, 0.5724309682846069, 0.4371282756328583, 0.31083858013153076, 0.51906418800354]
[0.4451083838939667, 0.5600136518478394, 0.45555686950683594, 0.3453507423400879, 0.46875306963920593]
[0.49819183349609375, 0.5695810914039612, 0.4092336595058441, 0.28381651639938354, 0.5330636501312256]
[0.49819183349609375, 0.5695810914039612, 0.4092336595058441, 0.28381651639938354, 0.5330636501312256]
[0.4526226222515106, 0.5624217987060547, 0.4399867653846741, 0.30411556363105774, 0.46093156933784485]
