0
#时局#【美官员：美军战舰可能在12月再巡航南沙群岛】美国一名防务官员本月说，美国海军可能会在12月在斯普拉特利群岛(即我南沙群岛)进行下一次巡航。他表示，美国海军计划每季度在该地区进行两次以上巡航，以定期行使其享有的权利并提醒中国和其他国家美国的态度。
[0.5211580991744995, 0.4974656403064728, 0.5097821950912476, 0.4230772852897644, 0.5153962969779968]
[0.5376362800598145, 0.5699427723884583, 0.419710248708725, 0.2861243486404419, 0.5396512150764465]
[0.4740484654903412, 0.5667455196380615, 0.487314373254776, 0.3114311695098877, 0.5327730774879456]
[0.5015726685523987, 0.5602685213088989, 0.442579060792923, 0.2895471453666687, 0.5286365151405334]
[0.49654972553253174, 0.5635032653808594, 0.43701592087745667, 0.30096137523651123, 0.5415568947792053]
[0.5113575458526611, 0.5783212184906006, 0.4332663416862488, 0.28888389468193054, 0.5284795761108398]
[0.5039829015731812, 0.5807145237922668, 0.41965457797050476, 0.2795039117336273, 0.5374207496643066]
[0.5333051681518555, 0.5905957221984863, 0.4033032953739166, 0.2649741470813751, 0.5553382635116577]
[0.5018247961997986, 0.5820775032043457, 0.43342867493629456, 0.2749013304710388, 0.5377347469329834]
[0.4650937616825104, 0.5467478036880493, 0.4499552845954895, 0.3275975286960602, 0.49900996685028076]
[0.5406786799430847, 0.5613023042678833, 0.4096962511539459, 0.2620227038860321, 0.5676242709159851]
[0.5748679637908936, 0.5751728415489197, 0.4173745810985565, 0.2684226334095001, 0.5436677932739258]
[0.48203620314598083, 0.5492541193962097, 0.45301592350006104, 0.31199774146080017, 0.5399107336997986]
[0.5070725679397583, 0.5795678496360779, 0.4309682846069336, 0.25872695446014404, 0.538472592830658]
[0.48379552364349365, 0.5937032699584961, 0.41920071840286255, 0.2830924987792969, 0.4925927221775055]
[0.45341455936431885, 0.5287044048309326, 0.4905180335044861, 0.3686657249927521, 0.5044939517974854]
[0.5056458115577698, 0.5663160681724548, 0.4141966998577118, 0.2561219334602356, 0.5347750782966614]
[0.49328213930130005, 0.5732404589653015, 0.45840099453926086, 0.3166949450969696, 0.5362738370895386]
[0.4993855655193329, 0.5716131329536438, 0.42073675990104675, 0.28449010848999023, 0.49833059310913086]
[0.5762647986412048, 0.5739979147911072, 0.39169684052467346, 0.23928503692150116, 0.5624189376831055]
[0.55540531873703, 0.5914349555969238, 0.42300036549568176, 0.27579766511917114, 0.5643762350082397]
[0.5005653500556946, 0.5970629453659058, 0.45968344807624817, 0.29285961389541626, 0.5264288187026978]
[0.5153347253799438, 0.587104082107544, 0.4268963932991028, 0.2867014408111572, 0.5311760306358337]
[0.5565425753593445, 0.6077095866203308, 0.4148804545402527, 0.25555217266082764, 0.5541862845420837]
[0.5532909035682678, 0.5646082162857056, 0.40792280435562134, 0.25668108463287354, 0.5364874601364136]
[0.4580259621143341, 0.5425432920455933, 0.5027239918708801, 0.4035094082355499, 0.5107825994491577]
[0.5098785758018494, 0.572594404220581, 0.4317275583744049, 0.2996505796909332, 0.5460844039916992]
[0.5388827323913574, 0.573141872882843, 0.42428216338157654, 0.2544466257095337, 0.5454019904136658]
[0.5344600677490234, 0.5790732502937317, 0.42052435874938965, 0.28107669949531555, 0.5636586546897888]
[0.544055163860321, 0.5700573921203613, 0.4201568365097046, 0.28227928280830383, 0.5372258424758911]
[0.4737992286682129, 0.541348397731781, 0.4589023292064667, 0.34124913811683655, 0.5018927454948425]
[0.5071991682052612, 0.5732572078704834, 0.42296501994132996, 0.2538042962551117, 0.5189765095710754]
[0.45070046186447144, 0.573219895362854, 0.4370807707309723, 0.29648643732070923, 0.5174321532249451]
[0.4723697304725647, 0.5511164665222168, 0.4751836061477661, 0.35769009590148926, 0.5178011059761047]
[0.5780782699584961, 0.5673724412918091, 0.4003700315952301, 0.2582181990146637, 0.548742949962616]
[0.46865910291671753, 0.5429369211196899, 0.43084579706192017, 0.2667580246925354, 0.5196589231491089]
[0.5337029099464417, 0.5599228739738464, 0.4589170515537262, 0.2904947102069855, 0.5398402810096741]
[0.5538331270217896, 0.5588139891624451, 0.43750855326652527, 0.2728050947189331, 0.5700909495353699]
[0.4663790166378021, 0.5743229389190674, 0.43290919065475464, 0.2853028178215027, 0.4949899911880493]
[0.5496569871902466, 0.5594561696052551, 0.4252280294895172, 0.282253235578537, 0.5650652647018433]
[0.5424167513847351, 0.5706656575202942, 0.42307227849960327, 0.290762335062027, 0.5492669939994812]
[0.4958466589450836, 0.5703821778297424, 0.45077621936798096, 0.29213324189186096, 0.5120387673377991]
[0.47201526165008545, 0.5561982989311218, 0.47740140557289124, 0.3417781889438629, 0.5116215944290161]
[0.5389484763145447, 0.5705291628837585, 0.43372780084609985, 0.28024014830589294, 0.5470312237739563]
[0.4943118095397949, 0.5680873394012451, 0.4378817677497864, 0.277275025844574, 0.5359748005867004]
[0.5534498691558838, 0.5415196418762207, 0.4191209077835083, 0.2943980395793915, 0.5754536986351013]
[0.520652711391449, 0.5735458135604858, 0.42797133326530457, 0.28243449330329895, 0.5347094535827637]
[0.46698257327079773, 0.5579596161842346, 0.43529462814331055, 0.3038535714149475, 0.4952032268047333]
[0.465897798538208, 0.533391535282135, 0.4683072566986084, 0.3209046423435211, 0.4802434742450714]
[0.46121343970298767, 0.5115817189216614, 0.4999866485595703, 0.43155407905578613, 0.5125701427459717]
[0.549691379070282, 0.5871497988700867, 0.4130420386791229, 0.26551756262779236, 0.5281603336334229]
[0.5379970669746399, 0.5418252348899841, 0.43917372822761536, 0.30491429567337036, 0.5441020131111145]
[0.529760479927063, 0.5653021931648254, 0.43838346004486084, 0.2937774956226349, 0.536879301071167]
[0.5006139278411865, 0.5589183568954468, 0.4640190005302429, 0.3659469783306122, 0.5044020414352417]
[0.5650691390037537, 0.5158655047416687, 0.45239078998565674, 0.3251243829727173, 0.5905192494392395]
[0.5016247034072876, 0.5539897680282593, 0.48674947023391724, 0.29300734400749207, 0.5276775360107422]
[0.5132412910461426, 0.5535058379173279, 0.45030173659324646, 0.3003453016281128, 0.5416092872619629]
[0.5122515559196472, 0.5579057931900024, 0.40835586190223694, 0.2953053116798401, 0.5568414330482483]
[0.4670974612236023, 0.5477307438850403, 0.46601736545562744, 0.32215532660484314, 0.4722454845905304]
[0.526914119720459, 0.6011358499526978, 0.4006982445716858, 0.2691853940486908, 0.5260537266731262]
[0.45022836327552795, 0.5312970280647278, 0.5059804320335388, 0.3646223247051239, 0.47077932953834534]
[0.5334129333496094, 0.5569490194320679, 0.4448283314704895, 0.3248586654663086, 0.5263487100601196]
[0.4995371699333191, 0.571743905544281, 0.4328213632106781, 0.28726792335510254, 0.522360622882843]
[0.5105626583099365, 0.5744285583496094, 0.4407990276813507, 0.28778207302093506, 0.5465052127838135]
[0.5215885639190674, 0.5696073174476624, 0.4222288429737091, 0.29200416803359985, 0.5399653315544128]
[0.5358730554580688, 0.5744359493255615, 0.4399401843547821, 0.3031262159347534, 0.5710760354995728]
[0.4323960542678833, 0.49463126063346863, 0.5233045816421509, 0.37470391392707825, 0.43450313806533813]
[0.5123068690299988, 0.5776870846748352, 0.4065918028354645, 0.25667715072631836, 0.5558701753616333]
[0.492875337600708, 0.5725788474082947, 0.4669918417930603, 0.30632731318473816, 0.5364431738853455]
[0.5220174789428711, 0.5740983486175537, 0.4086393713951111, 0.2858399450778961, 0.5175519585609436]
[0.4597344994544983, 0.5707812905311584, 0.4353167712688446, 0.2858629524707794, 0.5017178058624268]
[0.447792649269104, 0.5538548231124878, 0.4424741864204407, 0.2989327907562256, 0.5271360278129578]
[0.5647451281547546, 0.5848556756973267, 0.43304017186164856, 0.23646888136863708, 0.5830652117729187]
[0.5245866179466248, 0.5617455244064331, 0.42495524883270264, 0.2786036431789398, 0.5433884263038635]
[0.5444917678833008, 0.5813008546829224, 0.41700997948646545, 0.25791135430336, 0.5561483502388]
[0.42978063225746155, 0.5154531598091125, 0.5104346871376038, 0.4008898138999939, 0.5062018036842346]
[0.5431070923805237, 0.547648549079895, 0.4438520669937134, 0.28067970275878906, 0.5445371866226196]
[0.42668333649635315, 0.5494067668914795, 0.4629986584186554, 0.3132956922054291, 0.475520521402359]
[0.4822358191013336, 0.5288202166557312, 0.4880671799182892, 0.34681347012519836, 0.518057107925415]
[0.5396798849105835, 0.5673831701278687, 0.44612112641334534, 0.28163957595825195, 0.5482308268547058]
[0.4917878210544586, 0.5479655861854553, 0.4424360990524292, 0.3066638708114624, 0.512432336807251]
[0.4286273717880249, 0.574012815952301, 0.432186484336853, 0.2752509117126465, 0.47671613097190857]
[0.47516530752182007, 0.5488314032554626, 0.47355782985687256, 0.35118943452835083, 0.5277666449546814]
[0.5097523331642151, 0.581028163433075, 0.4472200274467468, 0.3250817656517029, 0.5250648856163025]
[0.4716029763221741, 0.5327630043029785, 0.49058976769447327, 0.39301005005836487, 0.4792957901954651]
[0.45889681577682495, 0.5507218241691589, 0.46055543422698975, 0.3100879490375519, 0.5135591626167297]
[0.5167737603187561, 0.5690627694129944, 0.4278700649738312, 0.29134830832481384, 0.5146602988243103]
[0.46175438165664673, 0.5050715208053589, 0.5326610803604126, 0.5309712886810303, 0.5149511694908142]
[0.49939098954200745, 0.5395969748497009, 0.4701091945171356, 0.3253251612186432, 0.5259372591972351]
[0.377202570438385, 0.5675201416015625, 0.4594901204109192, 0.2993837594985962, 0.4692065417766571]
[0.5381250977516174, 0.5868061780929565, 0.4239538908004761, 0.25297075510025024, 0.5702608823776245]
[0.3551476299762726, 0.5063957571983337, 0.4884253144264221, 0.5448607206344604, 0.5056356191635132]
[0.4478209912776947, 0.540398359298706, 0.4577980935573578, 0.34495723247528076, 0.5222686529159546]
[0.5489932298660278, 0.5582630634307861, 0.421531617641449, 0.30647000670433044, 0.5179916620254517]
[0.5102171301841736, 0.5628737807273865, 0.4316421151161194, 0.3146350383758545, 0.5106719136238098]
[0.4924950897693634, 0.5314925312995911, 0.4497646987438202, 0.31212255358695984, 0.5016998052597046]
[0.5777673125267029, 0.560616672039032, 0.4182896316051483, 0.2578880786895752, 0.5614416599273682]
[0.4341627061367035, 0.5746059417724609, 0.46258601546287537, 0.3228343427181244, 0.47162991762161255]
[0.49194005131721497, 0.5721127986907959, 0.4382995367050171, 0.29512909054756165, 0.5171019434928894]
[0.41706183552742004, 0.5587735772132874, 0.49891355633735657, 0.35631388425827026, 0.4951103925704956]
[0.49071234464645386, 0.5498259663581848, 0.4440092444419861, 0.30578547716140747, 0.5130707621574402]
