0
【网友致敬：我们在赏雪，他们却在坚守！】 ：好样的，真正男子汉； ：我们的幸福生活，都是他们的青春换来的； ：看了眼眶酸酸的； ：愿嫁。你想说？
[0.4603731334209442, 0.5399495959281921, 0.46084892749786377, 0.33673885464668274, 0.5080922842025757]
[0.5065202116966248, 0.5603808164596558, 0.43458470702171326, 0.3115789592266083, 0.48890554904937744]
[0.5647226572036743, 0.5842422246932983, 0.3996996581554413, 0.2608722448348999, 0.54198157787323]
[0.537662148475647, 0.58919358253479, 0.41872936487197876, 0.2912757098674774, 0.5504248142242432]
[0.5647226572036743, 0.5842422246932983, 0.3996996581554413, 0.2608722448348999, 0.54198157787323]
[0.47928696870803833, 0.5777702331542969, 0.4486044943332672, 0.3174707293510437, 0.5323151350021362]
[0.5377813577651978, 0.5714494585990906, 0.4332679510116577, 0.27153706550598145, 0.5800905227661133]
[0.49638742208480835, 0.559133768081665, 0.45123177766799927, 0.3438318371772766, 0.48424476385116577]
[0.5380518436431885, 0.5892366170883179, 0.4248422086238861, 0.2721308171749115, 0.5349814891815186]
[0.42653927206993103, 0.5737385749816895, 0.42159315943717957, 0.2814728021621704, 0.4679858386516571]
[0.5305402874946594, 0.5941159725189209, 0.4218102991580963, 0.2689416706562042, 0.5436601638793945]
[0.5665592551231384, 0.599692702293396, 0.43830522894859314, 0.2655482590198517, 0.5767546892166138]
[0.42111629247665405, 0.5257832407951355, 0.489195317029953, 0.3749673664569855, 0.470012903213501]
[0.48504456877708435, 0.5572346448898315, 0.4407767653465271, 0.31847071647644043, 0.4922187328338623]
[0.5706856846809387, 0.593227744102478, 0.40572410821914673, 0.2561327815055847, 0.5573979020118713]
[0.5420714616775513, 0.5509882569313049, 0.42361170053482056, 0.30626919865608215, 0.534507691860199]
[0.3556702435016632, 0.5223894119262695, 0.5185192227363586, 0.4451808035373688, 0.48171117901802063]
[0.45678648352622986, 0.559472382068634, 0.4384400248527527, 0.322621613740921, 0.48478251695632935]
[0.4239516258239746, 0.569940984249115, 0.4453851282596588, 0.3129713535308838, 0.47128114104270935]
[0.48618102073669434, 0.5818985104560852, 0.4132881164550781, 0.2886797785758972, 0.5232941508293152]
[0.42653927206993103, 0.5737385749816895, 0.42159315943717957, 0.2814728021621704, 0.4679858386516571]
[0.47160840034484863, 0.568232536315918, 0.44854846596717834, 0.30548715591430664, 0.49828043580055237]
[0.5647226572036743, 0.5842422246932983, 0.3996996581554413, 0.2608722448348999, 0.54198157787323]
[0.5467388033866882, 0.5846977829933167, 0.4279100298881531, 0.2718448340892792, 0.5429514646530151]
[0.4963545799255371, 0.5870634913444519, 0.44295990467071533, 0.3018445372581482, 0.5286067724227905]
[0.42653927206993103, 0.5737385749816895, 0.42159315943717957, 0.2814728021621704, 0.4679858386516571]
[0.5294647812843323, 0.5770607590675354, 0.41621142625808716, 0.2878560721874237, 0.5386388301849365]
[0.5647226572036743, 0.5842422246932983, 0.3996996581554413, 0.2608722448348999, 0.54198157787323]
[0.4554569125175476, 0.5469463467597961, 0.4673377573490143, 0.297039657831192, 0.4704456627368927]
[0.5070725679397583, 0.5795678496360779, 0.4309682846069336, 0.25872695446014404, 0.538472592830658]
[0.4461299479007721, 0.5718605518341064, 0.4488722085952759, 0.31116047501564026, 0.4774111211299896]
[0.5440556406974792, 0.5758621096611023, 0.3952268660068512, 0.26513364911079407, 0.5531530976295471]
[0.42316994071006775, 0.5531787872314453, 0.46610960364341736, 0.34754064679145813, 0.4633549153804779]
[0.42653927206993103, 0.5737385749816895, 0.42159315943717957, 0.2814728021621704, 0.4679858386516571]
[0.42653927206993103, 0.5737385749816895, 0.42159315943717957, 0.2814728021621704, 0.4679858386516571]
[0.5308194756507874, 0.590368390083313, 0.42077380418777466, 0.2768278121948242, 0.5445244908332825]
[0.5070725679397583, 0.5795678496360779, 0.4309682846069336, 0.25872695446014404, 0.538472592830658]
[0.5159496665000916, 0.581139087677002, 0.4260881841182709, 0.27258723974227905, 0.5188279151916504]
[0.5114318132400513, 0.5643360614776611, 0.43138208985328674, 0.31212118268013, 0.4922378361225128]
[0.4506683051586151, 0.5731292366981506, 0.4328576326370239, 0.27084285020828247, 0.4869616627693176]
[0.5236146450042725, 0.5437504649162292, 0.44872862100601196, 0.32536783814430237, 0.542837381362915]
[0.42653927206993103, 0.5737385749816895, 0.42159315943717957, 0.2814728021621704, 0.4679858386516571]
[0.5647226572036743, 0.5842422246932983, 0.3996996581554413, 0.2608722448348999, 0.54198157787323]
[0.4996209740638733, 0.5904279351234436, 0.4325941205024719, 0.2776622176170349, 0.5316620469093323]
[0.42653927206993103, 0.5737385749816895, 0.42159315943717957, 0.2814728021621704, 0.4679858386516571]
[0.5126795172691345, 0.5796257853507996, 0.4206266701221466, 0.29546985030174255, 0.5357263088226318]
[0.42653927206993103, 0.5737385749816895, 0.42159315943717957, 0.2814728021621704, 0.4679858386516571]
[0.6064032912254333, 0.5606676936149597, 0.39567169547080994, 0.26910272240638733, 0.5775960087776184]
[0.5015758872032166, 0.5647844076156616, 0.447782039642334, 0.31011950969696045, 0.5410839915275574]
[0.5240122675895691, 0.5808379650115967, 0.41635483503341675, 0.2791600823402405, 0.5359734892845154]
[0.5304554104804993, 0.5874521136283875, 0.42917200922966003, 0.2815268337726593, 0.5226609706878662]
[0.5647226572036743, 0.5842422246932983, 0.3996996581554413, 0.2608722448348999, 0.54198157787323]
[0.564850389957428, 0.5934510827064514, 0.41013380885124207, 0.2568759620189667, 0.5604024529457092]
[0.49346446990966797, 0.5436829924583435, 0.4291009306907654, 0.3209468722343445, 0.5219988822937012]
[0.5070725679397583, 0.5795678496360779, 0.4309682846069336, 0.25872695446014404, 0.538472592830658]
[0.5114886164665222, 0.5120156407356262, 0.48049551248550415, 0.37561264634132385, 0.49142247438430786]
[0.5308194756507874, 0.590368390083313, 0.42077380418777466, 0.2768278121948242, 0.5445244908332825]
[0.5463672280311584, 0.5658888816833496, 0.4422316551208496, 0.3229573667049408, 0.5176844596862793]
[0.48322734236717224, 0.5473257899284363, 0.49984198808670044, 0.38405007123947144, 0.485822468996048]
[0.4470462203025818, 0.5494387149810791, 0.4569479823112488, 0.31773608922958374, 0.4556673467159271]
[0.5420821309089661, 0.5839356184005737, 0.3975711762905121, 0.26701465249061584, 0.5582541227340698]
[0.5647226572036743, 0.5842422246932983, 0.3996996581554413, 0.2608722448348999, 0.54198157787323]
[0.4608040153980255, 0.5852680802345276, 0.42567405104637146, 0.2738363742828369, 0.49341443181037903]
[0.49346446990966797, 0.5436829924583435, 0.4291009306907654, 0.3209468722343445, 0.5219988822937012]
[0.5269368886947632, 0.5822281241416931, 0.40411698818206787, 0.2758530080318451, 0.5458669662475586]
[0.4933066666126251, 0.5760506987571716, 0.44919028878211975, 0.29527801275253296, 0.486627459526062]
[0.4905768930912018, 0.5468273758888245, 0.4387527108192444, 0.3394611179828644, 0.4957377314567566]
[0.564850389957428, 0.5934510827064514, 0.41013380885124207, 0.2568759620189667, 0.5604024529457092]
[0.39144381880760193, 0.5732952952384949, 0.44409194588661194, 0.3220162093639374, 0.47011563181877136]
[0.5053446888923645, 0.5688489079475403, 0.44201162457466125, 0.2923601567745209, 0.5178863406181335]
[0.5647226572036743, 0.5842422246932983, 0.3996996581554413, 0.2608722448348999, 0.54198157787323]
[0.5507124066352844, 0.5896933078765869, 0.4294300079345703, 0.28452521562576294, 0.5488670468330383]
[0.42653927206993103, 0.5737385749816895, 0.42159315943717957, 0.2814728021621704, 0.4679858386516571]
[0.5027270317077637, 0.5769312381744385, 0.4290752410888672, 0.29578015208244324, 0.5001468062400818]
[0.5215100646018982, 0.5825650095939636, 0.416137158870697, 0.27505022287368774, 0.5405364036560059]
[0.4933774173259735, 0.5573932528495789, 0.42640355229377747, 0.30712994933128357, 0.504654049873352]
[0.48222464323043823, 0.5591451525688171, 0.45295217633247375, 0.33131247758865356, 0.48824456334114075]
[0.5048711895942688, 0.5888823866844177, 0.4340022802352905, 0.27502307295799255, 0.5324594378471375]
[0.5203664898872375, 0.5597801208496094, 0.4341049790382385, 0.2805503010749817, 0.5406196117401123]
[0.45410799980163574, 0.5863852500915527, 0.4325605034828186, 0.2991524636745453, 0.5124098658561707]
[0.5241608023643494, 0.5849540829658508, 0.4383174180984497, 0.2678382396697998, 0.524145245552063]
[0.5450620055198669, 0.5906354784965515, 0.43025970458984375, 0.292864590883255, 0.536668598651886]
[0.4679049849510193, 0.580745279788971, 0.4380761384963989, 0.28534525632858276, 0.5062984228134155]
[0.49486833810806274, 0.5687429308891296, 0.42510735988616943, 0.30690068006515503, 0.5096836090087891]
[0.4634343087673187, 0.5177228450775146, 0.4669964015483856, 0.32692834734916687, 0.4811400771141052]
[0.385852575302124, 0.5593848824501038, 0.45914506912231445, 0.2989233136177063, 0.4251597821712494]
[0.3996179699897766, 0.4975070655345917, 0.544119119644165, 0.47862720489501953, 0.4313194751739502]
[0.494694322347641, 0.5996747612953186, 0.43137189745903015, 0.2816210985183716, 0.5289163589477539]
[0.44303110241889954, 0.551703691482544, 0.5028514862060547, 0.43449676036834717, 0.47887322306632996]
[0.5070725679397583, 0.5795678496360779, 0.4309682846069336, 0.25872695446014404, 0.538472592830658]
[0.5054256916046143, 0.5554983019828796, 0.4422224462032318, 0.3379041850566864, 0.5242053270339966]
[0.5242327451705933, 0.5393438935279846, 0.4798729419708252, 0.3325205147266388, 0.5544953346252441]
[0.3204379379749298, 0.5499050617218018, 0.4554062783718109, 0.3067701458930969, 0.42936187982559204]
[0.5070725679397583, 0.5795678496360779, 0.4309682846069336, 0.25872695446014404, 0.538472592830658]
[0.513194739818573, 0.5949034094810486, 0.4303475320339203, 0.2563226819038391, 0.5419713258743286]
[0.5070725679397583, 0.5795678496360779, 0.4309682846069336, 0.25872695446014404, 0.538472592830658]
[0.5509402751922607, 0.5957057476043701, 0.42527246475219727, 0.2544008493423462, 0.5526257753372192]
[0.5647226572036743, 0.5842422246932983, 0.3996996581554413, 0.2608722448348999, 0.54198157787323]
[0.5070725679397583, 0.5795678496360779, 0.4309682846069336, 0.25872695446014404, 0.538472592830658]
[0.4907926917076111, 0.5637834668159485, 0.4414612948894501, 0.2947947084903717, 0.49108949303627014]
[0.530059278011322, 0.57313472032547, 0.4180479049682617, 0.29837504029273987, 0.5452408790588379]
