0
#贾行家#【想创业？告诉你开公司要解决的8个问题】“大众创业、万众创新”，你也想创业了吗？不过，你知道开公司有哪些流程、需要什么资料吗？会计应如何建账？公司如何交税，哪些税交给国税局，哪些税交给地税局？......戳图↓↓开公司应解决的8个问题，帮你一一解决。转发收藏！
[0.5412878394126892, 0.5488235950469971, 0.5173646807670593, 0.3896666467189789, 0.5523220300674438]
[0.5076387524604797, 0.5815108418464661, 0.43259280920028687, 0.27644920349121094, 0.5407137274742126]
[0.4497458338737488, 0.5205121040344238, 0.5123856663703918, 0.40156638622283936, 0.5248919129371643]
[0.49819183349609375, 0.5695810914039612, 0.4092336595058441, 0.28381651639938354, 0.5330636501312256]
[0.5599728226661682, 0.5812469720840454, 0.40781089663505554, 0.2589787244796753, 0.5514864921569824]
[0.5332863330841064, 0.5728582739830017, 0.41175657510757446, 0.2747044563293457, 0.5601091384887695]
[0.44676023721694946, 0.5704311728477478, 0.44099098443984985, 0.2976226508617401, 0.5118401646614075]
[0.4890713691711426, 0.5859094858169556, 0.4522276818752289, 0.2768126130104065, 0.5186150670051575]
[0.47326260805130005, 0.5488734245300293, 0.469483345746994, 0.3664827346801758, 0.5004616379737854]
[0.5001099109649658, 0.5631083250045776, 0.41920775175094604, 0.2896673083305359, 0.5115642547607422]
[0.49080491065979004, 0.5743785500526428, 0.42640823125839233, 0.27697324752807617, 0.5367953777313232]
[0.555255651473999, 0.573555588722229, 0.41466864943504333, 0.27304327487945557, 0.5430208444595337]
[0.37810665369033813, 0.5492014288902283, 0.4317587912082672, 0.31480902433395386, 0.4608762562274933]
[0.6046521663665771, 0.5773375034332275, 0.36830753087997437, 0.2316673994064331, 0.5904588103294373]
[0.518643319606781, 0.5795661211013794, 0.43667668104171753, 0.2685704827308655, 0.5344675779342651]
[0.5653747320175171, 0.5958674550056458, 0.410073459148407, 0.2521335780620575, 0.5308053493499756]
[0.4327411353588104, 0.5616866946220398, 0.4441835880279541, 0.28796032071113586, 0.4634992480278015]
[0.527647078037262, 0.5947063565254211, 0.41998276114463806, 0.26923868060112, 0.5574610829353333]
[0.4683353900909424, 0.5622444748878479, 0.4726041853427887, 0.3135245740413666, 0.49960774183273315]
[0.46522006392478943, 0.5658046007156372, 0.44355452060699463, 0.29899486899375916, 0.4916873574256897]
[0.5430936813354492, 0.5933454632759094, 0.4148803949356079, 0.2509933412075043, 0.5609080791473389]
[0.5338190793991089, 0.5624887943267822, 0.44700121879577637, 0.30067986249923706, 0.49146270751953125]
[0.4912682771682739, 0.5578106641769409, 0.46615445613861084, 0.3457692563533783, 0.5018099546432495]
[0.549517035484314, 0.5976731777191162, 0.4173721671104431, 0.2470005750656128, 0.5679189562797546]
[0.5359944701194763, 0.5825049877166748, 0.41244903206825256, 0.26725539565086365, 0.5338192582130432]
[0.5430936813354492, 0.5933454632759094, 0.4148803949356079, 0.2509933412075043, 0.5609080791473389]
[0.4945288598537445, 0.5626217126846313, 0.43207669258117676, 0.2986646890640259, 0.5297421216964722]
[0.4709640443325043, 0.5590587854385376, 0.43391868472099304, 0.310325026512146, 0.4913773834705353]
[0.49410194158554077, 0.5448694825172424, 0.46715766191482544, 0.381059467792511, 0.46976223587989807]
