0
当老爸独自带双胞胎……大写的头疼+doble的萌
[0.5103038549423218, 0.5764726996421814, 0.4370785057544708, 0.30262744426727295, 0.5535003542900085]
[0.5337398648262024, 0.5494268536567688, 0.4270927906036377, 0.2913631200790405, 0.5560259819030762]
[0.4514324963092804, 0.5575992465019226, 0.45350131392478943, 0.340752512216568, 0.48385897278785706]
[0.497016578912735, 0.5785254836082458, 0.42220377922058105, 0.26548144221305847, 0.5055649876594543]
[0.6309479475021362, 0.5599254965782166, 0.38114166259765625, 0.24809253215789795, 0.6088895201683044]
[0.5422282814979553, 0.5863180160522461, 0.40551844239234924, 0.2753317654132843, 0.556081235408783]
[0.49993741512298584, 0.563264012336731, 0.4725717604160309, 0.35679540038108826, 0.5216172337532043]
[0.4514324963092804, 0.5575992465019226, 0.45350131392478943, 0.340752512216568, 0.48385897278785706]
[0.5101528167724609, 0.5700899362564087, 0.427462100982666, 0.2960709035396576, 0.5231235027313232]
[0.5067605972290039, 0.5788580179214478, 0.4394837021827698, 0.2679910361766815, 0.5352798104286194]
[0.5070725679397583, 0.5795678496360779, 0.4309682846069336, 0.25872695446014404, 0.538472592830658]
[0.5326246619224548, 0.5811192989349365, 0.413266122341156, 0.27229025959968567, 0.5577592849731445]
[0.40592101216316223, 0.5479534268379211, 0.46483615040779114, 0.3374268412590027, 0.47506439685821533]
[0.5478252172470093, 0.5774762034416199, 0.42187854647636414, 0.28621166944503784, 0.5449382662773132]
[0.43675902485847473, 0.5671241879463196, 0.47601452469825745, 0.3221675157546997, 0.4969116449356079]
[0.5126591920852661, 0.5759720802307129, 0.4152299463748932, 0.2810848355293274, 0.5174343585968018]
[0.5116357803344727, 0.5427194833755493, 0.4508272707462311, 0.33586668968200684, 0.520370364189148]
[0.48037686944007874, 0.5708088278770447, 0.4337545335292816, 0.2796097695827484, 0.503557562828064]
[0.49819183349609375, 0.5695810914039612, 0.4092336595058441, 0.28381651639938354, 0.5330636501312256]
[0.5174325108528137, 0.5436736941337585, 0.4331689476966858, 0.3190324604511261, 0.5145626664161682]
[0.5388010144233704, 0.5614022016525269, 0.44289058446884155, 0.28854870796203613, 0.5689723491668701]
[0.5617561340332031, 0.5777663588523865, 0.4133383631706238, 0.2694985866546631, 0.5817615985870361]
[0.6314446926116943, 0.5596553683280945, 0.38216057419776917, 0.24828824400901794, 0.6096954941749573]
[0.5249328017234802, 0.5910364389419556, 0.4134911000728607, 0.2675403654575348, 0.5428435206413269]
[0.3899694085121155, 0.536910355091095, 0.4742554724216461, 0.3464461863040924, 0.4413709044456482]
[0.4514324963092804, 0.5575992465019226, 0.45350131392478943, 0.340752512216568, 0.48385897278785706]
[0.5148981213569641, 0.5850419402122498, 0.4363003969192505, 0.2952743172645569, 0.5463405251502991]
[0.449746698141098, 0.5663513541221619, 0.4485164284706116, 0.29452621936798096, 0.4986637830734253]
[0.4514324963092804, 0.5575992465019226, 0.45350131392478943, 0.340752512216568, 0.48385897278785706]
[0.5422282814979553, 0.5863180160522461, 0.40551844239234924, 0.2753317654132843, 0.556081235408783]
[0.43404826521873474, 0.5329769253730774, 0.477069228887558, 0.32587119936943054, 0.47135454416275024]
[0.44214409589767456, 0.5488420724868774, 0.46411508321762085, 0.3383033573627472, 0.48117905855178833]
[0.5070725679397583, 0.5795678496360779, 0.4309682846069336, 0.25872695446014404, 0.538472592830658]
[0.4102467894554138, 0.5338015556335449, 0.49370506405830383, 0.3927704691886902, 0.4702812135219574]
[0.5070725679397583, 0.5795678496360779, 0.4309682846069336, 0.25872695446014404, 0.538472592830658]
[0.5193629860877991, 0.5856478810310364, 0.41173920035362244, 0.282301664352417, 0.5441094636917114]
[0.4231767952442169, 0.5354741811752319, 0.4874182343482971, 0.3841549754142761, 0.44867992401123047]
[0.5638980865478516, 0.5499029755592346, 0.4067833423614502, 0.2644767761230469, 0.5755651593208313]
[0.4514324963092804, 0.5575992465019226, 0.45350131392478943, 0.340752512216568, 0.48385897278785706]
[0.49019426107406616, 0.5819547176361084, 0.4352935552597046, 0.2840534746646881, 0.5523999333381653]
[0.5512261390686035, 0.5829716920852661, 0.4285249412059784, 0.2811618149280548, 0.5435426831245422]
[0.43928033113479614, 0.5755216479301453, 0.43812182545661926, 0.28464990854263306, 0.4676651954650879]
[0.5193629860877991, 0.5856478810310364, 0.41173920035362244, 0.282301664352417, 0.5441094636917114]
[0.5232096910476685, 0.5981210470199585, 0.44097191095352173, 0.2840084135532379, 0.5675280094146729]
[0.5872971415519714, 0.5713610649108887, 0.3910924792289734, 0.23661181330680847, 0.582025945186615]
[0.5773114562034607, 0.5504432916641235, 0.41600480675697327, 0.3043661117553711, 0.5378687381744385]
[0.4542084038257599, 0.5636164546012878, 0.4418765902519226, 0.2568460702896118, 0.48099640011787415]
[0.5512261390686035, 0.5829716920852661, 0.4285249412059784, 0.2811618149280548, 0.5435426831245422]
[0.5864169597625732, 0.5967714786529541, 0.39961889386177063, 0.24830138683319092, 0.572279155254364]
[0.49819183349609375, 0.5695810914039612, 0.4092336595058441, 0.28381651639938354, 0.5330636501312256]
[0.49043136835098267, 0.5787898302078247, 0.4085555374622345, 0.2653382122516632, 0.5362514853477478]
[0.5381406545639038, 0.5893489122390747, 0.43091824650764465, 0.2879749536514282, 0.5497691035270691]
[0.5453577041625977, 0.5818071961402893, 0.4174480736255646, 0.2838290333747864, 0.5540826916694641]
[0.4458913207054138, 0.5764791965484619, 0.44972923398017883, 0.29863032698631287, 0.49988439679145813]
[0.52164626121521, 0.5508295297622681, 0.4539547562599182, 0.3254553973674774, 0.5336666107177734]
[0.5478252172470093, 0.5774762034416199, 0.42187854647636414, 0.28621166944503784, 0.5449382662773132]
[0.4416939914226532, 0.5596527457237244, 0.44484227895736694, 0.3066346049308777, 0.489149808883667]
[0.511255145072937, 0.5555015802383423, 0.44553065299987793, 0.29960352182388306, 0.5322266817092896]
[0.4660906493663788, 0.5592477321624756, 0.4753267467021942, 0.33540740609169006, 0.49687284231185913]
[0.5275508761405945, 0.5712538361549377, 0.4221792221069336, 0.2996254563331604, 0.5228271484375]
[0.5070725679397583, 0.5795678496360779, 0.4309682846069336, 0.25872695446014404, 0.538472592830658]
[0.5130608081817627, 0.5865990519523621, 0.4371854066848755, 0.28214162588119507, 0.5571113228797913]
[0.4566500782966614, 0.5630707144737244, 0.46699225902557373, 0.32492387294769287, 0.5277815461158752]
[0.5422282814979553, 0.5863180160522461, 0.40551844239234924, 0.2753317654132843, 0.556081235408783]
[0.4988937973976135, 0.5787020325660706, 0.44181522727012634, 0.31148552894592285, 0.517469048500061]
[0.4514324963092804, 0.5575992465019226, 0.45350131392478943, 0.340752512216568, 0.48385897278785706]
[0.49819183349609375, 0.5695810914039612, 0.4092336595058441, 0.28381651639938354, 0.5330636501312256]
[0.48002368211746216, 0.5668062567710876, 0.4385146498680115, 0.3166976869106293, 0.4927319586277008]
[0.5070725679397583, 0.5795678496360779, 0.4309682846069336, 0.25872695446014404, 0.538472592830658]
[0.5512261390686035, 0.5829716920852661, 0.4285249412059784, 0.2811618149280548, 0.5435426831245422]
[0.4514324963092804, 0.5575992465019226, 0.45350131392478943, 0.340752512216568, 0.48385897278785706]
[0.5174325108528137, 0.5436736941337585, 0.4331689476966858, 0.3190324604511261, 0.5145626664161682]
[0.5653747320175171, 0.5958674550056458, 0.410073459148407, 0.2521335780620575, 0.5308053493499756]
[0.4365001618862152, 0.560985267162323, 0.4606035649776459, 0.29832586646080017, 0.47634580731391907]
[0.4514324963092804, 0.5575992465019226, 0.45350131392478943, 0.340752512216568, 0.48385897278785706]
[0.4368252754211426, 0.5752936005592346, 0.4275752902030945, 0.2810288369655609, 0.4943675696849823]
[0.4691299796104431, 0.5597363114356995, 0.4783190190792084, 0.34208911657333374, 0.4837322533130646]
[0.5170010924339294, 0.5633684992790222, 0.418814480304718, 0.289590448141098, 0.5303991436958313]
[0.5543230772018433, 0.5585286617279053, 0.4269979000091553, 0.27003759145736694, 0.5704727172851562]
[0.4897172749042511, 0.5769422650337219, 0.4353339672088623, 0.3001001179218292, 0.4800291955471039]
[0.47263863682746887, 0.5504329204559326, 0.44108957052230835, 0.29641279578208923, 0.5157791376113892]
[0.527854323387146, 0.5857251286506653, 0.42558375000953674, 0.27191784977912903, 0.5264109373092651]
[0.4760332405567169, 0.540756106376648, 0.45717617869377136, 0.3317530155181885, 0.4970576763153076]
[0.47023507952690125, 0.5565944910049438, 0.44505318999290466, 0.32629698514938354, 0.4922495186328888]
[0.4514324963092804, 0.5575992465019226, 0.45350131392478943, 0.340752512216568, 0.48385897278785706]
[0.5634029507637024, 0.5783467292785645, 0.39400532841682434, 0.27352380752563477, 0.574043333530426]
[0.48002368211746216, 0.5668062567710876, 0.4385146498680115, 0.3166976869106293, 0.4927319586277008]
[0.44214409589767456, 0.5488420724868774, 0.46411508321762085, 0.3383033573627472, 0.48117905855178833]
[0.4514324963092804, 0.5575992465019226, 0.45350131392478943, 0.340752512216568, 0.48385897278785706]
[0.49819183349609375, 0.5695810914039612, 0.4092336595058441, 0.28381651639938354, 0.5330636501312256]
[0.4076650142669678, 0.5394994020462036, 0.45913195610046387, 0.3038720488548279, 0.4944000244140625]
[0.5478252172470093, 0.5774762034416199, 0.42187854647636414, 0.28621166944503784, 0.5449382662773132]
[0.46890825033187866, 0.5781473517417908, 0.464836984872818, 0.3033837378025055, 0.507266104221344]
[0.49864107370376587, 0.5687685012817383, 0.4839586317539215, 0.30407601594924927, 0.5121570229530334]
[0.5112434029579163, 0.5813883543014526, 0.43909701704978943, 0.27633336186408997, 0.531488299369812]
[0.45378416776657104, 0.5668188333511353, 0.4731065034866333, 0.31051769852638245, 0.5240755677223206]
[0.4514324963092804, 0.5575992465019226, 0.45350131392478943, 0.340752512216568, 0.48385897278785706]
[0.5382266640663147, 0.5813047885894775, 0.4226400852203369, 0.29288169741630554, 0.5670047402381897]
[0.5182367563247681, 0.5768399238586426, 0.44283822178840637, 0.2987287640571594, 0.5221506357192993]
[0.4373071789741516, 0.5452826619148254, 0.48178359866142273, 0.3524990379810333, 0.4911378026008606]
[0.4514324963092804, 0.5575992465019226, 0.45350131392478943, 0.340752512216568, 0.48385897278785706]
