0
世界上最可笑的事情是，我知道了真相，你却还在说谎，还说的那么真，那么深。
[0.5323336124420166, 0.5652264356613159, 0.4232303202152252, 0.29470425844192505, 0.5437228083610535]
[0.4917965829372406, 0.5642513632774353, 0.44473153352737427, 0.292820006608963, 0.504958987236023]
[0.5552852153778076, 0.5857468843460083, 0.4001559317111969, 0.27149248123168945, 0.5646634697914124]
[0.5208000540733337, 0.5896676182746887, 0.42924878001213074, 0.28268930315971375, 0.5476381182670593]
[0.3984558582305908, 0.5654590129852295, 0.426197350025177, 0.29546278715133667, 0.44825825095176697]
[0.35774534940719604, 0.538447916507721, 0.4830641448497772, 0.40695470571517944, 0.41448506712913513]
[0.5244680047035217, 0.5854912400245667, 0.433087021112442, 0.27643272280693054, 0.5210269093513489]
[0.47090455889701843, 0.5770776271820068, 0.4230838119983673, 0.28994810581207275, 0.5084376931190491]
[0.3900589644908905, 0.5459395051002502, 0.4470166862010956, 0.30353844165802, 0.4607824981212616]
[0.4899451732635498, 0.5953722596168518, 0.4244801998138428, 0.26683178544044495, 0.5503652095794678]
