0
“剩饭的逆袭”4 招让你的米饭剩者为王
[0.44377538561820984, 0.5024177432060242, 0.46658527851104736, 0.3401404917240143, 0.49320361018180847]
[0.46518784761428833, 0.5813543796539307, 0.4396211802959442, 0.2701185643672943, 0.4888072609901428]
[0.5070725679397583, 0.5795678496360779, 0.4309682846069336, 0.25872695446014404, 0.538472592830658]
[0.429616779088974, 0.5346770286560059, 0.46799519658088684, 0.3283828794956207, 0.4635433256626129]
[0.46638035774230957, 0.5648683309555054, 0.4494856297969818, 0.3282828629016876, 0.4706222414970398]
[0.5300263166427612, 0.5812479853630066, 0.41425544023513794, 0.2580432891845703, 0.5546272993087769]
[0.529624879360199, 0.5896633863449097, 0.41819608211517334, 0.26099666953086853, 0.5508267879486084]
[0.5781069993972778, 0.5813148021697998, 0.3959500193595886, 0.2609054446220398, 0.5653703808784485]
[0.5076253414154053, 0.5912526845932007, 0.44823887944221497, 0.2752011716365814, 0.527799129486084]
[0.46638035774230957, 0.5648683309555054, 0.4494856297969818, 0.3282828629016876, 0.4706222414970398]
[0.472903847694397, 0.5730558037757874, 0.44295811653137207, 0.31892263889312744, 0.504757821559906]
[0.5555643439292908, 0.5246040225028992, 0.4209772050380707, 0.33952876925468445, 0.5867025256156921]
[0.48880165815353394, 0.5816428661346436, 0.43704742193222046, 0.2828066051006317, 0.524338960647583]
[0.49210748076438904, 0.5451223850250244, 0.47396308183670044, 0.36209067702293396, 0.5090783834457397]
[0.40684592723846436, 0.5543795228004456, 0.44838014245033264, 0.3196153938770294, 0.43176987767219543]
[0.45955798029899597, 0.5605957508087158, 0.45125871896743774, 0.3119511008262634, 0.46328240633010864]
[0.48100176453590393, 0.5488980412483215, 0.4977611303329468, 0.3918269872665405, 0.501121461391449]
[0.4405107796192169, 0.5635577440261841, 0.4478742778301239, 0.3300882577896118, 0.47747817635536194]
[0.515327513217926, 0.5587323307991028, 0.42036789655685425, 0.2696076035499573, 0.5366135239601135]
[0.505642294883728, 0.5686675906181335, 0.4204116463661194, 0.29656341671943665, 0.516320526599884]
[0.5053690671920776, 0.5770865082740784, 0.4234728217124939, 0.26742568612098694, 0.5389273762702942]
[0.4907926917076111, 0.5637834668159485, 0.4414612948894501, 0.2947947084903717, 0.49108949303627014]
[0.35051628947257996, 0.516331136226654, 0.5310491323471069, 0.5770328640937805, 0.4689198136329651]
[0.50056391954422, 0.5683944225311279, 0.4116397202014923, 0.2635180652141571, 0.5180033445358276]
[0.5726544857025146, 0.5676559805870056, 0.4191811978816986, 0.2848246097564697, 0.5317865014076233]
[0.4621857702732086, 0.5823052525520325, 0.44464340806007385, 0.2844069004058838, 0.4897296130657196]
[0.4907926917076111, 0.5637834668159485, 0.4414612948894501, 0.2947947084903717, 0.49108949303627014]
[0.4734669029712677, 0.5459801554679871, 0.4737267792224884, 0.35377514362335205, 0.4868410527706146]
[0.49819183349609375, 0.5695810914039612, 0.4092336595058441, 0.28381651639938354, 0.5330636501312256]
[0.349557489156723, 0.5341284275054932, 0.4502076804637909, 0.2981084883213043, 0.4287053644657135]
[0.4846729040145874, 0.5762066841125488, 0.4385359585285187, 0.27675819396972656, 0.5059630274772644]
[0.4345061480998993, 0.5568930506706238, 0.44924604892730713, 0.3036644160747528, 0.4710766077041626]
[0.5232178568840027, 0.5744791030883789, 0.437444269657135, 0.3036450743675232, 0.5400160551071167]
[0.49819183349609375, 0.5695810914039612, 0.4092336595058441, 0.28381651639938354, 0.5330636501312256]
[0.5694615244865417, 0.5888253450393677, 0.4156618118286133, 0.2594481408596039, 0.558655858039856]
[0.4388929307460785, 0.5572546720504761, 0.4858678877353668, 0.38307827711105347, 0.5170537829399109]
[0.4907926917076111, 0.5637834668159485, 0.4414612948894501, 0.2947947084903717, 0.49108949303627014]
[0.5426103472709656, 0.532073438167572, 0.48555076122283936, 0.4095459580421448, 0.521946907043457]
[0.483441025018692, 0.5493381023406982, 0.4753727316856384, 0.3657494783401489, 0.4924342632293701]
[0.46638035774230957, 0.5648683309555054, 0.4494856297969818, 0.3282828629016876, 0.4706222414970398]
