0
【看完这个视频，泪眼婆娑 via
[0.5192716121673584, 0.5513375997543335, 0.4155559539794922, 0.2598263919353485, 0.49687808752059937]
[0.49819183349609375, 0.5695810914039612, 0.4092336595058441, 0.28381651639938354, 0.5330636501312256]
[0.503760576248169, 0.5856766700744629, 0.42347583174705505, 0.29431071877479553, 0.516745924949646]
[0.44363221526145935, 0.5595702528953552, 0.4620760381221771, 0.33950841426849365, 0.4741751551628113]
[0.48379552364349365, 0.5937032699584961, 0.41920071840286255, 0.2830924987792969, 0.4925927221775055]
[0.4720209836959839, 0.5527758002281189, 0.43705540895462036, 0.30982673168182373, 0.4969286024570465]
[0.536926805973053, 0.5726678371429443, 0.4296654164791107, 0.2999306321144104, 0.5485852956771851]
[0.5070725679397583, 0.5795678496360779, 0.4309682846069336, 0.25872695446014404, 0.538472592830658]
[0.49819183349609375, 0.5695810914039612, 0.4092336595058441, 0.28381651639938354, 0.5330636501312256]
[0.5300572514533997, 0.5799950957298279, 0.43495669960975647, 0.2906883656978607, 0.5165318846702576]
[0.5138278007507324, 0.5719684362411499, 0.4300827383995056, 0.2970241904258728, 0.5164225697517395]
[0.4237355589866638, 0.5566639304161072, 0.45816755294799805, 0.3165076971054077, 0.46372437477111816]
[0.5070725679397583, 0.5795678496360779, 0.4309682846069336, 0.25872695446014404, 0.538472592830658]
[0.4907926917076111, 0.5637834668159485, 0.4414612948894501, 0.2947947084903717, 0.49108949303627014]
[0.5094177722930908, 0.5783146619796753, 0.44013071060180664, 0.28456589579582214, 0.5360524654388428]
[0.5584285855293274, 0.578949511051178, 0.41525179147720337, 0.2785743772983551, 0.5578029751777649]
[0.5025599002838135, 0.5751579403877258, 0.44522881507873535, 0.29969164729118347, 0.5224074721336365]
[0.4907926917076111, 0.5637834668159485, 0.4414612948894501, 0.2947947084903717, 0.49108949303627014]
[0.5308927893638611, 0.5773125886917114, 0.4283268451690674, 0.2905951142311096, 0.5188149809837341]
[0.4262140095233917, 0.5505621433258057, 0.460233598947525, 0.3250657021999359, 0.47500181198120117]
[0.5070725679397583, 0.5795678496360779, 0.4309682846069336, 0.25872695446014404, 0.538472592830658]
[0.39642834663391113, 0.5514857172966003, 0.46782413125038147, 0.3338204324245453, 0.46771010756492615]
[0.4201076626777649, 0.5712717175483704, 0.453152060508728, 0.3089296519756317, 0.4437865614891052]
[0.42619478702545166, 0.55718994140625, 0.4726971685886383, 0.3346465528011322, 0.5058440566062927]
[0.49819183349609375, 0.5695810914039612, 0.4092336595058441, 0.28381651639938354, 0.5330636501312256]
[0.5249328017234802, 0.5910364389419556, 0.4134911000728607, 0.2675403654575348, 0.5428435206413269]
[0.45955798029899597, 0.5605957508087158, 0.45125871896743774, 0.3119511008262634, 0.46328240633010864]
[0.4996791183948517, 0.577934980392456, 0.43476733565330505, 0.289615660905838, 0.5126844644546509]
[0.5023611783981323, 0.5894373059272766, 0.4339924156665802, 0.2692127823829651, 0.5389147996902466]
[0.4953572750091553, 0.5582488775253296, 0.43490105867385864, 0.2967624068260193, 0.5137701034545898]
[0.4487384855747223, 0.5229322910308838, 0.4292198717594147, 0.31485268473625183, 0.4924442172050476]
[0.5380115509033203, 0.5838495492935181, 0.4176125228404999, 0.29392948746681213, 0.525198221206665]
[0.4900292158126831, 0.575165867805481, 0.4351346790790558, 0.30465301871299744, 0.5004408359527588]
[0.5572331547737122, 0.5706104636192322, 0.4321427345275879, 0.28853699564933777, 0.5410395860671997]
[0.4831804633140564, 0.5774238705635071, 0.43600013852119446, 0.29613834619522095, 0.5046530961990356]
[0.4329693615436554, 0.5649256706237793, 0.4469057619571686, 0.2675696909427643, 0.4918937385082245]
[0.5070725679397583, 0.5795678496360779, 0.4309682846069336, 0.25872695446014404, 0.538472592830658]
[0.5070725679397583, 0.5795678496360779, 0.4309682846069336, 0.25872695446014404, 0.538472592830658]
[0.5138278007507324, 0.5719684362411499, 0.4300827383995056, 0.2970241904258728, 0.5164225697517395]
[0.508567750453949, 0.5868940949440002, 0.42437586188316345, 0.2522445619106293, 0.5457392930984497]
[0.48143741488456726, 0.5540748834609985, 0.459514856338501, 0.33527347445487976, 0.5015628337860107]
[0.5300572514533997, 0.5799950957298279, 0.43495669960975647, 0.2906883656978607, 0.5165318846702576]
[0.457628071308136, 0.5796158909797668, 0.42911359667778015, 0.3096378743648529, 0.4829355478286743]
[0.5552399754524231, 0.5493438243865967, 0.42208728194236755, 0.2902850806713104, 0.5296548008918762]
[0.4659620225429535, 0.5628530979156494, 0.461150199174881, 0.3501795828342438, 0.5090054869651794]
[0.40942782163619995, 0.5820171236991882, 0.4505385458469391, 0.27593928575515747, 0.4837920665740967]
[0.5206681489944458, 0.5784755945205688, 0.41328760981559753, 0.26204195618629456, 0.5469887256622314]
[0.5070725679397583, 0.5795678496360779, 0.4309682846069336, 0.25872695446014404, 0.538472592830658]
[0.49103808403015137, 0.5585989356040955, 0.442922979593277, 0.30503949522972107, 0.48935800790786743]
[0.5138278007507324, 0.5719684362411499, 0.4300827383995056, 0.2970241904258728, 0.5164225697517395]
[0.5257131457328796, 0.5654346942901611, 0.4380946457386017, 0.3025148808956146, 0.5197569131851196]
[0.5138278007507324, 0.5719684362411499, 0.4300827383995056, 0.2970241904258728, 0.5164225697517395]
[0.49819183349609375, 0.5695810914039612, 0.4092336595058441, 0.28381651639938354, 0.5330636501312256]
[0.5016086101531982, 0.5821614861488342, 0.43085139989852905, 0.30294525623321533, 0.5085287690162659]
[0.45965805649757385, 0.5800269842147827, 0.4837416708469391, 0.30602478981018066, 0.4777933359146118]
[0.4633984863758087, 0.5556556582450867, 0.4775559902191162, 0.37230342626571655, 0.4815375804901123]
[0.47065338492393494, 0.571840226650238, 0.4329186677932739, 0.26420941948890686, 0.4989912509918213]
[0.4646420180797577, 0.5186917781829834, 0.47661012411117554, 0.38203638792037964, 0.47876688838005066]
[0.38452401757240295, 0.5643736124038696, 0.44324758648872375, 0.2887336015701294, 0.45673415064811707]
[0.4942203164100647, 0.5730551481246948, 0.44108253717422485, 0.2927314043045044, 0.49902403354644775]
[0.4398125410079956, 0.5487576723098755, 0.4826735854148865, 0.3562387526035309, 0.4826875627040863]
[0.49123695492744446, 0.5827385187149048, 0.43879762291908264, 0.27250123023986816, 0.5270622968673706]
[0.5138278007507324, 0.5719684362411499, 0.4300827383995056, 0.2970241904258728, 0.5164225697517395]
[0.5050580501556396, 0.5712310671806335, 0.44224512577056885, 0.3037981390953064, 0.5046895742416382]
[0.5070725679397583, 0.5795678496360779, 0.4309682846069336, 0.25872695446014404, 0.538472592830658]
[0.4887907803058624, 0.5485100150108337, 0.4803090989589691, 0.3599119782447815, 0.5158748626708984]
[0.48143741488456726, 0.5540748834609985, 0.459514856338501, 0.33527347445487976, 0.5015628337860107]
[0.45899635553359985, 0.5647140145301819, 0.4559084475040436, 0.31984102725982666, 0.4803665280342102]
[0.5086628198623657, 0.5790051221847534, 0.4296189844608307, 0.2874952554702759, 0.5167105793952942]
[0.4831804633140564, 0.5774238705635071, 0.43600013852119446, 0.29613834619522095, 0.5046530961990356]
[0.39343422651290894, 0.5503564476966858, 0.49121785163879395, 0.37207692861557007, 0.48240533471107483]
[0.5070725679397583, 0.5795678496360779, 0.4309682846069336, 0.25872695446014404, 0.538472592830658]
[0.44363221526145935, 0.5595702528953552, 0.4620760381221771, 0.33950841426849365, 0.4741751551628113]
[0.6055775284767151, 0.5318122506141663, 0.4006847143173218, 0.31330403685569763, 0.5899018049240112]
[0.445914089679718, 0.5766115188598633, 0.43785032629966736, 0.28212711215019226, 0.4794660210609436]
[0.4469590485095978, 0.5479839444160461, 0.45764094591140747, 0.3496559262275696, 0.47796276211738586]
[0.4133146107196808, 0.5438491702079773, 0.46030527353286743, 0.3397035002708435, 0.4613129198551178]
[0.4831804633140564, 0.5774238705635071, 0.43600013852119446, 0.29613834619522095, 0.5046530961990356]
[0.6055775284767151, 0.5318122506141663, 0.4006847143173218, 0.31330403685569763, 0.5899018049240112]
[0.470567524433136, 0.5764693021774292, 0.44148123264312744, 0.28103551268577576, 0.5079491138458252]
[0.5033990144729614, 0.5550637245178223, 0.4806234836578369, 0.35225892066955566, 0.5042556524276733]
[0.4907926917076111, 0.5637834668159485, 0.4414612948894501, 0.2947947084903717, 0.49108949303627014]
[0.4907926917076111, 0.5637834668159485, 0.4414612948894501, 0.2947947084903717, 0.49108949303627014]
[0.5559829473495483, 0.5596428513526917, 0.400141179561615, 0.2649233043193817, 0.5503025650978088]
[0.5244597792625427, 0.5673940777778625, 0.42901942133903503, 0.28732484579086304, 0.508772611618042]
[0.41700369119644165, 0.5628950595855713, 0.4584573209285736, 0.29878389835357666, 0.48087358474731445]
[0.4947049021720886, 0.5854469537734985, 0.42744526267051697, 0.2939266562461853, 0.49610796570777893]
[0.48379552364349365, 0.5937032699584961, 0.41920071840286255, 0.2830924987792969, 0.4925927221775055]
[0.4296591579914093, 0.5672007203102112, 0.4287213981151581, 0.28139346837997437, 0.4525012671947479]
[0.5050580501556396, 0.5712310671806335, 0.44224512577056885, 0.3037981390953064, 0.5046895742416382]
[0.5542839169502258, 0.5766748189926147, 0.420982301235199, 0.27124595642089844, 0.5420631766319275]
[0.5105674862861633, 0.5677361488342285, 0.41663751006126404, 0.31023117899894714, 0.5485550761222839]
[0.49809861183166504, 0.581871509552002, 0.42529118061065674, 0.2566048800945282, 0.5446861386299133]
[0.5663614273071289, 0.5807510614395142, 0.4025188088417053, 0.264001727104187, 0.5655587315559387]
[0.5138278007507324, 0.5719684362411499, 0.4300827383995056, 0.2970241904258728, 0.5164225697517395]
[0.5199244022369385, 0.5290826559066772, 0.4860571026802063, 0.366973876953125, 0.5518439412117004]
[0.5011724829673767, 0.583110511302948, 0.4317406117916107, 0.29340115189552307, 0.5079672932624817]
[0.4662228524684906, 0.5735659003257751, 0.41905224323272705, 0.2944962680339813, 0.5033714771270752]
[0.5070725679397583, 0.5795678496360779, 0.4309682846069336, 0.25872695446014404, 0.538472592830658]
[0.5246153473854065, 0.564956545829773, 0.4433404207229614, 0.29932713508605957, 0.5386014580726624]
[0.49819183349609375, 0.5695810914039612, 0.4092336595058441, 0.28381651639938354, 0.5330636501312256]
