0
【当年被她收留的小“乞丐”，要拿百万支票报恩】1993年，17岁的何荣锋等3人到浙江打工，遭遇小偷身无分文，沿路乞讨。戴杏芬得知后为他们做菜，还送30元钱和食物。20年后，已是家具厂老板的何荣锋，拿百万现金支票报恩，遭到戴女士拒绝。近日他又来看望恩人。
[0.45493921637535095, 0.5003383755683899, 0.5377240180969238, 0.5930119156837463, 0.5230646133422852]
[0.5385010838508606, 0.5720787048339844, 0.42362940311431885, 0.298536092042923, 0.5084441304206848]
[0.5042668581008911, 0.5813302993774414, 0.4409627914428711, 0.267706036567688, 0.5247576236724854]
[0.4980972409248352, 0.5763148665428162, 0.4497499465942383, 0.284088671207428, 0.5384724140167236]
[0.5292978286743164, 0.5441670417785645, 0.45258331298828125, 0.3261934518814087, 0.5423812866210938]
[0.4999374747276306, 0.5761920809745789, 0.4369092285633087, 0.3002522885799408, 0.5354893207550049]
[0.5825821161270142, 0.5367487072944641, 0.42815545201301575, 0.2848723828792572, 0.58587247133255]
[0.4808676838874817, 0.5744448900222778, 0.4212537407875061, 0.27619242668151855, 0.5372968912124634]
[0.5313908457756042, 0.570868194103241, 0.4344072937965393, 0.2605363428592682, 0.5632869601249695]
[0.5073279738426208, 0.5706040263175964, 0.4477445185184479, 0.28301700949668884, 0.5252664685249329]
[0.3525565266609192, 0.5549966096878052, 0.4557444751262665, 0.29298844933509827, 0.43208077549934387]
[0.4465735852718353, 0.5664392709732056, 0.44977882504463196, 0.3077687919139862, 0.4951722323894501]
[0.5441901683807373, 0.5709326863288879, 0.42729344964027405, 0.2899024784564972, 0.5487543940544128]
[0.41536834836006165, 0.5323377251625061, 0.48255473375320435, 0.3603244423866272, 0.4510120749473572]
[0.4878554940223694, 0.5159013271331787, 0.4908932149410248, 0.3864361643791199, 0.5034092664718628]
[0.4064793884754181, 0.5506267547607422, 0.4500812888145447, 0.3260490298271179, 0.46536365151405334]
[0.3987572193145752, 0.5466622114181519, 0.4635620713233948, 0.3414658308029175, 0.44468870759010315]
[0.5672205686569214, 0.5377156734466553, 0.4465923607349396, 0.3339877128601074, 0.5474830269813538]
[0.5431481003761292, 0.587978720664978, 0.3865385949611664, 0.2559317350387573, 0.5690052509307861]
[0.4744003415107727, 0.5535038113594055, 0.4496506154537201, 0.3626042902469635, 0.49909457564353943]
[0.5439469218254089, 0.5466784238815308, 0.43451187014579773, 0.27438148856163025, 0.5544438362121582]
[0.48283281922340393, 0.5774794816970825, 0.4347309172153473, 0.27724042534828186, 0.5379761457443237]
[0.4371563792228699, 0.5606641173362732, 0.430941641330719, 0.32087716460227966, 0.44790536165237427]
[0.49819183349609375, 0.5695810914039612, 0.4092336595058441, 0.28381651639938354, 0.5330636501312256]
[0.43336233496665955, 0.5447970628738403, 0.4529077112674713, 0.2999650835990906, 0.48716476559638977]
[0.454434871673584, 0.5343374013900757, 0.47755733132362366, 0.3806352913379669, 0.5265963077545166]
[0.4145800471305847, 0.5602164268493652, 0.4270014762878418, 0.2625711262226105, 0.4717119336128235]
[0.4903118312358856, 0.5702697038650513, 0.446950763463974, 0.32741764187812805, 0.48108401894569397]
[0.5343606472015381, 0.5604621171951294, 0.41705113649368286, 0.28786584734916687, 0.5305747985839844]
[0.4810321033000946, 0.5873810052871704, 0.44701069593429565, 0.24580399692058563, 0.51807701587677]
[0.5472381114959717, 0.5879429578781128, 0.4337571859359741, 0.28062930703163147, 0.5431433320045471]
[0.4247763752937317, 0.5497293472290039, 0.4824674129486084, 0.31804805994033813, 0.4540748596191406]
[0.4704160690307617, 0.5586209297180176, 0.44936439394950867, 0.27342894673347473, 0.48795387148857117]
[0.43119195103645325, 0.531547486782074, 0.4519822597503662, 0.34649866819381714, 0.5023526549339294]
[0.4992954432964325, 0.5630415081977844, 0.42441490292549133, 0.31343990564346313, 0.5228129625320435]
[0.4701501131057739, 0.5619745254516602, 0.4477882981300354, 0.2880340814590454, 0.5427410006523132]
[0.4096558392047882, 0.5576337575912476, 0.45801934599876404, 0.2991609275341034, 0.4610941410064697]
[0.5729349255561829, 0.580976665019989, 0.3977985978126526, 0.2610223889350891, 0.5573898553848267]
[0.51505047082901, 0.5878400802612305, 0.4423412084579468, 0.29458561539649963, 0.565490186214447]
[0.4610522985458374, 0.5657561421394348, 0.4352061450481415, 0.29753392934799194, 0.5136761665344238]
[0.5125862956047058, 0.578424870967865, 0.4329371750354767, 0.29934412240982056, 0.5259902477264404]
[0.5241172313690186, 0.5849148631095886, 0.4210233986377716, 0.265076220035553, 0.5400421023368835]
[0.4961084723472595, 0.5839511156082153, 0.4448631703853607, 0.2880537211894989, 0.5236248970031738]
[0.5225076079368591, 0.5603969693183899, 0.40438953042030334, 0.2595371901988983, 0.5244210958480835]
[0.3995826244354248, 0.5573956370353699, 0.4394398629665375, 0.28680625557899475, 0.46686625480651855]
[0.44460028409957886, 0.554541289806366, 0.4533625841140747, 0.34733760356903076, 0.4725644588470459]
[0.5036832690238953, 0.5865283608436584, 0.44190627336502075, 0.29160046577453613, 0.5490972399711609]
[0.47550585865974426, 0.5653619170188904, 0.4384281039237976, 0.29500269889831543, 0.5149253010749817]
[0.4398273527622223, 0.5409929156303406, 0.44132283329963684, 0.3240939676761627, 0.4902033507823944]
[0.5809151530265808, 0.5214234590530396, 0.382445365190506, 0.24003657698631287, 0.594867467880249]
[0.5271431803703308, 0.5805217027664185, 0.40445271134376526, 0.277111679315567, 0.5507485270500183]
[0.5319107174873352, 0.5411749482154846, 0.44085219502449036, 0.35612794756889343, 0.5232688784599304]
[0.48606905341148376, 0.5653390884399414, 0.42291659116744995, 0.2744303345680237, 0.5293554067611694]
[0.4036753475666046, 0.537777841091156, 0.45416730642318726, 0.35781919956207275, 0.47963473200798035]
[0.6140731573104858, 0.5200568437576294, 0.4201955795288086, 0.2631268799304962, 0.5999075174331665]
[0.41586408019065857, 0.5571587085723877, 0.45264768600463867, 0.31715747714042664, 0.4523508548736572]
[0.5801319479942322, 0.5889906883239746, 0.39435380697250366, 0.24480777978897095, 0.5983877778053284]
[0.41729143261909485, 0.5408456921577454, 0.48353785276412964, 0.39173099398612976, 0.4646964371204376]
[0.5213777422904968, 0.5507024526596069, 0.4539598226547241, 0.3525390028953552, 0.5210766196250916]
[0.4781990647315979, 0.5438219308853149, 0.46213799715042114, 0.3065798878669739, 0.5139752626419067]
[0.44942155480384827, 0.5800843834877014, 0.4098726511001587, 0.28473085165023804, 0.5203163027763367]
[0.48029038310050964, 0.557876706123352, 0.4356098175048828, 0.27341845631599426, 0.5016898512840271]
[0.511255145072937, 0.5555015802383423, 0.44553065299987793, 0.29960352182388306, 0.5322266817092896]
[0.49191761016845703, 0.5645447969436646, 0.41831254959106445, 0.2750583291053772, 0.5531121492385864]
[0.5378478765487671, 0.5761298537254333, 0.4200134575366974, 0.25968137383461, 0.557414174079895]
[0.5064367055892944, 0.5635886788368225, 0.4346504807472229, 0.32094213366508484, 0.5387972593307495]
[0.4534413516521454, 0.5229143500328064, 0.474004328250885, 0.3146679103374481, 0.4713095724582672]
[0.44331008195877075, 0.5504124164581299, 0.4518403708934784, 0.3265880346298218, 0.4813939929008484]
[0.4145800471305847, 0.5602164268493652, 0.4270014762878418, 0.2625711262226105, 0.4717119336128235]
[0.5211280584335327, 0.5600667595863342, 0.40648165345191956, 0.27536553144454956, 0.5464568138122559]
[0.5313915610313416, 0.5503209233283997, 0.43128523230552673, 0.31523260474205017, 0.542574405670166]
[0.4994409382343292, 0.5504125952720642, 0.4297340512275696, 0.2835046947002411, 0.5223639011383057]
[0.4538084864616394, 0.5681665539741516, 0.447286993265152, 0.31553784012794495, 0.4862501621246338]
[0.529556393623352, 0.5958927869796753, 0.4379082918167114, 0.2818983495235443, 0.5458822250366211]
[0.4540170431137085, 0.5538603067398071, 0.4499804675579071, 0.3196107745170593, 0.522715151309967]
[0.5247781872749329, 0.5827550292015076, 0.4573993980884552, 0.29620400071144104, 0.5333501100540161]
[0.5292096138000488, 0.5506391525268555, 0.4387561082839966, 0.3312853276729584, 0.5024378299713135]
[0.5191195011138916, 0.5484119057655334, 0.4407845735549927, 0.31450602412223816, 0.5379137992858887]
[0.5202862024307251, 0.5810336470603943, 0.4101262390613556, 0.26850610971450806, 0.5348315834999084]
[0.48604968190193176, 0.5686357617378235, 0.4624164402484894, 0.32484591007232666, 0.5167813897132874]
[0.4145800471305847, 0.5602164268493652, 0.4270014762878418, 0.2625711262226105, 0.4717119336128235]
[0.4332222044467926, 0.5627902150154114, 0.4469430446624756, 0.31660792231559753, 0.47547200322151184]
[0.5360532402992249, 0.587942898273468, 0.4212748110294342, 0.2873634397983551, 0.5499905943870544]
[0.5172054767608643, 0.5210863351821899, 0.4682062566280365, 0.3415997624397278, 0.537627637386322]
[0.44497621059417725, 0.5644076466560364, 0.43733999133110046, 0.2963675558567047, 0.4887683391571045]
[0.575874924659729, 0.5408155918121338, 0.4147895276546478, 0.2861807644367218, 0.5505033135414124]
[0.4396335780620575, 0.5498344302177429, 0.44621405005455017, 0.32513296604156494, 0.4832942485809326]
[0.5271431803703308, 0.5805217027664185, 0.40445271134376526, 0.277111679315567, 0.5507485270500183]
[0.5093206167221069, 0.5638454556465149, 0.4225836396217346, 0.3094288110733032, 0.5387307405471802]
[0.4767487645149231, 0.5356068015098572, 0.4526456296443939, 0.3698514401912689, 0.5093725323677063]
[0.47298353910446167, 0.5738598108291626, 0.4220636487007141, 0.2910245358943939, 0.5074976086616516]
[0.44497621059417725, 0.5644076466560364, 0.43733999133110046, 0.2963675558567047, 0.4887683391571045]
[0.45400264859199524, 0.5809292793273926, 0.42333918809890747, 0.2826327085494995, 0.5056402683258057]
[0.49900704622268677, 0.5641463398933411, 0.4355212450027466, 0.3165851831436157, 0.498382568359375]
[0.5097419023513794, 0.5816465020179749, 0.44158637523651123, 0.293155312538147, 0.5406529307365417]
[0.4610522985458374, 0.5657561421394348, 0.4352061450481415, 0.29753392934799194, 0.5136761665344238]
[0.4092322587966919, 0.5282195210456848, 0.5178777575492859, 0.3827422857284546, 0.5163361430168152]
[0.3543618619441986, 0.5274127125740051, 0.48016834259033203, 0.348095178604126, 0.4445260167121887]
[0.47825053334236145, 0.5559143424034119, 0.442648321390152, 0.29450178146362305, 0.5267661809921265]
[0.4830847382545471, 0.5427438616752625, 0.448042094707489, 0.3278975188732147, 0.5130065083503723]
[0.5172054767608643, 0.5210863351821899, 0.4682062566280365, 0.3415997624397278, 0.537627637386322]
