0
【华北强降雪 中东部强降温 快把自己捂好】中央气象台继续发布暴雪蓝色预警。预计今天白天到夜间，内蒙古中部偏南地区、北京、天津北部等地部分地区有大雪或暴雪。强降温天气将从明天起至26日自北向南覆盖我国中东部地区。华北北部将下降至-24～-18℃。提醒北方公众外出注意防寒保暖。(央视记者任梅梅)
[0.48868635296821594, 0.49981915950775146, 0.5542151927947998, 0.45839980244636536, 0.4661654829978943]
[0.5244597792625427, 0.5673940777778625, 0.42901942133903503, 0.28732484579086304, 0.508772611618042]
[0.5337212085723877, 0.5890388488769531, 0.4181117117404938, 0.26586437225341797, 0.5372905731201172]
[0.4639541208744049, 0.5710418224334717, 0.45024797320365906, 0.29727184772491455, 0.5105576515197754]
[0.4366905093193054, 0.5496109127998352, 0.4773068130016327, 0.32353371381759644, 0.4723433256149292]
[0.5699850916862488, 0.5970813035964966, 0.40247464179992676, 0.25118395686149597, 0.5691840648651123]
[0.5138278007507324, 0.5719684362411499, 0.4300827383995056, 0.2970241904258728, 0.5164225697517395]
[0.5436921715736389, 0.592475414276123, 0.4177013635635376, 0.2649557888507843, 0.5558480620384216]
[0.49297624826431274, 0.5743522644042969, 0.44140708446502686, 0.33265915513038635, 0.5200842022895813]
[0.5616094470024109, 0.5621993541717529, 0.4102301597595215, 0.26383697986602783, 0.5214617848396301]
[0.5244381427764893, 0.5597413182258606, 0.42832809686660767, 0.31974729895591736, 0.5306310653686523]
[0.5558751225471497, 0.5756127834320068, 0.4141690731048584, 0.28306370973587036, 0.5289413332939148]
[0.5247184038162231, 0.5800811052322388, 0.4521748125553131, 0.2832229733467102, 0.5313127040863037]
[0.5854171514511108, 0.5837871432304382, 0.40815019607543945, 0.25602400302886963, 0.5683930516242981]
[0.4862440228462219, 0.5816631317138672, 0.46718689799308777, 0.2881927192211151, 0.5382555723190308]
[0.4820277690887451, 0.5712862014770508, 0.4358692169189453, 0.3375609219074249, 0.5091776847839355]
[0.5110207796096802, 0.5886558890342712, 0.45149755477905273, 0.28647005558013916, 0.5471274852752686]
[0.5044345259666443, 0.5169447064399719, 0.4587273597717285, 0.3306335508823395, 0.5481439828872681]
[0.507784366607666, 0.5734635591506958, 0.425645112991333, 0.29531994462013245, 0.5324379801750183]
[0.3668430745601654, 0.5564890503883362, 0.4950254261493683, 0.35466521978378296, 0.4451058804988861]
[0.509952187538147, 0.5715094804763794, 0.4399726390838623, 0.2913840115070343, 0.5298550128936768]
[0.40527957677841187, 0.5497384667396545, 0.4621836841106415, 0.3092953860759735, 0.46550795435905457]
[0.45999717712402344, 0.5845323801040649, 0.43811896443367004, 0.31114503741264343, 0.47885632514953613]
[0.5003835558891296, 0.5466932058334351, 0.4549272954463959, 0.2832370102405548, 0.5196231007575989]
[0.5315190553665161, 0.5816407203674316, 0.44256290793418884, 0.2896927297115326, 0.5368596911430359]
[0.4927355647087097, 0.5788009762763977, 0.4358534812927246, 0.2645227015018463, 0.5276497006416321]
[0.4895542562007904, 0.5229780673980713, 0.4710962772369385, 0.345475435256958, 0.5063138604164124]
[0.4711599349975586, 0.5763072967529297, 0.4394093453884125, 0.2953985333442688, 0.5247290730476379]
[0.449866384267807, 0.5621799230575562, 0.46058666706085205, 0.37259358167648315, 0.5003561973571777]
[0.5070725679397583, 0.5795678496360779, 0.4309682846069336, 0.25872695446014404, 0.538472592830658]
[0.48631730675697327, 0.5713722109794617, 0.4247477352619171, 0.2816392779350281, 0.5307577252388]
[0.47337251901626587, 0.5690906047821045, 0.4383225440979004, 0.3093767762184143, 0.501781702041626]
[0.5346308946609497, 0.5561193227767944, 0.457827627658844, 0.33004677295684814, 0.5422645211219788]
[0.4616646468639374, 0.5614979863166809, 0.459865540266037, 0.3580060303211212, 0.4694088399410248]
[0.5060390830039978, 0.5810578465461731, 0.4581379294395447, 0.2846025824546814, 0.5416787266731262]
[0.5230815410614014, 0.5691123604774475, 0.43964606523513794, 0.29549145698547363, 0.546607255935669]
[0.49819183349609375, 0.5695810914039612, 0.4092336595058441, 0.28381651639938354, 0.5330636501312256]
[0.513299286365509, 0.5784803032875061, 0.4414287805557251, 0.3000982701778412, 0.552769660949707]
[0.500080943107605, 0.5562834739685059, 0.4459209144115448, 0.3171856999397278, 0.4953802824020386]
[0.5004178285598755, 0.5469068288803101, 0.4861796498298645, 0.3556283116340637, 0.5106184482574463]
[0.5037673115730286, 0.584734320640564, 0.45520976185798645, 0.29713174700737, 0.5328770875930786]
[0.4210253357887268, 0.55520099401474, 0.4405100345611572, 0.29144272208213806, 0.47628113627433777]
[0.506640613079071, 0.5492396354675293, 0.44139426946640015, 0.3953491449356079, 0.48842525482177734]
[0.5156440138816833, 0.58802729845047, 0.41264453530311584, 0.2564442455768585, 0.5444884300231934]
[0.5284481048583984, 0.5787309408187866, 0.44629818201065063, 0.2838960289955139, 0.5512335300445557]
[0.47702711820602417, 0.5806329846382141, 0.4602876603603363, 0.31356048583984375, 0.515216052532196]
[0.505816638469696, 0.5766369700431824, 0.4629189372062683, 0.28978976607322693, 0.5135737657546997]
[0.45693209767341614, 0.5421780347824097, 0.4532650113105774, 0.31779760122299194, 0.4912083148956299]
[0.4200191795825958, 0.5681962370872498, 0.44961196184158325, 0.32470813393592834, 0.4470725953578949]
[0.4628249704837799, 0.5621729493141174, 0.45227476954460144, 0.3150786757469177, 0.4874270558357239]
[0.48790037631988525, 0.5829470157623291, 0.4172520041465759, 0.283819317817688, 0.5400350093841553]
[0.5201860070228577, 0.5649659633636475, 0.41703206300735474, 0.24593250453472137, 0.560505747795105]
[0.48342812061309814, 0.5688043236732483, 0.4660346210002899, 0.29776009917259216, 0.5229638814926147]
[0.5031150579452515, 0.5754273533821106, 0.45783236622810364, 0.348012238740921, 0.4947642982006073]
[0.49038711190223694, 0.5734202265739441, 0.4581215977668762, 0.31208670139312744, 0.5215537548065186]
[0.49819183349609375, 0.5695810914039612, 0.4092336595058441, 0.28381651639938354, 0.5330636501312256]
[0.5232701897621155, 0.585786759853363, 0.43295803666114807, 0.27770718932151794, 0.5463414192199707]
[0.5425702333450317, 0.5838031768798828, 0.4168331027030945, 0.27025485038757324, 0.5538046360015869]
[0.513892412185669, 0.5189796090126038, 0.48452994227409363, 0.4181853234767914, 0.5280464887619019]
[0.42948251962661743, 0.5742505788803101, 0.4484051764011383, 0.30032965540885925, 0.4573010504245758]
[0.5325657725334167, 0.5865621566772461, 0.43499305844306946, 0.2810322940349579, 0.5555599331855774]
[0.5217341184616089, 0.5630340576171875, 0.4786860942840576, 0.3420584797859192, 0.539290189743042]
[0.45194992423057556, 0.5532837510108948, 0.48409631848335266, 0.3769943416118622, 0.4874964654445648]
[0.5456547141075134, 0.5259824991226196, 0.4341046214103699, 0.26014360785484314, 0.5630879402160645]
[0.5384920835494995, 0.5632209181785583, 0.42631006240844727, 0.30605462193489075, 0.5710488557815552]
[0.4966050088405609, 0.5672772526741028, 0.41722527146339417, 0.27033230662345886, 0.5422025322914124]
[0.4643639326095581, 0.5552049875259399, 0.43923112750053406, 0.33358338475227356, 0.4618067145347595]
[0.4900743067264557, 0.5732329487800598, 0.4545387923717499, 0.2979087233543396, 0.5219390988349915]
[0.4532187283039093, 0.5729955434799194, 0.4286002218723297, 0.2859037518501282, 0.5154518485069275]
[0.5177676677703857, 0.5676125884056091, 0.42211848497390747, 0.3200816810131073, 0.5141322612762451]
[0.4603058397769928, 0.5563075542449951, 0.4656924903392792, 0.33332857489585876, 0.49734118580818176]
[0.523184597492218, 0.5565602779388428, 0.43015095591545105, 0.28840479254722595, 0.5578165650367737]
[0.4802139103412628, 0.5760974287986755, 0.44855502247810364, 0.2897018492221832, 0.5162394046783447]
[0.43259111046791077, 0.5511065125465393, 0.4628828763961792, 0.36777636408805847, 0.4242878556251526]
[0.46256276965141296, 0.561236560344696, 0.4428359270095825, 0.333060085773468, 0.5127448439598083]
[0.5268223881721497, 0.539567232131958, 0.43555572628974915, 0.327202171087265, 0.5265198945999146]
[0.5717014670372009, 0.5777707099914551, 0.395061731338501, 0.256041020154953, 0.5752339363098145]
[0.5129098296165466, 0.5794203281402588, 0.4295010268688202, 0.2697449028491974, 0.536990225315094]
[0.519094705581665, 0.5306490659713745, 0.4360703229904175, 0.3205917775630951, 0.5498827695846558]
[0.5621737241744995, 0.5589842200279236, 0.42750516533851624, 0.2933095097541809, 0.5038610696792603]
[0.5411460995674133, 0.5593054890632629, 0.43871137499809265, 0.298902302980423, 0.5448840856552124]
[0.5408357381820679, 0.5814871191978455, 0.4092741906642914, 0.2650979459285736, 0.5743598937988281]
[0.49793875217437744, 0.5777004361152649, 0.42640239000320435, 0.3213624060153961, 0.5247243642807007]
[0.4911031723022461, 0.571915864944458, 0.4365951418876648, 0.31032833456993103, 0.5231006741523743]
[0.5752496719360352, 0.5934155583381653, 0.4097839593887329, 0.23794305324554443, 0.5543844699859619]
[0.4973490238189697, 0.5507069826126099, 0.4754472076892853, 0.37524721026420593, 0.4956701695919037]
[0.5004038214683533, 0.5760574340820312, 0.44478029012680054, 0.31142479181289673, 0.5007845163345337]
[0.5110207796096802, 0.5886558890342712, 0.45149755477905273, 0.28647005558013916, 0.5471274852752686]
[0.5701583623886108, 0.5933066010475159, 0.42724645137786865, 0.2648160457611084, 0.5760155916213989]
[0.5243121981620789, 0.590431809425354, 0.43097350001335144, 0.26082843542099, 0.5329254269599915]
[0.47232887148857117, 0.5605030655860901, 0.4515717327594757, 0.33719518780708313, 0.4802802801132202]
[0.5138237476348877, 0.5743960738182068, 0.43213391304016113, 0.28918638825416565, 0.5230669379234314]
[0.44852736592292786, 0.5740982890129089, 0.44936516880989075, 0.32979026436805725, 0.485460102558136]
[0.4859448969364166, 0.5766919851303101, 0.4381246566772461, 0.29886266589164734, 0.5076305866241455]
[0.5295147895812988, 0.5721975564956665, 0.44807168841362, 0.31836241483688354, 0.5560183525085449]
[0.449866384267807, 0.5621799230575562, 0.46058666706085205, 0.37259358167648315, 0.5003561973571777]
[0.48091697692871094, 0.5813599824905396, 0.4328823983669281, 0.28308096528053284, 0.5227588415145874]
[0.5143347978591919, 0.5753675699234009, 0.43019676208496094, 0.30224716663360596, 0.5044119358062744]
[0.5029304027557373, 0.5507872104644775, 0.4473862648010254, 0.29456356167793274, 0.5258168578147888]
[0.3622761070728302, 0.5636788010597229, 0.4227692484855652, 0.28394559025764465, 0.4595184326171875]
[0.5337212085723877, 0.5890388488769531, 0.4181117117404938, 0.26586437225341797, 0.5372905731201172]
