0
这个我必须转一下：请不要这样欺骗老人，谢谢！
[0.47147274017333984, 0.5542896389961243, 0.43880417943000793, 0.32088422775268555, 0.4714987576007843]
[0.5459960103034973, 0.5847343802452087, 0.41884297132492065, 0.2919814884662628, 0.547483503818512]
[0.5044244527816772, 0.5661904811859131, 0.4122995436191559, 0.2703689634799957, 0.5495462417602539]
[0.4536662697792053, 0.5803783535957336, 0.42550405859947205, 0.28379490971565247, 0.49296846985816956]
[0.5040035247802734, 0.5719863772392273, 0.43091994524002075, 0.27657848596572876, 0.5261465907096863]
[0.5618038773536682, 0.5701926350593567, 0.4027576744556427, 0.2758007049560547, 0.5735721588134766]
[0.42898160219192505, 0.5650243759155273, 0.46616917848587036, 0.3284127116203308, 0.48233482241630554]
[0.5334301590919495, 0.5702323913574219, 0.43010684847831726, 0.3001783788204193, 0.5622343420982361]
[0.4694518446922302, 0.5703734159469604, 0.4240267276763916, 0.29674991965293884, 0.47446855902671814]
[0.43820279836654663, 0.588478147983551, 0.4302973449230194, 0.280630886554718, 0.508187472820282]
[0.499265193939209, 0.5891838073730469, 0.40254053473472595, 0.2673644721508026, 0.5435221195220947]
[0.40121492743492126, 0.5418741703033447, 0.4592496454715729, 0.346649706363678, 0.46444815397262573]
[0.4493761956691742, 0.5900260210037231, 0.415829598903656, 0.27444761991500854, 0.5030817985534668]
[0.49819183349609375, 0.5695810914039612, 0.4092336595058441, 0.28381651639938354, 0.5330636501312256]
[0.46719470620155334, 0.557497501373291, 0.4458208680152893, 0.30599138140678406, 0.5234332084655762]
[0.4927237331867218, 0.5817822813987732, 0.4280487298965454, 0.2857627272605896, 0.5031254887580872]
[0.49819183349609375, 0.5695810914039612, 0.4092336595058441, 0.28381651639938354, 0.5330636501312256]
[0.47942715883255005, 0.5743627548217773, 0.438198447227478, 0.27957436442375183, 0.5085504651069641]
[0.5076683163642883, 0.5813682079315186, 0.4229680299758911, 0.2698361873626709, 0.5229488015174866]
[0.5266367197036743, 0.5762930512428284, 0.415758341550827, 0.2642122805118561, 0.5697896480560303]
[0.42235153913497925, 0.5757588744163513, 0.44781601428985596, 0.3074190616607666, 0.4737277626991272]
[0.4791124761104584, 0.5782506465911865, 0.40623924136161804, 0.2905867099761963, 0.5280441045761108]
[0.5250779986381531, 0.5751069784164429, 0.4026302099227905, 0.27830079197883606, 0.5525697469711304]
[0.5502533316612244, 0.5312448740005493, 0.41978147625923157, 0.28317323327064514, 0.554564893245697]
[0.4959533214569092, 0.5554086565971375, 0.4769873023033142, 0.3814953863620758, 0.51973956823349]
[0.43555566668510437, 0.5559536218643188, 0.44924259185791016, 0.34208443760871887, 0.4982452690601349]
[0.49362850189208984, 0.5556648373603821, 0.422525018453598, 0.3101809620857239, 0.5339164733886719]
[0.4559880495071411, 0.5618035793304443, 0.4568864405155182, 0.33412790298461914, 0.4809272289276123]
[0.4524078667163849, 0.5966178178787231, 0.4397065043449402, 0.27037182450294495, 0.48680737614631653]
[0.5627973079681396, 0.5829466581344604, 0.41399824619293213, 0.27573245763778687, 0.5722205638885498]
[0.5255790948867798, 0.5836875438690186, 0.41178765892982483, 0.2879716455936432, 0.5243006944656372]
[0.5006034970283508, 0.5724692344665527, 0.4298209249973297, 0.31540387868881226, 0.5362239480018616]
[0.526609480381012, 0.6019211411476135, 0.4007711410522461, 0.25412195920944214, 0.5547598600387573]
[0.49805933237075806, 0.578544020652771, 0.43623414635658264, 0.3027298152446747, 0.5244063138961792]
[0.4468044936656952, 0.5793429613113403, 0.4747058153152466, 0.2862546443939209, 0.5251556634902954]
[0.4852469563484192, 0.5780146718025208, 0.4381759762763977, 0.29776057600975037, 0.5342637896537781]
[0.4348274767398834, 0.5812126994132996, 0.4678608775138855, 0.3131294846534729, 0.4798378646373749]
[0.36278608441352844, 0.5359236598014832, 0.4938809871673584, 0.3543165326118469, 0.4552263915538788]
[0.453081876039505, 0.5644521713256836, 0.46189162135124207, 0.33349278569221497, 0.4920116662979126]
[0.4578406810760498, 0.5591466426849365, 0.437694251537323, 0.2813341021537781, 0.5021305680274963]
[0.5453583002090454, 0.5749102234840393, 0.40002524852752686, 0.2717260718345642, 0.5532132983207703]
[0.4410383701324463, 0.5567561388015747, 0.43463942408561707, 0.30326947569847107, 0.4863424599170685]
[0.5397323966026306, 0.5986484289169312, 0.42316994071006775, 0.2700996696949005, 0.5608393549919128]
[0.4908105432987213, 0.5802524089813232, 0.43809056282043457, 0.2851859927177429, 0.5252239108085632]
[0.5093677639961243, 0.5929774641990662, 0.4375048577785492, 0.290586918592453, 0.540721595287323]
[0.5530872344970703, 0.5654677748680115, 0.4089280962944031, 0.2639637887477875, 0.5777313113212585]
[0.5263027548789978, 0.5914869904518127, 0.41707560420036316, 0.2746836841106415, 0.5302574634552002]
[0.5073289275169373, 0.5523659586906433, 0.43764588236808777, 0.30211567878723145, 0.5323911309242249]
[0.42235153913497925, 0.5757588744163513, 0.44781601428985596, 0.3074190616607666, 0.4737277626991272]
[0.5325873494148254, 0.5880876183509827, 0.42129048705101013, 0.2533036768436432, 0.5475322008132935]
[0.488252192735672, 0.5932049751281738, 0.42215976119041443, 0.2818395495414734, 0.5148406624794006]
[0.4959900975227356, 0.5180803537368774, 0.4604566693305969, 0.3669911026954651, 0.5309947729110718]
[0.5495122671127319, 0.5863096117973328, 0.4127141237258911, 0.27997028827667236, 0.5632015466690063]
[0.46280166506767273, 0.5808971524238586, 0.43674716353416443, 0.30213025212287903, 0.500511646270752]
[0.47031188011169434, 0.5798199772834778, 0.44028550386428833, 0.3106311857700348, 0.5079781413078308]
[0.42235153913497925, 0.5757588744163513, 0.44781601428985596, 0.3074190616607666, 0.4737277626991272]
[0.4786519408226013, 0.5599637627601624, 0.4789414703845978, 0.4286925494670868, 0.5046883225440979]
[0.5011051893234253, 0.5488017201423645, 0.4225749969482422, 0.2826692759990692, 0.5525490641593933]
[0.3661216199398041, 0.5365607738494873, 0.4731229543685913, 0.3717295825481415, 0.44023576378822327]
[0.3802739977836609, 0.5166429281234741, 0.48747333884239197, 0.39993852376937866, 0.4421074688434601]
[0.5402865409851074, 0.5848067998886108, 0.41345199942588806, 0.26653483510017395, 0.5646623373031616]
[0.476938933134079, 0.5838148593902588, 0.4421873986721039, 0.28177493810653687, 0.5422099232673645]
[0.4870985746383667, 0.5791055560112, 0.4274716079235077, 0.2863010764122009, 0.5377567410469055]
[0.4612484872341156, 0.5586614608764648, 0.42870378494262695, 0.2918325364589691, 0.5141896605491638]
[0.4826337397098541, 0.5571109056472778, 0.45493775606155396, 0.3408558666706085, 0.5177820920944214]
[0.5076683163642883, 0.5813682079315186, 0.4229680299758911, 0.2698361873626709, 0.5229488015174866]
[0.5334106683731079, 0.5523251295089722, 0.45637574791908264, 0.36387455463409424, 0.5498726963996887]
[0.5159958600997925, 0.587539792060852, 0.4064553678035736, 0.27738943696022034, 0.542119026184082]
[0.47147274017333984, 0.5542896389961243, 0.43880417943000793, 0.32088422775268555, 0.4714987576007843]
[0.4159737527370453, 0.5648684501647949, 0.4391247630119324, 0.2637278139591217, 0.4691063165664673]
[0.5202862024307251, 0.5810336470603943, 0.4101262390613556, 0.26850610971450806, 0.5348315834999084]
[0.4578084349632263, 0.5753582119941711, 0.4084346890449524, 0.2920238971710205, 0.5094960331916809]
[0.3968161940574646, 0.540337324142456, 0.4778520166873932, 0.37075546383857727, 0.47486189007759094]
[0.4993659555912018, 0.588844895362854, 0.44005918502807617, 0.28825098276138306, 0.5603339076042175]
[0.48223111033439636, 0.5647404789924622, 0.4594452381134033, 0.34162354469299316, 0.5020126104354858]
[0.5475226044654846, 0.5858065485954285, 0.4115382134914398, 0.26619333028793335, 0.5761762857437134]
[0.5347832441329956, 0.5800676345825195, 0.40011852979660034, 0.2771383225917816, 0.5466348528862]
[0.46888574957847595, 0.5646635890007019, 0.44627508521080017, 0.3164912164211273, 0.5039702653884888]
[0.5587626099586487, 0.5813460946083069, 0.42052873969078064, 0.2815138101577759, 0.5727449655532837]
[0.4902472496032715, 0.5753422379493713, 0.42991533875465393, 0.3023277521133423, 0.5137039422988892]
[0.500798761844635, 0.568731427192688, 0.39203718304634094, 0.27390849590301514, 0.5082139372825623]
[0.5113347768783569, 0.569598913192749, 0.43344032764434814, 0.301611989736557, 0.5385475158691406]
[0.5844563245773315, 0.5888088941574097, 0.3837943375110626, 0.24764251708984375, 0.582402229309082]
[0.546464741230011, 0.5441318154335022, 0.4085148870944977, 0.26336362957954407, 0.5707906484603882]
[0.4931928813457489, 0.5691472887992859, 0.45884862542152405, 0.3174319267272949, 0.5473576188087463]
[0.48707714676856995, 0.5838815569877625, 0.4152012765407562, 0.28722140192985535, 0.5178857445716858]
[0.49166977405548096, 0.5873075127601624, 0.4334279000759125, 0.27953946590423584, 0.5514650940895081]
[0.42235153913497925, 0.5757588744163513, 0.44781601428985596, 0.3074190616607666, 0.4737277626991272]
[0.5437874794006348, 0.5783067941665649, 0.4201328754425049, 0.28799793124198914, 0.5590924620628357]
[0.4217577576637268, 0.5530434846878052, 0.4547126591205597, 0.326332151889801, 0.47042229771614075]
[0.536557137966156, 0.5797748565673828, 0.4543321132659912, 0.31754666566848755, 0.5683580040931702]
[0.514590322971344, 0.582325279712677, 0.4131928086280823, 0.29199203848838806, 0.5656244158744812]
[0.3909264802932739, 0.5527652502059937, 0.5282598733901978, 0.42552101612091064, 0.5118362903594971]
[0.48274144530296326, 0.557212769985199, 0.42719754576683044, 0.3012866675853729, 0.5417268872261047]
[0.41658273339271545, 0.5265539288520813, 0.46520328521728516, 0.3789413571357727, 0.47652721405029297]
[0.42898160219192505, 0.5650243759155273, 0.46616917848587036, 0.3284127116203308, 0.48233482241630554]
[0.42235153913497925, 0.5757588744163513, 0.44781601428985596, 0.3074190616607666, 0.4737277626991272]
[0.5404128432273865, 0.5823633670806885, 0.4184034764766693, 0.2794688045978546, 0.539771318435669]
[0.42898160219192505, 0.5650243759155273, 0.46616917848587036, 0.3284127116203308, 0.48233482241630554]
[0.42235153913497925, 0.5757588744163513, 0.44781601428985596, 0.3074190616607666, 0.4737277626991272]
[0.47795045375823975, 0.5551496148109436, 0.4831606447696686, 0.36312490701675415, 0.5293830037117004]
