0
【急转寻线！两男子驾车撞倒9岁男孩后将其抱走】18日晨6时许，9岁的云南曲靖师宗男孩刘望在上学路上被一辆面包车撞出数米，面包车挡风玻璃被撞碎。随后车上下来2名男子，把刘望抱上车驾车逃走。截至20日下午，警方仍在全力侦查。
[0.5710694193840027, 0.5578271746635437, 0.4521205723285675, 0.27586013078689575, 0.5471338629722595]
[0.3601253628730774, 0.5588699579238892, 0.4370354115962982, 0.2802875339984894, 0.4537184536457062]
[0.5871989130973816, 0.5649881958961487, 0.38462939858436584, 0.2518668472766876, 0.5905523896217346]
[0.5194440484046936, 0.5789793729782104, 0.43571484088897705, 0.3068890869617462, 0.5295135378837585]
[0.3601253628730774, 0.5588699579238892, 0.4370354115962982, 0.2802875339984894, 0.4537184536457062]
[0.45288345217704773, 0.5723007321357727, 0.45733028650283813, 0.334473192691803, 0.4526960551738739]
[0.5285257697105408, 0.5552181005477905, 0.4636680483818054, 0.2928315997123718, 0.5236053466796875]
[0.469973087310791, 0.5757330060005188, 0.47918713092803955, 0.3475435674190521, 0.5218855738639832]
[0.4078977406024933, 0.5791305303573608, 0.44982656836509705, 0.32644110918045044, 0.4661463797092438]
[0.5187433362007141, 0.5936030149459839, 0.4251434803009033, 0.2729690372943878, 0.5529970526695251]
[0.5158810019493103, 0.5868120789527893, 0.4219215214252472, 0.2854097783565521, 0.5231192111968994]
[0.43243446946144104, 0.5316782593727112, 0.46526867151260376, 0.3300284743309021, 0.4708854556083679]
[0.5488234162330627, 0.5960188508033752, 0.4105662703514099, 0.2674226760864258, 0.5709624290466309]
[0.4991376996040344, 0.5800173878669739, 0.4216172397136688, 0.290729820728302, 0.5309631824493408]
[0.5482319593429565, 0.579616904258728, 0.40598031878471375, 0.28443196415901184, 0.5567839741706848]
[0.5242630839347839, 0.5748022794723511, 0.4487968981266022, 0.30393117666244507, 0.5289872288703918]
[0.4428692162036896, 0.5624240040779114, 0.46219804883003235, 0.2943585515022278, 0.48154231905937195]
[0.4020405411720276, 0.5664276480674744, 0.4392944276332855, 0.2833927571773529, 0.4751105010509491]
[0.3616941273212433, 0.5609371662139893, 0.4425567388534546, 0.3047291338443756, 0.44835665822029114]
[0.42021945118904114, 0.5535901188850403, 0.4439277648925781, 0.27874788641929626, 0.46632319688796997]
[0.5535418391227722, 0.5951646566390991, 0.4027711749076843, 0.2501104176044464, 0.5523548126220703]
[0.4311985969543457, 0.5677555799484253, 0.49639788269996643, 0.36962950229644775, 0.4777891933917999]
[0.5357823967933655, 0.587611198425293, 0.4187574088573456, 0.27325448393821716, 0.5626989006996155]
[0.4515266418457031, 0.5395888686180115, 0.47857171297073364, 0.3693610429763794, 0.47776466608047485]
[0.5354540348052979, 0.5691553950309753, 0.42349010705947876, 0.27882468700408936, 0.5445085763931274]
[0.43304815888404846, 0.5628265142440796, 0.47276580333709717, 0.337319016456604, 0.48713335394859314]
[0.5357823967933655, 0.587611198425293, 0.4187574088573456, 0.27325448393821716, 0.5626989006996155]
[0.6298932433128357, 0.5567499399185181, 0.3826456069946289, 0.26867541670799255, 0.6103698015213013]
[0.44036436080932617, 0.5861449241638184, 0.4223129451274872, 0.2893042266368866, 0.5010567307472229]
[0.4252282977104187, 0.5395218729972839, 0.4600018262863159, 0.323135644197464, 0.4698445200920105]
[0.4816800355911255, 0.5877118706703186, 0.427312970161438, 0.2765614092350006, 0.5207079648971558]
[0.5664893984794617, 0.5876714587211609, 0.4169379472732544, 0.25832438468933105, 0.5511159896850586]
[0.5070725679397583, 0.5795678496360779, 0.4309682846069336, 0.25872695446014404, 0.538472592830658]
[0.5607697367668152, 0.5920805335044861, 0.40764743089675903, 0.27243274450302124, 0.5391563177108765]
[0.4320758879184723, 0.5675625205039978, 0.4150222837924957, 0.30230820178985596, 0.5094932913780212]
[0.5628649592399597, 0.5737586617469788, 0.4321470260620117, 0.3046610355377197, 0.579120397567749]
[0.4482274055480957, 0.5855064988136292, 0.463095486164093, 0.30677422881126404, 0.4978058934211731]
[0.4585419297218323, 0.5272998809814453, 0.4814024567604065, 0.33057472109794617, 0.47869423031806946]
[0.444958359003067, 0.5657264590263367, 0.49018990993499756, 0.3992088735103607, 0.48244377970695496]
[0.47986024618148804, 0.5753052234649658, 0.4562656879425049, 0.2986961901187897, 0.4860346019268036]
[0.5404128432273865, 0.5823633670806885, 0.4184034764766693, 0.2794688045978546, 0.539771318435669]
[0.5449082255363464, 0.5839195251464844, 0.4360630214214325, 0.2840462625026703, 0.5741589665412903]
[0.48604220151901245, 0.5524214506149292, 0.45034119486808777, 0.28277313709259033, 0.4930533766746521]
[0.4704301953315735, 0.5325453281402588, 0.4284593164920807, 0.28220415115356445, 0.48305657505989075]
[0.5286133885383606, 0.5830287337303162, 0.43203672766685486, 0.26154306530952454, 0.5250142812728882]
[0.47813528776168823, 0.5707857012748718, 0.4170020818710327, 0.25670382380485535, 0.5330168604850769]
[0.5442771315574646, 0.5554264783859253, 0.41459670662879944, 0.2954152524471283, 0.5576978921890259]
[0.49751096963882446, 0.5760007500648499, 0.4337840676307678, 0.2949337959289551, 0.5123721361160278]
[0.5039249062538147, 0.5504591464996338, 0.45391568541526794, 0.31732162833213806, 0.5187371373176575]
[0.3912813067436218, 0.5759340524673462, 0.4691835045814514, 0.2948879301548004, 0.46429628133773804]
[0.48379552364349365, 0.5937032699584961, 0.41920071840286255, 0.2830924987792969, 0.4925927221775055]
[0.5354540348052979, 0.5691553950309753, 0.42349010705947876, 0.27882468700408936, 0.5445085763931274]
[0.44983693957328796, 0.5657253265380859, 0.46881091594696045, 0.347061425447464, 0.5092037916183472]
[0.525331974029541, 0.5965015888214111, 0.44448721408843994, 0.2950917184352875, 0.5175468921661377]
[0.4320327043533325, 0.580361008644104, 0.4439273774623871, 0.3277483582496643, 0.490519255399704]
[0.48210635781288147, 0.5496454238891602, 0.4558717906475067, 0.3331523537635803, 0.4984889626502991]
[0.4816800355911255, 0.5877118706703186, 0.427312970161438, 0.2765614092350006, 0.5207079648971558]
[0.5244512557983398, 0.5905895233154297, 0.4172618091106415, 0.2694428265094757, 0.5448654294013977]
[0.4383559823036194, 0.5795822739601135, 0.4175054430961609, 0.27643531560897827, 0.5017744302749634]
[0.36994266510009766, 0.5769084095954895, 0.46816444396972656, 0.2979772984981537, 0.45644330978393555]
[0.49819183349609375, 0.5695810914039612, 0.4092336595058441, 0.28381651639938354, 0.5330636501312256]
[0.4374649226665497, 0.5663765668869019, 0.48060739040374756, 0.3460620045661926, 0.494577556848526]
[0.38173720240592957, 0.5462586879730225, 0.48641127347946167, 0.3184647262096405, 0.43241655826568604]
[0.4294936954975128, 0.5753562450408936, 0.45413750410079956, 0.32242003083229065, 0.4858947694301605]
[0.38392719626426697, 0.553103506565094, 0.4663456976413727, 0.32969653606414795, 0.4384534955024719]
[0.43074697256088257, 0.5513914227485657, 0.42814967036247253, 0.32784005999565125, 0.508460521697998]
[0.47178420424461365, 0.5588600039482117, 0.4532734155654907, 0.3451135754585266, 0.4797532260417938]
[0.48210635781288147, 0.5496454238891602, 0.4558717906475067, 0.3331523537635803, 0.4984889626502991]
[0.48210635781288147, 0.5496454238891602, 0.4558717906475067, 0.3331523537635803, 0.4984889626502991]
[0.49751096963882446, 0.5760007500648499, 0.4337840676307678, 0.2949337959289551, 0.5123721361160278]
[0.5070725679397583, 0.5795678496360779, 0.4309682846069336, 0.25872695446014404, 0.538472592830658]
[0.5283012390136719, 0.5914251804351807, 0.4320566654205322, 0.27345696091651917, 0.5506661534309387]
[0.5132343769073486, 0.5900415778160095, 0.4107038080692291, 0.26193660497665405, 0.5373635292053223]
[0.48604220151901245, 0.5524214506149292, 0.45034119486808777, 0.28277313709259033, 0.4930533766746521]
[0.43304815888404846, 0.5628265142440796, 0.47276580333709717, 0.337319016456604, 0.48713335394859314]
[0.48604220151901245, 0.5524214506149292, 0.45034119486808777, 0.28277313709259033, 0.4930533766746521]
[0.4847809076309204, 0.5430357456207275, 0.47699496150016785, 0.33452853560447693, 0.5056003332138062]
[0.4872979521751404, 0.582597017288208, 0.4531523585319519, 0.3170817196369171, 0.513921856880188]
[0.4428692162036896, 0.5624240040779114, 0.46219804883003235, 0.2943585515022278, 0.48154231905937195]
[0.44612786173820496, 0.5711504817008972, 0.4598188102245331, 0.32322609424591064, 0.49629274010658264]
[0.4872979521751404, 0.582597017288208, 0.4531523585319519, 0.3170817196369171, 0.513921856880188]
[0.49819183349609375, 0.5695810914039612, 0.4092336595058441, 0.28381651639938354, 0.5330636501312256]
[0.5115415453910828, 0.5866368412971497, 0.43492332100868225, 0.301077663898468, 0.5348446369171143]
[0.46860915422439575, 0.5463913679122925, 0.4577076733112335, 0.33187925815582275, 0.4836263954639435]
[0.47275328636169434, 0.561934769153595, 0.45904773473739624, 0.3285936713218689, 0.5038316249847412]
[0.3601253628730774, 0.5588699579238892, 0.4370354115962982, 0.2802875339984894, 0.4537184536457062]
[0.5400460958480835, 0.5668718218803406, 0.4436912536621094, 0.3015870749950409, 0.5743546485900879]
[0.4455414116382599, 0.5582684874534607, 0.43604764342308044, 0.2936370372772217, 0.49480316042900085]
[0.48477423191070557, 0.5841103196144104, 0.4336373209953308, 0.2982083559036255, 0.5245307683944702]
[0.5250670313835144, 0.5704166889190674, 0.4443792700767517, 0.332393079996109, 0.5293933749198914]
[0.4797555208206177, 0.58607017993927, 0.4261816143989563, 0.27739301323890686, 0.5209331512451172]
[0.5249909162521362, 0.5598918795585632, 0.4323035478591919, 0.3287290930747986, 0.5216836333274841]
[0.5283012390136719, 0.5914251804351807, 0.4320566654205322, 0.27345696091651917, 0.5506661534309387]
[0.504866898059845, 0.5719336271286011, 0.4343773126602173, 0.2806994915008545, 0.515706479549408]
[0.43318095803260803, 0.5538410544395447, 0.4677838683128357, 0.36415937542915344, 0.4678129255771637]
[0.520243763923645, 0.5863321423530579, 0.4134417772293091, 0.2781178057193756, 0.5262815952301025]
[0.5094677209854126, 0.5432333946228027, 0.44207680225372314, 0.2933568060398102, 0.5512415170669556]
[0.44399288296699524, 0.5816325545310974, 0.4424910545349121, 0.308303564786911, 0.49348074197769165]
[0.5564164519309998, 0.5684788823127747, 0.4189269244670868, 0.28144359588623047, 0.5497723817825317]
[0.4892478287220001, 0.5690417289733887, 0.466779887676239, 0.3196841776371002, 0.536233127117157]
[0.45913732051849365, 0.5786662697792053, 0.4426482617855072, 0.31457841396331787, 0.48679640889167786]
