0
一种叫做fallstreak hole的云层现象，简直就是打开了异次元的大门！
[0.5291719436645508, 0.575939416885376, 0.43805867433547974, 0.2621097266674042, 0.5529664754867554]
[0.44844236969947815, 0.5535057783126831, 0.4380229413509369, 0.2528499662876129, 0.4845515191555023]
[0.535548985004425, 0.5743044018745422, 0.4219232201576233, 0.27131181955337524, 0.5345061421394348]
[0.49819183349609375, 0.5695810914039612, 0.4092336595058441, 0.28381651639938354, 0.5330636501312256]
[0.525974452495575, 0.585049569606781, 0.4086306095123291, 0.2701477110385895, 0.5494036674499512]
[0.5125012993812561, 0.5405822396278381, 0.47288793325424194, 0.3715588450431824, 0.4994027018547058]
[0.5099541544914246, 0.5616210699081421, 0.4145917296409607, 0.3121604025363922, 0.530590295791626]
[0.49819183349609375, 0.5695810914039612, 0.4092336595058441, 0.28381651639938354, 0.5330636501312256]
[0.49359890818595886, 0.5606542825698853, 0.4604370594024658, 0.3101785480976105, 0.5362664461135864]
[0.5039474964141846, 0.5500447154045105, 0.44927722215652466, 0.28099340200424194, 0.516549289226532]
[0.6423520445823669, 0.5208008885383606, 0.45732542872428894, 0.3379642963409424, 0.6156503558158875]
[0.535548985004425, 0.5743044018745422, 0.4219232201576233, 0.27131181955337524, 0.5345061421394348]
[0.5443998575210571, 0.6005115509033203, 0.43346908688545227, 0.2673066556453705, 0.5478938221931458]
[0.5336915254592896, 0.5584613680839539, 0.41618797183036804, 0.2924535870552063, 0.5255768299102783]
[0.4760547876358032, 0.561172366142273, 0.4509691894054413, 0.32225096225738525, 0.47913143038749695]
[0.5269182920455933, 0.5699172616004944, 0.43905314803123474, 0.3081555664539337, 0.5449448227882385]
[0.49328354001045227, 0.5664633512496948, 0.44510701298713684, 0.30671414732933044, 0.521658182144165]
[0.5244597792625427, 0.5673940777778625, 0.42901942133903503, 0.28732484579086304, 0.508772611618042]
[0.563963770866394, 0.5369967222213745, 0.4131890833377838, 0.3099449872970581, 0.5676276683807373]
[0.5270649194717407, 0.5832741260528564, 0.40253350138664246, 0.2603515386581421, 0.5381869673728943]
[0.5557442903518677, 0.5897520780563354, 0.40616944432258606, 0.24151521921157837, 0.5613560080528259]
[0.35005369782447815, 0.548804759979248, 0.45135074853897095, 0.3015742003917694, 0.4178348481655121]
[0.5252047181129456, 0.5835800170898438, 0.4501386880874634, 0.30365490913391113, 0.5513505339622498]
[0.48293155431747437, 0.5896804332733154, 0.42351409792900085, 0.28106534481048584, 0.5296670198440552]
[0.5023642778396606, 0.5613176226615906, 0.440595418214798, 0.31774139404296875, 0.482810914516449]
[0.4368758201599121, 0.5690680146217346, 0.4535506069660187, 0.32353222370147705, 0.4506690800189972]
[0.502629816532135, 0.594465970993042, 0.43540704250335693, 0.27936381101608276, 0.5374372601509094]
[0.494392454624176, 0.5701795220375061, 0.45482268929481506, 0.36290788650512695, 0.48006346821784973]
[0.49422597885131836, 0.5677004456520081, 0.4439515769481659, 0.3244136571884155, 0.5069076418876648]
[0.48687744140625, 0.5872514843940735, 0.4169635474681854, 0.2654964327812195, 0.5461102724075317]
[0.43535900115966797, 0.5826967358589172, 0.4447074234485626, 0.28591254353523254, 0.47227707505226135]
[0.5498950481414795, 0.5942454934120178, 0.4177095890045166, 0.25271716713905334, 0.5602236390113831]
[0.5511925220489502, 0.6008439064025879, 0.4265042245388031, 0.2642822265625, 0.5489135980606079]
[0.511255145072937, 0.5555015802383423, 0.44553065299987793, 0.29960352182388306, 0.5322266817092896]
[0.47229450941085815, 0.5843265056610107, 0.4377096891403198, 0.2988778054714203, 0.5159496665000916]
[0.5113803148269653, 0.5442820191383362, 0.44538816809654236, 0.30936965346336365, 0.522692084312439]
[0.5237329006195068, 0.5647775530815125, 0.44586408138275146, 0.30335062742233276, 0.5451741218566895]
[0.46342387795448303, 0.5561507344245911, 0.4574207067489624, 0.29765790700912476, 0.49800407886505127]
[0.4116668701171875, 0.5709795951843262, 0.4383661448955536, 0.29180365800857544, 0.4998473525047302]
[0.5405529737472534, 0.5755124688148499, 0.41367918252944946, 0.2694619596004486, 0.5477991700172424]
[0.5054698586463928, 0.5528646111488342, 0.4431849420070648, 0.3044583201408386, 0.5180291533470154]
[0.5393469929695129, 0.5913609266281128, 0.4228838384151459, 0.2784043550491333, 0.5547576546669006]
[0.35586410760879517, 0.5350598692893982, 0.45790404081344604, 0.33605995774269104, 0.3826591372489929]
[0.49819183349609375, 0.5695810914039612, 0.4092336595058441, 0.28381651639938354, 0.5330636501312256]
[0.49819183349609375, 0.5695810914039612, 0.4092336595058441, 0.28381651639938354, 0.5330636501312256]
[0.6179689168930054, 0.5638184547424316, 0.40629929304122925, 0.2666524350643158, 0.5899541974067688]
[0.49819183349609375, 0.5695810914039612, 0.4092336595058441, 0.28381651639938354, 0.5330636501312256]
[0.6005585789680481, 0.5718914270401001, 0.39949938654899597, 0.2664197087287903, 0.5866341590881348]
[0.49819183349609375, 0.5695810914039612, 0.4092336595058441, 0.28381651639938354, 0.5330636501312256]
[0.49819183349609375, 0.5695810914039612, 0.4092336595058441, 0.28381651639938354, 0.5330636501312256]
[0.5077226161956787, 0.5609464645385742, 0.4291386902332306, 0.2948400676250458, 0.5219264030456543]
[0.507809042930603, 0.5670433640480042, 0.4234834611415863, 0.29251253604888916, 0.5069162249565125]
[0.4865007698535919, 0.5622063875198364, 0.4603992998600006, 0.32562705874443054, 0.5189650654792786]
[0.469333291053772, 0.5553449988365173, 0.4523520767688751, 0.3488334119319916, 0.4901265501976013]
[0.46139755845069885, 0.5652362108230591, 0.4690738916397095, 0.30730265378952026, 0.47295746207237244]
[0.4768032729625702, 0.5697775483131409, 0.4395320415496826, 0.29312339425086975, 0.5340710282325745]
[0.41310909390449524, 0.5530846118927002, 0.4327422082424164, 0.2697813808917999, 0.4712805449962616]
[0.4916924238204956, 0.584213137626648, 0.443445086479187, 0.2967126667499542, 0.5165280103683472]
[0.47817644476890564, 0.5646628141403198, 0.4579065442085266, 0.324095755815506, 0.5168452858924866]
[0.5233216881752014, 0.5814307332038879, 0.4135175049304962, 0.2682132124900818, 0.5587395429611206]
[0.5623714923858643, 0.5739312767982483, 0.4376204311847687, 0.29578012228012085, 0.535435676574707]
[0.49819183349609375, 0.5695810914039612, 0.4092336595058441, 0.28381651639938354, 0.5330636501312256]
[0.47073855996131897, 0.5921735763549805, 0.4633805751800537, 0.30752623081207275, 0.4986247718334198]
[0.40477991104125977, 0.5561894774436951, 0.43773791193962097, 0.3145771920681, 0.4636388123035431]
[0.46538323163986206, 0.5667845606803894, 0.4354274868965149, 0.3206275999546051, 0.49694424867630005]
[0.452851265668869, 0.5684840679168701, 0.4462340772151947, 0.308536559343338, 0.4629378616809845]
[0.5773205757141113, 0.5161535143852234, 0.41902288794517517, 0.28698989748954773, 0.5666991472244263]
[0.4787646532058716, 0.5730020403862, 0.4485921263694763, 0.29473644495010376, 0.5164167284965515]
[0.397700697183609, 0.5425930023193359, 0.4972662925720215, 0.37317079305648804, 0.46069371700286865]
[0.5138278007507324, 0.5719684362411499, 0.4300827383995056, 0.2970241904258728, 0.5164225697517395]
[0.4053199887275696, 0.577354371547699, 0.4437974691390991, 0.3156750500202179, 0.4461301863193512]
[0.5205258131027222, 0.581230103969574, 0.41639772057533264, 0.27707043290138245, 0.5470983982086182]
[0.5205258131027222, 0.581230103969574, 0.41639772057533264, 0.27707043290138245, 0.5470983982086182]
[0.5363080501556396, 0.5889496803283691, 0.4214940369129181, 0.2664550542831421, 0.5463083386421204]
[0.4560493230819702, 0.5616084337234497, 0.4655532240867615, 0.28724730014801025, 0.47452685236930847]
[0.535548985004425, 0.5743044018745422, 0.4219232201576233, 0.27131181955337524, 0.5345061421394348]
[0.5070725679397583, 0.5795678496360779, 0.4309682846069336, 0.25872695446014404, 0.538472592830658]
[0.49819183349609375, 0.5695810914039612, 0.4092336595058441, 0.28381651639938354, 0.5330636501312256]
[0.4514963924884796, 0.5860517621040344, 0.4344780147075653, 0.26670902967453003, 0.49208346009254456]
[0.49819183349609375, 0.5695810914039612, 0.4092336595058441, 0.28381651639938354, 0.5330636501312256]
[0.4559687376022339, 0.5894718170166016, 0.4231736361980438, 0.2742425799369812, 0.49946877360343933]
[0.5244597792625427, 0.5673940777778625, 0.42901942133903503, 0.28732484579086304, 0.508772611618042]
[0.535548985004425, 0.5743044018745422, 0.4219232201576233, 0.27131181955337524, 0.5345061421394348]
[0.4809648394584656, 0.5616924166679382, 0.44416543841362, 0.30326390266418457, 0.4888617694377899]
[0.48714423179626465, 0.5963625311851501, 0.43963560461997986, 0.2667445242404938, 0.5179770588874817]
[0.48359230160713196, 0.5927678942680359, 0.43945881724357605, 0.2975825071334839, 0.5169289112091064]
[0.48664504289627075, 0.5669136047363281, 0.40111207962036133, 0.24679571390151978, 0.547275185585022]
[0.5268111228942871, 0.5864725112915039, 0.42945632338523865, 0.2877788841724396, 0.5453667044639587]
[0.5138278007507324, 0.5719684362411499, 0.4300827383995056, 0.2970241904258728, 0.5164225697517395]
[0.5230425596237183, 0.5772302746772766, 0.4391329288482666, 0.2965084910392761, 0.5267341136932373]
[0.5291719436645508, 0.575939416885376, 0.43805867433547974, 0.2621097266674042, 0.5529664754867554]
