0
这哥们儿脾气很冲啊！
[0.45173195004463196, 0.5625838041305542, 0.4436015486717224, 0.28327518701553345, 0.48126551508903503]
[0.5189785361289978, 0.5952735543251038, 0.4176396429538727, 0.2768532931804657, 0.5341144800186157]
[0.5155172944068909, 0.5652878284454346, 0.4406130909919739, 0.28470492362976074, 0.5470597743988037]
[0.5536912083625793, 0.5704404711723328, 0.4113386273384094, 0.2713170051574707, 0.5819425582885742]
[0.5243404507637024, 0.5760449767112732, 0.4186996817588806, 0.29310253262519836, 0.5424329042434692]
[0.3442249596118927, 0.5290831327438354, 0.4587991237640381, 0.35540685057640076, 0.43901264667510986]
[0.4520881772041321, 0.5743544697761536, 0.4427846372127533, 0.321638286113739, 0.47959962487220764]
[0.4689260721206665, 0.5735238790512085, 0.4540027976036072, 0.31651702523231506, 0.4917147159576416]
[0.49819183349609375, 0.5695810914039612, 0.4092336595058441, 0.28381651639938354, 0.5330636501312256]
[0.485073447227478, 0.5742454528808594, 0.4426935911178589, 0.31466737389564514, 0.49707889556884766]
[0.5062378644943237, 0.5386403203010559, 0.449731707572937, 0.32337599992752075, 0.5346991419792175]
[0.5254198908805847, 0.567750096321106, 0.42259588837623596, 0.27414000034332275, 0.5211583375930786]
[0.46178150177001953, 0.5755184292793274, 0.4606136381626129, 0.30410173535346985, 0.5281437039375305]
[0.45201438665390015, 0.5825481414794922, 0.42889314889907837, 0.24911563098430634, 0.48177585005760193]
[0.5167470574378967, 0.5760872960090637, 0.4325523376464844, 0.2777712941169739, 0.5341216325759888]
[0.5126591920852661, 0.5759720802307129, 0.4152299463748932, 0.2810848355293274, 0.5174343585968018]
[0.5683915019035339, 0.5898724794387817, 0.41058045625686646, 0.26869338750839233, 0.5782190561294556]
[0.4971317946910858, 0.5896552801132202, 0.4225865602493286, 0.2774486243724823, 0.509885847568512]
[0.4095524847507477, 0.5808135867118835, 0.45850467681884766, 0.30426642298698425, 0.46835625171661377]
[0.5512931942939758, 0.578345775604248, 0.4056684672832489, 0.265659898519516, 0.5585446953773499]
[0.4612561762332916, 0.5478914380073547, 0.4771997630596161, 0.35630324482917786, 0.4786175787448883]
[0.5153753757476807, 0.5497846603393555, 0.44451904296875, 0.31435877084732056, 0.5128744840621948]
[0.5660179853439331, 0.5495641827583313, 0.40529200434684753, 0.2619147002696991, 0.5774182081222534]
[0.5510159730911255, 0.5908887982368469, 0.4132724702358246, 0.2505338788032532, 0.5588396787643433]
[0.4919852316379547, 0.5340760350227356, 0.4925234913825989, 0.3431605100631714, 0.524800717830658]
[0.4208115041255951, 0.5736182332038879, 0.4782242476940155, 0.3246259391307831, 0.47967931628227234]
[0.49819183349609375, 0.5695810914039612, 0.4092336595058441, 0.28381651639938354, 0.5330636501312256]
[0.5312179327011108, 0.583070695400238, 0.4142923951148987, 0.25005796551704407, 0.5328344702720642]
[0.5042617917060852, 0.5546024441719055, 0.4238482117652893, 0.29016628861427307, 0.548314094543457]
[0.5174878835678101, 0.584205150604248, 0.41941261291503906, 0.26674115657806396, 0.5507490038871765]
[0.4526451528072357, 0.5363295674324036, 0.46982505917549133, 0.3408147990703583, 0.4829382300376892]
[0.5397823452949524, 0.5773414969444275, 0.4233461320400238, 0.286213219165802, 0.5457151532173157]
[0.3544231653213501, 0.5361962914466858, 0.4846727252006531, 0.38401851058006287, 0.41370293498039246]
[0.498464435338974, 0.575909435749054, 0.42492759227752686, 0.27664491534233093, 0.5064388513565063]
[0.5087894797325134, 0.564447283744812, 0.4470500349998474, 0.32493501901626587, 0.520439088344574]
[0.5230040550231934, 0.5548706650733948, 0.4368647038936615, 0.31237050890922546, 0.5032334923744202]
[0.3733792006969452, 0.5511550307273865, 0.4625062048435211, 0.35807257890701294, 0.4131772220134735]
[0.5663272738456726, 0.5789467096328735, 0.4038543701171875, 0.24655784666538239, 0.5697996616363525]
[0.41704580187797546, 0.5117380619049072, 0.5102540850639343, 0.4103473126888275, 0.4428698718547821]
[0.5209959149360657, 0.5924550890922546, 0.43016138672828674, 0.28082790970802307, 0.5182488560676575]
[0.4470043182373047, 0.5218934416770935, 0.4977203607559204, 0.40235525369644165, 0.45637792348861694]
[0.5012648701667786, 0.578361451625824, 0.43390288949012756, 0.29666876792907715, 0.5493457317352295]
[0.4877331852912903, 0.5623140931129456, 0.4392203390598297, 0.31633684039115906, 0.49371644854545593]
[0.5048058032989502, 0.542457640171051, 0.4729464650154114, 0.3244129419326782, 0.5313335061073303]
[0.48491621017456055, 0.5729048252105713, 0.4419402778148651, 0.3448944389820099, 0.502608597278595]
[0.5536494851112366, 0.5684286952018738, 0.4264592230319977, 0.28106996417045593, 0.524756133556366]
[0.4788181185722351, 0.562967836856842, 0.4584476351737976, 0.3160809278488159, 0.4887320101261139]
[0.4366488754749298, 0.5793625712394714, 0.44044944643974304, 0.322752982378006, 0.4690849781036377]
[0.42882028222084045, 0.5172610878944397, 0.4723666310310364, 0.36839044094085693, 0.46106311678886414]
[0.47915419936180115, 0.565234899520874, 0.4406816065311432, 0.3120284676551819, 0.5175747871398926]
[0.45286497473716736, 0.5751360654830933, 0.4441758692264557, 0.31025430560112, 0.49800413846969604]
[0.5520936250686646, 0.572313666343689, 0.40184590220451355, 0.26712536811828613, 0.5757388472557068]
[0.4154694080352783, 0.5855658650398254, 0.44208458065986633, 0.27997100353240967, 0.4888766407966614]
[0.5385310053825378, 0.5827690958976746, 0.4322032928466797, 0.2941373884677887, 0.5365852117538452]
[0.534552812576294, 0.5783450603485107, 0.4063010513782501, 0.26915591955184937, 0.5610119700431824]
[0.5181060433387756, 0.608632504940033, 0.438276469707489, 0.28479206562042236, 0.5111607909202576]
[0.5027334690093994, 0.5751309394836426, 0.43085557222366333, 0.2852267026901245, 0.5426332354545593]
[0.5073213577270508, 0.5684846043586731, 0.4370284974575043, 0.3271110951900482, 0.49473056197166443]
[0.5682467222213745, 0.5726157426834106, 0.4164634346961975, 0.25489357113838196, 0.5728797316551208]
[0.5730310082435608, 0.5809216499328613, 0.41003477573394775, 0.24364696443080902, 0.5661863088607788]
[0.5664893984794617, 0.5876714587211609, 0.4169379472732544, 0.25832438468933105, 0.5511159896850586]
[0.5256535410881042, 0.5615937113761902, 0.45030227303504944, 0.32007676362991333, 0.4894598722457886]
[0.5032455325126648, 0.5753076672554016, 0.46168744564056396, 0.3024858236312866, 0.5155421495437622]
[0.4664381146430969, 0.5635367631912231, 0.43303364515304565, 0.2904743552207947, 0.5084022879600525]
[0.470553457736969, 0.5528396964073181, 0.45620429515838623, 0.34897059202194214, 0.49185577034950256]
[0.5124197602272034, 0.5296553373336792, 0.4605161249637604, 0.35240715742111206, 0.5221972465515137]
[0.48170724511146545, 0.5562752485275269, 0.436271071434021, 0.28930291533470154, 0.5190263986587524]
[0.515627384185791, 0.5728935599327087, 0.42363840341567993, 0.2850205600261688, 0.5153160095214844]
[0.45470312237739563, 0.5594441890716553, 0.46163055300712585, 0.3103793263435364, 0.5248328447341919]
[0.44771507382392883, 0.5490178465843201, 0.4327055513858795, 0.3153172731399536, 0.4670848250389099]
[0.4441737234592438, 0.5595489740371704, 0.4646391272544861, 0.3117161691188812, 0.49403780698776245]
[0.506530225276947, 0.5954135656356812, 0.43184804916381836, 0.28007203340530396, 0.5202394723892212]
[0.4655403196811676, 0.5647761821746826, 0.45320045948028564, 0.32734233140945435, 0.4702695608139038]
[0.4657559394836426, 0.5439134240150452, 0.4621281921863556, 0.31816431879997253, 0.49471166729927063]
[0.43195316195487976, 0.5605109333992004, 0.4481731653213501, 0.3044619858264923, 0.4806509017944336]
[0.49928587675094604, 0.546272873878479, 0.45974841713905334, 0.34522730112075806, 0.5129238367080688]
[0.481122761964798, 0.58148193359375, 0.44587185978889465, 0.2821645438671112, 0.5289773941040039]
[0.5070725679397583, 0.5795678496360779, 0.4309682846069336, 0.25872695446014404, 0.538472592830658]
[0.4822258949279785, 0.5499049425125122, 0.4685220420360565, 0.3126319348812103, 0.5244084596633911]
[0.5638980865478516, 0.5499029755592346, 0.4067833423614502, 0.2644767761230469, 0.5755651593208313]
[0.4299991726875305, 0.5680707097053528, 0.4474186301231384, 0.29248446226119995, 0.5041574835777283]
[0.46098384261131287, 0.5686296224594116, 0.4364575147628784, 0.28466856479644775, 0.5336232781410217]
[0.527854323387146, 0.5857251286506653, 0.42558375000953674, 0.27191784977912903, 0.5264109373092651]
[0.4746107757091522, 0.5738263130187988, 0.42722800374031067, 0.32129353284835815, 0.5156314969062805]
[0.4449978768825531, 0.5670889019966125, 0.4390565752983093, 0.29121676087379456, 0.5356218814849854]
[0.5193629860877991, 0.5856478810310364, 0.41173920035362244, 0.282301664352417, 0.5441094636917114]
[0.48265933990478516, 0.5701878070831299, 0.43483197689056396, 0.3063959777355194, 0.5128735899925232]
[0.48619145154953003, 0.5717766880989075, 0.42086318135261536, 0.311591774225235, 0.5113290548324585]
[0.5724388957023621, 0.5812492370605469, 0.40813377499580383, 0.25806137919425964, 0.5632891654968262]
[0.49656644463539124, 0.5567493438720703, 0.425935298204422, 0.3030020296573639, 0.47643786668777466]
[0.49747297167778015, 0.5858110189437866, 0.4445890784263611, 0.30555638670921326, 0.5388429164886475]
[0.558872401714325, 0.5754489302635193, 0.39402392506599426, 0.2762373089790344, 0.5717193484306335]
[0.5564514994621277, 0.5817487835884094, 0.4399985671043396, 0.3256532549858093, 0.5591687560081482]
[0.5042421221733093, 0.5914909839630127, 0.4218495488166809, 0.28759095072746277, 0.5341519117355347]
[0.516169011592865, 0.5680283308029175, 0.421976774930954, 0.287239670753479, 0.5276419520378113]
[0.4839250147342682, 0.5854113101959229, 0.4380052387714386, 0.27230578660964966, 0.5402293801307678]
[0.36273956298828125, 0.5419591069221497, 0.5482624173164368, 0.5662453770637512, 0.46864885091781616]
[0.4666495621204376, 0.5396325588226318, 0.46745818853378296, 0.33766424655914307, 0.4977324903011322]
[0.44391441345214844, 0.5507746338844299, 0.44017109274864197, 0.3305354714393616, 0.47356826066970825]
[0.5188154578208923, 0.575380802154541, 0.4251393973827362, 0.2874569296836853, 0.5548768043518066]
[0.5005653500556946, 0.5970629453659058, 0.45968344807624817, 0.29285961389541626, 0.5264288187026978]
