0
140㎡时尚美式公寓，小资族的最爱~
[0.49947530031204224, 0.5719540119171143, 0.46118801832199097, 0.301390141248703, 0.5231972932815552]
[0.5730686187744141, 0.6026430726051331, 0.41055476665496826, 0.26894107460975647, 0.5615296363830566]
[0.4758692681789398, 0.5671343803405762, 0.4664519131183624, 0.3051452934741974, 0.4674079716205597]
[0.49913010001182556, 0.5851975083351135, 0.4374009370803833, 0.25849539041519165, 0.5331928730010986]
[0.4275378882884979, 0.5718470811843872, 0.44574612379074097, 0.29460960626602173, 0.4921588897705078]
[0.4577137231826782, 0.566128671169281, 0.4336501657962799, 0.2847237288951874, 0.501532256603241]
[0.5163440704345703, 0.569268524646759, 0.41554349660873413, 0.28172704577445984, 0.5262464284896851]
[0.49819183349609375, 0.5695810914039612, 0.4092336595058441, 0.28381651639938354, 0.5330636501312256]
[0.49819183349609375, 0.5695810914039612, 0.4092336595058441, 0.28381651639938354, 0.5330636501312256]
[0.4872831106185913, 0.5858041644096375, 0.42836061120033264, 0.29869669675827026, 0.5299459099769592]
[0.3682872951030731, 0.5410106182098389, 0.43682804703712463, 0.29630130529403687, 0.4435845613479614]
[0.5603275895118713, 0.5652505159378052, 0.41249802708625793, 0.27120888233184814, 0.5756585001945496]
[0.4573234021663666, 0.5525457262992859, 0.46371233463287354, 0.3491142690181732, 0.5108852982521057]
[0.54140305519104, 0.595613956451416, 0.4108976125717163, 0.25694870948791504, 0.5666953921318054]
[0.4758692681789398, 0.5671343803405762, 0.4664519131183624, 0.3051452934741974, 0.4674079716205597]
[0.4545067846775055, 0.5621353983879089, 0.46403226256370544, 0.35365378856658936, 0.4905201196670532]
[0.509245753288269, 0.5746938586235046, 0.42008212208747864, 0.27138400077819824, 0.5373514890670776]
[0.5250200629234314, 0.5857205390930176, 0.45466917753219604, 0.2839972674846649, 0.5536201000213623]
[0.4724475145339966, 0.5465676188468933, 0.45588219165802, 0.3209483027458191, 0.47429773211479187]
[0.4868854582309723, 0.5872369408607483, 0.4596432149410248, 0.2776946723461151, 0.520414412021637]
[0.4852762818336487, 0.5905386209487915, 0.43347641825675964, 0.28221023082733154, 0.5261233448982239]
[0.5163440704345703, 0.569268524646759, 0.41554349660873413, 0.28172704577445984, 0.5262464284896851]
[0.5353954434394836, 0.5784149169921875, 0.3988560438156128, 0.24588903784751892, 0.5753002166748047]
[0.44729384779930115, 0.555265486240387, 0.4424862861633301, 0.3149750828742981, 0.49458882212638855]
[0.44904693961143494, 0.5498031377792358, 0.46057483553886414, 0.342112272977829, 0.4820953607559204]
[0.5138278007507324, 0.5719684362411499, 0.4300827383995056, 0.2970241904258728, 0.5164225697517395]
[0.5608280897140503, 0.5508818030357361, 0.41139647364616394, 0.2485276311635971, 0.5872654914855957]
[0.5510304570198059, 0.592308759689331, 0.41529759764671326, 0.2656002342700958, 0.5798637866973877]
[0.5564071536064148, 0.5870689153671265, 0.42222860455513, 0.2693597972393036, 0.5597888827323914]
[0.4758692681789398, 0.5671343803405762, 0.4664519131183624, 0.3051452934741974, 0.4674079716205597]
[0.5238269567489624, 0.5756938457489014, 0.43178462982177734, 0.2660461962223053, 0.530784010887146]
[0.558176577091217, 0.5837705731391907, 0.4205693006515503, 0.26933491230010986, 0.5672476291656494]
[0.5527746677398682, 0.5635156035423279, 0.4392220973968506, 0.3538166582584381, 0.5560142993927002]
[0.4513044059276581, 0.5813242197036743, 0.4412614703178406, 0.2608954608440399, 0.4987501800060272]
