0
【恐袭一周后的巴黎：地铁依旧没安检】 恐袭发生一周后，地铁里依旧没有安检。人们仍像往常一样，刷着FB，看着报纸，打着电话。不过警察变得更为自由，不需要繁琐的批示，他们可以直接搜查和抓捕嫌疑人……
[0.4963343143463135, 0.5507217645645142, 0.49270081520080566, 0.36195388436317444, 0.544212281703949]
[0.47343510389328003, 0.5608204007148743, 0.4478893280029297, 0.30509328842163086, 0.5277366042137146]
[0.47839218378067017, 0.5589942932128906, 0.48358601331710815, 0.3250464200973511, 0.5256969928741455]
[0.5070725679397583, 0.5795678496360779, 0.4309682846069336, 0.25872695446014404, 0.538472592830658]
[0.5035175085067749, 0.5526626110076904, 0.45696476101875305, 0.3356565237045288, 0.5390105247497559]
[0.476700097322464, 0.5774152278900146, 0.434286504983902, 0.28602170944213867, 0.5255011916160583]
[0.5595523715019226, 0.5793605446815491, 0.4099491834640503, 0.24903900921344757, 0.5670945048332214]
[0.489643931388855, 0.5449873805046082, 0.4626378118991852, 0.3209686875343323, 0.506077766418457]
[0.5102203488349915, 0.5786306262016296, 0.4381248354911804, 0.2657795548439026, 0.5290327072143555]
[0.5281580686569214, 0.5883550643920898, 0.43479031324386597, 0.2798231840133667, 0.5265150666236877]
[0.4879594147205353, 0.5573558211326599, 0.4327627718448639, 0.2922617495059967, 0.4722297489643097]
[0.5061498284339905, 0.5458450317382812, 0.46030953526496887, 0.3308521509170532, 0.5007593631744385]
[0.47191768884658813, 0.5538392066955566, 0.47878706455230713, 0.3329690396785736, 0.48654013872146606]
[0.5035558342933655, 0.5921387672424316, 0.45216721296310425, 0.3106655180454254, 0.5222929120063782]
[0.4958769679069519, 0.5329916477203369, 0.44110897183418274, 0.3152881860733032, 0.5058318376541138]
[0.4747982919216156, 0.5660451054573059, 0.4539952874183655, 0.32581672072410583, 0.4752177298069]
[0.4961718022823334, 0.5834425091743469, 0.42007580399513245, 0.27686917781829834, 0.5468068718910217]
[0.5286060571670532, 0.5800371170043945, 0.42055544257164, 0.27019914984703064, 0.5285413861274719]
[0.3755551874637604, 0.5289698839187622, 0.46363574266433716, 0.3271157741546631, 0.4833102524280548]
[0.4425770938396454, 0.49724435806274414, 0.5469118356704712, 0.662825882434845, 0.5023080110549927]
[0.5185047388076782, 0.5902906060218811, 0.4280214011669159, 0.27626562118530273, 0.5556843876838684]
[0.4341696798801422, 0.4674769341945648, 0.5303618907928467, 0.6049563884735107, 0.47502800822257996]
[0.4494169354438782, 0.5615851283073425, 0.439949095249176, 0.30445751547813416, 0.4891446530818939]
[0.5137873888015747, 0.5850555300712585, 0.4346458315849304, 0.2657579481601715, 0.5445806980133057]
[0.5078133344650269, 0.5648886561393738, 0.414384126663208, 0.2607806622982025, 0.5491055846214294]
[0.5304867625236511, 0.5773128867149353, 0.4228587746620178, 0.2902039885520935, 0.5478503704071045]
[0.5404826998710632, 0.5888586044311523, 0.42319455742836, 0.2463153451681137, 0.5491394996643066]
[0.5354865789413452, 0.5888907313346863, 0.41922876238822937, 0.2605830132961273, 0.5253303050994873]
[0.46086087822914124, 0.5788992047309875, 0.4452509582042694, 0.29013127088546753, 0.5344277024269104]
[0.4769500494003296, 0.5730718970298767, 0.45917192101478577, 0.31330153346061707, 0.5266363620758057]
[0.5198691487312317, 0.5761611461639404, 0.44181662797927856, 0.29848960041999817, 0.5341887474060059]
[0.5847240686416626, 0.579512357711792, 0.41381561756134033, 0.25594818592071533, 0.5752607583999634]
[0.5429096817970276, 0.5885037779808044, 0.43182632327079773, 0.29120317101478577, 0.5470818281173706]
[0.48697295784950256, 0.5410196185112, 0.4917648732662201, 0.3434494137763977, 0.5276954174041748]
[0.5076602697372437, 0.564965009689331, 0.4223603904247284, 0.26316991448402405, 0.5227402448654175]
[0.44562390446662903, 0.5375469923019409, 0.4516519606113434, 0.3332068622112274, 0.4702024459838867]
[0.5636253952980042, 0.5939995050430298, 0.4170762598514557, 0.2580678462982178, 0.5506877899169922]
[0.4078904390335083, 0.545470118522644, 0.4689958989620209, 0.36725860834121704, 0.4650042653083801]
[0.5368847846984863, 0.5467789769172668, 0.47114887833595276, 0.361454039812088, 0.5210919976234436]
[0.443352609872818, 0.5390703678131104, 0.4749282896518707, 0.29915356636047363, 0.494108110666275]
[0.4451867640018463, 0.5552931427955627, 0.49594640731811523, 0.3498322069644928, 0.5067030787467957]
[0.5242336988449097, 0.5846699476242065, 0.4459882974624634, 0.3025335371494293, 0.5067059993743896]
[0.3916272819042206, 0.5404781103134155, 0.46942511200904846, 0.3279467225074768, 0.471038818359375]
[0.47701022028923035, 0.5294685959815979, 0.4669182300567627, 0.35287749767303467, 0.5320489406585693]
[0.4934013783931732, 0.5511633157730103, 0.45237165689468384, 0.29463106393814087, 0.5047900676727295]
[0.4460400938987732, 0.5250958800315857, 0.4683490991592407, 0.30305716395378113, 0.49451929330825806]
[0.48379552364349365, 0.5937032699584961, 0.41920071840286255, 0.2830924987792969, 0.4925927221775055]
[0.5265111923217773, 0.5521942377090454, 0.4013473689556122, 0.2746478021144867, 0.5441659092903137]
[0.5344630479812622, 0.5854513645172119, 0.42133715748786926, 0.2863388955593109, 0.5349027514457703]
[0.5845249891281128, 0.5712711215019226, 0.40079250931739807, 0.23089303076267242, 0.5780575275421143]
[0.527536153793335, 0.5781376361846924, 0.462303102016449, 0.316998153924942, 0.5218372344970703]
[0.47174879908561707, 0.5676259398460388, 0.44070518016815186, 0.29905229806900024, 0.49947479367256165]
[0.5208730697631836, 0.5445113778114319, 0.42885518074035645, 0.28496086597442627, 0.5389693975448608]
[0.5122765302658081, 0.5688846707344055, 0.43728768825531006, 0.3069401681423187, 0.5325986742973328]
[0.48708492517471313, 0.5500672459602356, 0.4871734380722046, 0.38331538438796997, 0.5135974287986755]
[0.5438647270202637, 0.5593929290771484, 0.417776495218277, 0.30187326669692993, 0.5356160998344421]
[0.5132849216461182, 0.551133930683136, 0.4762705862522125, 0.3350580930709839, 0.5379732251167297]
[0.5101539492607117, 0.5297302007675171, 0.4713282585144043, 0.3561193645000458, 0.5326755046844482]
[0.6196889877319336, 0.5229395627975464, 0.4232235550880432, 0.2865610122680664, 0.5935373306274414]
[0.5367586016654968, 0.5600342154502869, 0.430423378944397, 0.3058652877807617, 0.5394476652145386]
[0.46187418699264526, 0.5276758670806885, 0.49893611669540405, 0.38034921884536743, 0.5016067624092102]
[0.5145922899246216, 0.5532957315444946, 0.4719648063182831, 0.3234661817550659, 0.49633362889289856]
[0.5171120762825012, 0.5509602427482605, 0.4767587184906006, 0.34175217151641846, 0.5266767144203186]
[0.4782983064651489, 0.5613750219345093, 0.42052334547042847, 0.2754342257976532, 0.5407638549804688]
[0.5232293009757996, 0.5674113035202026, 0.4053923785686493, 0.2855994999408722, 0.5371142029762268]
[0.33948081731796265, 0.522963285446167, 0.5014171600341797, 0.39858272671699524, 0.45813411474227905]
[0.5027881264686584, 0.5726343393325806, 0.4237383008003235, 0.2878127098083496, 0.5125480890274048]
[0.5504634380340576, 0.5843649506568909, 0.3908439874649048, 0.2444095015525818, 0.555980920791626]
[0.4875962734222412, 0.5723944902420044, 0.4273127019405365, 0.32302913069725037, 0.5121352076530457]
[0.4992190897464752, 0.5533761382102966, 0.4536969065666199, 0.302255779504776, 0.5446414947509766]
[0.5109085440635681, 0.559596836566925, 0.4735299050807953, 0.3385871648788452, 0.5254310965538025]
[0.5306413173675537, 0.5103116631507874, 0.4852004945278168, 0.34982922673225403, 0.5078116059303284]
[0.541278064250946, 0.5636520981788635, 0.4343763291835785, 0.2922574281692505, 0.5290709733963013]
[0.49368035793304443, 0.5180713534355164, 0.5375298857688904, 0.46710696816444397, 0.5521788001060486]
[0.5521126985549927, 0.5940867066383362, 0.42171305418014526, 0.25673624873161316, 0.5645473599433899]
[0.48926815390586853, 0.5536350607872009, 0.4300497770309448, 0.30627718567848206, 0.5193291902542114]
[0.4889858067035675, 0.539432942867279, 0.4546230435371399, 0.321859747171402, 0.5141502618789673]
[0.5483925938606262, 0.5724833607673645, 0.40317022800445557, 0.2550453245639801, 0.569021999835968]
[0.4560309052467346, 0.5339610576629639, 0.4606116712093353, 0.3680688142776489, 0.5008758902549744]
[0.48345106840133667, 0.5666691660881042, 0.44084683060646057, 0.3205566704273224, 0.5187450647354126]
[0.5212157368659973, 0.5710679888725281, 0.41793885827064514, 0.2884913384914398, 0.5363532304763794]
[0.5169320106506348, 0.5615299940109253, 0.433910608291626, 0.26115936040878296, 0.541205108165741]
[0.5364790558815002, 0.5665095448493958, 0.44464972615242004, 0.2903629541397095, 0.541916012763977]
[0.5012277960777283, 0.5568779110908508, 0.4330562651157379, 0.3237382769584656, 0.5138760209083557]
[0.49905669689178467, 0.565330445766449, 0.42934030294418335, 0.28708380460739136, 0.4928642213344574]
[0.48033374547958374, 0.5410544872283936, 0.44722652435302734, 0.29967838525772095, 0.5351030826568604]
[0.47761857509613037, 0.565236508846283, 0.43929240107536316, 0.3001040518283844, 0.49643048644065857]
[0.5198459029197693, 0.5429819226264954, 0.48418569564819336, 0.3843388855457306, 0.5381406545639038]
[0.41326475143432617, 0.5418182015419006, 0.4522835612297058, 0.3219367563724518, 0.4688153564929962]
[0.5335434675216675, 0.5722230672836304, 0.4053736925125122, 0.27893543243408203, 0.5386965274810791]
[0.5163949131965637, 0.5861103534698486, 0.40857991576194763, 0.25537019968032837, 0.5385064482688904]
[0.48466405272483826, 0.5314018726348877, 0.46605998277664185, 0.3472881317138672, 0.5298988223075867]
[0.48736634850502014, 0.543107271194458, 0.4563840925693512, 0.3225219249725342, 0.5325817465782166]
[0.5152251124382019, 0.5901393890380859, 0.38065096735954285, 0.25781872868537903, 0.5520946383476257]
[0.5095537304878235, 0.5487792491912842, 0.4411469101905823, 0.3125555217266083, 0.5301465392112732]
[0.4603481590747833, 0.5480273962020874, 0.47865185141563416, 0.3685626983642578, 0.480683833360672]
[0.5077346563339233, 0.5425809025764465, 0.46408358216285706, 0.3484418988227844, 0.5591256022453308]
[0.5058460831642151, 0.5886076092720032, 0.4277215301990509, 0.2812632620334625, 0.5448135137557983]
[0.4869075119495392, 0.5789535045623779, 0.4042385518550873, 0.2754041254520416, 0.5238324403762817]
[0.45905551314353943, 0.532403290271759, 0.48902392387390137, 0.3706725537776947, 0.5120049118995667]
[0.42148616909980774, 0.5549786686897278, 0.4705973267555237, 0.34609919786453247, 0.470914751291275]
