0
这种呆比游戏看着莫名的爽，好想玩！
[0.47004473209381104, 0.5425323247909546, 0.43942227959632874, 0.31556862592697144, 0.4813765287399292]
[0.5216636657714844, 0.5474656820297241, 0.4429718852043152, 0.3469039499759674, 0.5033050775527954]
[0.4295670688152313, 0.5661188960075378, 0.4637919068336487, 0.28810203075408936, 0.48143190145492554]
[0.5070725679397583, 0.5795678496360779, 0.4309682846069336, 0.25872695446014404, 0.538472592830658]
[0.4369814395904541, 0.5107648968696594, 0.5079525113105774, 0.4061679542064667, 0.49464574456214905]
[0.47181645035743713, 0.5587631464004517, 0.44718942046165466, 0.33466637134552, 0.5000293254852295]
[0.4934762120246887, 0.5855522751808167, 0.4152401387691498, 0.27083706855773926, 0.5495875477790833]
[0.5050808191299438, 0.5750377178192139, 0.4363496005535126, 0.2962765395641327, 0.5115401744842529]
[0.5478252172470093, 0.5774762034416199, 0.42187854647636414, 0.28621166944503784, 0.5449382662773132]
[0.5578630566596985, 0.5819410681724548, 0.39593759179115295, 0.2714889645576477, 0.5701462030410767]
[0.5221660733222961, 0.5935591459274292, 0.4065665602684021, 0.28640109300613403, 0.5354620218276978]
[0.6209832429885864, 0.5661757588386536, 0.37918946146965027, 0.24497203528881073, 0.6027675271034241]
[0.41594454646110535, 0.5465739965438843, 0.4394876956939697, 0.3136259615421295, 0.43224090337753296]
[0.4389623701572418, 0.5351826548576355, 0.4729352593421936, 0.36781564354896545, 0.4738357365131378]
[0.5552852153778076, 0.5857468843460083, 0.4001559317111969, 0.27149248123168945, 0.5646634697914124]
[0.4975723326206207, 0.5676490068435669, 0.4341154396533966, 0.3029925525188446, 0.5135067701339722]
[0.43617406487464905, 0.550350546836853, 0.4323110282421112, 0.3290824890136719, 0.4430588483810425]
[0.5086680054664612, 0.5732375383377075, 0.4257243871688843, 0.2899976670742035, 0.501652717590332]
[0.6412225365638733, 0.5907440185546875, 0.3644188940525055, 0.2110413908958435, 0.6225338578224182]
[0.4381309747695923, 0.5578991770744324, 0.45392999053001404, 0.30857548117637634, 0.4653015434741974]
[0.3375685513019562, 0.5544866919517517, 0.48140525817871094, 0.3187791109085083, 0.44560161232948303]
[0.49909707903862, 0.5728005766868591, 0.4129096567630768, 0.3003442585468292, 0.514518141746521]
[0.5193629860877991, 0.5856478810310364, 0.41173920035362244, 0.282301664352417, 0.5441094636917114]
[0.5234304666519165, 0.5904687643051147, 0.4330521821975708, 0.28597116470336914, 0.5418950915336609]
[0.5193629860877991, 0.5856478810310364, 0.41173920035362244, 0.282301664352417, 0.5441094636917114]
[0.5177790522575378, 0.544134795665741, 0.43712660670280457, 0.34826764464378357, 0.506863534450531]
[0.558872401714325, 0.5754489302635193, 0.39402392506599426, 0.2762373089790344, 0.5717193484306335]
[0.46812474727630615, 0.5505743026733398, 0.4701511561870575, 0.31182169914245605, 0.4921656847000122]
[0.5174325108528137, 0.5436736941337585, 0.4331689476966858, 0.3190324604511261, 0.5145626664161682]
[0.5478252172470093, 0.5774762034416199, 0.42187854647636414, 0.28621166944503784, 0.5449382662773132]
[0.4732218086719513, 0.569748044013977, 0.424955815076828, 0.29575493931770325, 0.49632728099823]
[0.5177790522575378, 0.544134795665741, 0.43712660670280457, 0.34826764464378357, 0.506863534450531]
[0.5592718720436096, 0.5764110684394836, 0.4094189703464508, 0.28183984756469727, 0.5494009256362915]
[0.5174325108528137, 0.5436736941337585, 0.4331689476966858, 0.3190324604511261, 0.5145626664161682]
[0.4800928235054016, 0.5563554167747498, 0.450959712266922, 0.29904934763908386, 0.4807071089744568]
[0.5070725679397583, 0.5795678496360779, 0.4309682846069336, 0.25872695446014404, 0.538472592830658]
[0.4852522611618042, 0.5845728516578674, 0.4244462549686432, 0.28570860624313354, 0.5063528418540955]
[0.49819183349609375, 0.5695810914039612, 0.4092336595058441, 0.28381651639938354, 0.5330636501312256]
[0.5177066326141357, 0.5808080434799194, 0.42564862966537476, 0.29276609420776367, 0.5407187938690186]
[0.4544394016265869, 0.5610536932945251, 0.4374443590641022, 0.31666916608810425, 0.4832896888256073]
[0.46527162194252014, 0.5511350035667419, 0.4484020173549652, 0.3216480016708374, 0.5272550582885742]
[0.5084174275398254, 0.5728176236152649, 0.4229934513568878, 0.2918992042541504, 0.52933669090271]
[0.44759437441825867, 0.5436387062072754, 0.455398291349411, 0.33311691880226135, 0.4705115854740143]
[0.4917965829372406, 0.5642513632774353, 0.44473153352737427, 0.292820006608963, 0.504958987236023]
[0.5174325108528137, 0.5436736941337585, 0.4331689476966858, 0.3190324604511261, 0.5145626664161682]
[0.47436922788619995, 0.5858882069587708, 0.4298032820224762, 0.2819277346134186, 0.5002615451812744]
[0.49819183349609375, 0.5695810914039612, 0.4092336595058441, 0.28381651639938354, 0.5330636501312256]
[0.4991871118545532, 0.5723493099212646, 0.418122798204422, 0.286897212266922, 0.5441104173660278]
[0.55534428358078, 0.5730728507041931, 0.3961036205291748, 0.2882980704307556, 0.552393913269043]
[0.535548985004425, 0.5743044018745422, 0.4219232201576233, 0.27131181955337524, 0.5345061421394348]
[0.5174325108528137, 0.5436736941337585, 0.4331689476966858, 0.3190324604511261, 0.5145626664161682]
[0.41594454646110535, 0.5465739965438843, 0.4394876956939697, 0.3136259615421295, 0.43224090337753296]
[0.49370720982551575, 0.5661159753799438, 0.446285218000412, 0.3120608627796173, 0.5020173788070679]
[0.49393460154533386, 0.5753617882728577, 0.43176454305648804, 0.2822020351886749, 0.5095145106315613]
[0.4389623701572418, 0.5351826548576355, 0.4729352593421936, 0.36781564354896545, 0.4738357365131378]
[0.4676375687122345, 0.5683103799819946, 0.438495397567749, 0.30510371923446655, 0.5020607113838196]
[0.4373573362827301, 0.5619490742683411, 0.4576731026172638, 0.28498777747154236, 0.48338934779167175]
[0.3682872951030731, 0.5410106182098389, 0.43682804703712463, 0.29630130529403687, 0.4435845613479614]
[0.5171107649803162, 0.5613982677459717, 0.42910605669021606, 0.29508015513420105, 0.5312961339950562]
[0.5638980865478516, 0.5499029755592346, 0.4067833423614502, 0.2644767761230469, 0.5755651593208313]
[0.47181645035743713, 0.5587631464004517, 0.44718942046165466, 0.33466637134552, 0.5000293254852295]
[0.507954478263855, 0.5807216763496399, 0.4192013442516327, 0.28737059235572815, 0.5262296795845032]
[0.44231927394866943, 0.5669382810592651, 0.46734827756881714, 0.3024356961250305, 0.5073511600494385]
[0.5177790522575378, 0.544134795665741, 0.43712660670280457, 0.34826764464378357, 0.506863534450531]
[0.4925554692745209, 0.5520782470703125, 0.4375525116920471, 0.34517133235931396, 0.48907509446144104]
[0.42315876483917236, 0.5404011607170105, 0.47359615564346313, 0.32360178232192993, 0.44750383496284485]
[0.5098976492881775, 0.5880391597747803, 0.4190477132797241, 0.27574625611305237, 0.5353153347969055]
[0.5177790522575378, 0.544134795665741, 0.43712660670280457, 0.34826764464378357, 0.506863534450531]
[0.36077943444252014, 0.5310879349708557, 0.45148807764053345, 0.32733795046806335, 0.40692612528800964]
[0.39633432030677795, 0.5446740388870239, 0.4799441695213318, 0.36232924461364746, 0.453881174325943]
[0.4988686442375183, 0.5460571050643921, 0.4438638687133789, 0.36813342571258545, 0.4938581883907318]
[0.5422282814979553, 0.5863180160522461, 0.40551844239234924, 0.2753317654132843, 0.556081235408783]
[0.5272868871688843, 0.5521063208580017, 0.4257090091705322, 0.29364678263664246, 0.5002314448356628]
[0.5615060329437256, 0.5841159224510193, 0.39749354124069214, 0.27023908495903015, 0.5706154108047485]
[0.4389623701572418, 0.5351826548576355, 0.4729352593421936, 0.36781564354896545, 0.4738357365131378]
[0.5580007433891296, 0.5951914191246033, 0.4133515954017639, 0.2692504823207855, 0.5675631761550903]
[0.5174325108528137, 0.5436736941337585, 0.4331689476966858, 0.3190324604511261, 0.5145626664161682]
[0.5235109329223633, 0.5468384027481079, 0.425185889005661, 0.29991039633750916, 0.49118828773498535]
[0.4981845021247864, 0.5644031167030334, 0.4493710994720459, 0.28661054372787476, 0.512239396572113]
[0.4389623701572418, 0.5351826548576355, 0.4729352593421936, 0.36781564354896545, 0.4738357365131378]
[0.41764387488365173, 0.576086699962616, 0.4512459337711334, 0.2819644510746002, 0.4934532046318054]
[0.5171920657157898, 0.5624986886978149, 0.4248441159725189, 0.2865644693374634, 0.5536357164382935]
[0.5177790522575378, 0.544134795665741, 0.43712660670280457, 0.34826764464378357, 0.506863534450531]
[0.5196458101272583, 0.565447211265564, 0.4185892939567566, 0.29434046149253845, 0.502972424030304]
[0.5070607662200928, 0.5762877464294434, 0.4241796135902405, 0.279447078704834, 0.5379540324211121]
[0.5070725679397583, 0.5795678496360779, 0.4309682846069336, 0.25872695446014404, 0.538472592830658]
[0.4399966299533844, 0.5543344020843506, 0.46163180470466614, 0.34761252999305725, 0.496805340051651]
[0.5193629860877991, 0.5856478810310364, 0.41173920035362244, 0.282301664352417, 0.5441094636917114]
[0.5451405048370361, 0.5799071192741394, 0.4316512644290924, 0.266661137342453, 0.5196403861045837]
[0.5174325108528137, 0.5436736941337585, 0.4331689476966858, 0.3190324604511261, 0.5145626664161682]
[0.5479975938796997, 0.5840923190116882, 0.4116373658180237, 0.2660526931285858, 0.5586240887641907]
[0.49393460154533386, 0.5753617882728577, 0.43176454305648804, 0.2822020351886749, 0.5095145106315613]
[0.5631480813026428, 0.5501726865768433, 0.4082295596599579, 0.2669747471809387, 0.5752142667770386]
[0.36893990635871887, 0.5098024606704712, 0.5361448526382446, 0.4418090879917145, 0.43341943621635437]
[0.5824222564697266, 0.5889917612075806, 0.40805813670158386, 0.26449859142303467, 0.5736929178237915]
[0.4389873147010803, 0.5389723181724548, 0.4768221974372864, 0.35803651809692383, 0.4622304439544678]
[0.41594454646110535, 0.5465739965438843, 0.4394876956939697, 0.3136259615421295, 0.43224090337753296]
[0.35051628947257996, 0.516331136226654, 0.5310491323471069, 0.5770328640937805, 0.4689198136329651]
[0.5478252172470093, 0.5774762034416199, 0.42187854647636414, 0.28621166944503784, 0.5449382662773132]
[0.5014883279800415, 0.589524507522583, 0.4599281847476959, 0.2869013547897339, 0.5136753916740417]
[0.43463462591171265, 0.5488054156303406, 0.4535788893699646, 0.28361448645591736, 0.5158174633979797]
