0
【笑点低可能是痴呆的前兆】伦敦大学学院的研究者发表了一项研究称，不寻常的幽默感很可能就是痴呆的前兆，包括不合时宜地大笑。阿尔茨海默病研究组织的Simon Ridley博士说，如果注意到家人发生类似的变化，应该立即与医生联系。（环球科学）哈哈哈哈哈哈哈……
[0.5152677893638611, 0.5535900592803955, 0.4369136691093445, 0.2555709481239319, 0.5688279271125793]
[0.5615060329437256, 0.5841159224510193, 0.39749354124069214, 0.27023908495903015, 0.5706154108047485]
[0.3298942744731903, 0.5187399983406067, 0.5005646347999573, 0.3763877749443054, 0.4337766170501709]
[0.5579781532287598, 0.5953483581542969, 0.40106889605522156, 0.26370561122894287, 0.5576211214065552]
[0.5149874687194824, 0.5661162734031677, 0.44461679458618164, 0.3242367208003998, 0.5150680541992188]
[0.6389325261116028, 0.5565629005432129, 0.3838250935077667, 0.249906986951828, 0.615581214427948]
[0.42407453060150146, 0.5480127930641174, 0.442353218793869, 0.33176812529563904, 0.4922465682029724]
[0.5631480813026428, 0.5501726865768433, 0.4082295596599579, 0.2669747471809387, 0.5752142667770386]
[0.5274721384048462, 0.5882672071456909, 0.42559731006622314, 0.26261106133461, 0.551754355430603]
[0.5096672773361206, 0.5715400576591492, 0.4598223567008972, 0.32794418931007385, 0.5062224864959717]
[0.4050722122192383, 0.5450912117958069, 0.4386941194534302, 0.33059632778167725, 0.44101259112358093]
[0.5124932527542114, 0.5783438682556152, 0.43004319071769714, 0.30571290850639343, 0.5143303871154785]
[0.5231214165687561, 0.5788413286209106, 0.40082934498786926, 0.2694770395755768, 0.5760263204574585]
[0.4677073359489441, 0.5490910410881042, 0.48808878660202026, 0.3520553708076477, 0.4643821120262146]
[0.48503991961479187, 0.5806076526641846, 0.44771602749824524, 0.32553333044052124, 0.5172667503356934]
[0.537272036075592, 0.5887752175331116, 0.4071476459503174, 0.2596084177494049, 0.5493714213371277]
[0.4745853841304779, 0.5615882873535156, 0.42596811056137085, 0.3070010840892792, 0.4790738523006439]
[0.5133578777313232, 0.5847294330596924, 0.4320853054523468, 0.27562057971954346, 0.5341904163360596]
[0.357334166765213, 0.5724721550941467, 0.4634411931037903, 0.3593011498451233, 0.4419807493686676]
[0.4593479037284851, 0.5590977072715759, 0.4691857695579529, 0.34787362813949585, 0.491361141204834]
[0.4220103323459625, 0.5516456365585327, 0.47355958819389343, 0.35343503952026367, 0.4419460594654083]
[0.49819183349609375, 0.5695810914039612, 0.4092336595058441, 0.28381651639938354, 0.5330636501312256]
[0.4990057349205017, 0.5762406587600708, 0.4215911328792572, 0.29011398553848267, 0.5341416001319885]
[0.5109672546386719, 0.5858435034751892, 0.4443555474281311, 0.3227795362472534, 0.5167750120162964]
[0.5215031504631042, 0.5798301696777344, 0.42202314734458923, 0.28602662682533264, 0.5048967599868774]
[0.5148716568946838, 0.5527551770210266, 0.43982240557670593, 0.33592459559440613, 0.5161713361740112]
[0.4441472887992859, 0.5522766709327698, 0.44657278060913086, 0.31627243757247925, 0.4669599235057831]
[0.5085311532020569, 0.5800240635871887, 0.43604543805122375, 0.2896931767463684, 0.5468798279762268]
[0.5615060329437256, 0.5841159224510193, 0.39749354124069214, 0.27023908495903015, 0.5706154108047485]
[0.5421330332756042, 0.5695029497146606, 0.41814351081848145, 0.2784481644630432, 0.5621846318244934]
[0.5306317210197449, 0.6074514985084534, 0.4270767867565155, 0.2711300849914551, 0.5435031652450562]
[0.5080865025520325, 0.5862937569618225, 0.42763805389404297, 0.2801085114479065, 0.5404845476150513]
[0.5231214165687561, 0.5788413286209106, 0.40082934498786926, 0.2694770395755768, 0.5760263204574585]
[0.5578630566596985, 0.5819410681724548, 0.39593759179115295, 0.2714889645576477, 0.5701462030410767]
[0.4721095561981201, 0.5618394017219543, 0.4335777759552002, 0.31080523133277893, 0.48312273621559143]
[0.5907648205757141, 0.536736249923706, 0.41525599360466003, 0.28852370381355286, 0.5841805934906006]
[0.6017019748687744, 0.5445685386657715, 0.41269513964653015, 0.2700235843658447, 0.5652832984924316]
[0.5261644721031189, 0.5578305125236511, 0.42725685238838196, 0.31103599071502686, 0.5241572260856628]
[0.48379552364349365, 0.5937032699584961, 0.41920071840286255, 0.2830924987792969, 0.4925927221775055]
[0.5295701622962952, 0.5504074692726135, 0.4399113655090332, 0.31118202209472656, 0.5349470973014832]
[0.5269927382469177, 0.5530570149421692, 0.4390919804573059, 0.3172627091407776, 0.5472116470336914]
[0.4886978566646576, 0.562329113483429, 0.42634278535842896, 0.28907153010368347, 0.5191760063171387]
[0.5241736173629761, 0.6014698147773743, 0.42317456007003784, 0.2539141774177551, 0.5440816879272461]
[0.37165507674217224, 0.5711116790771484, 0.4652446210384369, 0.3060317039489746, 0.46362271904945374]
[0.4897715449333191, 0.5784690380096436, 0.433124840259552, 0.30349692702293396, 0.5233369469642639]
[0.4871279299259186, 0.5788795948028564, 0.43697771430015564, 0.28530773520469666, 0.49092429876327515]
[0.48557955026626587, 0.5690780878067017, 0.43703603744506836, 0.30541321635246277, 0.5077270865440369]
[0.5552852153778076, 0.5857468843460083, 0.4001559317111969, 0.27149248123168945, 0.5646634697914124]
[0.5096014142036438, 0.5757076144218445, 0.4190475642681122, 0.2789587080478668, 0.5327680110931396]
[0.5193629860877991, 0.5856478810310364, 0.41173920035362244, 0.282301664352417, 0.5441094636917114]
[0.502897322177887, 0.5786500573158264, 0.4380349814891815, 0.29390451312065125, 0.537924587726593]
[0.5402846336364746, 0.5866178274154663, 0.42381852865219116, 0.2721827030181885, 0.5496669411659241]
[0.4776996672153473, 0.5975682735443115, 0.4471655786037445, 0.29289138317108154, 0.4964071214199066]
[0.5167078375816345, 0.6069279313087463, 0.43179765343666077, 0.2992818057537079, 0.5210871696472168]
[0.5059238076210022, 0.5520594716072083, 0.4741349518299103, 0.34198591113090515, 0.5166490077972412]
[0.5775531530380249, 0.5410577654838562, 0.3998319208621979, 0.2872619926929474, 0.5771177411079407]
[0.4691449999809265, 0.5693393349647522, 0.4436095952987671, 0.29641273617744446, 0.5135126709938049]
[0.5578630566596985, 0.5819410681724548, 0.39593759179115295, 0.2714889645576477, 0.5701462030410767]
[0.4540260136127472, 0.5760154128074646, 0.460615873336792, 0.34215739369392395, 0.4712865352630615]
[0.46450039744377136, 0.550748884677887, 0.4491276741027832, 0.3085509240627289, 0.5085103511810303]
[0.5380533933639526, 0.594425618648529, 0.4124559462070465, 0.2646445035934448, 0.5605095624923706]
[0.5400509834289551, 0.5946754217147827, 0.43888920545578003, 0.2850130498409271, 0.5579584836959839]
[0.5376847982406616, 0.5804328322410583, 0.42246440052986145, 0.2877207100391388, 0.5199177861213684]
[0.48735862970352173, 0.5375245809555054, 0.502875566482544, 0.4306056797504425, 0.49198880791664124]
[0.5631480813026428, 0.5501726865768433, 0.4082295596599579, 0.2669747471809387, 0.5752142667770386]
[0.5710102915763855, 0.5724901556968689, 0.39578306674957275, 0.2434338629245758, 0.5558238625526428]
[0.5115375518798828, 0.5675680637359619, 0.45994332432746887, 0.33280205726623535, 0.5154792666435242]
[0.4896587133407593, 0.5791651010513306, 0.4274458587169647, 0.2882910668849945, 0.5096859931945801]
[0.5520936250686646, 0.572313666343689, 0.40184590220451355, 0.26712536811828613, 0.5757388472557068]
[0.5786850452423096, 0.5499371290206909, 0.4004747271537781, 0.2559534013271332, 0.5852265954017639]
[0.4867655038833618, 0.5922300219535828, 0.4448722302913666, 0.32736191153526306, 0.5261247754096985]
[0.4636801481246948, 0.553576648235321, 0.47311440110206604, 0.3345426321029663, 0.524039089679718]
[0.5437031388282776, 0.5647463798522949, 0.4226735830307007, 0.2801559567451477, 0.5508329272270203]
[0.44091764092445374, 0.5727440714836121, 0.4364283084869385, 0.3104463815689087, 0.47343888878822327]
[0.3578766882419586, 0.5640648007392883, 0.46524009108543396, 0.28398558497428894, 0.45243343710899353]
[0.5346267223358154, 0.5295169353485107, 0.48748359084129333, 0.3154904246330261, 0.5015822052955627]
[0.46512821316719055, 0.5803284049034119, 0.44433432817459106, 0.29831576347351074, 0.5333577990531921]
[0.5166579484939575, 0.5893500447273254, 0.4155924916267395, 0.290451318025589, 0.5255833268165588]
[0.4153774678707123, 0.5525604486465454, 0.4690077602863312, 0.33592602610588074, 0.48803287744522095]
[0.4838118851184845, 0.559789776802063, 0.4424840807914734, 0.3286232650279999, 0.5187251567840576]
[0.4917965829372406, 0.5642513632774353, 0.44473153352737427, 0.292820006608963, 0.504958987236023]
[0.5070725679397583, 0.5795678496360779, 0.4309682846069336, 0.25872695446014404, 0.538472592830658]
[0.5258830189704895, 0.5886414647102356, 0.42097175121307373, 0.28033989667892456, 0.5531178712844849]
[0.5537092685699463, 0.5927406549453735, 0.40124931931495667, 0.25835996866226196, 0.5626961588859558]
[0.4773249626159668, 0.5680267214775085, 0.45997023582458496, 0.33139607310295105, 0.48688805103302]
[0.5095100402832031, 0.5539599657058716, 0.46195435523986816, 0.3483177125453949, 0.506878137588501]
[0.4037299156188965, 0.571607232093811, 0.4413022994995117, 0.29303768277168274, 0.4885212779045105]
[0.5070725679397583, 0.5795678496360779, 0.4309682846069336, 0.25872695446014404, 0.538472592830658]
[0.40563154220581055, 0.5596174001693726, 0.4341718852519989, 0.31113284826278687, 0.4415881037712097]
[0.5041224956512451, 0.5799351930618286, 0.4073231816291809, 0.27790430188179016, 0.506144642829895]
[0.45089560747146606, 0.5490901470184326, 0.44808435440063477, 0.313152939081192, 0.4883139133453369]
[0.48950430750846863, 0.576121985912323, 0.4298285245895386, 0.2799501121044159, 0.5257369875907898]
[0.40963318943977356, 0.5320216417312622, 0.4588877856731415, 0.3180004358291626, 0.45523446798324585]
[0.5579781532287598, 0.5953483581542969, 0.40106889605522156, 0.26370561122894287, 0.5576211214065552]
[0.4748935401439667, 0.5663012266159058, 0.47807520627975464, 0.3329557478427887, 0.5268354415893555]
[0.502444863319397, 0.5926012992858887, 0.43517082929611206, 0.28781235218048096, 0.514008641242981]
[0.5255168676376343, 0.5745663642883301, 0.4263097643852234, 0.29762977361679077, 0.5245065689086914]
[0.42911359667778015, 0.5583806037902832, 0.4441983699798584, 0.3178548216819763, 0.47514215111732483]
[0.44881370663642883, 0.5540897250175476, 0.460999459028244, 0.36674293875694275, 0.47388795018196106]
[0.5246627330780029, 0.5579738020896912, 0.4411584138870239, 0.3386177718639374, 0.5237525701522827]
[0.5070725679397583, 0.5795678496360779, 0.4309682846069336, 0.25872695446014404, 0.538472592830658]
