0
日本爱知县的暖家ダイニング居酒屋推出的七龙珠火锅，龙珠是由鸡和猪炖出来的胶原蛋白，对皮肤想当的好，感觉上菜后就能召唤神龙许愿了！
[0.46309441328048706, 0.5511447191238403, 0.4641173481941223, 0.29717281460762024, 0.504603385925293]
[0.6423520445823669, 0.5208008885383606, 0.45732542872428894, 0.3379642963409424, 0.6156503558158875]
[0.4870438873767853, 0.5655683279037476, 0.4292246699333191, 0.29708442091941833, 0.5140913128852844]
[0.47766709327697754, 0.5339354872703552, 0.4639679491519928, 0.3602197766304016, 0.48466718196868896]
[0.5451405048370361, 0.5799071192741394, 0.4316512644290924, 0.266661137342453, 0.5196403861045837]
[0.5126198530197144, 0.5889900326728821, 0.41939878463745117, 0.2652363181114197, 0.5324208736419678]
[0.5427181720733643, 0.5876359939575195, 0.4187312126159668, 0.2766444683074951, 0.5518304109573364]
[0.5804251432418823, 0.5292030572891235, 0.43293297290802, 0.2895629107952118, 0.5980720520019531]
[0.494396835565567, 0.5638185739517212, 0.42650458216667175, 0.296255499124527, 0.5147783756256104]
[0.6187078356742859, 0.565593421459198, 0.3876890540122986, 0.22407910227775574, 0.601572573184967]
[0.5675005316734314, 0.5955690145492554, 0.40575820207595825, 0.25411516427993774, 0.5487556457519531]
[0.535548985004425, 0.5743044018745422, 0.4219232201576233, 0.27131181955337524, 0.5345061421394348]
[0.5149213075637817, 0.5745115280151367, 0.4294396936893463, 0.2818833291530609, 0.5206738114356995]
[0.5070725679397583, 0.5795678496360779, 0.4309682846069336, 0.25872695446014404, 0.538472592830658]
[0.5143848061561584, 0.5525500178337097, 0.43957358598709106, 0.292070209980011, 0.5397794842720032]
[0.4821270704269409, 0.5579961538314819, 0.43072107434272766, 0.3187513053417206, 0.505376935005188]
[0.4619099497795105, 0.5366666913032532, 0.4647478759288788, 0.30794757604599, 0.49054235219955444]
[0.47103607654571533, 0.5780276656150818, 0.4727477431297302, 0.3320862650871277, 0.5155476331710815]
[0.48513466119766235, 0.567778468132019, 0.4259248971939087, 0.2970525324344635, 0.5159939527511597]
[0.5376179814338684, 0.5822842121124268, 0.41291165351867676, 0.2495346963405609, 0.5366033911705017]
[0.4075818657875061, 0.5479501485824585, 0.4548106789588928, 0.3202749788761139, 0.4665128290653229]
[0.5133344531059265, 0.563461184501648, 0.4238864779472351, 0.30304890871047974, 0.520465075969696]
[0.4514324963092804, 0.5575992465019226, 0.45350131392478943, 0.340752512216568, 0.48385897278785706]
[0.4760547876358032, 0.561172366142273, 0.4509691894054413, 0.32225096225738525, 0.47913143038749695]
[0.3131788969039917, 0.5250455737113953, 0.5092693567276001, 0.46669429540634155, 0.41397765278816223]
[0.4641444981098175, 0.5607901811599731, 0.44408610463142395, 0.274419903755188, 0.5008939504623413]
[0.47023507952690125, 0.5565944910049438, 0.44505318999290466, 0.32629698514938354, 0.4922495186328888]
[0.48297014832496643, 0.5725283622741699, 0.4337739050388336, 0.28978413343429565, 0.5242368578910828]
[0.363119512796402, 0.5659807324409485, 0.45439866185188293, 0.30285704135894775, 0.44799482822418213]
[0.5442570447921753, 0.5814916491508484, 0.43763619661331177, 0.2575289309024811, 0.5522903800010681]
[0.508633553981781, 0.5848127007484436, 0.42264896631240845, 0.3105987012386322, 0.5319905281066895]
[0.5730084180831909, 0.6048078536987305, 0.395414799451828, 0.242806077003479, 0.5669013261795044]
[0.44643598794937134, 0.5433264970779419, 0.4598690867424011, 0.35745298862457275, 0.4613706171512604]
[0.5520237684249878, 0.5717880129814148, 0.40430623292922974, 0.2675097584724426, 0.5759390592575073]
[0.4639146029949188, 0.5555030107498169, 0.4436652660369873, 0.309455931186676, 0.4851667582988739]
[0.48359230160713196, 0.5927678942680359, 0.43945881724357605, 0.2975825071334839, 0.5169289112091064]
[0.5216000080108643, 0.5881249904632568, 0.41433092951774597, 0.2677499055862427, 0.5608628988265991]
[0.5537727475166321, 0.5890873074531555, 0.4034669101238251, 0.23785917460918427, 0.5677059888839722]
[0.5261791348457336, 0.5799733996391296, 0.42800360918045044, 0.24547512829303741, 0.5430810451507568]
[0.43843716382980347, 0.5501427054405212, 0.4584742486476898, 0.3142523765563965, 0.44327014684677124]
[0.4919317960739136, 0.5601075291633606, 0.48390325903892517, 0.35210326313972473, 0.5181676745414734]
[0.40684592723846436, 0.5543795228004456, 0.44838014245033264, 0.3196153938770294, 0.43176987767219543]
[0.5070725679397583, 0.5795678496360779, 0.4309682846069336, 0.25872695446014404, 0.538472592830658]
[0.5502533316612244, 0.5312448740005493, 0.41978147625923157, 0.28317323327064514, 0.554564893245697]
[0.44729551672935486, 0.5456659197807312, 0.46297669410705566, 0.33276572823524475, 0.4797504246234894]
[0.5244597792625427, 0.5673940777778625, 0.42901942133903503, 0.28732484579086304, 0.508772611618042]
[0.4925002455711365, 0.5777778029441833, 0.444831520318985, 0.2782672643661499, 0.528533935546875]
[0.5383378267288208, 0.5876705646514893, 0.43310561776161194, 0.2851707935333252, 0.5373412370681763]
[0.3839474320411682, 0.5288684964179993, 0.5080937147140503, 0.349853515625, 0.422792911529541]
[0.5068881511688232, 0.5876739025115967, 0.46509262919425964, 0.28815484046936035, 0.5295660495758057]
[0.5136235356330872, 0.5623096823692322, 0.45557767152786255, 0.3298903703689575, 0.5117709040641785]
[0.5422282814979553, 0.5863180160522461, 0.40551844239234924, 0.2753317654132843, 0.556081235408783]
[0.5558382272720337, 0.5843569040298462, 0.4214182198047638, 0.288038432598114, 0.538904070854187]
[0.5013374090194702, 0.5848435163497925, 0.41897881031036377, 0.28783807158470154, 0.5361830592155457]
[0.3965550363063812, 0.5398868322372437, 0.49637913703918457, 0.3548577129840851, 0.45231154561042786]
[0.46638035774230957, 0.5648683309555054, 0.4494856297969818, 0.3282828629016876, 0.4706222414970398]
[0.49155867099761963, 0.5760889649391174, 0.4377115070819855, 0.2989911437034607, 0.5125035047531128]
[0.48677510023117065, 0.5598574876785278, 0.43484067916870117, 0.3332565724849701, 0.5012964606285095]
[0.5471932888031006, 0.5764264464378357, 0.4283781051635742, 0.30430376529693604, 0.5540673732757568]
[0.3762238025665283, 0.5620856285095215, 0.45110172033309937, 0.29832762479782104, 0.4602524936199188]
[0.40684592723846436, 0.5543795228004456, 0.44838014245033264, 0.3196153938770294, 0.43176987767219543]
[0.46638035774230957, 0.5648683309555054, 0.4494856297969818, 0.3282828629016876, 0.4706222414970398]
[0.5354865789413452, 0.5888907313346863, 0.41922876238822937, 0.2605830132961273, 0.5253303050994873]
[0.5165895223617554, 0.5785650014877319, 0.44111767411231995, 0.2873062789440155, 0.5069097876548767]
[0.49346935749053955, 0.5573630928993225, 0.45204392075538635, 0.3089030981063843, 0.4904714524745941]
[0.5479975938796997, 0.5840923190116882, 0.4116373658180237, 0.2660526931285858, 0.5586240887641907]
[0.468064546585083, 0.5760833024978638, 0.425519198179245, 0.27499982714653015, 0.5015510320663452]
[0.4976119101047516, 0.5752102136611938, 0.43497928977012634, 0.2752716839313507, 0.5217865109443665]
[0.4543701112270355, 0.5496029853820801, 0.45536577701568604, 0.34336647391319275, 0.5138190984725952]
[0.5090576410293579, 0.5635500550270081, 0.4426322877407074, 0.3464268743991852, 0.5301536917686462]
[0.46638035774230957, 0.5648683309555054, 0.4494856297969818, 0.3282828629016876, 0.4706222414970398]
[0.4983375668525696, 0.5743119120597839, 0.44949477910995483, 0.2966022789478302, 0.511137843132019]
[0.5244597792625427, 0.5673940777778625, 0.42901942133903503, 0.28732484579086304, 0.508772611618042]
[0.45329371094703674, 0.5688381195068359, 0.4289989769458771, 0.293609082698822, 0.4904572367668152]
[0.5506220459938049, 0.5618085861206055, 0.42714816331863403, 0.27878761291503906, 0.5285816192626953]
[0.5514865517616272, 0.6019154191017151, 0.4295816719532013, 0.27352583408355713, 0.5628446936607361]
[0.42167723178863525, 0.5435583591461182, 0.4934566915035248, 0.38963520526885986, 0.44743433594703674]
[0.4905673861503601, 0.5569081902503967, 0.4579416513442993, 0.3216938376426697, 0.48564857244491577]
[0.49819183349609375, 0.5695810914039612, 0.4092336595058441, 0.28381651639938354, 0.5330636501312256]
[0.4760547876358032, 0.561172366142273, 0.4509691894054413, 0.32225096225738525, 0.47913143038749695]
[0.5011674165725708, 0.5654696822166443, 0.441593736410141, 0.312374472618103, 0.5107013583183289]
[0.48045891523361206, 0.5651144981384277, 0.4602788984775543, 0.31880778074264526, 0.4879729449748993]
[0.5764367580413818, 0.5917763113975525, 0.4124647080898285, 0.26419520378112793, 0.5642456412315369]
[0.43758153915405273, 0.5272989273071289, 0.48748892545700073, 0.3286093771457672, 0.4876561760902405]
[0.49709975719451904, 0.5702941417694092, 0.44582995772361755, 0.3006950318813324, 0.49380892515182495]
[0.4913750886917114, 0.5774885416030884, 0.4158035218715668, 0.2571624517440796, 0.5183671712875366]
[0.4826941192150116, 0.5623858571052551, 0.4672282338142395, 0.3377205431461334, 0.5257454514503479]
[0.4707982540130615, 0.5320615172386169, 0.47429758310317993, 0.31577178835868835, 0.4688943326473236]
[0.4208102822303772, 0.5538479089736938, 0.4594860076904297, 0.32307228446006775, 0.45784956216812134]
[0.46638035774230957, 0.5648683309555054, 0.4494856297969818, 0.3282828629016876, 0.4706222414970398]
[0.39806368947029114, 0.5556201338768005, 0.4583498537540436, 0.32089555263519287, 0.4686053395271301]
[0.5078635215759277, 0.5738452076911926, 0.44614464044570923, 0.2998522222042084, 0.5484822392463684]
[0.4316949248313904, 0.5370791554450989, 0.42345765233039856, 0.2924075126647949, 0.4635418653488159]
[0.5684899687767029, 0.5731673240661621, 0.4012331962585449, 0.2637202739715576, 0.5639273524284363]
[0.5131096839904785, 0.5233578681945801, 0.44670742750167847, 0.31906482577323914, 0.5508150458335876]
[0.3738986849784851, 0.5576449632644653, 0.4860294759273529, 0.2921660244464874, 0.4462690055370331]
[0.35771024227142334, 0.5177991390228271, 0.4939352571964264, 0.42816707491874695, 0.4286736249923706]
[0.3762238025665283, 0.5620856285095215, 0.45110172033309937, 0.29832762479782104, 0.4602524936199188]
[0.46601602435112, 0.5651649832725525, 0.4377492070198059, 0.2894585430622101, 0.48092910647392273]
[0.6110382080078125, 0.5558590292930603, 0.37430378794670105, 0.22409583628177643, 0.6095777750015259]
[0.5811641812324524, 0.5871745347976685, 0.3994084894657135, 0.24072468280792236, 0.5794339179992676]
