0
【naverblog】#奶酪陷阱# 公开了六名角色海报.这部根据韩国人气漫画改变的电视剧将在明年1月4日tvN月火档播出,由朴海镇、金高银、徐康俊、南柱赫、李圣经等联袂出演.
[0.5097895860671997, 0.5267243385314941, 0.461482435464859, 0.2887190878391266, 0.4917266070842743]
[0.5462360382080078, 0.5881468653678894, 0.4231009781360626, 0.28235965967178345, 0.539649486541748]
[0.47165852785110474, 0.552102267742157, 0.4508538246154785, 0.3111678659915924, 0.5032205581665039]
[0.5462360382080078, 0.5881468653678894, 0.4231009781360626, 0.28235965967178345, 0.539649486541748]
[0.5841954350471497, 0.586787223815918, 0.426308274269104, 0.2628771960735321, 0.5824479460716248]
[0.5527135729789734, 0.5735700130462646, 0.4174261689186096, 0.26728641986846924, 0.5371688604354858]
[0.5361061096191406, 0.5820309519767761, 0.4367769956588745, 0.2769226133823395, 0.5486992001533508]
[0.5077052116394043, 0.5666524171829224, 0.43051037192344666, 0.3170851171016693, 0.5095803737640381]
[0.48086613416671753, 0.5855177044868469, 0.43382129073143005, 0.27862706780433655, 0.537484884262085]
[0.4907926917076111, 0.5637834668159485, 0.4414612948894501, 0.2947947084903717, 0.49108949303627014]
[0.5026231408119202, 0.551849365234375, 0.4451391398906708, 0.3232002854347229, 0.4762697219848633]
[0.5756714344024658, 0.5849572420120239, 0.41363781690597534, 0.27317771315574646, 0.5806744694709778]
[0.5920137166976929, 0.592395007610321, 0.42969197034835815, 0.2641724944114685, 0.5926805734634399]
[0.47153061628341675, 0.5249773263931274, 0.48059725761413574, 0.3408021032810211, 0.49791422486305237]
[0.5232092142105103, 0.5849243402481079, 0.4179627597332001, 0.28174328804016113, 0.531538188457489]
[0.47781533002853394, 0.5838747024536133, 0.435764342546463, 0.29894548654556274, 0.5230389833450317]
[0.4659399092197418, 0.5581889152526855, 0.42220380902290344, 0.2841777503490448, 0.47989505529403687]
[0.5972704291343689, 0.5936105251312256, 0.4278375804424286, 0.2608847916126251, 0.5898210406303406]
[0.44653546810150146, 0.5727712512016296, 0.4421471357345581, 0.29728102684020996, 0.5017191171646118]
[0.4824008345603943, 0.5569329261779785, 0.45810040831565857, 0.3478398621082306, 0.512922465801239]
[0.5139138102531433, 0.5725535750389099, 0.43345123529434204, 0.2725315988063812, 0.5531132221221924]
[0.5077052116394043, 0.5666524171829224, 0.43051037192344666, 0.3170851171016693, 0.5095803737640381]
[0.5139138102531433, 0.5725535750389099, 0.43345123529434204, 0.2725315988063812, 0.5531132221221924]
[0.41284266114234924, 0.5454006791114807, 0.4433477222919464, 0.30613210797309875, 0.44686561822891235]
[0.507230281829834, 0.5830031037330627, 0.4653264284133911, 0.28250035643577576, 0.5347422361373901]
[0.3536682724952698, 0.5601613521575928, 0.47457173466682434, 0.3139497935771942, 0.4337966740131378]
[0.44300854206085205, 0.5535567402839661, 0.44433388113975525, 0.32659703493118286, 0.46127820014953613]
[0.48138436675071716, 0.5649219751358032, 0.4214048385620117, 0.3041067123413086, 0.48879456520080566]
[0.5016456842422485, 0.5798736214637756, 0.4456837475299835, 0.28194278478622437, 0.5024521946907043]
[0.5845205783843994, 0.5826882719993591, 0.4065612852573395, 0.2552923560142517, 0.5556531548500061]
[0.43104320764541626, 0.5118719935417175, 0.5090149641036987, 0.43789294362068176, 0.4539925754070282]
[0.5462360382080078, 0.5881468653678894, 0.4231009781360626, 0.28235965967178345, 0.539649486541748]
[0.5091086030006409, 0.5737923383712769, 0.43044206500053406, 0.27180835604667664, 0.5337556600570679]
[0.48091211915016174, 0.5497735142707825, 0.45467889308929443, 0.3219009041786194, 0.48879915475845337]
[0.5270477533340454, 0.5909032225608826, 0.4439181685447693, 0.3037675619125366, 0.5173115730285645]
[0.47694164514541626, 0.5635933876037598, 0.4325559735298157, 0.31781840324401855, 0.4816637635231018]
[0.5872721672058105, 0.5660459995269775, 0.44010743498802185, 0.3022249937057495, 0.6039868593215942]
[0.43104320764541626, 0.5118719935417175, 0.5090149641036987, 0.43789294362068176, 0.4539925754070282]
[0.5098972320556641, 0.5864880084991455, 0.4190153181552887, 0.2792406380176544, 0.5222765803337097]
[0.3536682724952698, 0.5601613521575928, 0.47457173466682434, 0.3139497935771942, 0.4337966740131378]
[0.4782726764678955, 0.5719047784805298, 0.43846365809440613, 0.2969661355018616, 0.5167924165725708]
[0.45729807019233704, 0.5630114078521729, 0.432143896818161, 0.3043346107006073, 0.5082731246948242]
[0.6496378183364868, 0.5058006644248962, 0.48410800099372864, 0.37050631642341614, 0.6215175986289978]
[0.48786577582359314, 0.547263503074646, 0.45683056116104126, 0.3506074845790863, 0.49395427107810974]
[0.5432913303375244, 0.5808072090148926, 0.4294297695159912, 0.30585935711860657, 0.5686061382293701]
[0.44653284549713135, 0.5492525696754456, 0.4478677213191986, 0.31832244992256165, 0.4758628308773041]
[0.5322713851928711, 0.5660979151725769, 0.4292983412742615, 0.31043899059295654, 0.5418145656585693]
[0.5028290748596191, 0.5693738460540771, 0.4593130052089691, 0.3002150058746338, 0.4991236925125122]
[0.4181322157382965, 0.49827924370765686, 0.5318135023117065, 0.39742234349250793, 0.4447062611579895]
[0.4245710074901581, 0.5658274292945862, 0.44882914423942566, 0.28299105167388916, 0.46301165223121643]
[0.5832093358039856, 0.5165622234344482, 0.4542606472969055, 0.36435529589653015, 0.5590804219245911]
[0.43104320764541626, 0.5118719935417175, 0.5090149641036987, 0.43789294362068176, 0.4539925754070282]
[0.5472399592399597, 0.5698586106300354, 0.4416225552558899, 0.2706846296787262, 0.5470798015594482]
[0.5070725679397583, 0.5795678496360779, 0.4309682846069336, 0.25872695446014404, 0.538472592830658]
[0.5086200833320618, 0.5813959836959839, 0.4108423888683319, 0.29402878880500793, 0.5223483443260193]
[0.5180985927581787, 0.5726652145385742, 0.4383558928966522, 0.28530409932136536, 0.535167396068573]
[0.5291091799736023, 0.567283034324646, 0.4304896891117096, 0.2686380445957184, 0.5306750535964966]
[0.5229668617248535, 0.5482813119888306, 0.45370540022850037, 0.316261351108551, 0.5427809357643127]
[0.5108567476272583, 0.5666770935058594, 0.4286794662475586, 0.3072338104248047, 0.5241938233375549]
[0.46178892254829407, 0.570216178894043, 0.46971067786216736, 0.29052865505218506, 0.5327149033546448]
[0.5170533657073975, 0.5505021810531616, 0.4736112356185913, 0.3134562075138092, 0.5223586559295654]
[0.5056966543197632, 0.565127432346344, 0.4482538402080536, 0.33614104986190796, 0.5297122001647949]
[0.4969596862792969, 0.5272586941719055, 0.4759555459022522, 0.43109241127967834, 0.4947274327278137]
[0.4275378882884979, 0.5718470811843872, 0.44574612379074097, 0.29460960626602173, 0.4921588897705078]
[0.42551061511039734, 0.4920349717140198, 0.5234915614128113, 0.43602633476257324, 0.4490402936935425]
[0.5350452065467834, 0.5991934537887573, 0.4299389719963074, 0.3029137849807739, 0.5596718788146973]
[0.5291948318481445, 0.6008387804031372, 0.4231814742088318, 0.2644391357898712, 0.5363896489143372]
[0.4907926917076111, 0.5637834668159485, 0.4414612948894501, 0.2947947084903717, 0.49108949303627014]
[0.5035412311553955, 0.5761491656303406, 0.43926599621772766, 0.29929351806640625, 0.5276630520820618]
[0.5841954350471497, 0.586787223815918, 0.426308274269104, 0.2628771960735321, 0.5824479460716248]
[0.5990352630615234, 0.5664288997650146, 0.4065103530883789, 0.27317291498184204, 0.5716615915298462]
[0.5077052116394043, 0.5666524171829224, 0.43051037192344666, 0.3170851171016693, 0.5095803737640381]
[0.4413796365261078, 0.5672374367713928, 0.4666838049888611, 0.31970277428627014, 0.4831676483154297]
[0.4993312358856201, 0.5539484620094299, 0.4343149960041046, 0.309707373380661, 0.4979930818080902]
[0.49819183349609375, 0.5695810914039612, 0.4092336595058441, 0.28381651639938354, 0.5330636501312256]
[0.4418582320213318, 0.5358430743217468, 0.48703843355178833, 0.34943586587905884, 0.45015066862106323]
[0.5024005770683289, 0.5848360657691956, 0.4439801871776581, 0.3004273772239685, 0.5116707682609558]
[0.5705997943878174, 0.5921597480773926, 0.39318645000457764, 0.24374854564666748, 0.5664471983909607]
[0.5594453811645508, 0.5855539441108704, 0.4063710868358612, 0.26407289505004883, 0.5724132657051086]
[0.49819183349609375, 0.5695810914039612, 0.4092336595058441, 0.28381651639938354, 0.5330636501312256]
[0.5237783789634705, 0.5532834529876709, 0.45547714829444885, 0.30484452843666077, 0.5058930516242981]
[0.5479975938796997, 0.5840923190116882, 0.4116373658180237, 0.2660526931285858, 0.5586240887641907]
[0.5532841086387634, 0.5526951551437378, 0.4305401146411896, 0.32639941573143005, 0.5369102954864502]
[0.4909745156764984, 0.5404046773910522, 0.454338014125824, 0.30339017510414124, 0.5050013661384583]
[0.49305179715156555, 0.5665918588638306, 0.45574328303337097, 0.32414305210113525, 0.5018766522407532]
[0.6042742133140564, 0.5947105884552002, 0.4192180931568146, 0.2547195553779602, 0.6053513288497925]
[0.5104147791862488, 0.5531855821609497, 0.4391620457172394, 0.3248591423034668, 0.5017683506011963]
[0.5461990833282471, 0.5703389048576355, 0.410931795835495, 0.272682249546051, 0.5534580945968628]
[0.3536682724952698, 0.5601613521575928, 0.47457173466682434, 0.3139497935771942, 0.4337966740131378]
[0.4541590213775635, 0.5417885184288025, 0.45778101682662964, 0.3454364538192749, 0.4715571701526642]
[0.3924388885498047, 0.5350249409675598, 0.4506324529647827, 0.34200844168663025, 0.43302121758461]
[0.5495347380638123, 0.570992112159729, 0.41956743597984314, 0.2755260467529297, 0.5501007437705994]
[0.5134328603744507, 0.5725303292274475, 0.42408841848373413, 0.26175010204315186, 0.5581045150756836]
[0.42671868205070496, 0.5595323443412781, 0.44345924258232117, 0.26974308490753174, 0.49170032143592834]
[0.4203202724456787, 0.5393588542938232, 0.4605468213558197, 0.3147708475589752, 0.45538732409477234]
[0.6122822761535645, 0.581781268119812, 0.422273725271225, 0.2602984309196472, 0.5848987698554993]
[0.49190208315849304, 0.5647804141044617, 0.4626724123954773, 0.3075508773326874, 0.502381443977356]
[0.5086200833320618, 0.5813959836959839, 0.4108423888683319, 0.29402878880500793, 0.5223483443260193]
[0.5790345668792725, 0.5835461020469666, 0.4125094711780548, 0.2536434233188629, 0.5814783573150635]
[0.39862874150276184, 0.5065613389015198, 0.5404885411262512, 0.4497395157814026, 0.43197157979011536]
[0.4800661504268646, 0.5493413209915161, 0.449575811624527, 0.30855390429496765, 0.5017578601837158]
