0
#那一天#【大师钱钟书】他是学贯中西的大学者，也是才思敏捷的幽默大师，有人来中国一为看长城二为看他，他和妻子的恩爱为世人所羡慕，他被无数当代名家所推崇甚至崇拜……105年前的今天，一代国学大师钱钟书出生在无锡。当你平日引用下边这些经典语录时，你意识到它们都是出自这位大师之手吗？
[0.41230106353759766, 0.48460322618484497, 0.546380877494812, 0.46817144751548767, 0.4753468930721283]
[0.5757365226745605, 0.5897319316864014, 0.40643736720085144, 0.25071677565574646, 0.5680649280548096]
[0.4489240348339081, 0.5537146329879761, 0.4681793451309204, 0.3357482850551605, 0.48459529876708984]
[0.3682872951030731, 0.5410106182098389, 0.43682804703712463, 0.29630130529403687, 0.4435845613479614]
[0.41230106353759766, 0.48460322618484497, 0.546380877494812, 0.46817144751548767, 0.4753468930721283]
[0.5379300117492676, 0.5839847326278687, 0.43938496708869934, 0.27870261669158936, 0.5562592148780823]
[0.5028769373893738, 0.5125066637992859, 0.4944012463092804, 0.42042165994644165, 0.5317229628562927]
[0.5370180606842041, 0.5843787789344788, 0.4288812279701233, 0.2818429470062256, 0.5560480356216431]
[0.44178107380867004, 0.5620921850204468, 0.4371168613433838, 0.307048499584198, 0.46776074171066284]
[0.581824541091919, 0.5858274698257446, 0.3998708724975586, 0.2571609318256378, 0.5802381634712219]
[0.5905682444572449, 0.5614826679229736, 0.43401917815208435, 0.2904445230960846, 0.5737916827201843]
[0.5972158908843994, 0.5578423738479614, 0.40296128392219543, 0.2554362416267395, 0.5602708458900452]
[0.4038029909133911, 0.566723644733429, 0.44245827198028564, 0.30045458674430847, 0.4706011116504669]
[0.4633372724056244, 0.5261293649673462, 0.5241339206695557, 0.3892184793949127, 0.5202080011367798]
[0.46442171931266785, 0.5559468269348145, 0.4320868253707886, 0.2887592017650604, 0.4883338212966919]
[0.5560421943664551, 0.5253791213035583, 0.44410955905914307, 0.31745147705078125, 0.5338832139968872]
[0.45752978324890137, 0.5440170764923096, 0.47018373012542725, 0.3130016028881073, 0.5045248866081238]
[0.46430933475494385, 0.5934845805168152, 0.42824697494506836, 0.27091923356056213, 0.5381119847297668]
[0.5327035784721375, 0.5753014087677002, 0.41423583030700684, 0.2911567986011505, 0.5686464905738831]
[0.4656883478164673, 0.5553489327430725, 0.45451605319976807, 0.3052028715610504, 0.5101029872894287]
[0.46624207496643066, 0.5643919706344604, 0.4574328660964966, 0.2987325191497803, 0.5157724022865295]
[0.49819183349609375, 0.5695810914039612, 0.4092336595058441, 0.28381651639938354, 0.5330636501312256]
[0.48351043462753296, 0.5479854345321655, 0.4465799629688263, 0.3052557408809662, 0.49904492497444153]
[0.4833769202232361, 0.5338084697723389, 0.5103179812431335, 0.42105114459991455, 0.5218768119812012]
[0.5325990915298462, 0.5664335489273071, 0.41752150654792786, 0.2794550061225891, 0.5468018054962158]
[0.3139108121395111, 0.56053626537323, 0.4509721100330353, 0.2867964208126068, 0.4229436218738556]
[0.5597823262214661, 0.5894942283630371, 0.4193037748336792, 0.2670420706272125, 0.5699244737625122]
[0.5572163462638855, 0.5851698517799377, 0.41942739486694336, 0.26740679144859314, 0.5677614808082581]
[0.4112820327281952, 0.5439988970756531, 0.4502773582935333, 0.3197954595088959, 0.4508908987045288]
[0.5535668134689331, 0.5726282000541687, 0.4175443649291992, 0.2711818516254425, 0.525173008441925]
[0.5471351146697998, 0.5981363654136658, 0.4183119237422943, 0.2598152160644531, 0.5470813512802124]
[0.4739261269569397, 0.5333888530731201, 0.5099578499794006, 0.39204931259155273, 0.5120091438293457]
[0.4739261269569397, 0.5333888530731201, 0.5099578499794006, 0.39204931259155273, 0.5120091438293457]
[0.5349131226539612, 0.5899075865745544, 0.4146992564201355, 0.2643279731273651, 0.561594545841217]
[0.4739261269569397, 0.5333888530731201, 0.5099578499794006, 0.39204931259155273, 0.5120091438293457]
[0.4739261269569397, 0.5333888530731201, 0.5099578499794006, 0.39204931259155273, 0.5120091438293457]
[0.5289619565010071, 0.5845335125923157, 0.42568692564964294, 0.27028539776802063, 0.5209930539131165]
[0.5325873494148254, 0.5880876183509827, 0.42129048705101013, 0.2533036768436432, 0.5475322008132935]
[0.45932215452194214, 0.5695846676826477, 0.45165741443634033, 0.28201451897621155, 0.5081512331962585]
[0.45283231139183044, 0.5599032640457153, 0.4572426378726959, 0.30749520659446716, 0.4933323860168457]
[0.5831531286239624, 0.5743390321731567, 0.3847307860851288, 0.2328670471906662, 0.5956181287765503]
[0.5090638399124146, 0.5718783736228943, 0.4234289228916168, 0.25688889622688293, 0.5277644991874695]
[0.5265319347381592, 0.5906006097793579, 0.40953198075294495, 0.27143383026123047, 0.5234684944152832]
[0.4739261269569397, 0.5333888530731201, 0.5099578499794006, 0.39204931259155273, 0.5120091438293457]
[0.45889022946357727, 0.5467115640640259, 0.43238013982772827, 0.2845812439918518, 0.5218114852905273]
[0.5510376691818237, 0.5652114152908325, 0.3999178409576416, 0.2574244737625122, 0.5478320121765137]
[0.5187511444091797, 0.5657637715339661, 0.4381132125854492, 0.2819228768348694, 0.518878698348999]
[0.505196750164032, 0.5824236273765564, 0.4366265833377838, 0.3057876527309418, 0.5375736355781555]
[0.47795262932777405, 0.5386413931846619, 0.49456587433815, 0.36229270696640015, 0.5282036662101746]
[0.4739261269569397, 0.5333888530731201, 0.5099578499794006, 0.39204931259155273, 0.5120091438293457]
[0.5495397448539734, 0.5828560590744019, 0.40868985652923584, 0.27288031578063965, 0.5677816867828369]
[0.5047717094421387, 0.5593339204788208, 0.5007728934288025, 0.3379907011985779, 0.5068137645721436]
[0.5044549703598022, 0.554457426071167, 0.44846150279045105, 0.3092651963233948, 0.5175455808639526]
[0.49546095728874207, 0.585506796836853, 0.45802560448646545, 0.2801974415779114, 0.5306580662727356]
[0.44239625334739685, 0.5457289814949036, 0.45612478256225586, 0.29619431495666504, 0.48916327953338623]
[0.49375295639038086, 0.5783133506774902, 0.45450490713119507, 0.29023781418800354, 0.505050003528595]
[0.4739261269569397, 0.5333888530731201, 0.5099578499794006, 0.39204931259155273, 0.5120091438293457]
[0.39329037070274353, 0.5440446138381958, 0.4523674547672272, 0.2793167531490326, 0.45187512040138245]
[0.5258386731147766, 0.5443935394287109, 0.46410638093948364, 0.29817691445350647, 0.5184609293937683]
[0.5336480140686035, 0.5786557197570801, 0.4347394108772278, 0.29543355107307434, 0.5564507246017456]
[0.5325873494148254, 0.5880876183509827, 0.42129048705101013, 0.2533036768436432, 0.5475322008132935]
[0.5193799138069153, 0.55721515417099, 0.4869956970214844, 0.3364482522010803, 0.5231031179428101]
[0.4805727005004883, 0.5658988356590271, 0.4313802421092987, 0.30726224184036255, 0.5107308030128479]
[0.49819183349609375, 0.5695810914039612, 0.4092336595058441, 0.28381651639938354, 0.5330636501312256]
[0.5009117126464844, 0.5625962615013123, 0.4719020426273346, 0.35957813262939453, 0.495572954416275]
[0.49819183349609375, 0.5695810914039612, 0.4092336595058441, 0.28381651639938354, 0.5330636501312256]
