0
涨姿势！10个关于水的不可思议的科学实验~
[0.4914037585258484, 0.554743766784668, 0.43753525614738464, 0.29215946793556213, 0.5018011927604675]
[0.4511461555957794, 0.5557485222816467, 0.454553484916687, 0.3431316614151001, 0.4878596365451813]
[0.47616639733314514, 0.568425714969635, 0.4319607615470886, 0.29839980602264404, 0.4975149631500244]
[0.5620900988578796, 0.5942291021347046, 0.419325053691864, 0.2666260004043579, 0.5534039735794067]
[0.5244597792625427, 0.5673940777778625, 0.42901942133903503, 0.28732484579086304, 0.508772611618042]
[0.3375685513019562, 0.5544866919517517, 0.48140525817871094, 0.3187791109085083, 0.44560161232948303]
[0.5489742159843445, 0.5929713845252991, 0.4079751968383789, 0.2541031539440155, 0.5804117321968079]
[0.5160489678382874, 0.5655227303504944, 0.4237113296985626, 0.31068140268325806, 0.518277108669281]
[0.4760547876358032, 0.561172366142273, 0.4509691894054413, 0.32225096225738525, 0.47913143038749695]
[0.4760547876358032, 0.561172366142273, 0.4509691894054413, 0.32225096225738525, 0.47913143038749695]
[0.49393460154533386, 0.5753617882728577, 0.43176454305648804, 0.2822020351886749, 0.5095145106315613]
[0.47251632809638977, 0.5820255279541016, 0.4257327914237976, 0.27664807438850403, 0.4930877387523651]
[0.5363638401031494, 0.5871400237083435, 0.4269360303878784, 0.27480536699295044, 0.5451487302780151]
[0.5174325108528137, 0.5436736941337585, 0.4331689476966858, 0.3190324604511261, 0.5145626664161682]
[0.5563711524009705, 0.5437349081039429, 0.44127973914146423, 0.33146703243255615, 0.5479139685630798]
[0.535548985004425, 0.5743044018745422, 0.4219232201576233, 0.27131181955337524, 0.5345061421394348]
[0.5149213075637817, 0.5745115280151367, 0.4294396936893463, 0.2818833291530609, 0.5206738114356995]
[0.5085203647613525, 0.5778433084487915, 0.4229898452758789, 0.2565760612487793, 0.49539607763290405]
[0.49819183349609375, 0.5695810914039612, 0.4092336595058441, 0.28381651639938354, 0.5330636501312256]
[0.4760547876358032, 0.561172366142273, 0.4509691894054413, 0.32225096225738525, 0.47913143038749695]
[0.4914037585258484, 0.554743766784668, 0.43753525614738464, 0.29215946793556213, 0.5018011927604675]
[0.5478252172470093, 0.5774762034416199, 0.42187854647636414, 0.28621166944503784, 0.5449382662773132]
[0.4760547876358032, 0.561172366142273, 0.4509691894054413, 0.32225096225738525, 0.47913143038749695]
[0.5792938470840454, 0.5774211287498474, 0.39894556999206543, 0.2443789392709732, 0.5775283575057983]
[0.5167209506034851, 0.5633214712142944, 0.4319169521331787, 0.289650022983551, 0.5471745133399963]
[0.4120093584060669, 0.536292314529419, 0.49250665307044983, 0.3413688838481903, 0.4476372301578522]
[0.4760547876358032, 0.561172366142273, 0.4509691894054413, 0.32225096225738525, 0.47913143038749695]
[0.4905673861503601, 0.5569081902503967, 0.4579416513442993, 0.3216938376426697, 0.48564857244491577]
[0.4905673861503601, 0.5569081902503967, 0.4579416513442993, 0.3216938376426697, 0.48564857244491577]
