0
【来看北京雪花“慢动作”南方的朋友看这边，穿着短袖、吃着冰棍看雪花啦！
[0.5769761800765991, 0.5681970119476318, 0.4147883355617523, 0.30061864852905273, 0.5744127631187439]
[0.5266939997673035, 0.5949008464813232, 0.41835254430770874, 0.2808178961277008, 0.5514400601387024]
[0.5117770433425903, 0.560706377029419, 0.43723130226135254, 0.3155690133571625, 0.5058959126472473]
[0.4200875759124756, 0.5592666864395142, 0.4807668924331665, 0.32592761516571045, 0.47999173402786255]
[0.49819183349609375, 0.5695810914039612, 0.4092336595058441, 0.28381651639938354, 0.5330636501312256]
[0.48816967010498047, 0.5767120122909546, 0.4728776812553406, 0.3223414421081543, 0.5208239555358887]
[0.576065182685852, 0.5826181173324585, 0.4056045711040497, 0.25943177938461304, 0.5649296641349792]
[0.5298750996589661, 0.5688614249229431, 0.4207342863082886, 0.2762089967727661, 0.5688462853431702]
[0.5097422003746033, 0.5812457203865051, 0.4321238696575165, 0.2945428192615509, 0.5150281190872192]
[0.5712528228759766, 0.569111704826355, 0.4237995147705078, 0.26422762870788574, 0.5667502284049988]
[0.5330877900123596, 0.5792643427848816, 0.4165705740451813, 0.26398965716362, 0.554705023765564]
[0.4881976842880249, 0.5661877989768982, 0.43856197595596313, 0.34011971950531006, 0.5131067037582397]
[0.5377658009529114, 0.5568077564239502, 0.4668910801410675, 0.35276156663894653, 0.5307847261428833]
[0.4872439503669739, 0.5688368678092957, 0.44781890511512756, 0.2881374657154083, 0.5312381982803345]
[0.48988330364227295, 0.5789145231246948, 0.4399324953556061, 0.2841094434261322, 0.5382476449012756]
[0.4885009825229645, 0.5303141474723816, 0.4700397253036499, 0.29966703057289124, 0.5065341591835022]
[0.5084850192070007, 0.5943459272384644, 0.41096749901771545, 0.26301681995391846, 0.5366566181182861]
[0.5097150802612305, 0.5735567212104797, 0.42733412981033325, 0.3024013340473175, 0.5154725313186646]
[0.4923180937767029, 0.5631827116012573, 0.4535716474056244, 0.31370463967323303, 0.509547233581543]
[0.5138077139854431, 0.577266275882721, 0.42914512753486633, 0.2641682028770447, 0.554450511932373]
[0.5123704671859741, 0.566187858581543, 0.4185352921485901, 0.27995386719703674, 0.5501588582992554]
[0.5392175912857056, 0.5993615388870239, 0.421592652797699, 0.2645069360733032, 0.5306321978569031]
[0.5135572552680969, 0.5706356167793274, 0.4442617893218994, 0.328599750995636, 0.512717604637146]
[0.4887738823890686, 0.5459813475608826, 0.4704210162162781, 0.31633660197257996, 0.5318488478660583]
[0.5430574417114258, 0.5823577046394348, 0.43553146719932556, 0.2709515392780304, 0.5656703114509583]
[0.45799586176872253, 0.5494898557662964, 0.4439629912376404, 0.31749483942985535, 0.49107909202575684]
[0.5041947960853577, 0.5165040493011475, 0.5114943385124207, 0.40977075695991516, 0.4804688096046448]
[0.5463461875915527, 0.5923521518707275, 0.42354947328567505, 0.2633815407752991, 0.577521562576294]
[0.45180192589759827, 0.5745632648468018, 0.44030648469924927, 0.3146933913230896, 0.4801372289657593]
[0.5934966802597046, 0.5831874012947083, 0.3842751085758209, 0.22861024737358093, 0.5828978419303894]
[0.49864423274993896, 0.5838106274604797, 0.43464168906211853, 0.2737993896007538, 0.5494135618209839]
[0.4983862340450287, 0.5481188893318176, 0.4343787729740143, 0.26338550448417664, 0.5413642525672913]
[0.4182266592979431, 0.5795812606811523, 0.4466261863708496, 0.3040691614151001, 0.4595889151096344]
[0.4501930773258209, 0.5600388646125793, 0.44393911957740784, 0.31217870116233826, 0.4865899384021759]
[0.38919514417648315, 0.5556634664535522, 0.4648168981075287, 0.37751927971839905, 0.44011390209198]
[0.4967744052410126, 0.5760828256607056, 0.45314890146255493, 0.2924732267856598, 0.48656293749809265]
[0.47311484813690186, 0.5626160502433777, 0.4733980596065521, 0.35614627599716187, 0.4791313111782074]
[0.5066101551055908, 0.5770600438117981, 0.43316885828971863, 0.3026452660560608, 0.537679135799408]
[0.5070725679397583, 0.5795678496360779, 0.4309682846069336, 0.25872695446014404, 0.538472592830658]
[0.542026162147522, 0.5621944069862366, 0.4041619598865509, 0.2332421988248825, 0.5505648851394653]
[0.5310982465744019, 0.5608096122741699, 0.4488774836063385, 0.3118835687637329, 0.5337267518043518]
[0.5792722105979919, 0.5920242071151733, 0.4009076952934265, 0.24300988018512726, 0.5679585933685303]
[0.4113973379135132, 0.5498979687690735, 0.45342132449150085, 0.346009761095047, 0.4511079788208008]
[0.46133971214294434, 0.5729800462722778, 0.4664979577064514, 0.30315500497817993, 0.5167654156684875]
[0.5317707061767578, 0.570867121219635, 0.4383929967880249, 0.2897222340106964, 0.5457679033279419]
[0.5385580658912659, 0.5871397852897644, 0.41406187415122986, 0.277249276638031, 0.5343222618103027]
[0.4860394299030304, 0.5862255096435547, 0.44214126467704773, 0.2870691418647766, 0.5012277960777283]
[0.5126127600669861, 0.5947902202606201, 0.4186301529407501, 0.2623601257801056, 0.5282232761383057]
[0.5018240213394165, 0.5243074893951416, 0.5032233595848083, 0.3911917209625244, 0.48109641671180725]
[0.49555298686027527, 0.570673942565918, 0.4313119649887085, 0.2879068851470947, 0.5146951675415039]
[0.4891105592250824, 0.5653572678565979, 0.4524781405925751, 0.2952333390712738, 0.51182621717453]
[0.5503403544425964, 0.6045147180557251, 0.4414503276348114, 0.26999518275260925, 0.5501054525375366]
[0.4625030755996704, 0.5496856570243835, 0.4743559956550598, 0.34788796305656433, 0.46178382635116577]
[0.4394018352031708, 0.4994422495365143, 0.5364562273025513, 0.42837923765182495, 0.4302155673503876]
[0.5092516541481018, 0.5767394304275513, 0.426498681306839, 0.29484549164772034, 0.5210837125778198]
[0.4048633277416229, 0.5675174593925476, 0.4480420649051666, 0.27961277961730957, 0.45387428998947144]
