0
【国家防总：南方发生罕见冬汛】受连续强降雨影响，近日，广西、广东、湖南、江西等地出现罕见冬汛，30余条河流发生超警洪水。广西、湖南、江西三省区55.5万人受灾，直接经济损失约9.9亿元。国家防总紧急部署防御工作，最大程度减轻人员伤亡和财产损失。请当地群众注意自身安全。（央视记者王凯博）
[0.5876356363296509, 0.581643283367157, 0.4067109525203705, 0.23093879222869873, 0.5726831555366516]
[0.4490247070789337, 0.5700801014900208, 0.4597785472869873, 0.30358341336250305, 0.5265503525733948]
[0.5338227152824402, 0.5932098627090454, 0.41634896397590637, 0.2643166780471802, 0.5347447991371155]
[0.5046730041503906, 0.5506399273872375, 0.4451383352279663, 0.2971297800540924, 0.5398944616317749]
[0.4275168776512146, 0.5678091645240784, 0.45682430267333984, 0.3203730285167694, 0.4899798035621643]
[0.4487622082233429, 0.5716210603713989, 0.4600348174571991, 0.3031274080276489, 0.45275557041168213]
[0.5084124803543091, 0.5941175222396851, 0.4219353497028351, 0.27441146969795227, 0.5471367239952087]
[0.5305766463279724, 0.524383008480072, 0.4545271694660187, 0.3401773273944855, 0.5126456618309021]
[0.473251074552536, 0.5538144111633301, 0.4597969949245453, 0.3376048505306244, 0.49928581714630127]
[0.549149751663208, 0.5521712303161621, 0.4167795181274414, 0.26648905873298645, 0.544624388217926]
[0.49700573086738586, 0.5876177549362183, 0.4380715787410736, 0.28698062896728516, 0.5351269245147705]
[0.5594921708106995, 0.5627385377883911, 0.44345778226852417, 0.28602948784828186, 0.5541494488716125]
[0.4712711274623871, 0.5824184417724609, 0.4123247265815735, 0.24548570811748505, 0.51705002784729]
[0.5774304270744324, 0.6065936088562012, 0.41549786925315857, 0.2480234056711197, 0.5604559779167175]
[0.5550904273986816, 0.5740217566490173, 0.4203090965747833, 0.28415876626968384, 0.5456295013427734]
[0.4509055018424988, 0.5510293841362, 0.4649612605571747, 0.3619966506958008, 0.4959472119808197]
[0.5054941177368164, 0.5875762701034546, 0.4291413128376007, 0.27852341532707214, 0.5218708515167236]
[0.44252023100852966, 0.5572879910469055, 0.4434078633785248, 0.32953566312789917, 0.48429062962532043]
[0.4795200526714325, 0.5667135119438171, 0.4824599325656891, 0.34207746386528015, 0.5073103904724121]
[0.4883418381214142, 0.566385805606842, 0.4292689561843872, 0.31736454367637634, 0.5093995332717896]
[0.5424395203590393, 0.5719796419143677, 0.4550197720527649, 0.2988525927066803, 0.5469468235969543]
[0.4703875780105591, 0.5711145997047424, 0.45124244689941406, 0.2854146659374237, 0.5001224279403687]
[0.35596105456352234, 0.5593264698982239, 0.45519793033599854, 0.27721115946769714, 0.42990484833717346]
[0.5148149132728577, 0.5424555540084839, 0.42818892002105713, 0.2865355610847473, 0.5479709506034851]
[0.5279794931411743, 0.57080078125, 0.39482831954956055, 0.275955468416214, 0.5460334420204163]
[0.524908721446991, 0.575195848941803, 0.4234149754047394, 0.27270612120628357, 0.549530029296875]
[0.5070725679397583, 0.5795678496360779, 0.4309682846069336, 0.25872695446014404, 0.538472592830658]
[0.5414469242095947, 0.5734516382217407, 0.4555121064186096, 0.29311323165893555, 0.5364780426025391]
[0.5151398777961731, 0.5731667876243591, 0.44198885560035706, 0.27477526664733887, 0.5171484351158142]
[0.5912910103797913, 0.5940629243850708, 0.41832226514816284, 0.26096630096435547, 0.5935224890708923]
[0.5690078735351562, 0.5499327182769775, 0.45130395889282227, 0.3293154537677765, 0.5487524271011353]
[0.5646907687187195, 0.5938993692398071, 0.4033328890800476, 0.25919249653816223, 0.5524779558181763]
[0.5517894625663757, 0.5816354155540466, 0.426931768655777, 0.2774597406387329, 0.5297299027442932]
[0.4704318940639496, 0.5678689479827881, 0.4394654631614685, 0.29210880398750305, 0.5028591752052307]
[0.5504789352416992, 0.5504522323608398, 0.46797049045562744, 0.3006422519683838, 0.5575739741325378]
[0.5418795943260193, 0.5808626413345337, 0.4248681962490082, 0.26942577958106995, 0.5730366706848145]
[0.5448570847511292, 0.5992358326911926, 0.4335053563117981, 0.2642391622066498, 0.5558105707168579]
[0.43980950117111206, 0.5383789539337158, 0.48368221521377563, 0.34464719891548157, 0.5099167227745056]
[0.4635719954967499, 0.5733415484428406, 0.43367308378219604, 0.27432069182395935, 0.5292767286300659]
[0.5441024303436279, 0.5209218859672546, 0.4706049859523773, 0.3330062925815582, 0.5458095669746399]
[0.4577648639678955, 0.5741283893585205, 0.4531082212924957, 0.2865905165672302, 0.5106756091117859]
[0.49194344878196716, 0.5548880100250244, 0.45227232575416565, 0.3152625858783722, 0.5038880109786987]
[0.5007778406143188, 0.5874346494674683, 0.4542461335659027, 0.33632251620292664, 0.49092113971710205]
[0.5103194713592529, 0.5618776082992554, 0.45256564021110535, 0.3165374994277954, 0.5284254550933838]
[0.5415588617324829, 0.5912052989006042, 0.4247523844242096, 0.2587967813014984, 0.5616469383239746]
[0.5241913795471191, 0.5846225023269653, 0.423149973154068, 0.3106781244277954, 0.5202729105949402]
[0.4316338896751404, 0.5745570063591003, 0.4690299928188324, 0.3149944245815277, 0.4682408571243286]
[0.5274712443351746, 0.5778982639312744, 0.4157799482345581, 0.25601160526275635, 0.5642859935760498]
[0.5074096918106079, 0.5905137658119202, 0.42286908626556396, 0.27135273814201355, 0.5313239097595215]
[0.5284514427185059, 0.5857850313186646, 0.44272172451019287, 0.29551786184310913, 0.5377295017242432]
[0.44440948963165283, 0.5511190295219421, 0.4730096161365509, 0.3248649537563324, 0.4762628376483917]
[0.5300738215446472, 0.5802289247512817, 0.41965919733047485, 0.287063330411911, 0.5441409945487976]
[0.4891400933265686, 0.5639953017234802, 0.46029776334762573, 0.32713618874549866, 0.5231214165687561]
[0.5217555165290833, 0.6016671061515808, 0.4465421736240387, 0.2718932628631592, 0.5306463837623596]
[0.5520334839820862, 0.5839054584503174, 0.4106457829475403, 0.27391499280929565, 0.5623887777328491]
[0.510394811630249, 0.5993858575820923, 0.45390287041664124, 0.2767147123813629, 0.5162308812141418]
[0.5048151612281799, 0.5444853901863098, 0.4320214092731476, 0.3114210069179535, 0.5091241598129272]
[0.5165797472000122, 0.5634240508079529, 0.5073643326759338, 0.3851931691169739, 0.5335002541542053]
[0.5451405048370361, 0.5799071192741394, 0.4316512644290924, 0.266661137342453, 0.5196403861045837]
[0.5876356363296509, 0.581643283367157, 0.4067109525203705, 0.23093879222869873, 0.5726831555366516]
[0.46603912115097046, 0.5592319965362549, 0.45634725689888, 0.3278757333755493, 0.48826417326927185]
[0.5369187593460083, 0.5652793645858765, 0.40897536277770996, 0.2722271978855133, 0.5709850788116455]
[0.5070725679397583, 0.5795678496360779, 0.4309682846069336, 0.25872695446014404, 0.538472592830658]
[0.52171790599823, 0.5215107202529907, 0.5177626609802246, 0.46163907647132874, 0.5162999629974365]
[0.5431269407272339, 0.5631349086761475, 0.4480642080307007, 0.2813042998313904, 0.5444303750991821]
[0.48191705346107483, 0.5664792060852051, 0.4702743887901306, 0.3041507601737976, 0.48017317056655884]
[0.5290725827217102, 0.5586001873016357, 0.4301687479019165, 0.26879337430000305, 0.5505310297012329]
[0.451702743768692, 0.534660816192627, 0.4768497943878174, 0.33728668093681335, 0.4554350972175598]
[0.5492157936096191, 0.5858448147773743, 0.4338059425354004, 0.26742804050445557, 0.5542439818382263]
[0.543602705001831, 0.566828727722168, 0.4174528419971466, 0.2564919888973236, 0.5606210827827454]
[0.564540684223175, 0.5812059640884399, 0.4117768406867981, 0.26205116510391235, 0.5602561831474304]
[0.5618757009506226, 0.5871471762657166, 0.42965832352638245, 0.2565068006515503, 0.5409884452819824]
[0.5618757009506226, 0.5871471762657166, 0.42965832352638245, 0.2565068006515503, 0.5409884452819824]
[0.5070725679397583, 0.5795678496360779, 0.4309682846069336, 0.25872695446014404, 0.538472592830658]
[0.45058903098106384, 0.5472202301025391, 0.4314117431640625, 0.28753387928009033, 0.5098214149475098]
[0.5695002675056458, 0.5921249985694885, 0.40591222047805786, 0.25088998675346375, 0.5891156792640686]
[0.4836024045944214, 0.5530619025230408, 0.43943047523498535, 0.31246936321258545, 0.5002826452255249]
[0.5335263013839722, 0.5699055194854736, 0.43152016401290894, 0.2905784845352173, 0.5549716353416443]
[0.5448570847511292, 0.5992358326911926, 0.4335053563117981, 0.2642391622066498, 0.5558105707168579]
[0.43445128202438354, 0.5776636004447937, 0.44076788425445557, 0.2835983335971832, 0.4654456079006195]
[0.5328594446182251, 0.551239013671875, 0.4342718720436096, 0.2887299358844757, 0.5456182360649109]
[0.531726062297821, 0.5850846767425537, 0.38593289256095886, 0.22536848485469818, 0.5659105181694031]
[0.5251592397689819, 0.5636007189750671, 0.40888741612434387, 0.25762882828712463, 0.5526499152183533]
[0.5183107256889343, 0.5733241438865662, 0.427974671125412, 0.2734617292881012, 0.5144545435905457]
[0.5541411638259888, 0.5602191090583801, 0.42612984776496887, 0.26794400811195374, 0.5629295706748962]
[0.4694404602050781, 0.5708253383636475, 0.45599260926246643, 0.30969932675361633, 0.503871500492096]
[0.5182295441627502, 0.5659430623054504, 0.4718143343925476, 0.3535635471343994, 0.5234475135803223]
[0.5354865789413452, 0.5888907313346863, 0.41922876238822937, 0.2605830132961273, 0.5253303050994873]
[0.508743166923523, 0.5725624561309814, 0.4305616319179535, 0.29266661405563354, 0.5370945930480957]
[0.5368971824645996, 0.574949324131012, 0.43803584575653076, 0.2697766125202179, 0.5447961091995239]
[0.5137038230895996, 0.524466335773468, 0.5157204866409302, 0.444035142660141, 0.5383840203285217]
[0.5070725679397583, 0.5795678496360779, 0.4309682846069336, 0.25872695446014404, 0.538472592830658]
[0.4735656678676605, 0.5468931198120117, 0.4660074710845947, 0.3409724235534668, 0.48253554105758667]
[0.4751802086830139, 0.5633102059364319, 0.4541829228401184, 0.313676655292511, 0.5186254382133484]
[0.5323764681816101, 0.5827217102050781, 0.44509321451187134, 0.2873666286468506, 0.5546671748161316]
[0.47114622592926025, 0.5562939643859863, 0.44876644015312195, 0.30254772305488586, 0.48947402834892273]
[0.5046071410179138, 0.5784699320793152, 0.47104841470718384, 0.33165666460990906, 0.5145769119262695]
[0.5259749889373779, 0.5728654861450195, 0.4401896595954895, 0.3215410113334656, 0.517145574092865]
[0.5025316476821899, 0.57132887840271, 0.4434620440006256, 0.2837960124015808, 0.5386053323745728]
[0.5421208739280701, 0.582108736038208, 0.43479132652282715, 0.2972266972064972, 0.550963819026947]
[0.528881311416626, 0.5535309910774231, 0.44144463539123535, 0.3072328269481659, 0.5095542669296265]
