0
#轻松一刻# 这种有着西瓜太郎一样发型的鸟学名叫格洛斯特金丝雀(Gloster Canary)，因为长有奇特的羽冠又被成为“披头士鸟，锅盖头金丝雀”。1920年由一位英国的老太太首次培育出来的，简直是鸟界洗剪吹里最完美的bowl cut。via与欧洲有关的一切
[0.5549951791763306, 0.5320643186569214, 0.4641086459159851, 0.3504053056240082, 0.5710223913192749]
[0.5234712362289429, 0.5752330422401428, 0.41531291604042053, 0.29441142082214355, 0.5274259448051453]
[0.5752238631248474, 0.5244318842887878, 0.4456769526004791, 0.28915444016456604, 0.5690172910690308]
[0.510892927646637, 0.5971718430519104, 0.4266439378261566, 0.2594488561153412, 0.5526901483535767]
[0.5482887029647827, 0.5958573818206787, 0.4276370108127594, 0.26044726371765137, 0.5462756156921387]
[0.5421945452690125, 0.5632545948028564, 0.43932127952575684, 0.3188798129558563, 0.554872989654541]
[0.4872196614742279, 0.5645707249641418, 0.43231600522994995, 0.2881043553352356, 0.5374705791473389]
[0.47023507952690125, 0.5565944910049438, 0.44505318999290466, 0.32629698514938354, 0.4922495186328888]
[0.48452967405319214, 0.5807520747184753, 0.41878771781921387, 0.2808816432952881, 0.5455657243728638]
[0.4937210977077484, 0.5757667422294617, 0.4300847053527832, 0.2817302644252777, 0.5481165051460266]
[0.5034229159355164, 0.5805166363716125, 0.43478924036026, 0.2991620600223541, 0.49711790680885315]
[0.5070725679397583, 0.5795678496360779, 0.4309682846069336, 0.25872695446014404, 0.538472592830658]
[0.38440191745758057, 0.5665647983551025, 0.47137752175331116, 0.3280840516090393, 0.44294220209121704]
[0.47971591353416443, 0.5480281114578247, 0.4773664176464081, 0.3738129436969757, 0.47329169511795044]
[0.4514324963092804, 0.5575992465019226, 0.45350131392478943, 0.340752512216568, 0.48385897278785706]
[0.49965786933898926, 0.5781407952308655, 0.4207483232021332, 0.29020968079566956, 0.5237295031547546]
[0.49733129143714905, 0.5826816558837891, 0.42001235485076904, 0.28728094696998596, 0.5023945569992065]
[0.44184261560440063, 0.5828982591629028, 0.45092150568962097, 0.2638971209526062, 0.4709911048412323]
[0.46461421251296997, 0.5714775919914246, 0.40954872965812683, 0.2692134380340576, 0.5444819331169128]
[0.43258756399154663, 0.555526614189148, 0.4713059663772583, 0.3460206389427185, 0.45605984330177307]
[0.5134108662605286, 0.5806043744087219, 0.4338342249393463, 0.261528879404068, 0.5625002384185791]
[0.5579781532287598, 0.5953483581542969, 0.40106889605522156, 0.26370561122894287, 0.5576211214065552]
[0.5377680659294128, 0.5499604344367981, 0.41873469948768616, 0.26838943362236023, 0.5526691675186157]
[0.5511943101882935, 0.5713518857955933, 0.40470919013023376, 0.26788315176963806, 0.5757399201393127]
[0.5472257733345032, 0.5547689199447632, 0.4161103367805481, 0.2604764699935913, 0.5877528786659241]
[0.43258756399154663, 0.555526614189148, 0.4713059663772583, 0.3460206389427185, 0.45605984330177307]
[0.5414372086524963, 0.5897113084793091, 0.44821733236312866, 0.32000213861465454, 0.5375438928604126]
[0.5172023177146912, 0.5571937561035156, 0.4198249876499176, 0.26405301690101624, 0.5530028939247131]
[0.6101534962654114, 0.5724036693572998, 0.37736478447914124, 0.2424635887145996, 0.6003347039222717]
[0.5138278007507324, 0.5719684362411499, 0.4300827383995056, 0.2970241904258728, 0.5164225697517395]
[0.4280090630054474, 0.5371580719947815, 0.46008265018463135, 0.3194766044616699, 0.45523959398269653]
[0.5695400238037109, 0.5995050668716431, 0.4035431444644928, 0.24155183136463165, 0.5874558687210083]
[0.48416271805763245, 0.5783873796463013, 0.43685993552207947, 0.28486403822898865, 0.5312263369560242]
[0.510611355304718, 0.5721659064292908, 0.44033703207969666, 0.29193663597106934, 0.5254422426223755]
[0.4514324963092804, 0.5575992465019226, 0.45350131392478943, 0.340752512216568, 0.48385897278785706]
[0.4856475293636322, 0.53761887550354, 0.46533679962158203, 0.3222637176513672, 0.5437515377998352]
[0.41829338669776917, 0.5488368272781372, 0.47594502568244934, 0.36660319566726685, 0.46559643745422363]
[0.5369157195091248, 0.5939363837242126, 0.4293096661567688, 0.2881534993648529, 0.5487997531890869]
[0.4901028871536255, 0.5882129073143005, 0.41913893818855286, 0.27322882413864136, 0.5054881572723389]
[0.5230324864387512, 0.5645173192024231, 0.4196054935455322, 0.28431403636932373, 0.5426233410835266]
[0.5275508761405945, 0.5712538361549377, 0.4221792221069336, 0.2996254563331604, 0.5228271484375]
[0.5566271543502808, 0.563765287399292, 0.443913996219635, 0.32683128118515015, 0.5753540396690369]
[0.47755059599876404, 0.5595288276672363, 0.44907471537590027, 0.31882911920547485, 0.51024329662323]
[0.5513625144958496, 0.5909995436668396, 0.43181899189949036, 0.28315469622612, 0.5394847989082336]
[0.46421417593955994, 0.5615707039833069, 0.4454916715621948, 0.3186818063259125, 0.496774286031723]
[0.4514324963092804, 0.5575992465019226, 0.45350131392478943, 0.340752512216568, 0.48385897278785706]
[0.4514324963092804, 0.5575992465019226, 0.45350131392478943, 0.340752512216568, 0.48385897278785706]
[0.5426592826843262, 0.5628862380981445, 0.42389485239982605, 0.3018321692943573, 0.5671257376670837]
[0.43925926089286804, 0.5699580311775208, 0.44014596939086914, 0.31540364027023315, 0.4926971197128296]
[0.5070725679397583, 0.5795678496360779, 0.4309682846069336, 0.25872695446014404, 0.538472592830658]
[0.5178744792938232, 0.5696991682052612, 0.4371776282787323, 0.2861260175704956, 0.5338770747184753]
[0.5122531056404114, 0.5459252595901489, 0.45159029960632324, 0.3464380204677582, 0.5016904473304749]
[0.5615060329437256, 0.5841159224510193, 0.39749354124069214, 0.27023908495903015, 0.5706154108047485]
[0.4514324963092804, 0.5575992465019226, 0.45350131392478943, 0.340752512216568, 0.48385897278785706]
