0
天冷了，要多煲些汤喝，这里有30道汤做法，收藏学做几款吧关^注我学做菜，谢谢!#美食菜谱大全#
[0.4888654351234436, 0.561948835849762, 0.46966874599456787, 0.3516170382499695, 0.5009691119194031]
[0.39760610461235046, 0.5708960890769958, 0.45858412981033325, 0.28441405296325684, 0.4343605041503906]
[0.48165905475616455, 0.5945764780044556, 0.4415389597415924, 0.26982301473617554, 0.5168781876564026]
[0.5395388603210449, 0.5821040272712708, 0.42202576994895935, 0.2658405601978302, 0.5524991154670715]
[0.49022072553634644, 0.5856719613075256, 0.4338674247264862, 0.27580058574676514, 0.5363413095474243]
[0.5178347229957581, 0.571922779083252, 0.41145065426826477, 0.28331613540649414, 0.5249499082565308]
[0.4414733350276947, 0.5730457901954651, 0.43743956089019775, 0.29457634687423706, 0.48222342133522034]
[0.558176577091217, 0.5837705731391907, 0.4205693006515503, 0.26933491230010986, 0.5672476291656494]
[0.4888654351234436, 0.561948835849762, 0.46966874599456787, 0.3516170382499695, 0.5009691119194031]
[0.4903809130191803, 0.5719015002250671, 0.4449453055858612, 0.28059425950050354, 0.5434040427207947]
[0.5211694240570068, 0.5725417733192444, 0.4058348536491394, 0.2779000699520111, 0.5369229912757874]
[0.5134127736091614, 0.5759186148643494, 0.4153541624546051, 0.29060110449790955, 0.519522488117218]
[0.49988290667533875, 0.5696789622306824, 0.430026650428772, 0.2865148186683655, 0.5154028534889221]
[0.564651370048523, 0.570208728313446, 0.4053550958633423, 0.26215431094169617, 0.5765658020973206]
[0.36732009053230286, 0.5611740946769714, 0.4423961639404297, 0.2842545509338379, 0.4558969736099243]
[0.36576738953590393, 0.5626124739646912, 0.4492742419242859, 0.2773497402667999, 0.4441028833389282]
[0.5395388603210449, 0.5821040272712708, 0.42202576994895935, 0.2658405601978302, 0.5524991154670715]
[0.5395388603210449, 0.5821040272712708, 0.42202576994895935, 0.2658405601978302, 0.5524991154670715]
[0.5058774948120117, 0.581933856010437, 0.4211554527282715, 0.2931479513645172, 0.5241053104400635]
[0.5101251602172852, 0.5818975567817688, 0.41041770577430725, 0.25744566321372986, 0.5191054344177246]
[0.5430936813354492, 0.5933454632759094, 0.4148803949356079, 0.2509933412075043, 0.5609080791473389]
[0.4973493218421936, 0.574844241142273, 0.44230929017066956, 0.3035828471183777, 0.5503995418548584]
[0.49819183349609375, 0.5695810914039612, 0.4092336595058441, 0.28381651639938354, 0.5330636501312256]
[0.4828524887561798, 0.5552293062210083, 0.44908231496810913, 0.3396127223968506, 0.48573723435401917]
[0.5410770177841187, 0.5962185263633728, 0.4267374277114868, 0.27926990389823914, 0.5774397253990173]
[0.49819183349609375, 0.5695810914039612, 0.4092336595058441, 0.28381651639938354, 0.5330636501312256]
[0.4380263686180115, 0.5568193793296814, 0.4556252658367157, 0.29107344150543213, 0.47062361240386963]
[0.4165096580982208, 0.5735276341438293, 0.45641428232192993, 0.29737478494644165, 0.4632143974304199]
[0.47964826226234436, 0.5543685555458069, 0.43791916966438293, 0.3239282965660095, 0.4678437113761902]
[0.5395388603210449, 0.5821040272712708, 0.42202576994895935, 0.2658405601978302, 0.5524991154670715]
[0.49819183349609375, 0.5695810914039612, 0.4092336595058441, 0.28381651639938354, 0.5330636501312256]
[0.4075189530849457, 0.5664222240447998, 0.4310143291950226, 0.25042226910591125, 0.48548007011413574]
[0.5479919910430908, 0.5636992454528809, 0.4221397042274475, 0.26921647787094116, 0.5250877737998962]
[0.42086902260780334, 0.5580781102180481, 0.46508336067199707, 0.34401121735572815, 0.46917977929115295]
[0.48379552364349365, 0.5937032699584961, 0.41920071840286255, 0.2830924987792969, 0.4925927221775055]
