0
雪花绽放的瞬间，太美了
[0.5605803728103638, 0.5798366069793701, 0.4344743490219116, 0.3081205189228058, 0.5464631915092468]
[0.46492353081703186, 0.5573489665985107, 0.4618450105190277, 0.34200939536094666, 0.48404890298843384]
[0.5070725679397583, 0.5795678496360779, 0.4309682846069336, 0.25872695446014404, 0.538472592830658]
[0.5620900988578796, 0.5942291021347046, 0.419325053691864, 0.2666260004043579, 0.5534039735794067]
[0.4441193640232086, 0.565686047077179, 0.44477584958076477, 0.31769368052482605, 0.48751595616340637]
[0.5138278007507324, 0.5719684362411499, 0.4300827383995056, 0.2970241904258728, 0.5164225697517395]
[0.5138278007507324, 0.5719684362411499, 0.4300827383995056, 0.2970241904258728, 0.5164225697517395]
[0.5603275895118713, 0.5652505159378052, 0.41249802708625793, 0.27120888233184814, 0.5756585001945496]
[0.5130980610847473, 0.5853511095046997, 0.43464723229408264, 0.26474693417549133, 0.5264931917190552]
[0.4805862605571747, 0.5722317695617676, 0.4787834584712982, 0.3453652858734131, 0.5085105895996094]
[0.5620900988578796, 0.5942291021347046, 0.419325053691864, 0.2666260004043579, 0.5534039735794067]
[0.5138278007507324, 0.5719684362411499, 0.4300827383995056, 0.2970241904258728, 0.5164225697517395]
[0.45564427971839905, 0.54119473695755, 0.4875013828277588, 0.35661551356315613, 0.496860146522522]
[0.5050580501556396, 0.5712310671806335, 0.44224512577056885, 0.3037981390953064, 0.5046895742416382]
[0.5165855884552002, 0.5669284462928772, 0.4391101896762848, 0.3242327868938446, 0.5249242186546326]
[0.5138278007507324, 0.5719684362411499, 0.4300827383995056, 0.2970241904258728, 0.5164225697517395]
[0.5603275895118713, 0.5652505159378052, 0.41249802708625793, 0.27120888233184814, 0.5756585001945496]
[0.5005577802658081, 0.5568787455558777, 0.47375547885894775, 0.34983500838279724, 0.4990065097808838]
[0.4189024865627289, 0.5630437135696411, 0.4464770555496216, 0.29866668581962585, 0.472331702709198]
[0.5620900988578796, 0.5942291021347046, 0.419325053691864, 0.2666260004043579, 0.5534039735794067]
[0.5244597792625427, 0.5673940777778625, 0.42901942133903503, 0.28732484579086304, 0.508772611618042]
[0.5620900988578796, 0.5942291021347046, 0.419325053691864, 0.2666260004043579, 0.5534039735794067]
[0.5132976770401001, 0.5892518162727356, 0.4315616488456726, 0.29671019315719604, 0.5146715044975281]
[0.5244597792625427, 0.5673940777778625, 0.42901942133903503, 0.28732484579086304, 0.508772611618042]
