0
【国泰君安国际：董事会主席阎峰失联】国泰君安国际公告称，自11月18日开始未能与董事会主席、执行董事及行政总裁阎峰取得联络。委任祁海英代行董事会主席职务，委任王冬青代行行政总裁职务，直至另行通告为止。
[0.603325605392456, 0.5672888159751892, 0.41585132479667664, 0.2537197470664978, 0.5611118674278259]
[0.5238766074180603, 0.5434577465057373, 0.45334506034851074, 0.31759339570999146, 0.5354177951812744]
[0.603325605392456, 0.5672888159751892, 0.41585132479667664, 0.2537197470664978, 0.5611118674278259]
[0.537131667137146, 0.5993185043334961, 0.4350917935371399, 0.2595728635787964, 0.5422975420951843]
[0.4964781403541565, 0.5754989981651306, 0.4454837143421173, 0.31815287470817566, 0.5245503187179565]
[0.506604790687561, 0.5965638160705566, 0.4531392455101013, 0.269879549741745, 0.5089858174324036]
[0.5117316246032715, 0.5951734781265259, 0.4443473517894745, 0.27562859654426575, 0.5407399535179138]
[0.43928033113479614, 0.5755216479301453, 0.43812182545661926, 0.28464990854263306, 0.4676651954650879]
[0.5774304270744324, 0.6065936088562012, 0.41549786925315857, 0.2480234056711197, 0.5604559779167175]
[0.5064436197280884, 0.5746018886566162, 0.43771448731422424, 0.27968135476112366, 0.5017820000648499]
[0.6075651049613953, 0.5756006240844727, 0.38899779319763184, 0.2510678768157959, 0.5964756011962891]
[0.44686490297317505, 0.5395979881286621, 0.47515037655830383, 0.3410070836544037, 0.4845821261405945]
[0.5252571105957031, 0.5720723867416382, 0.42374187707901, 0.28767091035842896, 0.5446448922157288]
[0.5387367010116577, 0.5798193216323853, 0.4243362247943878, 0.2870754301548004, 0.5781047344207764]
[0.4487622082233429, 0.5716210603713989, 0.4600348174571991, 0.3031274080276489, 0.45275557041168213]
[0.514979362487793, 0.5690833926200867, 0.45603400468826294, 0.32336458563804626, 0.5342944264411926]
[0.48174142837524414, 0.5382554531097412, 0.44943755865097046, 0.2990438938140869, 0.4627961218357086]
[0.42874589562416077, 0.574967086315155, 0.4577508270740509, 0.28887102007865906, 0.5142609477043152]
[0.43928033113479614, 0.5755216479301453, 0.43812182545661926, 0.28464990854263306, 0.4676651954650879]
[0.47182103991508484, 0.5642409324645996, 0.4539256691932678, 0.3172473907470703, 0.49319106340408325]
[0.4463043510913849, 0.51596999168396, 0.5086468458175659, 0.3922569453716278, 0.4904533326625824]
[0.449203222990036, 0.5505205392837524, 0.450167715549469, 0.2922295928001404, 0.4761934280395508]
[0.5081217288970947, 0.569035530090332, 0.4271022379398346, 0.29495078325271606, 0.5339274406433105]
[0.5194551944732666, 0.5431507229804993, 0.45711764693260193, 0.29924628138542175, 0.515030026435852]
[0.5233927965164185, 0.5742776393890381, 0.4292944669723511, 0.27988454699516296, 0.5173548460006714]
[0.5451405048370361, 0.5799071192741394, 0.4316512644290924, 0.266661137342453, 0.5196403861045837]
[0.5166518092155457, 0.5863322019577026, 0.43282046914100647, 0.2712475657463074, 0.5214044451713562]
[0.4200931489467621, 0.5724248290061951, 0.4490965008735657, 0.26551833748817444, 0.4593961536884308]
[0.5181686282157898, 0.5652959942817688, 0.4282900094985962, 0.31441980600357056, 0.5100605487823486]
[0.4802711606025696, 0.5492233037948608, 0.4515928328037262, 0.3239631950855255, 0.4449732005596161]
[0.43505045771598816, 0.5668210983276367, 0.45487961173057556, 0.280550092458725, 0.4802647829055786]
[0.49819183349609375, 0.5695810914039612, 0.4092336595058441, 0.28381651639938354, 0.5330636501312256]
[0.547772228717804, 0.5931705832481384, 0.42710191011428833, 0.25532883405685425, 0.5393040180206299]
[0.38613420724868774, 0.5626964569091797, 0.4346226453781128, 0.29786351323127747, 0.4489196538925171]
[0.439301460981369, 0.5115468502044678, 0.48417505621910095, 0.3094000518321991, 0.4651428163051605]
[0.5179871916770935, 0.5560721755027771, 0.44165244698524475, 0.31995585560798645, 0.5279655456542969]
[0.4910011291503906, 0.5608870983123779, 0.4351630210876465, 0.28986531496047974, 0.5513736605644226]
[0.4825313091278076, 0.5803935527801514, 0.45230862498283386, 0.31167471408843994, 0.5009760856628418]
[0.6185014843940735, 0.5336124897003174, 0.468998521566391, 0.35002070665359497, 0.6018750071525574]
