0
铲屎的还在厕所呢，我得赶紧的给他送纸
[0.450117826461792, 0.5455919504165649, 0.48925501108169556, 0.36190176010131836, 0.49373820424079895]
[0.49889013171195984, 0.5824567675590515, 0.4344586730003357, 0.2528376281261444, 0.5370007753372192]
[0.5523345470428467, 0.5897040963172913, 0.41061779856681824, 0.2621828317642212, 0.5551735758781433]
[0.49881038069725037, 0.5412101745605469, 0.4515427052974701, 0.35014742612838745, 0.5520874261856079]
[0.5040035247802734, 0.5719863772392273, 0.43091994524002075, 0.27657848596572876, 0.5261465907096863]
[0.4979710876941681, 0.5774846076965332, 0.46393251419067383, 0.3345507085323334, 0.48170214891433716]
[0.4658737778663635, 0.5493026971817017, 0.4391952455043793, 0.27111953496932983, 0.48106297850608826]
[0.49433082342147827, 0.5751716494560242, 0.43932852149009705, 0.29471540451049805, 0.5427308082580566]
[0.5201080441474915, 0.5886579751968384, 0.43747085332870483, 0.2862847149372101, 0.5517568588256836]
[0.4785977602005005, 0.5811153054237366, 0.44170841574668884, 0.27699995040893555, 0.5286283493041992]
[0.5201080441474915, 0.5886579751968384, 0.43747085332870483, 0.2862847149372101, 0.5517568588256836]
[0.4833586513996124, 0.5716765522956848, 0.46307799220085144, 0.29280534386634827, 0.5261902809143066]
[0.4721188545227051, 0.5767402052879333, 0.4604703187942505, 0.30568477511405945, 0.5020379424095154]
[0.5558176040649414, 0.5506671667098999, 0.4355044364929199, 0.27776437997817993, 0.5590745806694031]
[0.4737578332424164, 0.5561177730560303, 0.47099819779396057, 0.34415891766548157, 0.5321203470230103]
[0.46589964628219604, 0.5522459745407104, 0.4543634057044983, 0.32898038625717163, 0.5208439826965332]
[0.49819183349609375, 0.5695810914039612, 0.4092336595058441, 0.28381651639938354, 0.5330636501312256]
[0.4441917836666107, 0.5737700462341309, 0.45038726925849915, 0.286306768655777, 0.5304158926010132]
[0.4233318269252777, 0.5617690682411194, 0.4506143033504486, 0.3088919222354889, 0.4802953004837036]
[0.5104895234107971, 0.5736817717552185, 0.4384533166885376, 0.27364832162857056, 0.5515671968460083]
[0.5191057324409485, 0.5629236102104187, 0.4312523305416107, 0.3280089497566223, 0.5637327432632446]
[0.5709752440452576, 0.5949435830116272, 0.40173962712287903, 0.2537987232208252, 0.565168023109436]
[0.5143460631370544, 0.5738304257392883, 0.44778791069984436, 0.2908920347690582, 0.5424702167510986]
[0.4000672996044159, 0.5598326921463013, 0.45871502161026, 0.34003373980522156, 0.4411123991012573]
[0.4514324963092804, 0.5575992465019226, 0.45350131392478943, 0.340752512216568, 0.48385897278785706]
[0.48242440819740295, 0.577024519443512, 0.4676598906517029, 0.2881200909614563, 0.5069404244422913]
[0.4375351369380951, 0.5263824462890625, 0.45628103613853455, 0.28995952010154724, 0.4579482972621918]
[0.4475588798522949, 0.5689828991889954, 0.4471494257450104, 0.29704180359840393, 0.5210858583450317]
[0.5889610648155212, 0.5780371427536011, 0.40817973017692566, 0.24599821865558624, 0.5655844807624817]
[0.49819183349609375, 0.5695810914039612, 0.4092336595058441, 0.28381651639938354, 0.5330636501312256]
[0.43483206629753113, 0.5503447651863098, 0.46204763650894165, 0.32559067010879517, 0.526526927947998]
[0.4639005661010742, 0.5392255187034607, 0.473015159368515, 0.3495977520942688, 0.4969762861728668]
[0.42605650424957275, 0.5446186661720276, 0.4879249036312103, 0.37155741453170776, 0.4483221173286438]
[0.4469759166240692, 0.5442756414413452, 0.47632667422294617, 0.34402719140052795, 0.5042792558670044]
[0.475347101688385, 0.5505490303039551, 0.4708317220211029, 0.31063827872276306, 0.522419810295105]
[0.5408740043640137, 0.5885112285614014, 0.41484564542770386, 0.2706919312477112, 0.5642207860946655]
[0.45379796624183655, 0.5679658055305481, 0.4469764530658722, 0.2901034951210022, 0.514356255531311]
[0.45497480034828186, 0.5586941838264465, 0.4560624361038208, 0.29565224051475525, 0.5111880898475647]
[0.5318788290023804, 0.5837152600288391, 0.42736467719078064, 0.25465866923332214, 0.5651941895484924]
[0.5703674554824829, 0.5295229554176331, 0.43635714054107666, 0.2761664390563965, 0.5849356055259705]
[0.5552852153778076, 0.5857468843460083, 0.4001559317111969, 0.27149248123168945, 0.5646634697914124]
[0.4725385308265686, 0.5854008197784424, 0.4282906949520111, 0.26855918765068054, 0.5108658671379089]
[0.5016372203826904, 0.5769651532173157, 0.43896421790122986, 0.28789862990379333, 0.5337302088737488]
[0.46495816111564636, 0.5596609711647034, 0.4331068694591522, 0.3143579661846161, 0.49172136187553406]
[0.47754091024398804, 0.5761808156967163, 0.4582032859325409, 0.30398139357566833, 0.5197373032569885]
[0.49021589756011963, 0.5432994961738586, 0.4800238013267517, 0.3125210404396057, 0.5023148655891418]
[0.4286019802093506, 0.5626097321510315, 0.45513275265693665, 0.3040512502193451, 0.46449774503707886]
[0.428360253572464, 0.5585364699363708, 0.4476504623889923, 0.33995160460472107, 0.44435903429985046]
[0.5163483023643494, 0.5809305310249329, 0.42612534761428833, 0.304576575756073, 0.542615532875061]
[0.5226450562477112, 0.5470584034919739, 0.4287237524986267, 0.3195820748806, 0.5702307820320129]
[0.4907926917076111, 0.5637834668159485, 0.4414612948894501, 0.2947947084903717, 0.49108949303627014]
[0.636580765247345, 0.5568690896034241, 0.38323137164115906, 0.25090309977531433, 0.6133875846862793]
[0.5422282814979553, 0.5863180160522461, 0.40551844239234924, 0.2753317654132843, 0.556081235408783]
[0.4992506504058838, 0.5495597124099731, 0.4510778784751892, 0.3144092857837677, 0.5151770710945129]
[0.5112395882606506, 0.5545006394386292, 0.4352463483810425, 0.34160375595092773, 0.5214002728462219]
[0.4741967022418976, 0.5762062668800354, 0.46582844853401184, 0.30219215154647827, 0.5132644176483154]
[0.47754091024398804, 0.5761808156967163, 0.4582032859325409, 0.30398139357566833, 0.5197373032569885]
[0.4907844066619873, 0.5775863528251648, 0.43462011218070984, 0.2805531919002533, 0.5128400921821594]
[0.44574427604675293, 0.5516980290412903, 0.49821633100509644, 0.3719347417354584, 0.49076011776924133]
[0.46583253145217896, 0.5459697842597961, 0.47763341665267944, 0.3558296859264374, 0.5047846436500549]
[0.4807429015636444, 0.5454680919647217, 0.4768441617488861, 0.34438782930374146, 0.4952763319015503]
[0.46597495675086975, 0.5733153223991394, 0.4389173984527588, 0.29714784026145935, 0.5040947198867798]
[0.42982521653175354, 0.5221980214118958, 0.47713616490364075, 0.377141535282135, 0.4466557800769806]
[0.5011849403381348, 0.579132080078125, 0.44900187849998474, 0.28022950887680054, 0.5466727018356323]
[0.43689173460006714, 0.5477405190467834, 0.5031479597091675, 0.3737693727016449, 0.5066390037536621]
[0.636580765247345, 0.5568690896034241, 0.38323137164115906, 0.25090309977531433, 0.6133875846862793]
[0.48379552364349365, 0.5937032699584961, 0.41920071840286255, 0.2830924987792969, 0.4925927221775055]
[0.446420818567276, 0.5590935349464417, 0.44980689883232117, 0.3272649347782135, 0.4827440083026886]
[0.5003835558891296, 0.5466932058334351, 0.4549272954463959, 0.2832370102405548, 0.5196231007575989]
[0.4724676311016083, 0.5462679862976074, 0.49450817704200745, 0.36811721324920654, 0.521298885345459]
[0.511255145072937, 0.5555015802383423, 0.44553065299987793, 0.29960352182388306, 0.5322266817092896]
[0.5552852153778076, 0.5857468843460083, 0.4001559317111969, 0.27149248123168945, 0.5646634697914124]
[0.5110112428665161, 0.5747950673103333, 0.438222736120224, 0.3007190227508545, 0.5354802012443542]
[0.5663794875144958, 0.5894064903259277, 0.40423423051834106, 0.27061834931373596, 0.5499933362007141]
[0.5127911567687988, 0.5812556147575378, 0.4476071298122406, 0.30713629722595215, 0.5356603264808655]
[0.5351217985153198, 0.5611758232116699, 0.46179482340812683, 0.3091422915458679, 0.5416824817657471]
[0.5229952931404114, 0.5870839357376099, 0.4322126507759094, 0.27703070640563965, 0.5511789917945862]
[0.4380505383014679, 0.528809666633606, 0.46915143728256226, 0.36920273303985596, 0.5011963248252869]
[0.5558176040649414, 0.5506671667098999, 0.4355044364929199, 0.27776437997817993, 0.5590745806694031]
[0.49819183349609375, 0.5695810914039612, 0.4092336595058441, 0.28381651639938354, 0.5330636501312256]
[0.5894643068313599, 0.591159462928772, 0.40630728006362915, 0.24901168048381805, 0.5744606852531433]
[0.3962860405445099, 0.5645008683204651, 0.4759019613265991, 0.300518661737442, 0.46258780360221863]
[0.4416939914226532, 0.5596527457237244, 0.44484227895736694, 0.3066346049308777, 0.489149808883667]
[0.5070725679397583, 0.5795678496360779, 0.4309682846069336, 0.25872695446014404, 0.538472592830658]
[0.5513839721679688, 0.5821004509925842, 0.4246821105480194, 0.2558717131614685, 0.5674116611480713]
[0.5012525916099548, 0.5647700428962708, 0.4590091109275818, 0.31172817945480347, 0.5137755274772644]
[0.40996384620666504, 0.5809959769248962, 0.4443739950656891, 0.29645994305610657, 0.49238404631614685]
[0.4366488754749298, 0.5793625712394714, 0.44044944643974304, 0.322752982378006, 0.4690849781036377]
[0.5512261390686035, 0.5829716920852661, 0.4285249412059784, 0.2811618149280548, 0.5435426831245422]
[0.4907926917076111, 0.5637834668159485, 0.4414612948894501, 0.2947947084903717, 0.49108949303627014]
[0.4627913534641266, 0.5593004822731018, 0.4433327615261078, 0.30975931882858276, 0.4957623779773712]
[0.4226720929145813, 0.5399835705757141, 0.47984039783477783, 0.35748961567878723, 0.48432478308677673]
[0.5422282814979553, 0.5863180160522461, 0.40551844239234924, 0.2753317654132843, 0.556081235408783]
[0.5556323528289795, 0.5818688273429871, 0.43167564272880554, 0.2884732186794281, 0.5786909461021423]
[0.48731493949890137, 0.5732279419898987, 0.4339311718940735, 0.3012865483760834, 0.5250781178474426]
[0.5070725679397583, 0.5795678496360779, 0.4309682846069336, 0.25872695446014404, 0.538472592830658]
[0.43586865067481995, 0.5657300353050232, 0.45474162697792053, 0.32375580072402954, 0.5204290151596069]
[0.4366488754749298, 0.5793625712394714, 0.44044944643974304, 0.322752982378006, 0.4690849781036377]
[0.466772198677063, 0.5697618126869202, 0.4180389940738678, 0.30556824803352356, 0.4939543902873993]
[0.5190470814704895, 0.5810911059379578, 0.44603192806243896, 0.2965923845767975, 0.5531098246574402]
[0.5806966423988342, 0.5873693227767944, 0.41091638803482056, 0.24981935322284698, 0.5982640385627747]
