0
被消防员救出的猫，眼神已说明了一切
[0.5214797854423523, 0.5559766888618469, 0.4440736472606659, 0.3123146891593933, 0.5264540314674377]
[0.520918607711792, 0.563820481300354, 0.4420086443424225, 0.30512526631355286, 0.55296790599823]
[0.5570239424705505, 0.5964779853820801, 0.4103700816631317, 0.24574771523475647, 0.5581566691398621]
[0.5390139222145081, 0.580077052116394, 0.42381536960601807, 0.28277701139450073, 0.5262628197669983]
[0.46579602360725403, 0.5663452744483948, 0.45963746309280396, 0.289837509393692, 0.5375674366950989]
[0.5110394358634949, 0.5742622017860413, 0.4382425844669342, 0.2715192139148712, 0.5229822993278503]
[0.4399176239967346, 0.5585001707077026, 0.47250381112098694, 0.36036238074302673, 0.47348538041114807]
[0.520918607711792, 0.563820481300354, 0.4420086443424225, 0.30512526631355286, 0.55296790599823]
[0.5070725679397583, 0.5795678496360779, 0.4309682846069336, 0.25872695446014404, 0.538472592830658]
[0.5310633778572083, 0.5913262367248535, 0.406970739364624, 0.2608931064605713, 0.5577508211135864]
[0.5243404507637024, 0.5760449767112732, 0.4186996817588806, 0.29310253262519836, 0.5424329042434692]
[0.45485368371009827, 0.5420311689376831, 0.461068332195282, 0.2911514937877655, 0.49120867252349854]
[0.41729143261909485, 0.5408456921577454, 0.48353785276412964, 0.39173099398612976, 0.4646964371204376]
[0.5388328433036804, 0.5877719521522522, 0.4229751527309418, 0.2906872034072876, 0.5429062843322754]
[0.3726201355457306, 0.5450757145881653, 0.47592103481292725, 0.3826477825641632, 0.45125195384025574]
[0.5061609745025635, 0.5866321325302124, 0.42273056507110596, 0.2871854305267334, 0.5464603304862976]
[0.5266558527946472, 0.5792143940925598, 0.4326219856739044, 0.3000674843788147, 0.5269464254379272]
[0.5203461647033691, 0.5783154368400574, 0.42207953333854675, 0.2909437417984009, 0.5251195430755615]
[0.4774436056613922, 0.5668348073959351, 0.470852792263031, 0.32807686924934387, 0.4973190128803253]
[0.5418705344200134, 0.5755497813224792, 0.43439459800720215, 0.2833835184574127, 0.5302940011024475]
[0.45714426040649414, 0.5730893015861511, 0.4647754728794098, 0.3172122836112976, 0.5197649002075195]
[0.529120683670044, 0.5988504886627197, 0.4545446038246155, 0.2955305874347687, 0.528461217880249]
[0.5283826589584351, 0.5970378518104553, 0.4427773356437683, 0.29137328267097473, 0.5627664923667908]
[0.5178738236427307, 0.5913012623786926, 0.42478033900260925, 0.2780857980251312, 0.5544928908348083]
[0.48524758219718933, 0.5691240429878235, 0.45734843611717224, 0.29920196533203125, 0.536669909954071]
[0.514651358127594, 0.5554816126823425, 0.4376564621925354, 0.31999775767326355, 0.5295238494873047]
[0.44752731919288635, 0.5808989405632019, 0.4340803027153015, 0.287349671125412, 0.5005919933319092]
[0.46570321917533875, 0.5505272746086121, 0.4549507200717926, 0.3010386526584625, 0.520888090133667]
[0.45509788393974304, 0.5687010884284973, 0.43473300337791443, 0.301690936088562, 0.5164804458618164]
[0.5203461647033691, 0.5783154368400574, 0.42207953333854675, 0.2909437417984009, 0.5251195430755615]
[0.5070725679397583, 0.5795678496360779, 0.4309682846069336, 0.25872695446014404, 0.538472592830658]
[0.49040183424949646, 0.5770132541656494, 0.44083812832832336, 0.26663345098495483, 0.5564878582954407]
[0.5243404507637024, 0.5760449767112732, 0.4186996817588806, 0.29310253262519836, 0.5424329042434692]
[0.5311017036437988, 0.5926706194877625, 0.4177016019821167, 0.26298952102661133, 0.5479559302330017]
[0.5265158414840698, 0.5858816504478455, 0.4133096933364868, 0.274854838848114, 0.5479955077171326]
[0.40712085366249084, 0.5496392250061035, 0.4674113988876343, 0.3254992365837097, 0.49939775466918945]
[0.48288750648498535, 0.5576528310775757, 0.45812174677848816, 0.3365301191806793, 0.4988139569759369]
[0.5356170535087585, 0.5921160578727722, 0.43022090196609497, 0.2624898850917816, 0.557181179523468]
[0.49819183349609375, 0.5695810914039612, 0.4092336595058441, 0.28381651639938354, 0.5330636501312256]
[0.4911653995513916, 0.5679162740707397, 0.4456551969051361, 0.2829955220222473, 0.529326319694519]
[0.4965173602104187, 0.558287501335144, 0.4535471200942993, 0.31165793538093567, 0.5238760113716125]
[0.49819183349609375, 0.5695810914039612, 0.4092336595058441, 0.28381651639938354, 0.5330636501312256]
[0.5573849081993103, 0.5943219065666199, 0.3999585807323456, 0.2676928639411926, 0.5618775486946106]
[0.5064659118652344, 0.6033322215080261, 0.4527965784072876, 0.28225043416023254, 0.5407299995422363]
[0.5276793837547302, 0.5689923763275146, 0.43041732907295227, 0.2891797721385956, 0.5590078830718994]
[0.3861103653907776, 0.5626804232597351, 0.42905399203300476, 0.2910979092121124, 0.48848703503608704]
[0.44738125801086426, 0.5826084017753601, 0.4350796043872833, 0.2777792811393738, 0.4969730079174042]
[0.520918607711792, 0.563820481300354, 0.4420086443424225, 0.30512526631355286, 0.55296790599823]
[0.5070725679397583, 0.5795678496360779, 0.4309682846069336, 0.25872695446014404, 0.538472592830658]
[0.5083868503570557, 0.5877507328987122, 0.43548583984375, 0.2842476963996887, 0.550220251083374]
[0.5005325078964233, 0.5887455344200134, 0.43922802805900574, 0.291890412569046, 0.5284438133239746]
[0.5070725679397583, 0.5795678496360779, 0.4309682846069336, 0.25872695446014404, 0.538472592830658]
[0.520918607711792, 0.563820481300354, 0.4420086443424225, 0.30512526631355286, 0.55296790599823]
[0.575717031955719, 0.5824331641197205, 0.4209388792514801, 0.26871174573898315, 0.5551449656486511]
[0.3861103653907776, 0.5626804232597351, 0.42905399203300476, 0.2910979092121124, 0.48848703503608704]
[0.4514324963092804, 0.5575992465019226, 0.45350131392478943, 0.340752512216568, 0.48385897278785706]
[0.4375351369380951, 0.5263824462890625, 0.45628103613853455, 0.28995952010154724, 0.4579482972621918]
[0.49819183349609375, 0.5695810914039612, 0.4092336595058441, 0.28381651639938354, 0.5330636501312256]
[0.5133357644081116, 0.5741686224937439, 0.42812615633010864, 0.27477946877479553, 0.5698524117469788]
[0.49819183349609375, 0.5695810914039612, 0.4092336595058441, 0.28381651639938354, 0.5330636501312256]
[0.42193686962127686, 0.5488725304603577, 0.43383631110191345, 0.26986002922058105, 0.48160526156425476]
[0.520918607711792, 0.563820481300354, 0.4420086443424225, 0.30512526631355286, 0.55296790599823]
[0.520918607711792, 0.563820481300354, 0.4420086443424225, 0.30512526631355286, 0.55296790599823]
[0.3980659246444702, 0.5676062703132629, 0.4500005543231964, 0.2906647026538849, 0.4348086714744568]
[0.43446236848831177, 0.5497540235519409, 0.463373601436615, 0.3051033914089203, 0.5179908871650696]
[0.5798345804214478, 0.5921260118484497, 0.4107482135295868, 0.2548815608024597, 0.577589213848114]
[0.520918607711792, 0.563820481300354, 0.4420086443424225, 0.30512526631355286, 0.55296790599823]
[0.5832629799842834, 0.5938149690628052, 0.40462586283683777, 0.26137927174568176, 0.583387017250061]
[0.50142502784729, 0.5606996417045593, 0.4392092525959015, 0.2876644432544708, 0.533726155757904]
[0.5301942825317383, 0.5803277492523193, 0.4344441890716553, 0.2893345057964325, 0.5398458242416382]
[0.4551715552806854, 0.5659072399139404, 0.45077601075172424, 0.3258553743362427, 0.48560449481010437]
[0.4646355211734772, 0.5768919587135315, 0.44891831278800964, 0.2969067692756653, 0.5113866925239563]
[0.41126134991645813, 0.5446016192436218, 0.46827179193496704, 0.33346039056777954, 0.4488576054573059]
[0.5303106307983398, 0.5709308385848999, 0.40538889169692993, 0.25649771094322205, 0.5209910273551941]
[0.5000516772270203, 0.5577239990234375, 0.43864837288856506, 0.288398414850235, 0.5344899296760559]
[0.5180434584617615, 0.6022002100944519, 0.4375987946987152, 0.28159138560295105, 0.5521267056465149]
[0.49819183349609375, 0.5695810914039612, 0.4092336595058441, 0.28381651639938354, 0.5330636501312256]
[0.5079605579376221, 0.579512357711792, 0.43524888157844543, 0.26502954959869385, 0.5539098381996155]
[0.48618102073669434, 0.5818985104560852, 0.4132881164550781, 0.2886797785758972, 0.5232941508293152]
[0.48524758219718933, 0.5691240429878235, 0.45734843611717224, 0.29920196533203125, 0.536669909954071]
[0.5196993350982666, 0.5816711783409119, 0.41985851526260376, 0.2693037986755371, 0.549312174320221]
[0.5271994471549988, 0.5733258724212646, 0.45354437828063965, 0.30879369378089905, 0.5533322095870972]
[0.3726201355457306, 0.5450757145881653, 0.47592103481292725, 0.3826477825641632, 0.45125195384025574]
[0.3861103653907776, 0.5626804232597351, 0.42905399203300476, 0.2910979092121124, 0.48848703503608704]
[0.5070725679397583, 0.5795678496360779, 0.4309682846069336, 0.25872695446014404, 0.538472592830658]
[0.5438856482505798, 0.5929805040359497, 0.418680876493454, 0.27237069606781006, 0.5508289337158203]
[0.5008761286735535, 0.5886258482933044, 0.43751847743988037, 0.2874962091445923, 0.5453614592552185]
[0.43473535776138306, 0.5542028546333313, 0.47611287236213684, 0.3481403589248657, 0.4696381986141205]
[0.4970676302909851, 0.5907370448112488, 0.4415479898452759, 0.27851033210754395, 0.5362821221351624]
[0.3899694085121155, 0.536910355091095, 0.4742554724216461, 0.3464461863040924, 0.4413709044456482]
[0.46802276372909546, 0.5785555839538574, 0.445696085691452, 0.29950621724128723, 0.4952661991119385]
[0.5070725679397583, 0.5795678496360779, 0.4309682846069336, 0.25872695446014404, 0.538472592830658]
[0.5243404507637024, 0.5760449767112732, 0.4186996817588806, 0.29310253262519836, 0.5424329042434692]
[0.5806103348731995, 0.531072735786438, 0.397687166929245, 0.2530688941478729, 0.5918403267860413]
[0.485726922750473, 0.5552520751953125, 0.4187580347061157, 0.27423590421676636, 0.5244176983833313]
[0.5000516772270203, 0.5577239990234375, 0.43864837288856506, 0.288398414850235, 0.5344899296760559]
[0.5133387446403503, 0.5650140047073364, 0.4268477261066437, 0.3028359115123749, 0.5332651138305664]
[0.4514324963092804, 0.5575992465019226, 0.45350131392478943, 0.340752512216568, 0.48385897278785706]
[0.5266558527946472, 0.5792143940925598, 0.4326219856739044, 0.3000674843788147, 0.5269464254379272]
[0.5070725679397583, 0.5795678496360779, 0.4309682846069336, 0.25872695446014404, 0.538472592830658]
[0.3861103653907776, 0.5626804232597351, 0.42905399203300476, 0.2910979092121124, 0.48848703503608704]
