0
【《权力的游戏》剧透：珊莎·史塔克重返临冬城】“权游”中被虐得最惨的角色之一——珊莎·史塔克在第六季里将重返临冬城。在这里她曾是声名显赫的史塔克家大小姐，也经历过噩梦般的新婚之夜。但是再遇到那个野蛮折磨过她的拉姆斯·波顿时，小指头和雪诺以及一位神秘来客都将陪在她身边。
[0.4889054298400879, 0.5382166504859924, 0.5142483711242676, 0.39159125089645386, 0.5071327686309814]
[0.5040035247802734, 0.5719863772392273, 0.43091994524002075, 0.27657848596572876, 0.5261465907096863]
[0.4883476793766022, 0.563386857509613, 0.4767611026763916, 0.35765281319618225, 0.5093453526496887]
[0.5070672631263733, 0.5852564573287964, 0.4188089668750763, 0.26731497049331665, 0.5391680002212524]
[0.4486270844936371, 0.5685142278671265, 0.4657461643218994, 0.3181256949901581, 0.4875408411026001]
[0.453521728515625, 0.5681009888648987, 0.446096807718277, 0.3056063950061798, 0.49293625354766846]
[0.49509742856025696, 0.5616137385368347, 0.48107782006263733, 0.3186969757080078, 0.5317484736442566]
[0.48751452565193176, 0.5789405107498169, 0.4505181312561035, 0.3146343529224396, 0.4916512668132782]
[0.39703840017318726, 0.5433459281921387, 0.4681190848350525, 0.328458696603775, 0.4533713161945343]
[0.49726566672325134, 0.6003156304359436, 0.4482394754886627, 0.27062755823135376, 0.5154916644096375]
[0.5753545165061951, 0.5681175589561462, 0.4227062463760376, 0.2857864201068878, 0.589457631111145]
[0.3159790337085724, 0.5417904257774353, 0.4347721040248871, 0.30845126509666443, 0.423872709274292]
[0.4927557110786438, 0.5698592066764832, 0.46888720989227295, 0.3470700979232788, 0.4939877688884735]
[0.46898558735847473, 0.5521157383918762, 0.43998250365257263, 0.29107528924942017, 0.507559061050415]
[0.4959390163421631, 0.5867007374763489, 0.430336058139801, 0.2892421782016754, 0.5220611691474915]
[0.5107441544532776, 0.5706992745399475, 0.43201056122779846, 0.2823938727378845, 0.5165172815322876]
[0.49819183349609375, 0.5695810914039612, 0.4092336595058441, 0.28381651639938354, 0.5330636501312256]
[0.49726566672325134, 0.6003156304359436, 0.4482394754886627, 0.27062755823135376, 0.5154916644096375]
[0.46106159687042236, 0.5785391330718994, 0.4584430754184723, 0.320254921913147, 0.4991287291049957]
[0.5226629376411438, 0.5580015182495117, 0.4664659798145294, 0.34282544255256653, 0.5360497236251831]
[0.4932689070701599, 0.5153353214263916, 0.4677337408065796, 0.34098121523857117, 0.5462601780891418]
[0.5051056742668152, 0.574844479560852, 0.4459494948387146, 0.3071257174015045, 0.4977497160434723]
[0.51043301820755, 0.5745665431022644, 0.4381694197654724, 0.2926003634929657, 0.5279592871665955]
[0.49726566672325134, 0.6003156304359436, 0.4482394754886627, 0.27062755823135376, 0.5154916644096375]
[0.5648797154426575, 0.5981588363647461, 0.4186423420906067, 0.2531520426273346, 0.5723133087158203]
[0.4908192753791809, 0.6010384559631348, 0.42358577251434326, 0.26482972502708435, 0.5229086875915527]
[0.44033458828926086, 0.5279433727264404, 0.49768882989883423, 0.3978712260723114, 0.5044501423835754]
[0.5350981950759888, 0.5682169795036316, 0.4337984025478363, 0.2957320809364319, 0.5447568893432617]
[0.4663281738758087, 0.5449720025062561, 0.46916452050209045, 0.3234081566333771, 0.4818856120109558]
[0.5301257967948914, 0.6103929281234741, 0.43304941058158875, 0.2721453905105591, 0.5519842505455017]
[0.41196703910827637, 0.5678536891937256, 0.45362284779548645, 0.2981645166873932, 0.4394477605819702]
[0.613735556602478, 0.5849857330322266, 0.3802798390388489, 0.24717600643634796, 0.5913806557655334]
[0.5303715467453003, 0.5512507557868958, 0.45200425386428833, 0.30677640438079834, 0.529683530330658]
[0.49147239327430725, 0.5724692344665527, 0.41765373945236206, 0.30328401923179626, 0.5255075097084045]
[0.4927355647087097, 0.5788009762763977, 0.4358534812927246, 0.2645227015018463, 0.5276497006416321]
[0.4553486704826355, 0.5773531794548035, 0.42913633584976196, 0.282675564289093, 0.506919801235199]
[0.4085954427719116, 0.5688398480415344, 0.46368715167045593, 0.3124566376209259, 0.46563616394996643]
[0.5348984003067017, 0.6012527942657471, 0.419852614402771, 0.2636355459690094, 0.5612872242927551]
[0.4364907145500183, 0.5805041790008545, 0.5128634572029114, 0.37219324707984924, 0.47410205006599426]
[0.560440182685852, 0.585314154624939, 0.40787366032600403, 0.2643272578716278, 0.567925214767456]
[0.4908192753791809, 0.6010384559631348, 0.42358577251434326, 0.26482972502708435, 0.5229086875915527]
[0.4249327778816223, 0.5567377805709839, 0.4598848521709442, 0.3534209728240967, 0.45391279458999634]
[0.4441278576850891, 0.5716122984886169, 0.47072386741638184, 0.3025444746017456, 0.4982311427593231]
[0.5449604392051697, 0.5450748801231384, 0.4096645712852478, 0.2637333571910858, 0.5321589112281799]
[0.4791634976863861, 0.5922322273254395, 0.4207419455051422, 0.2638418972492218, 0.5215765237808228]
[0.505413830280304, 0.600151002407074, 0.4318826198577881, 0.2742999196052551, 0.5329625010490417]
[0.4006487727165222, 0.5516137480735779, 0.4583837687969208, 0.3218246400356293, 0.4749849736690521]
[0.43904876708984375, 0.544009804725647, 0.489159494638443, 0.35829776525497437, 0.46289780735969543]
[0.49726566672325134, 0.6003156304359436, 0.4482394754886627, 0.27062755823135376, 0.5154916644096375]
[0.46456652879714966, 0.5616143345832825, 0.4597207009792328, 0.34413549304008484, 0.4761575162410736]
[0.6226118803024292, 0.5175619125366211, 0.43778735399246216, 0.2885704040527344, 0.6012526750564575]
[0.39524996280670166, 0.5691049695014954, 0.43181875348091125, 0.28908148407936096, 0.44243553280830383]
[0.5157449245452881, 0.6088398098945618, 0.4395657777786255, 0.28353625535964966, 0.546635627746582]
[0.4691336154937744, 0.5694568753242493, 0.4506540596485138, 0.3150036036968231, 0.49436065554618835]
[0.49819183349609375, 0.5695810914039612, 0.4092336595058441, 0.28381651639938354, 0.5330636501312256]
[0.49726566672325134, 0.6003156304359436, 0.4482394754886627, 0.27062755823135376, 0.5154916644096375]
[0.46350201964378357, 0.5689641237258911, 0.42279765009880066, 0.27236974239349365, 0.4993317127227783]
[0.4791634976863861, 0.5922322273254395, 0.4207419455051422, 0.2638418972492218, 0.5215765237808228]
[0.510947585105896, 0.5643424391746521, 0.4345797598361969, 0.2722609341144562, 0.5192530155181885]
[0.48224571347236633, 0.5696776509284973, 0.48192647099494934, 0.35504478216171265, 0.5040737390518188]
[0.4942695200443268, 0.5848968625068665, 0.42947277426719666, 0.2757796347141266, 0.5379136204719543]
[0.56977778673172, 0.5792768597602844, 0.40135589241981506, 0.24752837419509888, 0.581696093082428]
[0.48546934127807617, 0.5757102966308594, 0.480063259601593, 0.33386728167533875, 0.5093307495117188]
[0.5029723048210144, 0.56232750415802, 0.4129089117050171, 0.26464787125587463, 0.5326013565063477]
[0.4953681528568268, 0.5654577612876892, 0.4297707676887512, 0.3061101734638214, 0.5307290554046631]
[0.44999852776527405, 0.549782931804657, 0.42592597007751465, 0.3056522607803345, 0.47106072306632996]
[0.5139617323875427, 0.5929368138313293, 0.41964560747146606, 0.23943687975406647, 0.5214974880218506]
[0.4927355647087097, 0.5788009762763977, 0.4358534812927246, 0.2645227015018463, 0.5276497006416321]
[0.49726566672325134, 0.6003156304359436, 0.4482394754886627, 0.27062755823135376, 0.5154916644096375]
[0.5659199953079224, 0.538702130317688, 0.4639076888561249, 0.3179687559604645, 0.535521924495697]
[0.40022099018096924, 0.5601853132247925, 0.46284395456314087, 0.36330896615982056, 0.42967361211776733]
[0.5504789352416992, 0.5504522323608398, 0.46797049045562744, 0.3006422519683838, 0.5575739741325378]
[0.49819183349609375, 0.5695810914039612, 0.4092336595058441, 0.28381651639938354, 0.5330636501312256]
[0.4533281624317169, 0.561953067779541, 0.45421943068504333, 0.3295500874519348, 0.47276872396469116]
[0.49478432536125183, 0.5680212378501892, 0.4127868413925171, 0.27570709586143494, 0.5319435000419617]
[0.5043203830718994, 0.5151150226593018, 0.4751487672328949, 0.3534057140350342, 0.5277838706970215]
[0.49819183349609375, 0.5695810914039612, 0.4092336595058441, 0.28381651639938354, 0.5330636501312256]
[0.48227474093437195, 0.5355479717254639, 0.48119843006134033, 0.37774568796157837, 0.4888288378715515]
[0.4918014407157898, 0.5768473744392395, 0.4292337894439697, 0.2808837294578552, 0.5284494161605835]
[0.5142043828964233, 0.5717362761497498, 0.41718536615371704, 0.27774593234062195, 0.5342397093772888]
[0.47285160422325134, 0.5662294030189514, 0.45543381571769714, 0.3115406632423401, 0.49754294753074646]
[0.37783050537109375, 0.49365249276161194, 0.49330511689186096, 0.3337084949016571, 0.4147808849811554]
[0.5167399048805237, 0.5816661715507507, 0.4470966160297394, 0.2822393476963043, 0.5408809185028076]
[0.46571284532546997, 0.5443921089172363, 0.47571051120758057, 0.3670269548892975, 0.4750683605670929]
[0.5469195246696472, 0.5767355561256409, 0.44915127754211426, 0.2945229709148407, 0.5351089239120483]
[0.5272151827812195, 0.5782150030136108, 0.41079118847846985, 0.28637436032295227, 0.5389223098754883]
[0.5462360382080078, 0.5881468653678894, 0.4231009781360626, 0.28235965967178345, 0.539649486541748]
[0.4115210771560669, 0.5679740309715271, 0.47187766432762146, 0.3027752935886383, 0.4636692702770233]
[0.5029443502426147, 0.5822573304176331, 0.45046132802963257, 0.3047751486301422, 0.5273979306221008]
[0.5220897793769836, 0.5750467777252197, 0.43122217059135437, 0.2869925796985626, 0.5488379597663879]
[0.49726566672325134, 0.6003156304359436, 0.4482394754886627, 0.27062755823135376, 0.5154916644096375]
[0.4979832172393799, 0.5750102400779724, 0.4674942195415497, 0.31171587109565735, 0.492597371339798]
[0.5035430788993835, 0.5267989635467529, 0.4850424826145172, 0.3567923605442047, 0.4969100058078766]
[0.36356019973754883, 0.5553478002548218, 0.4435664117336273, 0.2984639108181, 0.4563021659851074]
[0.5223639011383057, 0.585858166217804, 0.42007747292518616, 0.2872961759567261, 0.5272395610809326]
[0.448520302772522, 0.5518577098846436, 0.44209879636764526, 0.32284191250801086, 0.47203660011291504]
[0.4732002317905426, 0.5340852737426758, 0.47422146797180176, 0.3322350084781647, 0.48304489254951477]
[0.5142381191253662, 0.5482989549636841, 0.4462565779685974, 0.33105701208114624, 0.49610161781311035]
[0.5271428227424622, 0.5541087985038757, 0.43707403540611267, 0.28781384229660034, 0.5389673113822937]
[0.5396367311477661, 0.5617017149925232, 0.42940253019332886, 0.279410719871521, 0.5295911431312561]
[0.46957820653915405, 0.5833052396774292, 0.46093228459358215, 0.29513734579086304, 0.4820462763309479]
