0
【OSEN独家】23日相关人员表示因出演热播剧#她很漂亮#受到大众喜爱的演员朴有焕-安世河将正式作为SBS综艺#丛林的法则#第23个生存挑战记巴拿马篇的固定成员加盟.另外之前确定出演的还有洪宗玄-吴智昊-李章宇等,预计于28日出国.
[0.4703357219696045, 0.4764617383480072, 0.5839210748672485, 0.5049935579299927, 0.4463212490081787]
[0.5022422671318054, 0.5506358742713928, 0.43967828154563904, 0.3242468237876892, 0.5088332295417786]
[0.4600289762020111, 0.5453189015388489, 0.47428572177886963, 0.34203875064849854, 0.48321130871772766]
[0.4775824546813965, 0.5189092755317688, 0.4672161340713501, 0.346310019493103, 0.5260112285614014]
[0.433851033449173, 0.5051688551902771, 0.5276687741279602, 0.4353281855583191, 0.5022013783454895]
[0.4821930229663849, 0.5743367075920105, 0.4315339922904968, 0.2764424681663513, 0.5307138562202454]
[0.4792909622192383, 0.5262491703033447, 0.45969948172569275, 0.33401456475257874, 0.5323821902275085]
[0.4525940418243408, 0.5491733551025391, 0.47813472151756287, 0.36083075404167175, 0.45516517758369446]
[0.5974289178848267, 0.5567308664321899, 0.40705329179763794, 0.2534477114677429, 0.5892291069030762]
[0.48935478925704956, 0.5811768770217896, 0.42077869176864624, 0.28385451436042786, 0.5232247710227966]
[0.4937167465686798, 0.5992836356163025, 0.4266889691352844, 0.26883935928344727, 0.5362229347229004]
[0.5113832950592041, 0.5444753170013428, 0.4601755440235138, 0.3347649872303009, 0.5235282182693481]
[0.48826268315315247, 0.5435615181922913, 0.468484103679657, 0.33182525634765625, 0.47296562790870667]
[0.4417096972465515, 0.5739174485206604, 0.4614744186401367, 0.321052610874176, 0.4721398651599884]
[0.5199776291847229, 0.560223400592804, 0.44057196378707886, 0.2908405065536499, 0.5457811951637268]
[0.48192715644836426, 0.5732548236846924, 0.44798529148101807, 0.3071262538433075, 0.5112756490707397]
[0.48679351806640625, 0.5752712488174438, 0.43776047229766846, 0.29477712512016296, 0.5269603729248047]
[0.5462360382080078, 0.5881468653678894, 0.4231009781360626, 0.28235965967178345, 0.539649486541748]
[0.49823564291000366, 0.5509864687919617, 0.45573022961616516, 0.29527097940444946, 0.5319761633872986]
[0.41993406414985657, 0.5491053462028503, 0.46645140647888184, 0.358608216047287, 0.48583951592445374]
[0.4589304029941559, 0.565852165222168, 0.4552449882030487, 0.28796643018722534, 0.4984866976737976]
[0.4396475851535797, 0.541117787361145, 0.4497922658920288, 0.27807995676994324, 0.4961338937282562]
[0.4650244116783142, 0.5768699049949646, 0.4432328939437866, 0.2886543273925781, 0.5188762545585632]
[0.44132447242736816, 0.5606088042259216, 0.44845589995384216, 0.33388444781303406, 0.46616244316101074]
[0.49154132604599, 0.548600435256958, 0.47513434290885925, 0.3448876738548279, 0.5297186374664307]
[0.49682700634002686, 0.5579389929771423, 0.4547770321369171, 0.27646899223327637, 0.5435067415237427]
[0.40319836139678955, 0.5304763317108154, 0.48123523592948914, 0.36764198541641235, 0.4456459581851959]
[0.5406041145324707, 0.5777256488800049, 0.4160030484199524, 0.28822651505470276, 0.5461373329162598]
[0.4907926917076111, 0.5637834668159485, 0.4414612948894501, 0.2947947084903717, 0.49108949303627014]
[0.4789670705795288, 0.5500626564025879, 0.4334111213684082, 0.3376449644565582, 0.47918790578842163]
[0.5383332371711731, 0.5469191670417786, 0.4095500409603119, 0.2992978096008301, 0.5654945373535156]
[0.5648290514945984, 0.5976229310035706, 0.3918582499027252, 0.24724379181861877, 0.5767509937286377]
[0.5354865789413452, 0.5888907313346863, 0.41922876238822937, 0.2605830132961273, 0.5253303050994873]
[0.5369499325752258, 0.5712281465530396, 0.4298417568206787, 0.27124762535095215, 0.5493453741073608]
[0.44570448994636536, 0.5557853579521179, 0.4469474256038666, 0.2893720865249634, 0.4958316683769226]
[0.5911750793457031, 0.5140356421470642, 0.4270467758178711, 0.2751760482788086, 0.5743057131767273]
[0.4553622007369995, 0.5684924721717834, 0.43939492106437683, 0.29248470067977905, 0.5090844631195068]
[0.5042365789413452, 0.5593999028205872, 0.4477212727069855, 0.2932375371456146, 0.5082547664642334]
[0.40029555559158325, 0.5611095428466797, 0.4607175588607788, 0.3276160657405853, 0.4391282796859741]
[0.4784163534641266, 0.55389004945755, 0.4462530314922333, 0.3141331672668457, 0.5480844378471375]
[0.5497823357582092, 0.5597536563873291, 0.4315445125102997, 0.27795830368995667, 0.5567721128463745]
[0.4819178581237793, 0.5643709897994995, 0.4427184462547302, 0.29810717701911926, 0.5407883524894714]
[0.5085547566413879, 0.5456286072731018, 0.5000684857368469, 0.38674524426460266, 0.5311362147331238]
[0.5039091110229492, 0.5396384000778198, 0.4612991511821747, 0.357144832611084, 0.4588165879249573]
[0.5091813206672668, 0.5125196576118469, 0.46949777007102966, 0.3329828381538391, 0.48091256618499756]
[0.5244597792625427, 0.5673940777778625, 0.42901942133903503, 0.28732484579086304, 0.508772611618042]
[0.5236921906471252, 0.5664612054824829, 0.43634986877441406, 0.299620121717453, 0.5026095509529114]
[0.4541178345680237, 0.5567933320999146, 0.43775907158851624, 0.3112306594848633, 0.48619577288627625]
[0.484617680311203, 0.5467358231544495, 0.4655430018901825, 0.3012295067310333, 0.49604588747024536]
[0.5050418972969055, 0.542324960231781, 0.4510177969932556, 0.3033166527748108, 0.5032680630683899]
[0.4362918734550476, 0.5362402200698853, 0.5118463039398193, 0.4443630874156952, 0.48235008120536804]
[0.5777630805969238, 0.5702680349349976, 0.41305291652679443, 0.2595377564430237, 0.5491379499435425]
[0.45444217324256897, 0.5161011815071106, 0.46556612849235535, 0.3240375220775604, 0.4771062433719635]
[0.5279079079627991, 0.5269856452941895, 0.4789775609970093, 0.36973780393600464, 0.5291996598243713]
[0.5332202911376953, 0.554702639579773, 0.43101391196250916, 0.2743990123271942, 0.5459930300712585]
[0.49965113401412964, 0.5259537696838379, 0.47168031334877014, 0.35554006695747375, 0.4971368610858917]
[0.4423034191131592, 0.5403745174407959, 0.46276456117630005, 0.3321913778781891, 0.46852052211761475]
[0.4802953898906708, 0.571201741695404, 0.4726974368095398, 0.30539509654045105, 0.5359888076782227]
[0.390744686126709, 0.5442465543746948, 0.4711476266384125, 0.32042136788368225, 0.44878441095352173]
[0.5410857796669006, 0.5648601651191711, 0.42598703503608704, 0.2891268730163574, 0.5539104342460632]
[0.5448070168495178, 0.5714754462242126, 0.45366033911705017, 0.32509899139404297, 0.5600720047950745]
[0.579437792301178, 0.5125360488891602, 0.471215158700943, 0.39214807748794556, 0.5635472536087036]
[0.5144110918045044, 0.5693037509918213, 0.43179380893707275, 0.30335429310798645, 0.5051900148391724]
[0.5158585906028748, 0.5826189517974854, 0.4632597863674164, 0.2934616506099701, 0.5256350040435791]
[0.47028300166130066, 0.5397192239761353, 0.4501859247684479, 0.3026781976222992, 0.4665606915950775]
[0.45735132694244385, 0.5586835741996765, 0.4382861852645874, 0.28906533122062683, 0.5125686526298523]
[0.4655401110649109, 0.5390244126319885, 0.4834590256214142, 0.3478693664073944, 0.4881506860256195]
[0.4392799735069275, 0.5701624751091003, 0.44771602749824524, 0.32741859555244446, 0.49764639139175415]
[0.45517513155937195, 0.5720541477203369, 0.4547404646873474, 0.30648159980773926, 0.5275256037712097]
[0.4856835603713989, 0.5755479335784912, 0.4544403851032257, 0.29512351751327515, 0.518616795539856]
[0.48359230160713196, 0.5927678942680359, 0.43945881724357605, 0.2975825071334839, 0.5169289112091064]
[0.4752778708934784, 0.5522178411483765, 0.4219914376735687, 0.3149658739566803, 0.5264800786972046]
[0.5182675719261169, 0.5632720589637756, 0.44461941719055176, 0.3057560920715332, 0.50984126329422]
[0.48196879029273987, 0.5662388205528259, 0.44473516941070557, 0.32261425256729126, 0.5102847218513489]
[0.5001099109649658, 0.5631083250045776, 0.41920775175094604, 0.2896673083305359, 0.5115642547607422]
[0.43183091282844543, 0.5398498177528381, 0.4778401553630829, 0.3475361466407776, 0.48894816637039185]
[0.4706096649169922, 0.5533875226974487, 0.45683008432388306, 0.3481655418872833, 0.46996498107910156]
[0.497464120388031, 0.5594709515571594, 0.4626619517803192, 0.32227909564971924, 0.5126837491989136]
[0.5021758079528809, 0.5510764718055725, 0.44189566373825073, 0.3204142153263092, 0.5100728273391724]
[0.53414386510849, 0.5568268299102783, 0.4165257215499878, 0.27272143959999084, 0.540865957736969]
[0.49817806482315063, 0.5464388728141785, 0.4793131947517395, 0.3317837715148926, 0.4953092038631439]
[0.5053134560585022, 0.5609094500541687, 0.46543899178504944, 0.3239434063434601, 0.5348858833312988]
[0.409708708524704, 0.5460312366485596, 0.47056668996810913, 0.3133573830127716, 0.48401549458503723]
[0.41961461305618286, 0.5787553191184998, 0.4295509159564972, 0.2799053490161896, 0.483796089887619]
[0.472883015871048, 0.5423518419265747, 0.4518605172634125, 0.323894739151001, 0.49417319893836975]
[0.5330976247787476, 0.5508518218994141, 0.45708397030830383, 0.3266649842262268, 0.49144381284713745]
[0.5535170435905457, 0.5722798109054565, 0.4292602837085724, 0.2685519754886627, 0.574722945690155]
[0.5291738510131836, 0.5951189398765564, 0.43945929408073425, 0.2780666649341583, 0.5542833209037781]
[0.5218945741653442, 0.5711719989776611, 0.4118925929069519, 0.25510063767433167, 0.5053307414054871]
[0.5083383917808533, 0.5604719519615173, 0.45461446046829224, 0.3146420121192932, 0.5467656254768372]
[0.49781814217567444, 0.5053215026855469, 0.47481876611709595, 0.35578733682632446, 0.49398452043533325]
[0.5948609113693237, 0.5031962990760803, 0.49593818187713623, 0.40145114064216614, 0.589228093624115]
[0.555401086807251, 0.5683316588401794, 0.4153308868408203, 0.26754069328308105, 0.5549389719963074]
[0.448957234621048, 0.5514645576477051, 0.47185543179512024, 0.3627583682537079, 0.4942784309387207]
[0.5462360382080078, 0.5881468653678894, 0.4231009781360626, 0.28235965967178345, 0.539649486541748]
[0.4867265224456787, 0.5631041526794434, 0.4419231414794922, 0.2729825973510742, 0.5264903903007507]
[0.4475004971027374, 0.5338165760040283, 0.47081267833709717, 0.3398232161998749, 0.4540485143661499]
[0.3788718581199646, 0.5186107754707336, 0.5719496607780457, 0.6291999816894531, 0.5257962346076965]
[0.6123467683792114, 0.6061296463012695, 0.393931120634079, 0.23002584278583527, 0.6097496747970581]
[0.506277322769165, 0.5639418363571167, 0.44349589943885803, 0.2940353751182556, 0.5156871676445007]
[0.4555208683013916, 0.5342715382575989, 0.4778757095336914, 0.4056755602359772, 0.4940122067928314]
