0
别老想着取悦别人，你越在乎别人，就越卑微。只有取悦自己，并让别人来取悦你，才会令你更有价值。一辈子不长，记住：对自己好点。#爱摄影爱旅游#
[0.5213513374328613, 0.5691750049591064, 0.43670451641082764, 0.2907223403453827, 0.5505944490432739]
[0.5138278007507324, 0.5719684362411499, 0.4300827383995056, 0.2970241904258728, 0.5164225697517395]
[0.4632064700126648, 0.5808937549591064, 0.4508475661277771, 0.2990542948246002, 0.5255804061889648]
[0.44514670968055725, 0.545342206954956, 0.46788087487220764, 0.3996433913707733, 0.49652329087257385]
[0.5177565217018127, 0.5828490853309631, 0.42763397097587585, 0.2702212631702423, 0.5596432685852051]
[0.5138278007507324, 0.5719684362411499, 0.4300827383995056, 0.2970241904258728, 0.5164225697517395]
[0.6052561402320862, 0.5687971711158752, 0.3950432240962982, 0.25917160511016846, 0.5383163094520569]
[0.5628261566162109, 0.5616284012794495, 0.4233083128929138, 0.28847402334213257, 0.5624117851257324]
[0.49375295639038086, 0.5783133506774902, 0.45450490713119507, 0.29023781418800354, 0.505050003528595]
[0.5013257265090942, 0.5790432691574097, 0.4308529198169708, 0.2771567106246948, 0.5335776805877686]
[0.4860894978046417, 0.5725099444389343, 0.4424019455909729, 0.32493293285369873, 0.5225614905357361]
[0.4946877360343933, 0.5613937377929688, 0.4431525766849518, 0.3202243149280548, 0.5191865563392639]
[0.5138278007507324, 0.5719684362411499, 0.4300827383995056, 0.2970241904258728, 0.5164225697517395]
[0.5480592250823975, 0.5857880711555481, 0.4085351824760437, 0.2699304521083832, 0.5579801797866821]
[0.5106873512268066, 0.5746294260025024, 0.4263237714767456, 0.2821849286556244, 0.5384576320648193]
[0.49819183349609375, 0.5695810914039612, 0.4092336595058441, 0.28381651639938354, 0.5330636501312256]
[0.41995617747306824, 0.5306399464607239, 0.48111850023269653, 0.38321056962013245, 0.4561736285686493]
[0.5092695355415344, 0.5893630981445312, 0.43477174639701843, 0.27787184715270996, 0.5496333837509155]
[0.4978502690792084, 0.5751080513000488, 0.44071972370147705, 0.2945834696292877, 0.5126851201057434]
[0.5552130937576294, 0.533868670463562, 0.4411182403564453, 0.30309364199638367, 0.5605678558349609]
[0.4038538634777069, 0.5608040690422058, 0.43205660581588745, 0.2586522698402405, 0.4737367331981659]
[0.46867528557777405, 0.5716849565505981, 0.4534744620323181, 0.3195801079273224, 0.5040026903152466]
[0.476094514131546, 0.5674549341201782, 0.44047456979751587, 0.30976182222366333, 0.503753662109375]
[0.47630685567855835, 0.5734428763389587, 0.4332737624645233, 0.32505303621292114, 0.4769187569618225]
[0.48733916878700256, 0.5739020109176636, 0.42586496472358704, 0.2761390507221222, 0.4984787106513977]
[0.46867528557777405, 0.5716849565505981, 0.4534744620323181, 0.3195801079273224, 0.5040026903152466]
[0.4455227851867676, 0.5419169068336487, 0.46256279945373535, 0.3439808189868927, 0.5047895908355713]
[0.5442661643028259, 0.5727568864822388, 0.42824268341064453, 0.28584736585617065, 0.5711847543716431]
[0.5347453951835632, 0.5774107575416565, 0.40807783603668213, 0.29142677783966064, 0.5393573641777039]
[0.4196088910102844, 0.5642942190170288, 0.48390117287635803, 0.339245080947876, 0.45882025361061096]
[0.4436395466327667, 0.535993754863739, 0.5017772912979126, 0.4258177876472473, 0.46711739897727966]
[0.4583359658718109, 0.5659785270690918, 0.4359877407550812, 0.2990265190601349, 0.5104996562004089]
[0.48630350828170776, 0.5472589731216431, 0.4994422495365143, 0.3519571125507355, 0.5231243968009949]
[0.508120059967041, 0.5876989364624023, 0.4319666028022766, 0.2722293436527252, 0.5139364004135132]
[0.5238269567489624, 0.5756938457489014, 0.43178462982177734, 0.2660461962223053, 0.530784010887146]
[0.5177565217018127, 0.5828490853309631, 0.42763397097587585, 0.2702212631702423, 0.5596432685852051]
