0
有没有想过，我们逛博物馆的时候为什么执着的要拿着相机手机对着那些名作拍照？ 最近荷兰一个博物馆做了一个活动.... 号召大家不要拿出相机手机，你若喜欢，给你纸和笔，不如自己去画吧.... 也许，这能让你更好的理解艺术呢.....
[0.5372599363327026, 0.5467650890350342, 0.4530530571937561, 0.34628722071647644, 0.5747818946838379]
[0.385852575302124, 0.5593848824501038, 0.45914506912231445, 0.2989233136177063, 0.4251597821712494]
[0.3728177547454834, 0.5361496806144714, 0.5262441039085388, 0.528431236743927, 0.4835420846939087]
[0.5732823610305786, 0.5260462760925293, 0.4342127740383148, 0.2739403545856476, 0.5878104567527771]
[0.42073825001716614, 0.5453081130981445, 0.45055752992630005, 0.3495757281780243, 0.4708199203014374]
[0.49819183349609375, 0.5695810914039612, 0.4092336595058441, 0.28381651639938354, 0.5330636501312256]
[0.42803558707237244, 0.54897540807724, 0.45790424942970276, 0.3280015289783478, 0.4668039083480835]
[0.49103808403015137, 0.5585989356040955, 0.442922979593277, 0.30503949522972107, 0.48935800790786743]
[0.5585595369338989, 0.555432915687561, 0.4142830967903137, 0.2610551416873932, 0.5398041009902954]
[0.5055778622627258, 0.5675488710403442, 0.4359174966812134, 0.3492850959300995, 0.5219961404800415]
[0.5293430685997009, 0.5878798365592957, 0.4229474663734436, 0.2858557105064392, 0.5368156433105469]
[0.5103809833526611, 0.550136387348175, 0.4407597780227661, 0.31391704082489014, 0.5376080274581909]
[0.5070725679397583, 0.5795678496360779, 0.4309682846069336, 0.25872695446014404, 0.538472592830658]
[0.4345061480998993, 0.5568930506706238, 0.44924604892730713, 0.3036644160747528, 0.4710766077041626]
[0.5094078183174133, 0.5630742311477661, 0.4231713116168976, 0.29279205203056335, 0.5125666856765747]
[0.5238269567489624, 0.5756938457489014, 0.43178462982177734, 0.2660461962223053, 0.530784010887146]
[0.5515868663787842, 0.5667644143104553, 0.4141405522823334, 0.2817012667655945, 0.5249739289283752]
[0.449154257774353, 0.5499393343925476, 0.46792125701904297, 0.3453347980976105, 0.4890196621417999]
[0.5280423164367676, 0.5557413101196289, 0.44533678889274597, 0.33643946051597595, 0.5289246439933777]
[0.4873170852661133, 0.5566624402999878, 0.45295682549476624, 0.3116796016693115, 0.5412769317626953]
[0.5571208000183105, 0.5720322132110596, 0.4201781153678894, 0.2742055654525757, 0.5454118251800537]
[0.5245851874351501, 0.5657665133476257, 0.40897896885871887, 0.2670128345489502, 0.5483925342559814]
[0.4476475417613983, 0.5741977691650391, 0.4251149594783783, 0.2840244174003601, 0.4776545763015747]
[0.3740052878856659, 0.5068396925926208, 0.5272811055183411, 0.5710705518722534, 0.46138232946395874]
[0.4676375687122345, 0.5683103799819946, 0.438495397567749, 0.30510371923446655, 0.5020607113838196]
[0.4467245638370514, 0.560079038143158, 0.460117369890213, 0.3199103772640228, 0.46991628408432007]
[0.5016636252403259, 0.545198917388916, 0.4771835505962372, 0.3999306559562683, 0.502713680267334]
[0.3131788969039917, 0.5250455737113953, 0.5092693567276001, 0.46669429540634155, 0.41397765278816223]
[0.4907926917076111, 0.5637834668159485, 0.4414612948894501, 0.2947947084903717, 0.49108949303627014]
[0.4739208221435547, 0.5598056316375732, 0.4494304060935974, 0.31723305583000183, 0.49965357780456543]
[0.5326597690582275, 0.5993735194206238, 0.4341055452823639, 0.27438884973526, 0.5582716464996338]
[0.4001675248146057, 0.5393862128257751, 0.46901896595954895, 0.32391393184661865, 0.4241373538970947]
[0.49819183349609375, 0.5695810914039612, 0.4092336595058441, 0.28381651639938354, 0.5330636501312256]
[0.4917965829372406, 0.5642513632774353, 0.44473153352737427, 0.292820006608963, 0.504958987236023]
[0.468305379152298, 0.5432855486869812, 0.45683008432388306, 0.31783559918403625, 0.4919632375240326]
[0.3226015567779541, 0.5043488144874573, 0.4985050559043884, 0.4154494106769562, 0.4122244715690613]
[0.49370720982551575, 0.5661159753799438, 0.446285218000412, 0.3120608627796173, 0.5020173788070679]
[0.49670785665512085, 0.5839232206344604, 0.4405260384082794, 0.299777626991272, 0.5399311780929565]
[0.4087636172771454, 0.5645489692687988, 0.44615575671195984, 0.3124711513519287, 0.49449214339256287]
[0.4695884585380554, 0.5717982649803162, 0.45745179057121277, 0.31210342049598694, 0.5056928396224976]
[0.47329628467559814, 0.5486017465591431, 0.43110930919647217, 0.2918505370616913, 0.5070729851722717]
[0.4673510193824768, 0.5370023846626282, 0.4646664261817932, 0.3752269446849823, 0.5031256079673767]
[0.4685004949569702, 0.5310806632041931, 0.5168589949607849, 0.45618823170661926, 0.4954642355442047]
[0.5070725679397583, 0.5795678496360779, 0.4309682846069336, 0.25872695446014404, 0.538472592830658]
[0.5427526831626892, 0.5658851861953735, 0.41959136724472046, 0.2794215977191925, 0.5479058027267456]
[0.5539921522140503, 0.5342546105384827, 0.4556216597557068, 0.3421037495136261, 0.5248469710350037]
[0.47331151366233826, 0.5502406358718872, 0.44810155034065247, 0.3248075544834137, 0.5245441198348999]
[0.49819183349609375, 0.5695810914039612, 0.4092336595058441, 0.28381651639938354, 0.5330636501312256]
[0.5641730427742004, 0.5712209343910217, 0.4068705439567566, 0.27306821942329407, 0.5671502351760864]
[0.4907926917076111, 0.5637834668159485, 0.4414612948894501, 0.2947947084903717, 0.49108949303627014]
[0.5460981130599976, 0.5848054885864258, 0.4250011444091797, 0.2842153012752533, 0.5422784090042114]
[0.4907926917076111, 0.5637834668159485, 0.4414612948894501, 0.2947947084903717, 0.49108949303627014]
[0.43224576115608215, 0.5476583242416382, 0.48398903012275696, 0.36408835649490356, 0.4692930281162262]
[0.41767582297325134, 0.5640226006507874, 0.46163201332092285, 0.3326573371887207, 0.45124778151512146]
[0.4907926917076111, 0.5637834668159485, 0.4414612948894501, 0.2947947084903717, 0.49108949303627014]
[0.49691617488861084, 0.561025083065033, 0.4664296805858612, 0.3647511899471283, 0.5232203006744385]
[0.42803558707237244, 0.54897540807724, 0.45790424942970276, 0.3280015289783478, 0.4668039083480835]
[0.4907926917076111, 0.5637834668159485, 0.4414612948894501, 0.2947947084903717, 0.49108949303627014]
[0.4676375687122345, 0.5683103799819946, 0.438495397567749, 0.30510371923446655, 0.5020607113838196]
[0.41528189182281494, 0.5473641753196716, 0.45764294266700745, 0.3484773635864258, 0.48357486724853516]
[0.4455414116382599, 0.5582684874534607, 0.43604764342308044, 0.2936370372772217, 0.49480316042900085]
[0.47094839811325073, 0.5613118410110474, 0.4329978823661804, 0.2923792600631714, 0.48404666781425476]
[0.49149566888809204, 0.5752581357955933, 0.4334884285926819, 0.29830580949783325, 0.5096909403800964]
[0.4760547876358032, 0.561172366142273, 0.4509691894054413, 0.32225096225738525, 0.47913143038749695]
[0.43769460916519165, 0.5294153690338135, 0.49187594652175903, 0.4001711905002594, 0.48208269476890564]
[0.4491502344608307, 0.5468407273292542, 0.490653932094574, 0.3797762095928192, 0.4798605740070343]
[0.40239304304122925, 0.530760645866394, 0.4886925518512726, 0.3553260564804077, 0.43012940883636475]
[0.4907926917076111, 0.5637834668159485, 0.4414612948894501, 0.2947947084903717, 0.49108949303627014]
[0.44565549492836, 0.5506495833396912, 0.4360864460468292, 0.30007654428482056, 0.4771561920642853]
[0.33149343729019165, 0.5413694381713867, 0.4945916533470154, 0.39132410287857056, 0.39126020669937134]
[0.4907926917076111, 0.5637834668159485, 0.4414612948894501, 0.2947947084903717, 0.49108949303627014]
[0.43321192264556885, 0.5338637232780457, 0.4856516122817993, 0.3393315374851227, 0.46027901768684387]
[0.496770977973938, 0.5791970491409302, 0.4267488121986389, 0.28901407122612, 0.47497493028640747]
[0.43059954047203064, 0.5387928485870361, 0.47299280762672424, 0.33737727999687195, 0.45427870750427246]
[0.45541876554489136, 0.5526602268218994, 0.4565798342227936, 0.34406399726867676, 0.46721792221069336]
[0.5070725679397583, 0.5795678496360779, 0.4309682846069336, 0.25872695446014404, 0.538472592830658]
[0.4860178530216217, 0.5271898508071899, 0.5265023112297058, 0.45252564549446106, 0.49605128169059753]
[0.5172350406646729, 0.5584788918495178, 0.42343080043792725, 0.2655397653579712, 0.5525292754173279]
[0.46014341711997986, 0.57239830493927, 0.45901989936828613, 0.31036970019340515, 0.49148401618003845]
[0.5225729942321777, 0.5688551068305969, 0.4317738115787506, 0.28436973690986633, 0.5258938074111938]
[0.36332985758781433, 0.5483996272087097, 0.44326597452163696, 0.30727145075798035, 0.43594422936439514]
[0.535548985004425, 0.5743044018745422, 0.4219232201576233, 0.27131181955337524, 0.5345061421394348]
[0.49103808403015137, 0.5585989356040955, 0.442922979593277, 0.30503949522972107, 0.48935800790786743]
[0.34070542454719543, 0.5594214200973511, 0.438583105802536, 0.30652734637260437, 0.4495445489883423]
[0.523567259311676, 0.5753820538520813, 0.4470275044441223, 0.3110993206501007, 0.5496880412101746]
[0.3289262652397156, 0.5460366010665894, 0.44451263546943665, 0.3038833439350128, 0.41984984278678894]
[0.5330786108970642, 0.5671615600585938, 0.4295315146446228, 0.2943592369556427, 0.5118194818496704]
[0.4830086827278137, 0.5620777010917664, 0.4492042064666748, 0.33744966983795166, 0.5218775272369385]
[0.5145308971405029, 0.539961040019989, 0.43620991706848145, 0.2999432682991028, 0.5273126363754272]
[0.3621278405189514, 0.5480496287345886, 0.4605214297771454, 0.3936271071434021, 0.4359988868236542]
[0.5112112164497375, 0.5562909841537476, 0.44505685567855835, 0.3014204800128937, 0.5107211470603943]
[0.46871933341026306, 0.56395024061203, 0.4286736845970154, 0.2897985577583313, 0.5194621086120605]
[0.49819183349609375, 0.5695810914039612, 0.4092336595058441, 0.28381651639938354, 0.5330636501312256]
[0.385852575302124, 0.5593848824501038, 0.45914506912231445, 0.2989233136177063, 0.4251597821712494]
[0.44260063767433167, 0.5418859124183655, 0.4764384627342224, 0.3426888585090637, 0.4706037640571594]
[0.46601602435112, 0.5651649832725525, 0.4377492070198059, 0.2894585430622101, 0.48092910647392273]
[0.4758692681789398, 0.5671343803405762, 0.4664519131183624, 0.3051452934741974, 0.4674079716205597]
[0.5477032661437988, 0.586887776851654, 0.40860307216644287, 0.2691677510738373, 0.5580769181251526]
[0.3482842743396759, 0.5383904576301575, 0.5076479911804199, 0.3704494833946228, 0.42796722054481506]
[0.53839111328125, 0.5422476530075073, 0.4355320334434509, 0.3132009506225586, 0.529460072517395]
[0.5177368521690369, 0.5446577072143555, 0.45999497175216675, 0.32072359323501587, 0.4857473373413086]
