0
此刻当你陷入黑暗的绝境，才懂光明多遥不可及。 by
[0.5025278925895691, 0.5821873545646667, 0.4383307993412018, 0.29120078682899475, 0.5491905212402344]
[0.4959530234336853, 0.5710198879241943, 0.43716341257095337, 0.3168633282184601, 0.515149712562561]
[0.5259629487991333, 0.5455536842346191, 0.44895222783088684, 0.28795820474624634, 0.4960489273071289]
[0.5049114227294922, 0.5779796242713928, 0.4306718707084656, 0.25879332423210144, 0.5524916052818298]
[0.4616241753101349, 0.5355163812637329, 0.4809938669204712, 0.3889409899711609, 0.45814406871795654]
[0.476946085691452, 0.5948030352592468, 0.4221601188182831, 0.26411890983581543, 0.5184110999107361]
[0.5126704573631287, 0.5757930278778076, 0.4261798858642578, 0.29473456740379333, 0.5110543370246887]
[0.5160761475563049, 0.5696302056312561, 0.43723931908607483, 0.33100253343582153, 0.5214894413948059]
[0.5981948375701904, 0.5779948234558105, 0.3748388886451721, 0.22626450657844543, 0.5952652096748352]
[0.47756752371788025, 0.5606951117515564, 0.44787973165512085, 0.31954631209373474, 0.5078626275062561]
[0.359491229057312, 0.5633169412612915, 0.4584513008594513, 0.27391383051872253, 0.4358839690685272]
[0.5107321739196777, 0.5924168825149536, 0.4092090129852295, 0.2656348645687103, 0.5438122749328613]
[0.49819183349609375, 0.5695810914039612, 0.4092336595058441, 0.28381651639938354, 0.5330636501312256]
[0.4917965829372406, 0.5642513632774353, 0.44473153352737427, 0.292820006608963, 0.504958987236023]
[0.5070809125900269, 0.5820418000221252, 0.4460180699825287, 0.2714134752750397, 0.5405916571617126]
[0.5147961378097534, 0.5971199870109558, 0.43662798404693604, 0.27753838896751404, 0.5334072113037109]
[0.6060241460800171, 0.51065993309021, 0.4516831636428833, 0.3129660487174988, 0.5823491811752319]
[0.4487622082233429, 0.5716210603713989, 0.4600348174571991, 0.3031274080276489, 0.45275557041168213]
[0.47529473900794983, 0.579328179359436, 0.4430846571922302, 0.2992519438266754, 0.5190773606300354]
[0.5070725679397583, 0.5795678496360779, 0.4309682846069336, 0.25872695446014404, 0.538472592830658]
[0.5033098459243774, 0.5896508097648621, 0.41708895564079285, 0.2796838879585266, 0.5380609035491943]
[0.5745422840118408, 0.5724881291389465, 0.42061325907707214, 0.26487788558006287, 0.5679159164428711]
[0.48173314332962036, 0.5620220303535461, 0.45012110471725464, 0.3151017427444458, 0.5358958840370178]
[0.4966353476047516, 0.5838190317153931, 0.4379143714904785, 0.2843666076660156, 0.5436631441116333]
[0.3289262652397156, 0.5460366010665894, 0.44451263546943665, 0.3038833439350128, 0.41984984278678894]
[0.506338894367218, 0.5835954546928406, 0.4466961920261383, 0.3017522692680359, 0.5502773523330688]
[0.4173515737056732, 0.571603536605835, 0.44019317626953125, 0.3101808428764343, 0.4746857285499573]
[0.5159796476364136, 0.5760018229484558, 0.4163254499435425, 0.26437869668006897, 0.5454891324043274]
[0.46709370613098145, 0.5492646098136902, 0.49932926893234253, 0.38741445541381836, 0.48718857765197754]
[0.508878767490387, 0.5828562378883362, 0.43042871356010437, 0.26588958501815796, 0.5341225266456604]
[0.5409062504768372, 0.5745068788528442, 0.434325248003006, 0.26410698890686035, 0.5455500483512878]
[0.5190861225128174, 0.5944175124168396, 0.41861221194267273, 0.25895974040031433, 0.54813152551651]
[0.4966353476047516, 0.5838190317153931, 0.4379143714904785, 0.2843666076660156, 0.5436631441116333]
[0.5438856482505798, 0.5929805040359497, 0.418680876493454, 0.27237069606781006, 0.5508289337158203]
[0.4838796854019165, 0.5647619962692261, 0.45635902881622314, 0.3043660819530487, 0.5506387948989868]
[0.5438856482505798, 0.5929805040359497, 0.418680876493454, 0.27237069606781006, 0.5508289337158203]
[0.4872981607913971, 0.5782501101493835, 0.43699532747268677, 0.2692868709564209, 0.5216309428215027]
[0.4314538538455963, 0.5463218092918396, 0.4820713400840759, 0.40138885378837585, 0.44213399291038513]
[0.4874483644962311, 0.5571093559265137, 0.4689834713935852, 0.3386029601097107, 0.5181909203529358]
[0.5070725679397583, 0.5795678496360779, 0.4309682846069336, 0.25872695446014404, 0.538472592830658]
[0.4621444642543793, 0.5758594274520874, 0.42814022302627563, 0.2897237539291382, 0.46559756994247437]
[0.48368093371391296, 0.5676591992378235, 0.46167922019958496, 0.28626441955566406, 0.5539708733558655]
[0.46976423263549805, 0.5426129698753357, 0.452251672744751, 0.31618767976760864, 0.5240835547447205]
[0.6012993454933167, 0.5303221344947815, 0.4164365530014038, 0.2783892750740051, 0.5597085952758789]
[0.5238633155822754, 0.576781690120697, 0.43655678629875183, 0.2583145201206207, 0.5471577048301697]
[0.4718509614467621, 0.5353303551673889, 0.47579076886177063, 0.3776961863040924, 0.489623099565506]
[0.5385505557060242, 0.5743869543075562, 0.41373708844184875, 0.2781949043273926, 0.5644081830978394]
[0.5981948375701904, 0.5779948234558105, 0.3748388886451721, 0.22626450657844543, 0.5952652096748352]
[0.5349956154823303, 0.5960547924041748, 0.41562747955322266, 0.2687699496746063, 0.5416646599769592]
[0.49819183349609375, 0.5695810914039612, 0.4092336595058441, 0.28381651639938354, 0.5330636501312256]
[0.5117142200469971, 0.5711272358894348, 0.4477876126766205, 0.2903757393360138, 0.5271381139755249]
[0.4805919826030731, 0.5815097093582153, 0.42620259523391724, 0.30899810791015625, 0.5114238262176514]
[0.5172427296638489, 0.580818235874176, 0.39998069405555725, 0.24590405821800232, 0.5605944991111755]
[0.4917965829372406, 0.5642513632774353, 0.44473153352737427, 0.292820006608963, 0.504958987236023]
[0.4428630471229553, 0.5270089507102966, 0.4771791994571686, 0.34880271553993225, 0.48212113976478577]
[0.5323935747146606, 0.520200788974762, 0.46255260705947876, 0.33932599425315857, 0.528689980506897]
[0.5420375466346741, 0.5842885971069336, 0.4183533787727356, 0.2754930555820465, 0.5611592531204224]
[0.524139404296875, 0.5840138792991638, 0.44565099477767944, 0.29802045226097107, 0.5442169308662415]
[0.4931914210319519, 0.582183301448822, 0.43230554461479187, 0.28631195425987244, 0.5112799406051636]
[0.5159796476364136, 0.5760018229484558, 0.4163254499435425, 0.26437869668006897, 0.5454891324043274]
[0.4686729311943054, 0.5599128603935242, 0.4269499182701111, 0.263216495513916, 0.5034659504890442]
[0.43598097562789917, 0.55707186460495, 0.4534633159637451, 0.31631386280059814, 0.5020032525062561]
[0.541761040687561, 0.6024121046066284, 0.433748334646225, 0.26406216621398926, 0.5535718202590942]
[0.5159796476364136, 0.5760018229484558, 0.4163254499435425, 0.26437869668006897, 0.5454891324043274]
[0.5429614186286926, 0.5823231339454651, 0.4397791624069214, 0.29040074348449707, 0.5598700046539307]
[0.5159796476364136, 0.5760018229484558, 0.4163254499435425, 0.26437869668006897, 0.5454891324043274]
[0.49819183349609375, 0.5695810914039612, 0.4092336595058441, 0.28381651639938354, 0.5330636501312256]
[0.3226645588874817, 0.5232248306274414, 0.4955962002277374, 0.49026381969451904, 0.46393102407455444]
[0.4703042507171631, 0.5376997590065002, 0.466397762298584, 0.3931125998497009, 0.5317215919494629]
[0.49905240535736084, 0.5829604268074036, 0.43638256192207336, 0.2947218418121338, 0.5411714911460876]
[0.4969260096549988, 0.5718639492988586, 0.4193199872970581, 0.2717178165912628, 0.5541458129882812]
[0.4990483224391937, 0.5865306854248047, 0.406549334526062, 0.26206687092781067, 0.5622075796127319]
[0.5070725679397583, 0.5795678496360779, 0.4309682846069336, 0.25872695446014404, 0.538472592830658]
[0.4177326560020447, 0.5754227042198181, 0.4542258679866791, 0.28622958064079285, 0.48213106393814087]
[0.4702000617980957, 0.5548971891403198, 0.4425879716873169, 0.30764368176460266, 0.49852681159973145]
[0.466266393661499, 0.5730360150337219, 0.4302532374858856, 0.2913186252117157, 0.48340487480163574]
[0.5438856482505798, 0.5929805040359497, 0.418680876493454, 0.27237069606781006, 0.5508289337158203]
[0.5532451272010803, 0.5868418216705322, 0.3928920030593872, 0.23934200406074524, 0.5734277963638306]
[0.5097252726554871, 0.5795665383338928, 0.42298319935798645, 0.2810627818107605, 0.5401014685630798]
[0.49983835220336914, 0.5766012072563171, 0.4254017174243927, 0.27898523211479187, 0.5197007060050964]
[0.49520638585090637, 0.5605707764625549, 0.4235750436782837, 0.2988309860229492, 0.5271443724632263]
[0.516481339931488, 0.5917481184005737, 0.4435672461986542, 0.2787536084651947, 0.5294630527496338]
[0.4917965829372406, 0.5642513632774353, 0.44473153352737427, 0.292820006608963, 0.504958987236023]
[0.5177121758460999, 0.5762782096862793, 0.4293166995048523, 0.28035712242126465, 0.5607541799545288]
[0.4595215916633606, 0.5359498858451843, 0.4462931752204895, 0.29076704382896423, 0.5330935120582581]
[0.5564194917678833, 0.5658560991287231, 0.4127439558506012, 0.27092495560646057, 0.5718055963516235]
[0.5438856482505798, 0.5929805040359497, 0.418680876493454, 0.27237069606781006, 0.5508289337158203]
[0.5828005075454712, 0.5307129621505737, 0.39481791853904724, 0.24442854523658752, 0.5720713138580322]
[0.5242087244987488, 0.5524201989173889, 0.5028566122055054, 0.4206481873989105, 0.5154032707214355]
[0.5057169795036316, 0.5755355358123779, 0.4325549900531769, 0.289802223443985, 0.5142823457717896]
[0.47340142726898193, 0.5382910370826721, 0.4628490209579468, 0.3708401024341583, 0.46912363171577454]
[0.47831836342811584, 0.5697927474975586, 0.43317675590515137, 0.31212109327316284, 0.5109974145889282]
[0.5438856482505798, 0.5929805040359497, 0.418680876493454, 0.27237069606781006, 0.5508289337158203]
[0.5409062504768372, 0.5745068788528442, 0.434325248003006, 0.26410698890686035, 0.5455500483512878]
[0.532429575920105, 0.5844292044639587, 0.4494646191596985, 0.2999534606933594, 0.5484423041343689]
[0.49819183349609375, 0.5695810914039612, 0.4092336595058441, 0.28381651639938354, 0.5330636501312256]
[0.48490968346595764, 0.5718969702720642, 0.4457641839981079, 0.3110857903957367, 0.5282167196273804]
[0.5088552236557007, 0.5699109435081482, 0.4464736580848694, 0.308186411857605, 0.5382963418960571]
[0.5349956154823303, 0.5960547924041748, 0.41562747955322266, 0.2687699496746063, 0.5416646599769592]
[0.2917620837688446, 0.548380434513092, 0.4513092637062073, 0.3021870255470276, 0.4255836606025696]
[0.45644891262054443, 0.5488946437835693, 0.4433753192424774, 0.3434453010559082, 0.4917066693305969]
