0
脸的进化过程
[0.5346143841743469, 0.5843052268028259, 0.4317973256111145, 0.2856794595718384, 0.5643489360809326]
[0.48497462272644043, 0.5667513608932495, 0.43157732486724854, 0.30631938576698303, 0.5009644627571106]
[0.484451562166214, 0.5541559457778931, 0.42661425471305847, 0.2918894588947296, 0.5243563055992126]
[0.49242734909057617, 0.5664421916007996, 0.4392422139644623, 0.2882581651210785, 0.5222131609916687]
[0.5508057475090027, 0.5603657364845276, 0.44283875823020935, 0.2901404798030853, 0.558669924736023]
[0.6389325261116028, 0.5565629005432129, 0.3838250935077667, 0.249906986951828, 0.615581214427948]
[0.520918607711792, 0.563820481300354, 0.4420086443424225, 0.30512526631355286, 0.55296790599823]
[0.45039984583854675, 0.5363302230834961, 0.48785725235939026, 0.4080893397331238, 0.5131639242172241]
[0.4818546772003174, 0.5671708583831787, 0.4427948296070099, 0.3154818117618561, 0.5104961395263672]
[0.5438017845153809, 0.5942021012306213, 0.41521143913269043, 0.26803213357925415, 0.5571514964103699]
[0.5009413361549377, 0.5602968335151672, 0.47532257437705994, 0.32183703780174255, 0.5204885005950928]
[0.5244597792625427, 0.5673940777778625, 0.42901942133903503, 0.28732484579086304, 0.508772611618042]
[0.4890291094779968, 0.5492041110992432, 0.4604567289352417, 0.370160311460495, 0.5088889002799988]
[0.44817668199539185, 0.5647924542427063, 0.46857449412345886, 0.36173099279403687, 0.4837455153465271]
[0.5664893984794617, 0.5876714587211609, 0.4169379472732544, 0.25832438468933105, 0.5511159896850586]
[0.5378316640853882, 0.5827499628067017, 0.4208487868309021, 0.27333468198776245, 0.5281314253807068]
[0.5203461647033691, 0.5783154368400574, 0.42207953333854675, 0.2909437417984009, 0.5251195430755615]
[0.4862370491027832, 0.5827956199645996, 0.42741259932518005, 0.2747155725955963, 0.5375983119010925]
[0.4745427370071411, 0.5666452050209045, 0.4537765681743622, 0.3257037401199341, 0.5082090497016907]
[0.4968997538089752, 0.5803127884864807, 0.4525502324104309, 0.31113073229789734, 0.5341023802757263]
[0.6423520445823669, 0.5208008885383606, 0.45732542872428894, 0.3379642963409424, 0.6156503558158875]
[0.5925108790397644, 0.5381631851196289, 0.46803247928619385, 0.3459642231464386, 0.5877552628517151]
[0.49819183349609375, 0.5695810914039612, 0.4092336595058441, 0.28381651639938354, 0.5330636501312256]
[0.5438017845153809, 0.5942021012306213, 0.41521143913269043, 0.26803213357925415, 0.5571514964103699]
[0.5203461647033691, 0.5783154368400574, 0.42207953333854675, 0.2909437417984009, 0.5251195430755615]
[0.40411046147346497, 0.4986797869205475, 0.5353733897209167, 0.5472806692123413, 0.49897119402885437]
[0.3922780156135559, 0.5525395274162292, 0.42716795206069946, 0.28561854362487793, 0.4421968162059784]
[0.3771943747997284, 0.5417178273200989, 0.47832638025283813, 0.35051843523979187, 0.4353407621383667]
[0.4332426190376282, 0.585398256778717, 0.43722665309906006, 0.3337644338607788, 0.4692201018333435]
[0.5095052123069763, 0.5803685188293457, 0.4361504316329956, 0.3042605221271515, 0.5399895906448364]
[0.4912090003490448, 0.5758519172668457, 0.45678433775901794, 0.31358981132507324, 0.5196170806884766]
[0.6423520445823669, 0.5208008885383606, 0.45732542872428894, 0.3379642963409424, 0.6156503558158875]
[0.4462573528289795, 0.5490524768829346, 0.4386579096317291, 0.31217432022094727, 0.46795061230659485]
[0.458792507648468, 0.5715233087539673, 0.44137924909591675, 0.31123319268226624, 0.49670496582984924]
[0.5475302338600159, 0.5725672245025635, 0.4223942160606384, 0.2795969545841217, 0.5649948120117188]
[0.5438017845153809, 0.5942021012306213, 0.41521143913269043, 0.26803213357925415, 0.5571514964103699]
[0.40448862314224243, 0.5382599234580994, 0.4682430624961853, 0.35009586811065674, 0.46015018224716187]
[0.49393460154533386, 0.5753617882728577, 0.43176454305648804, 0.2822020351886749, 0.5095145106315613]
[0.5106039643287659, 0.5516478419303894, 0.41151493787765503, 0.289163738489151, 0.5323869585990906]
[0.4386463165283203, 0.565548837184906, 0.4424714744091034, 0.3260333240032196, 0.48389890789985657]
[0.47463458776474, 0.5562765598297119, 0.4580765664577484, 0.36311081051826477, 0.46804553270339966]
[0.4515412747859955, 0.5517635345458984, 0.44988885521888733, 0.32184556126594543, 0.47379249334335327]
[0.5571102499961853, 0.5490530133247375, 0.42236045002937317, 0.273720383644104, 0.531947910785675]
[0.5831025838851929, 0.5783012509346008, 0.3953126072883606, 0.25904563069343567, 0.5811436772346497]
[0.4268929958343506, 0.5524023175239563, 0.45495253801345825, 0.30792418122291565, 0.469777911901474]
[0.4926501214504242, 0.5752794146537781, 0.43439847230911255, 0.3113299310207367, 0.5103510618209839]
[0.520918607711792, 0.563820481300354, 0.4420086443424225, 0.30512526631355286, 0.55296790599823]
[0.5057461857795715, 0.5834884643554688, 0.44275471568107605, 0.2940492630004883, 0.5111212730407715]
[0.4468475878238678, 0.5647938251495361, 0.44079723954200745, 0.31295546889305115, 0.475228488445282]
[0.4529239535331726, 0.5467577576637268, 0.4635395109653473, 0.3069922924041748, 0.4962403178215027]
[0.4818546772003174, 0.5671708583831787, 0.4427948296070099, 0.3154818117618561, 0.5104961395263672]
[0.5188596248626709, 0.5841606259346008, 0.4366846978664398, 0.27001067996025085, 0.5229519605636597]
[0.3967529535293579, 0.5292203426361084, 0.4890422224998474, 0.34161338210105896, 0.481785386800766]
[0.5552852153778076, 0.5857468843460083, 0.4001559317111969, 0.27149248123168945, 0.5646634697914124]
[0.49324774742126465, 0.5900070667266846, 0.4427735209465027, 0.2861282229423523, 0.5251943469047546]
[0.43928033113479614, 0.5755216479301453, 0.43812182545661926, 0.28464990854263306, 0.4676651954650879]
[0.3771943747997284, 0.5417178273200989, 0.47832638025283813, 0.35051843523979187, 0.4353407621383667]
[0.5243404507637024, 0.5760449767112732, 0.4186996817588806, 0.29310253262519836, 0.5424329042434692]
[0.4978669583797455, 0.5608503818511963, 0.47662749886512756, 0.31675127148628235, 0.5305094122886658]
[0.5463340282440186, 0.5658881068229675, 0.45726755261421204, 0.32752054929733276, 0.5320311188697815]
