0
“ 我想去个地方，无拘无束，随便放屁，不穿罩罩，也不会被警察抓走。” “ 这个操蛋的世界，影响了我的小情绪。” 这姑娘 的自白简直魔性！！！更多图戳
[0.479124516248703, 0.5347425937652588, 0.48717743158340454, 0.3967464864253998, 0.507566511631012]
[0.5631480813026428, 0.5501726865768433, 0.4082295596599579, 0.2669747471809387, 0.5752142667770386]
[0.5148566961288452, 0.5417400002479553, 0.4653106927871704, 0.34234026074409485, 0.4978514015674591]
[0.5070725679397583, 0.5795678496360779, 0.4309682846069336, 0.25872695446014404, 0.538472592830658]
[0.5800206065177917, 0.504054605960846, 0.46103695034980774, 0.37714123725891113, 0.5696401596069336]
[0.45500820875167847, 0.5705606937408447, 0.4472813606262207, 0.2863647937774658, 0.4899255335330963]
[0.5578630566596985, 0.5819410681724548, 0.39593759179115295, 0.2714889645576477, 0.5701462030410767]
[0.5070725679397583, 0.5795678496360779, 0.4309682846069336, 0.25872695446014404, 0.538472592830658]
[0.5539590716362, 0.5804767608642578, 0.39575132727622986, 0.2652284801006317, 0.5548780560493469]
[0.5291958451271057, 0.5779011845588684, 0.4224630892276764, 0.25805559754371643, 0.5608076453208923]
[0.489449143409729, 0.593180239200592, 0.4239823520183563, 0.2917952835559845, 0.5157591104507446]
[0.5274893045425415, 0.6076229810714722, 0.44333159923553467, 0.29621264338493347, 0.5475237369537354]
[0.5216172337532043, 0.579474687576294, 0.4264985918998718, 0.2799372673034668, 0.5416284203529358]
[0.5442501902580261, 0.5814316868782043, 0.4398646652698517, 0.32359579205513, 0.535011351108551]
[0.5106499195098877, 0.521975040435791, 0.4491253197193146, 0.32199010252952576, 0.5505697131156921]
[0.5193629860877991, 0.5856478810310364, 0.41173920035362244, 0.282301664352417, 0.5441094636917114]
[0.4703342914581299, 0.5821760296821594, 0.4511314928531647, 0.297635018825531, 0.5032989382743835]
[0.5174210071563721, 0.5747125744819641, 0.42234450578689575, 0.2860325872898102, 0.5424402952194214]
[0.45389801263809204, 0.5446383953094482, 0.47541046142578125, 0.39777249097824097, 0.48205116391181946]
[0.5552852153778076, 0.5857468843460083, 0.4001559317111969, 0.27149248123168945, 0.5646634697914124]
[0.45404282212257385, 0.5551710724830627, 0.501457154750824, 0.35916322469711304, 0.5220975875854492]
[0.44876107573509216, 0.5560267567634583, 0.4623197615146637, 0.34340646862983704, 0.49451136589050293]
[0.45089608430862427, 0.5660029649734497, 0.4426434636116028, 0.3441241383552551, 0.4874357283115387]
[0.5562049746513367, 0.5345450639724731, 0.40896037220954895, 0.30938804149627686, 0.5656458139419556]
[0.4863030016422272, 0.5687084794044495, 0.4320771098136902, 0.27942341566085815, 0.5104414820671082]
[0.5070725679397583, 0.5795678496360779, 0.4309682846069336, 0.25872695446014404, 0.538472592830658]
[0.47801440954208374, 0.580598771572113, 0.4283391237258911, 0.2951038181781769, 0.48449277877807617]
[0.4917965829372406, 0.5642513632774353, 0.44473153352737427, 0.292820006608963, 0.504958987236023]
[0.45955798029899597, 0.5605957508087158, 0.45125871896743774, 0.3119511008262634, 0.46328240633010864]
[0.5504789352416992, 0.5504522323608398, 0.46797049045562744, 0.3006422519683838, 0.5575739741325378]
[0.5489334464073181, 0.5597660541534424, 0.3926759958267212, 0.2741663157939911, 0.538090169429779]
[0.4625031352043152, 0.5511025786399841, 0.43742358684539795, 0.3190690577030182, 0.4865586459636688]
[0.49819183349609375, 0.5695810914039612, 0.4092336595058441, 0.28381651639938354, 0.5330636501312256]
[0.5244597792625427, 0.5673940777778625, 0.42901942133903503, 0.28732484579086304, 0.508772611618042]
[0.43928033113479614, 0.5755216479301453, 0.43812182545661926, 0.28464990854263306, 0.4676651954650879]
[0.5238269567489624, 0.5756938457489014, 0.43178462982177734, 0.2660461962223053, 0.530784010887146]
[0.5193629860877991, 0.5856478810310364, 0.41173920035362244, 0.282301664352417, 0.5441094636917114]
[0.5142041444778442, 0.5672584772109985, 0.44437316060066223, 0.329586386680603, 0.5014687180519104]
[0.45086798071861267, 0.5429723262786865, 0.5007198452949524, 0.4067813754081726, 0.47393062710762024]
[0.45523905754089355, 0.5711061954498291, 0.4435805082321167, 0.28342169523239136, 0.5009507536888123]
[0.5663272738456726, 0.5789467096328735, 0.4038543701171875, 0.24655784666538239, 0.5697996616363525]
[0.5163440704345703, 0.569268524646759, 0.41554349660873413, 0.28172704577445984, 0.5262464284896851]
[0.41449442505836487, 0.5491548776626587, 0.4614633023738861, 0.36188867688179016, 0.45742884278297424]
[0.5349647402763367, 0.5784912705421448, 0.42417797446250916, 0.2776912450790405, 0.5520375967025757]
[0.4470394551753998, 0.5576223731040955, 0.46778881549835205, 0.3433699905872345, 0.4642694592475891]
[0.4562127888202667, 0.5727598667144775, 0.436779648065567, 0.311820387840271, 0.4974744915962219]
[0.49819183349609375, 0.5695810914039612, 0.4092336595058441, 0.28381651639938354, 0.5330636501312256]
[0.5615060329437256, 0.5841159224510193, 0.39749354124069214, 0.27023908495903015, 0.5706154108047485]
[0.4706211984157562, 0.5569624304771423, 0.456975519657135, 0.31690698862075806, 0.5299102663993835]
[0.5615060329437256, 0.5841159224510193, 0.39749354124069214, 0.27023908495903015, 0.5706154108047485]
[0.5475351214408875, 0.5650568604469299, 0.4253198802471161, 0.2701050341129303, 0.5178303718566895]
[0.4760231673717499, 0.5830217599868774, 0.42657598853111267, 0.2899784445762634, 0.5163087844848633]
[0.49656060338020325, 0.5813513994216919, 0.42555877566337585, 0.2814778685569763, 0.5249238610267639]
[0.5193629860877991, 0.5856478810310364, 0.41173920035362244, 0.282301664352417, 0.5441094636917114]
[0.47975656390190125, 0.5500527024269104, 0.436701238155365, 0.3331485688686371, 0.494942307472229]
[0.5161583423614502, 0.5828229188919067, 0.431642085313797, 0.28485700488090515, 0.53868567943573]
[0.4907926917076111, 0.5637834668159485, 0.4414612948894501, 0.2947947084903717, 0.49108949303627014]
[0.3726876974105835, 0.5645301938056946, 0.4595731496810913, 0.3213762044906616, 0.43410825729370117]
[0.495891273021698, 0.5769120454788208, 0.44546085596084595, 0.28754517436027527, 0.5177698731422424]
[0.5301408767700195, 0.5898727774620056, 0.41022956371307373, 0.2531675696372986, 0.5580270886421204]
[0.563072144985199, 0.5833443999290466, 0.4193055331707001, 0.28442150354385376, 0.5633074045181274]
[0.543840229511261, 0.5907609462738037, 0.4166662395000458, 0.2804877460002899, 0.5608844757080078]
[0.5126591920852661, 0.5759720802307129, 0.4152299463748932, 0.2810848355293274, 0.5174343585968018]
[0.5209679007530212, 0.5503785014152527, 0.4836271107196808, 0.3365253508090973, 0.5047672986984253]
[0.52777099609375, 0.5749369859695435, 0.4504243731498718, 0.274231880903244, 0.5622520446777344]
[0.5522555708885193, 0.5841110348701477, 0.3915466368198395, 0.25447162985801697, 0.5608049631118774]
[0.5209079384803772, 0.5503308176994324, 0.47052711248397827, 0.30381983518600464, 0.5845404863357544]
[0.2792685329914093, 0.5361558794975281, 0.5158194899559021, 0.38105377554893494, 0.40239277482032776]
[0.5578630566596985, 0.5819410681724548, 0.39593759179115295, 0.2714889645576477, 0.5701462030410767]
[0.4807210862636566, 0.5806272029876709, 0.44690752029418945, 0.266427606344223, 0.48980504274368286]
[0.5198978781700134, 0.5876701474189758, 0.414469450712204, 0.26648882031440735, 0.5580021142959595]
[0.545818567276001, 0.5880541801452637, 0.4138922691345215, 0.27439644932746887, 0.5483060479164124]
[0.3967093527317047, 0.5517565608024597, 0.4713621139526367, 0.36151212453842163, 0.44200649857521057]
[0.5070725679397583, 0.5795678496360779, 0.4309682846069336, 0.25872695446014404, 0.538472592830658]
[0.3474690616130829, 0.5694479942321777, 0.47022852301597595, 0.2912043333053589, 0.4598521888256073]
[0.4825208783149719, 0.543211042881012, 0.4378665089607239, 0.3258524537086487, 0.5208778381347656]
[0.49819183349609375, 0.5695810914039612, 0.4092336595058441, 0.28381651639938354, 0.5330636501312256]
[0.5551783442497253, 0.5664926171302795, 0.4282025694847107, 0.2621551752090454, 0.5556698441505432]
