0
【广东一逃犯吃槟榔吃成樱桃小嘴 逃亡13年方被抓】2002年，顺德男子谢某杀人后潜逃，逃亡间，因担惊受怕，他终日靠吃槟榔消愁，不久竟意外发现自己嘴变小了，遂凭此躲过警方侦查。据悉，口腔黏膜会和槟榔中所含的生物碱发生反应致变硬，吃得越多张口度便会越来越小。公共频道
[0.4792393743991852, 0.5108531713485718, 0.4693935513496399, 0.3171064257621765, 0.5051471590995789]
[0.48379552364349365, 0.5937032699584961, 0.41920071840286255, 0.2830924987792969, 0.4925927221775055]
[0.5973126292228699, 0.546838641166687, 0.4025191366672516, 0.2633402347564697, 0.5858418345451355]
[0.5321008563041687, 0.5585107803344727, 0.42491769790649414, 0.2871641516685486, 0.5522376298904419]
[0.5005385279655457, 0.5795356631278992, 0.43379005789756775, 0.2701228857040405, 0.5333064198493958]
[0.5193629860877991, 0.5856478810310364, 0.41173920035362244, 0.282301664352417, 0.5441094636917114]
[0.3717663288116455, 0.5591752529144287, 0.44442230463027954, 0.2877909243106842, 0.4457230567932129]
[0.46826228499412537, 0.5204932689666748, 0.4479667842388153, 0.3205856382846832, 0.4769085645675659]
[0.532174825668335, 0.5770455598831177, 0.408922404050827, 0.2708666920661926, 0.5535809993743896]
[0.4905177056789398, 0.5495525002479553, 0.4429190754890442, 0.34075039625167847, 0.5451366901397705]
[0.5042188763618469, 0.5639060139656067, 0.4443396329879761, 0.30164629220962524, 0.5322476029396057]
[0.36341592669487, 0.5283766984939575, 0.4918592870235443, 0.38370129466056824, 0.4247806966304779]
[0.5711649060249329, 0.5668935179710388, 0.4145400822162628, 0.2778202295303345, 0.5885370373725891]
[0.519192636013031, 0.5846387147903442, 0.4297370910644531, 0.27106335759162903, 0.5495625138282776]
[0.5181060433387756, 0.608632504940033, 0.438276469707489, 0.28479206562042236, 0.5111607909202576]
[0.4760547876358032, 0.561172366142273, 0.4509691894054413, 0.32225096225738525, 0.47913143038749695]
[0.4954323470592499, 0.5754972696304321, 0.4305824041366577, 0.28463801741600037, 0.5256677269935608]
[0.5054988265037537, 0.5950413346290588, 0.4382416605949402, 0.27906334400177, 0.4943147897720337]
[0.5803651809692383, 0.5747344493865967, 0.4124482572078705, 0.26510244607925415, 0.5526447892189026]
[0.4958517551422119, 0.5844683647155762, 0.45164772868156433, 0.2933551073074341, 0.5398383140563965]
[0.4780105948448181, 0.5597655773162842, 0.45099112391471863, 0.3214869201183319, 0.5041970014572144]
[0.4741922616958618, 0.5723755359649658, 0.43754926323890686, 0.2804687023162842, 0.5368501543998718]
[0.513074517250061, 0.5987758040428162, 0.4481915235519409, 0.2852252125740051, 0.51994788646698]
[0.6089415550231934, 0.516697883605957, 0.40898892283439636, 0.25073403120040894, 0.584872305393219]
[0.4413425624370575, 0.5421810150146484, 0.45440855622291565, 0.3236936628818512, 0.45938050746917725]
[0.5050580501556396, 0.5712310671806335, 0.44224512577056885, 0.3037981390953064, 0.5046895742416382]
[0.5082034468650818, 0.5791444182395935, 0.43476688861846924, 0.27170032262802124, 0.5383983850479126]
[0.4905673861503601, 0.5569081902503967, 0.4579416513442993, 0.3216938376426697, 0.48564857244491577]
[0.5435936450958252, 0.5831549763679504, 0.40895625948905945, 0.269209086894989, 0.5454593300819397]
[0.5169129967689514, 0.5757730007171631, 0.42636847496032715, 0.25910866260528564, 0.5766706466674805]
[0.5116536617279053, 0.5618857145309448, 0.44229498505592346, 0.29163116216659546, 0.5513554811477661]
[0.4877263307571411, 0.5809958577156067, 0.4267136752605438, 0.2888610064983368, 0.5063502192497253]
[0.5069794058799744, 0.5692425966262817, 0.41754209995269775, 0.28099390864372253, 0.5557760000228882]
[0.5548709034919739, 0.5587119460105896, 0.44597572088241577, 0.320054292678833, 0.5496376156806946]
[0.4414435923099518, 0.5119113326072693, 0.4880104064941406, 0.382233589887619, 0.48706164956092834]
[0.5567580461502075, 0.5819166898727417, 0.40902218222618103, 0.2540185749530792, 0.5828741192817688]
[0.5020971298217773, 0.555158257484436, 0.46666449308395386, 0.3444632589817047, 0.5147401094436646]
[0.5029125809669495, 0.5706057548522949, 0.41359901428222656, 0.2762735188007355, 0.5207297801971436]
[0.5033298134803772, 0.5842962265014648, 0.42983490228652954, 0.286355197429657, 0.5506335496902466]
[0.505027174949646, 0.5572540163993835, 0.45954883098602295, 0.29032567143440247, 0.5331743955612183]
[0.4623720943927765, 0.5343273878097534, 0.4655104875564575, 0.33266040682792664, 0.5213177800178528]
[0.4813332259654999, 0.5520700812339783, 0.4650617837905884, 0.31769633293151855, 0.5320428013801575]
[0.5087458491325378, 0.5376916527748108, 0.45394638180732727, 0.33723270893096924, 0.5344980955123901]
[0.4103245735168457, 0.5223365426063538, 0.5047293901443481, 0.3886356055736542, 0.4796620309352875]
[0.4734928011894226, 0.5646741986274719, 0.4369906187057495, 0.2966402769088745, 0.4944291114807129]
[0.5979759693145752, 0.5665798783302307, 0.4252537488937378, 0.26383352279663086, 0.5787240862846375]
[0.4568498730659485, 0.5414199233055115, 0.44705939292907715, 0.3381745517253876, 0.48291298747062683]
[0.4845527410507202, 0.5615373849868774, 0.46788284182548523, 0.3469332456588745, 0.5086327791213989]
[0.45043113827705383, 0.558849573135376, 0.44078779220581055, 0.28825363516807556, 0.5304828882217407]
[0.5280768275260925, 0.5440743565559387, 0.4671773314476013, 0.31028079986572266, 0.5266745090484619]
[0.5253023505210876, 0.5891240239143372, 0.42905715107917786, 0.2869059443473816, 0.5474697947502136]
[0.4639657735824585, 0.5806508660316467, 0.4248604476451874, 0.26560306549072266, 0.5311955809593201]
[0.5343027114868164, 0.5857838988304138, 0.4213564991950989, 0.2712046802043915, 0.5287609100341797]
[0.5116663575172424, 0.5828767418861389, 0.4399024546146393, 0.26984772086143494, 0.5540741086006165]
[0.5369387269020081, 0.5666873455047607, 0.44876763224601746, 0.3161766529083252, 0.5462572574615479]
[0.4148675501346588, 0.5430793166160583, 0.4490226209163666, 0.3399864435195923, 0.4666980504989624]
[0.5220768451690674, 0.566058337688446, 0.44657862186431885, 0.29736942052841187, 0.5352658033370972]
[0.4487622082233429, 0.5716210603713989, 0.4600348174571991, 0.3031274080276489, 0.45275557041168213]
[0.5351439118385315, 0.5839934349060059, 0.42056360840797424, 0.2656649351119995, 0.5598582625389099]
[0.537935197353363, 0.5861932039260864, 0.4394882917404175, 0.2828128933906555, 0.559040367603302]
[0.4997520446777344, 0.5699718594551086, 0.4455225169658661, 0.30381977558135986, 0.5128636956214905]
[0.481798380613327, 0.5337615609169006, 0.47720807790756226, 0.3693038821220398, 0.4948587417602539]
[0.5631480813026428, 0.5501726865768433, 0.4082295596599579, 0.2669747471809387, 0.5752142667770386]
[0.47248637676239014, 0.5797644257545471, 0.4352321922779083, 0.31213560700416565, 0.5042195916175842]
[0.5917481780052185, 0.5450535416603088, 0.3757926821708679, 0.2527778744697571, 0.5958184599876404]
[0.4487622082233429, 0.5716210603713989, 0.4600348174571991, 0.3031274080276489, 0.45275557041168213]
[0.5013383030891418, 0.5856866836547852, 0.41070327162742615, 0.2807442545890808, 0.5543274283409119]
[0.49543890357017517, 0.5563382506370544, 0.4577915072441101, 0.3325290381908417, 0.5330920219421387]
[0.5610418319702148, 0.5693135261535645, 0.41706374287605286, 0.28631100058555603, 0.5821470022201538]
[0.4920106828212738, 0.600675106048584, 0.41507139801979065, 0.27095720171928406, 0.517119824886322]
[0.5792722105979919, 0.5920242071151733, 0.4009076952934265, 0.24300988018512726, 0.5679585933685303]
[0.49776461720466614, 0.5714510083198547, 0.4298160970211029, 0.27057507634162903, 0.5460250377655029]
[0.4079059064388275, 0.5665320754051208, 0.4545046091079712, 0.31184160709381104, 0.4816576838493347]
[0.5985040068626404, 0.5669614672660828, 0.40482351183891296, 0.26282182335853577, 0.5669083595275879]
[0.4729672074317932, 0.558808445930481, 0.4059092402458191, 0.24395570158958435, 0.5702614784240723]
[0.48379552364349365, 0.5937032699584961, 0.41920071840286255, 0.2830924987792969, 0.4925927221775055]
[0.39189574122428894, 0.5527709126472473, 0.47716790437698364, 0.32649490237236023, 0.49564576148986816]
[0.5317741632461548, 0.5756726861000061, 0.44137847423553467, 0.29405680298805237, 0.5423629283905029]
[0.48449206352233887, 0.550868570804596, 0.487758994102478, 0.28412795066833496, 0.5243979692459106]
[0.569488525390625, 0.5731258392333984, 0.3936379849910736, 0.24501247704029083, 0.5808542966842651]
[0.5451405048370361, 0.5799071192741394, 0.4316512644290924, 0.266661137342453, 0.5196403861045837]
[0.46066468954086304, 0.5709990859031677, 0.4393538534641266, 0.3109486699104309, 0.4752581715583801]
[0.4790581464767456, 0.518599808216095, 0.5238363742828369, 0.4657118022441864, 0.47520896792411804]
[0.4747958183288574, 0.5440521240234375, 0.4703066647052765, 0.31357473134994507, 0.5072425007820129]
[0.3401625156402588, 0.5366745591163635, 0.48228761553764343, 0.3562631607055664, 0.42519307136535645]
[0.5713328719139099, 0.5585225820541382, 0.40507975220680237, 0.2592959702014923, 0.5695710182189941]
[0.5479884147644043, 0.552364706993103, 0.4595510959625244, 0.2988344728946686, 0.5543006062507629]
[0.45521366596221924, 0.5717364549636841, 0.4434965252876282, 0.30894914269447327, 0.5183608531951904]
[0.5074939727783203, 0.5920436978340149, 0.41787147521972656, 0.2719969153404236, 0.5445771813392639]
[0.519192636013031, 0.5846387147903442, 0.4297370910644531, 0.27106335759162903, 0.5495625138282776]
[0.45608752965927124, 0.5927708148956299, 0.44039255380630493, 0.30056533217430115, 0.5139837265014648]
[0.5206880569458008, 0.5869352221488953, 0.44406118988990784, 0.2975509762763977, 0.5384511947631836]
[0.4053359031677246, 0.5319548845291138, 0.49945300817489624, 0.3491252362728119, 0.5060095191001892]
[0.5351460576057434, 0.5866335034370422, 0.42062243819236755, 0.27202311158180237, 0.5378246903419495]
[0.5669119358062744, 0.5632465481758118, 0.4157785475254059, 0.29053041338920593, 0.5545616149902344]
[0.5122768878936768, 0.5716199278831482, 0.4272843897342682, 0.3253825902938843, 0.5134896039962769]
[0.6314446926116943, 0.5596553683280945, 0.38216057419776917, 0.24828824400901794, 0.6096954941749573]
[0.5299167633056641, 0.5333017110824585, 0.4357721209526062, 0.29541516304016113, 0.5466594099998474]
[0.49819183349609375, 0.5695810914039612, 0.4092336595058441, 0.28381651639938354, 0.5330636501312256]
[0.4092320501804352, 0.5686854124069214, 0.48061278462409973, 0.2942103445529938, 0.44499343633651733]
[0.5928610563278198, 0.5955415964126587, 0.4044308662414551, 0.24790117144584656, 0.5810415148735046]
