0
雪花绽放的瞬间，太美了
[0.5605803728103638, 0.5798366069793701, 0.4344743490219116, 0.3081205189228058, 0.5464631915092468]
[0.5138278007507324, 0.5719684362411499, 0.4300827383995056, 0.2970241904258728, 0.5164225697517395]
[0.496852308511734, 0.6078885197639465, 0.44415536522865295, 0.2750089764595032, 0.5129715800285339]
[0.49819183349609375, 0.5695810914039612, 0.4092336595058441, 0.28381651639938354, 0.5330636501312256]
[0.5603275895118713, 0.5652505159378052, 0.41249802708625793, 0.27120888233184814, 0.5756585001945496]
[0.5138278007507324, 0.5719684362411499, 0.4300827383995056, 0.2970241904258728, 0.5164225697517395]
[0.5193629860877991, 0.5856478810310364, 0.41173920035362244, 0.282301664352417, 0.5441094636917114]
[0.5138278007507324, 0.5719684362411499, 0.4300827383995056, 0.2970241904258728, 0.5164225697517395]
[0.5653747320175171, 0.5958674550056458, 0.410073459148407, 0.2521335780620575, 0.5308053493499756]
[0.438702791929245, 0.5870664715766907, 0.4364774525165558, 0.2718256115913391, 0.4861181378364563]
[0.48663344979286194, 0.5938396453857422, 0.42074933648109436, 0.2759591042995453, 0.5159928798675537]
[0.5138278007507324, 0.5719684362411499, 0.4300827383995056, 0.2970241904258728, 0.5164225697517395]
[0.5605803728103638, 0.5798366069793701, 0.4344743490219116, 0.3081205189228058, 0.5464631915092468]
[0.5138278007507324, 0.5719684362411499, 0.4300827383995056, 0.2970241904258728, 0.5164225697517395]
[0.5138278007507324, 0.5719684362411499, 0.4300827383995056, 0.2970241904258728, 0.5164225697517395]
[0.4870268404483795, 0.5711522698402405, 0.4428457021713257, 0.29501664638519287, 0.500126302242279]
[0.5316195487976074, 0.5938830971717834, 0.4217463731765747, 0.26626572012901306, 0.5547255873680115]
[0.5070725679397583, 0.5795678496360779, 0.4309682846069336, 0.25872695446014404, 0.538472592830658]
[0.5325838923454285, 0.5703873038291931, 0.41372358798980713, 0.304433137178421, 0.5477837920188904]
[0.5420101284980774, 0.5851221084594727, 0.41829222440719604, 0.27748405933380127, 0.5465887784957886]
[0.5138278007507324, 0.5719684362411499, 0.4300827383995056, 0.2970241904258728, 0.5164225697517395]
[0.5138278007507324, 0.5719684362411499, 0.4300827383995056, 0.2970241904258728, 0.5164225697517395]
[0.49819183349609375, 0.5695810914039612, 0.4092336595058441, 0.28381651639938354, 0.5330636501312256]
[0.533901572227478, 0.5712665319442749, 0.43107566237449646, 0.28375744819641113, 0.5486169457435608]
[0.5620900988578796, 0.5942291021347046, 0.419325053691864, 0.2666260004043579, 0.5534039735794067]
[0.5138278007507324, 0.5719684362411499, 0.4300827383995056, 0.2970241904258728, 0.5164225697517395]
[0.3717629611492157, 0.5389137268066406, 0.4663322865962982, 0.350138783454895, 0.44425633549690247]
[0.5070725679397583, 0.5795678496360779, 0.4309682846069336, 0.25872695446014404, 0.538472592830658]
[0.4643445312976837, 0.5819023251533508, 0.4390996992588043, 0.2508145570755005, 0.5241972208023071]
[0.5070725679397583, 0.5795678496360779, 0.4309682846069336, 0.25872695446014404, 0.538472592830658]
