0
有没有这样一个人， 无论多么想念， 却不曾再见面。
[0.5054706931114197, 0.56634521484375, 0.4485403895378113, 0.33463621139526367, 0.5184803605079651]
[0.511255145072937, 0.5555015802383423, 0.44553065299987793, 0.29960352182388306, 0.5322266817092896]
[0.47808682918548584, 0.5817343592643738, 0.44965094327926636, 0.28924286365509033, 0.495187908411026]
[0.4655683636665344, 0.5804604887962341, 0.4715745747089386, 0.30072423815727234, 0.4956485629081726]
[0.3774802088737488, 0.5272315740585327, 0.4877934753894806, 0.4028739035129547, 0.45572537183761597]
[0.4758692681789398, 0.5671343803405762, 0.4664519131183624, 0.3051452934741974, 0.4674079716205597]
[0.4758692681789398, 0.5671343803405762, 0.4664519131183624, 0.3051452934741974, 0.4674079716205597]
[0.4917965829372406, 0.5642513632774353, 0.44473153352737427, 0.292820006608963, 0.504958987236023]
[0.4631212651729584, 0.5602399110794067, 0.4605392813682556, 0.3385276794433594, 0.4953992962837219]
[0.4883524477481842, 0.5834054946899414, 0.42982539534568787, 0.31087711453437805, 0.5186255574226379]
[0.5265570878982544, 0.5810281038284302, 0.40510326623916626, 0.2718774378299713, 0.5726256370544434]
[0.5316251516342163, 0.561881959438324, 0.42682185769081116, 0.29269418120384216, 0.5123831033706665]
[0.4758692681789398, 0.5671343803405762, 0.4664519131183624, 0.3051452934741974, 0.4674079716205597]
[0.4758692681789398, 0.5671343803405762, 0.4664519131183624, 0.3051452934741974, 0.4674079716205597]
[0.4758692681789398, 0.5671343803405762, 0.4664519131183624, 0.3051452934741974, 0.4674079716205597]
[0.4459330141544342, 0.5636568069458008, 0.46747756004333496, 0.3480726480484009, 0.5060897469520569]
[0.45038849115371704, 0.5806397199630737, 0.4870557487010956, 0.33164697885513306, 0.48786020278930664]
[0.47694045305252075, 0.5855438113212585, 0.44601720571517944, 0.28587138652801514, 0.5241120457649231]
[0.45826640725135803, 0.5797885060310364, 0.4446369707584381, 0.30567532777786255, 0.5150309801101685]
[0.4459330141544342, 0.5636568069458008, 0.46747756004333496, 0.3480726480484009, 0.5060897469520569]
[0.5054706931114197, 0.56634521484375, 0.4485403895378113, 0.33463621139526367, 0.5184803605079651]
[0.49819183349609375, 0.5695810914039612, 0.4092336595058441, 0.28381651639938354, 0.5330636501312256]
[0.5300460457801819, 0.5836101770401001, 0.4338240325450897, 0.26199889183044434, 0.542118489742279]
[0.49819183349609375, 0.5695810914039612, 0.4092336595058441, 0.28381651639938354, 0.5330636501312256]
[0.4758692681789398, 0.5671343803405762, 0.4664519131183624, 0.3051452934741974, 0.4674079716205597]
[0.49819183349609375, 0.5695810914039612, 0.4092336595058441, 0.28381651639938354, 0.5330636501312256]
