0
教你如何花式穿鞋带，会玩~
[0.45764264464378357, 0.5499629974365234, 0.4808701276779175, 0.3415197730064392, 0.5075908899307251]
[0.4717525839805603, 0.5146387219429016, 0.4489915072917938, 0.3427176773548126, 0.4879297912120819]
[0.5250999331474304, 0.5859191417694092, 0.41875576972961426, 0.2912839949131012, 0.5244807600975037]
[0.5104954242706299, 0.5870990753173828, 0.42569199204444885, 0.2695339024066925, 0.5407517552375793]
[0.44205859303474426, 0.5603263974189758, 0.4660647511482239, 0.3196389675140381, 0.48530885577201843]
[0.5562946200370789, 0.5641605257987976, 0.44385212659835815, 0.2779926657676697, 0.5596797466278076]
[0.49370720982551575, 0.5661159753799438, 0.446285218000412, 0.3120608627796173, 0.5020173788070679]
[0.3682872951030731, 0.5410106182098389, 0.43682804703712463, 0.29630130529403687, 0.4435845613479614]
[0.535548985004425, 0.5743044018745422, 0.4219232201576233, 0.27131181955337524, 0.5345061421394348]
[0.49819183349609375, 0.5695810914039612, 0.4092336595058441, 0.28381651639938354, 0.5330636501312256]
[0.4755237102508545, 0.5938897728919983, 0.43617796897888184, 0.25363796949386597, 0.5189237594604492]
[0.45955798029899597, 0.5605957508087158, 0.45125871896743774, 0.3119511008262634, 0.46328240633010864]
