0
【12月新规来啦！我们的生活又有哪些改变！】①邮政寄件有望上门揽件;②节水型坐便器不大于5升;③北京婚姻登记实现跨区领证;④南昌、武汉、长沙、合肥职工医保异地就医即时结算;⑤山东14个设区市正式获立法权;⑥西安民意调查作假可追究法律责任。转之,让更多朋友获益吧！戳图↓↓了解更多新规。
[0.5640032291412354, 0.525646984577179, 0.48453763127326965, 0.3732171654701233, 0.5848224759101868]
[0.5223145484924316, 0.5583509206771851, 0.4478148818016052, 0.316928893327713, 0.5142474174499512]
[0.5614953637123108, 0.5872273445129395, 0.4072626829147339, 0.2791159152984619, 0.5397410988807678]
[0.4852297902107239, 0.5652069449424744, 0.440355509519577, 0.28248146176338196, 0.5403865575790405]
[0.5388715267181396, 0.5545434355735779, 0.4339083731174469, 0.3051627576351166, 0.5611011385917664]
[0.5703542232513428, 0.5221626162528992, 0.4796306788921356, 0.3704313635826111, 0.5719367861747742]
[0.3750758469104767, 0.5443251729011536, 0.4655609726905823, 0.3071404993534088, 0.43014052510261536]
[0.55459064245224, 0.5431127548217773, 0.4307692050933838, 0.298672080039978, 0.5563670992851257]
[0.4355964660644531, 0.5278539061546326, 0.4955029785633087, 0.38895606994628906, 0.45421066880226135]
[0.5401456356048584, 0.5865879654884338, 0.42926907539367676, 0.29002827405929565, 0.550402045249939]
[0.5503239631652832, 0.5762636065483093, 0.4293135404586792, 0.29355648159980774, 0.537830650806427]
[0.4993188679218292, 0.5695251822471619, 0.4774503707885742, 0.3635137677192688, 0.5248185992240906]
[0.4993188679218292, 0.5695251822471619, 0.4774503707885742, 0.3635137677192688, 0.5248185992240906]
[0.4128100872039795, 0.5721431374549866, 0.43750932812690735, 0.29480528831481934, 0.47108665108680725]
[0.5274142026901245, 0.5653921365737915, 0.41347846388816833, 0.3015584945678711, 0.5253843665122986]
[0.51861971616745, 0.5012680888175964, 0.49201714992523193, 0.33345285058021545, 0.5570176839828491]
[0.5640032291412354, 0.525646984577179, 0.48453763127326965, 0.3732171654701233, 0.5848224759101868]
[0.6109906435012817, 0.5825499296188354, 0.37038731575012207, 0.22031761705875397, 0.6082996726036072]
[0.469292014837265, 0.5485830307006836, 0.44726064801216125, 0.3176061511039734, 0.47870171070098877]
[0.5247026681900024, 0.5847142934799194, 0.44117605686187744, 0.2729543447494507, 0.5531207919120789]
[0.5640032291412354, 0.525646984577179, 0.48453763127326965, 0.3732171654701233, 0.5848224759101868]
[0.5502508282661438, 0.5858563780784607, 0.43778708577156067, 0.2803831100463867, 0.554060697555542]
