0
【“顺其自然”，如期而至via.央视新闻
[0.41317132115364075, 0.4881218373775482, 0.5083171129226685, 0.3764575719833374, 0.46384626626968384]
[0.48606905341148376, 0.5653390884399414, 0.42291659116744995, 0.2744303345680237, 0.5293554067611694]
[0.49906685948371887, 0.5662293434143066, 0.44127580523490906, 0.30042392015457153, 0.5265483856201172]
[0.5259244441986084, 0.591302216053009, 0.4353167712688446, 0.285992294549942, 0.5472526550292969]
[0.5066985487937927, 0.5802074670791626, 0.4312897324562073, 0.2776964008808136, 0.5242576003074646]
[0.48606905341148376, 0.5653390884399414, 0.42291659116744995, 0.2744303345680237, 0.5293554067611694]
[0.424373596906662, 0.5883125066757202, 0.42512840032577515, 0.2737734019756317, 0.49759748578071594]
[0.47803544998168945, 0.5717142224311829, 0.4283445179462433, 0.29115355014801025, 0.5066173076629639]
[0.6058078408241272, 0.5372364521026611, 0.423220157623291, 0.29144522547721863, 0.5892709493637085]
[0.52797931432724, 0.5349875092506409, 0.4146030843257904, 0.27142152190208435, 0.5638643503189087]
[0.5658385753631592, 0.5519149899482727, 0.4217540919780731, 0.2881934940814972, 0.56057208776474]
[0.43573111295700073, 0.5697500109672546, 0.41912469267845154, 0.284992516040802, 0.49424856901168823]
[0.394902765750885, 0.5590205192565918, 0.43615007400512695, 0.3088383674621582, 0.45786234736442566]
[0.4497474133968353, 0.5778601169586182, 0.4308377802371979, 0.28542283177375793, 0.5134887099266052]
[0.5058829188346863, 0.5642431974411011, 0.4169326424598694, 0.2709400951862335, 0.5508176684379578]
[0.5420872569084167, 0.5889909863471985, 0.4299320876598358, 0.2888936996459961, 0.5575559139251709]
[0.3233802914619446, 0.5284208655357361, 0.4427292048931122, 0.3060927391052246, 0.4310925602912903]
[0.5790079236030579, 0.5759755373001099, 0.39657869935035706, 0.2616988718509674, 0.5790634751319885]
[0.4233817458152771, 0.5591354370117188, 0.44877657294273376, 0.3499539792537689, 0.47796431183815]
[0.535548985004425, 0.5743044018745422, 0.4219232201576233, 0.27131181955337524, 0.5345061421394348]
[0.42653927206993103, 0.5737385749816895, 0.42159315943717957, 0.2814728021621704, 0.4679858386516571]
[0.5241172313690186, 0.5849148631095886, 0.4210233986377716, 0.265076220035553, 0.5400421023368835]
[0.45938897132873535, 0.5676960349082947, 0.4240250885486603, 0.27028289437294006, 0.534372091293335]
[0.5915583968162537, 0.586513876914978, 0.3981623947620392, 0.25002723932266235, 0.5803361535072327]
[0.5301080942153931, 0.5072604417800903, 0.4850677251815796, 0.3461587727069855, 0.5054838061332703]
[0.5070725679397583, 0.5795678496360779, 0.4309682846069336, 0.25872695446014404, 0.538472592830658]
[0.5021108984947205, 0.5362264513969421, 0.4519408643245697, 0.34402337670326233, 0.5656331181526184]
