0
【读者调查：你遭遇过流量偷跑吗？】新华网报道，手机流量不清零政策推出不足2个月，流量莫名其妙“偷跑”事件频出。消费者一年为此多付出近400亿。你遭遇流量偷跑会怎么办？
[0.4972571134567261, 0.5081608891487122, 0.4959648847579956, 0.3351435661315918, 0.5354714393615723]
[0.5036777257919312, 0.5651485323905945, 0.44745028018951416, 0.3409762382507324, 0.4983086884021759]
[0.4602530002593994, 0.5593540072441101, 0.4608531594276428, 0.3108411431312561, 0.5092102885246277]
[0.5230729579925537, 0.5848919153213501, 0.44164180755615234, 0.2819742262363434, 0.5286920666694641]
[0.40983089804649353, 0.5388756394386292, 0.45682889223098755, 0.33535119891166687, 0.47347795963287354]
[0.5034669637680054, 0.564436674118042, 0.433066725730896, 0.30351337790489197, 0.508977472782135]
[0.33779698610305786, 0.5159364342689514, 0.5110487937927246, 0.4618050158023834, 0.42532727122306824]
[0.5275238752365112, 0.5782062411308289, 0.39148882031440735, 0.2287568300962448, 0.5637001395225525]
[0.4179038107395172, 0.5234294533729553, 0.5430518388748169, 0.39001014828681946, 0.4870993196964264]
[0.48902708292007446, 0.5728645324707031, 0.43991315364837646, 0.3036525845527649, 0.515604555606842]
[0.5271063446998596, 0.6012611389160156, 0.42654192447662354, 0.26165875792503357, 0.5398086309432983]
[0.5146705508232117, 0.5200998783111572, 0.463746577501297, 0.3970567286014557, 0.5411210656166077]
[0.4696204364299774, 0.5418024063110352, 0.4825715720653534, 0.35645991563796997, 0.5162592530250549]
[0.45413288474082947, 0.5257003307342529, 0.45265787839889526, 0.28703173995018005, 0.500635027885437]
[0.3664727509021759, 0.554492712020874, 0.4789113998413086, 0.287409245967865, 0.4113079607486725]
[0.4798237085342407, 0.5000903010368347, 0.5105477571487427, 0.4295399785041809, 0.499944806098938]
[0.48652464151382446, 0.5577484369277954, 0.4288859963417053, 0.29089465737342834, 0.5395821928977966]
[0.44385725259780884, 0.5358559489250183, 0.4887174367904663, 0.43229609727859497, 0.4345482885837555]
[0.5194963216781616, 0.5540929436683655, 0.4372987747192383, 0.29037851095199585, 0.5531607270240784]
[0.45334216952323914, 0.5633997917175293, 0.44288626313209534, 0.2936517000198364, 0.5119593143463135]
[0.511255145072937, 0.5555015802383423, 0.44553065299987793, 0.29960352182388306, 0.5322266817092896]
[0.49357447028160095, 0.5483063459396362, 0.46779394149780273, 0.3279406428337097, 0.5251271724700928]
[0.5018494129180908, 0.581564724445343, 0.43106451630592346, 0.26752614974975586, 0.5505437850952148]
[0.49432894587516785, 0.555432915687561, 0.4695969820022583, 0.2986844480037689, 0.5177608132362366]
