0
【荷兰领馆哭了："憋"砸了 俄罗斯领馆在隔壁】据说，俄军战机“侵犯”土耳其领空后，怒气冲冲的伊斯坦布尔民众第一时间杀向了俄罗斯领馆——的隔壁，荷兰领馆。冒着“蛋雨”，欲哭无泪的荷兰总领事发了这么条推特：“老是不爽的土耳其示威者错把我们当成邻居俄罗斯领事馆了。 ”
[0.5045093297958374, 0.5215484499931335, 0.5004136562347412, 0.3609917461872101, 0.5069283843040466]
[0.4606824815273285, 0.5584662556648254, 0.45040053129196167, 0.3201299011707306, 0.48185744881629944]
[0.48379552364349365, 0.5937032699584961, 0.41920071840286255, 0.2830924987792969, 0.4925927221775055]
[0.43607693910598755, 0.556890606880188, 0.47411057353019714, 0.3383573293685913, 0.49465033411979675]
[0.5162134766578674, 0.5877827405929565, 0.40514546632766724, 0.27134519815444946, 0.5430715680122375]
[0.5559366941452026, 0.5655050277709961, 0.41002357006073, 0.2584134340286255, 0.5596079230308533]
[0.5190535187721252, 0.5886873006820679, 0.4263933300971985, 0.2736629843711853, 0.5547147393226624]
[0.4380626082420349, 0.5383973717689514, 0.4707755446434021, 0.3514469265937805, 0.4766555726528168]
[0.4518320560455322, 0.5722922682762146, 0.45011839270591736, 0.28522688150405884, 0.5079637765884399]
[0.5070725679397583, 0.5795678496360779, 0.4309682846069336, 0.25872695446014404, 0.538472592830658]
[0.5889542698860168, 0.5714396238327026, 0.40143829584121704, 0.2664742171764374, 0.5794781446456909]
[0.5580666661262512, 0.5596686601638794, 0.4026618003845215, 0.2686462998390198, 0.5461190938949585]
[0.4754315912723541, 0.5678887367248535, 0.426074355840683, 0.277986079454422, 0.4992229640483856]
[0.6309479475021362, 0.5599254965782166, 0.38114166259765625, 0.24809253215789795, 0.6088895201683044]
[0.5234231948852539, 0.5935470461845398, 0.4282901883125305, 0.2784254550933838, 0.5500008463859558]
[0.5615060329437256, 0.5841159224510193, 0.39749354124069214, 0.27023908495903015, 0.5706154108047485]
[0.5259272456169128, 0.5853098630905151, 0.42547228932380676, 0.275217205286026, 0.5485794544219971]
[0.49392348527908325, 0.5823836922645569, 0.43433085083961487, 0.2811702489852905, 0.5495081543922424]
[0.5004206895828247, 0.5760725140571594, 0.4329943060874939, 0.30623477697372437, 0.5002053380012512]
[0.3800664246082306, 0.5439997315406799, 0.46994444727897644, 0.34666115045547485, 0.4644976258277893]
[0.3962860405445099, 0.5645008683204651, 0.4759019613265991, 0.300518661737442, 0.46258780360221863]
[0.418197900056839, 0.5597917437553406, 0.4422590136528015, 0.29513025283813477, 0.48464494943618774]
[0.6060641407966614, 0.5853062272071838, 0.384230375289917, 0.22995564341545105, 0.5922051668167114]
[0.45038384199142456, 0.5367498993873596, 0.4857420027256012, 0.35745176672935486, 0.4968963861465454]
[0.5070725679397583, 0.5795678496360779, 0.4309682846069336, 0.25872695446014404, 0.538472592830658]
[0.41684719920158386, 0.5712109804153442, 0.44959884881973267, 0.27353283762931824, 0.49966561794281006]
[0.450163334608078, 0.5647263526916504, 0.44963538646698, 0.3351496458053589, 0.4858580231666565]
[0.5865036845207214, 0.5659858584403992, 0.3868383467197418, 0.24263010919094086, 0.6003381609916687]
[0.6261783838272095, 0.5606667399406433, 0.3796393871307373, 0.24957814812660217, 0.6046227216720581]
[0.5605061054229736, 0.5837819576263428, 0.4088650047779083, 0.25496211647987366, 0.5675755143165588]
[0.5421438217163086, 0.5417503118515015, 0.4296092987060547, 0.3291309177875519, 0.5570650100708008]
[0.558872401714325, 0.5754489302635193, 0.39402392506599426, 0.2762373089790344, 0.5717193484306335]
[0.45150765776634216, 0.559948742389679, 0.4400072395801544, 0.3013461232185364, 0.4832761585712433]
[0.5193629860877991, 0.5856478810310364, 0.41173920035362244, 0.282301664352417, 0.5441094636917114]
[0.5684458017349243, 0.5230765342712402, 0.4271300137042999, 0.2882569432258606, 0.5656512379646301]
[0.43800675868988037, 0.5615965723991394, 0.45066529512405396, 0.30790767073631287, 0.47964975237846375]
[0.5302908420562744, 0.5776386260986328, 0.420223206281662, 0.2701927721500397, 0.5522408485412598]
[0.46631646156311035, 0.5633949041366577, 0.4509207308292389, 0.3089018166065216, 0.49543270468711853]
[0.5354865789413452, 0.5888907313346863, 0.41922876238822937, 0.2605830132961273, 0.5253303050994873]
[0.5535337924957275, 0.6107580661773682, 0.42254284024238586, 0.26326942443847656, 0.5784542560577393]
[0.5117475986480713, 0.568361759185791, 0.46477383375167847, 0.32097339630126953, 0.5485929846763611]
[0.5193629860877991, 0.5856478810310364, 0.41173920035362244, 0.282301664352417, 0.5441094636917114]
[0.4877655804157257, 0.5511384606361389, 0.4285474121570587, 0.28611069917678833, 0.5512832403182983]
[0.4278497099876404, 0.5654309391975403, 0.4568594694137573, 0.2747919261455536, 0.4823925793170929]
[0.5397323966026306, 0.5986484289169312, 0.42316994071006775, 0.2700996696949005, 0.5608393549919128]
[0.442074716091156, 0.5393038988113403, 0.47221189737319946, 0.3484380543231964, 0.49504026770591736]
[0.5552852153778076, 0.5857468843460083, 0.4001559317111969, 0.27149248123168945, 0.5646634697914124]
[0.5580443739891052, 0.5428332686424255, 0.45172518491744995, 0.3209492266178131, 0.5506223440170288]
[0.5070725679397583, 0.5795678496360779, 0.4309682846069336, 0.25872695446014404, 0.538472592830658]
[0.4269879162311554, 0.5643128156661987, 0.4684346616268158, 0.3513258099555969, 0.4447406232357025]
[0.5240836143493652, 0.5608428120613098, 0.41842150688171387, 0.28101247549057007, 0.5415486693382263]
[0.4578231871128082, 0.5549302101135254, 0.48008832335472107, 0.3414473533630371, 0.5197578072547913]
[0.5277813673019409, 0.5636532306671143, 0.4412819743156433, 0.32910630106925964, 0.5428583025932312]
[0.5070725679397583, 0.5795678496360779, 0.4309682846069336, 0.25872695446014404, 0.538472592830658]
[0.5070725679397583, 0.5795678496360779, 0.4309682846069336, 0.25872695446014404, 0.538472592830658]
[0.5764864683151245, 0.5959110260009766, 0.4033464789390564, 0.24960270524024963, 0.5860447287559509]
[0.4514324963092804, 0.5575992465019226, 0.45350131392478943, 0.340752512216568, 0.48385897278785706]
[0.46391409635543823, 0.5715456604957581, 0.42287907004356384, 0.3098909854888916, 0.5134065747261047]
[0.4413451850414276, 0.5587931871414185, 0.44676971435546875, 0.3408391773700714, 0.5092165470123291]
[0.4769832491874695, 0.5562377572059631, 0.4308927059173584, 0.315694659948349, 0.5269335508346558]
[0.46354690194129944, 0.5753000974655151, 0.4269177317619324, 0.28713732957839966, 0.48884376883506775]
[0.4789482355117798, 0.5558452010154724, 0.414985328912735, 0.27743449807167053, 0.5188654065132141]
[0.5055826306343079, 0.5711227655410767, 0.45518144965171814, 0.26732462644577026, 0.5011922717094421]
[0.5547686815261841, 0.5157621502876282, 0.47110602259635925, 0.2833084166049957, 0.5270935297012329]
[0.43698710203170776, 0.5401807427406311, 0.44864240288734436, 0.34943708777427673, 0.5123860239982605]
[0.5286060571670532, 0.5800371170043945, 0.42055544257164, 0.27019914984703064, 0.5285413861274719]
[0.5045093297958374, 0.5215484499931335, 0.5004136562347412, 0.3609917461872101, 0.5069283843040466]
[0.5552852153778076, 0.5857468843460083, 0.4001559317111969, 0.27149248123168945, 0.5646634697914124]
[0.5070725679397583, 0.5795678496360779, 0.4309682846069336, 0.25872695446014404, 0.538472592830658]
