0
【雾霾橙色预警，你的口罩选好了吗？】今天，北京启动了2015年第一个空气重污染橙色预警。为保护自己的呼吸系统，你需要选择好口罩——是能够过滤掉空气中脏东西的那种，不是纱布、棉布之类。如何选择？戳这里： 这个点儿还在外面的人要小心了，你们回家可能会迷路
[0.5062074661254883, 0.538983941078186, 0.5086492896080017, 0.3923303484916687, 0.5400964021682739]
[0.44526177644729614, 0.5782157182693481, 0.43330898880958557, 0.3055168688297272, 0.4906873404979706]
[0.4691506028175354, 0.5822502970695496, 0.45325252413749695, 0.2746956944465637, 0.49567070603370667]
[0.4073534309864044, 0.5487921237945557, 0.4682005047798157, 0.3460851311683655, 0.4609262943267822]
[0.4776436984539032, 0.5807640552520752, 0.42294254899024963, 0.279990017414093, 0.5013983249664307]
[0.545017421245575, 0.5755293369293213, 0.4112215042114258, 0.21554522216320038, 0.5575876832008362]
[0.5000815987586975, 0.5727086663246155, 0.46183446049690247, 0.2705378830432892, 0.5358144640922546]
[0.47515979409217834, 0.5755615234375, 0.44388875365257263, 0.2964165210723877, 0.5071349740028381]
[0.5349631309509277, 0.5938583612442017, 0.4310930073261261, 0.25826460123062134, 0.5505754351615906]
[0.33028143644332886, 0.5246114730834961, 0.5085287094116211, 0.3908236622810364, 0.41599032282829285]
[0.4735332727432251, 0.5727096199989319, 0.4691692292690277, 0.3236205577850342, 0.515295147895813]
[0.5150219798088074, 0.5602597594261169, 0.449860543012619, 0.27603259682655334, 0.531005322933197]
[0.41069141030311584, 0.5492536425590515, 0.4323348104953766, 0.2860703766345978, 0.44620436429977417]
[0.4483048617839813, 0.5493310689926147, 0.45914748311042786, 0.3130805492401123, 0.5164991021156311]
[0.5749980211257935, 0.5837607979774475, 0.4098586142063141, 0.2677125036716461, 0.5444161295890808]
[0.49289512634277344, 0.5445772409439087, 0.4481009840965271, 0.30477091670036316, 0.5084508657455444]
[0.44594934582710266, 0.5536803603172302, 0.4310964345932007, 0.30124399065971375, 0.477466344833374]
[0.5367592573165894, 0.5809871554374695, 0.42503976821899414, 0.2677156925201416, 0.5596100091934204]
[0.48056742548942566, 0.5365449786186218, 0.43149739503860474, 0.31035032868385315, 0.49607527256011963]
[0.5164196491241455, 0.5648417472839355, 0.44384506344795227, 0.30010852217674255, 0.5304039120674133]
[0.5268009305000305, 0.5736085772514343, 0.44359290599823, 0.3414711654186249, 0.5408002734184265]
[0.4696716368198395, 0.5549660325050354, 0.4583151936531067, 0.33449068665504456, 0.5066695213317871]
[0.5040035247802734, 0.5719863772392273, 0.43091994524002075, 0.27657848596572876, 0.5261465907096863]
[0.49819183349609375, 0.5695810914039612, 0.4092336595058441, 0.28381651639938354, 0.5330636501312256]
[0.5066186189651489, 0.5439501404762268, 0.4749974012374878, 0.3951844871044159, 0.506725549697876]
[0.5354865789413452, 0.5888907313346863, 0.41922876238822937, 0.2605830132961273, 0.5253303050994873]
[0.5111174583435059, 0.578956127166748, 0.4344998002052307, 0.2860732078552246, 0.524562418460846]
[0.5238269567489624, 0.5756938457489014, 0.43178462982177734, 0.2660461962223053, 0.530784010887146]
[0.4675782322883606, 0.5786431431770325, 0.43456995487213135, 0.2844785451889038, 0.5143944025039673]
[0.4786350131034851, 0.5756798982620239, 0.4610808491706848, 0.28443095088005066, 0.521641194820404]
[0.5320870876312256, 0.5954606533050537, 0.430419385433197, 0.2705744802951813, 0.5401834845542908]
[0.5135851502418518, 0.5848715305328369, 0.42605262994766235, 0.2699795961380005, 0.5244690179824829]
[0.4610932171344757, 0.5772851705551147, 0.42677268385887146, 0.3196922242641449, 0.48788654804229736]
[0.5070725679397583, 0.5795678496360779, 0.4309682846069336, 0.25872695446014404, 0.538472592830658]
[0.46717873215675354, 0.5306227803230286, 0.4581589996814728, 0.355731725692749, 0.5001605749130249]
[0.49819183349609375, 0.5695810914039612, 0.4092336595058441, 0.28381651639938354, 0.5330636501312256]
[0.41413411498069763, 0.5380295515060425, 0.4601800739765167, 0.33819952607154846, 0.4619416892528534]
[0.49010398983955383, 0.579554557800293, 0.43991273641586304, 0.2831385135650635, 0.5301784873008728]
[0.46094515919685364, 0.5263593792915344, 0.47731539607048035, 0.3071443736553192, 0.482334703207016]
[0.5115551948547363, 0.5358915328979492, 0.504633903503418, 0.4108891785144806, 0.5255404710769653]
[0.5241531133651733, 0.5508056879043579, 0.43430399894714355, 0.2846309542655945, 0.4836677610874176]
[0.47326773405075073, 0.5571272969245911, 0.4524860084056854, 0.31396976113319397, 0.4863249957561493]
[0.49819183349609375, 0.5695810914039612, 0.4092336595058441, 0.28381651639938354, 0.5330636501312256]
[0.5204005837440491, 0.5765751600265503, 0.414840430021286, 0.27921798825263977, 0.5558071136474609]
[0.4656709134578705, 0.5477345585823059, 0.44983309507369995, 0.31223124265670776, 0.4674273431301117]
[0.5185933113098145, 0.5886591672897339, 0.41420748829841614, 0.28358691930770874, 0.5321028828620911]
[0.4945177733898163, 0.5925605297088623, 0.42961373925209045, 0.28008243441581726, 0.5059428811073303]
[0.579244077205658, 0.5762677192687988, 0.384125292301178, 0.24575093388557434, 0.5830616354942322]
[0.422402948141098, 0.5784655213356018, 0.4489034116268158, 0.30757468938827515, 0.49259713292121887]
[0.49819183349609375, 0.5695810914039612, 0.4092336595058441, 0.28381651639938354, 0.5330636501312256]
[0.510422945022583, 0.5662554502487183, 0.42842960357666016, 0.2896336019039154, 0.5341519117355347]
[0.4690595269203186, 0.5747420787811279, 0.46667757630348206, 0.3214784264564514, 0.4789767861366272]
[0.3717663288116455, 0.5591752529144287, 0.44442230463027954, 0.2877909243106842, 0.4457230567932129]
[0.5496302247047424, 0.554487407207489, 0.4627937078475952, 0.3249725103378296, 0.4960581958293915]
[0.49819183349609375, 0.5695810914039612, 0.4092336595058441, 0.28381651639938354, 0.5330636501312256]
[0.5150471925735474, 0.5858598351478577, 0.4187454879283905, 0.28547608852386475, 0.538209855556488]
[0.3717663288116455, 0.5591752529144287, 0.44442230463027954, 0.2877909243106842, 0.4457230567932129]
[0.40729349851608276, 0.5317589640617371, 0.4739188253879547, 0.35261270403862, 0.44328123331069946]
[0.49485349655151367, 0.579497218132019, 0.4135984182357788, 0.27667441964149475, 0.5132171511650085]
[0.4718056321144104, 0.5602163076400757, 0.4638063609600067, 0.3249434232711792, 0.46678271889686584]
[0.49819183349609375, 0.5695810914039612, 0.4092336595058441, 0.28381651639938354, 0.5330636501312256]
[0.5105427503585815, 0.5642135739326477, 0.4513569474220276, 0.3376709222793579, 0.4969184696674347]
[0.5291807651519775, 0.5665085911750793, 0.42663586139678955, 0.2678058445453644, 0.4818362891674042]
[0.4103679060935974, 0.5465008616447449, 0.5072298645973206, 0.4215863049030304, 0.4517212510108948]
[0.5447071194648743, 0.5779047608375549, 0.4179310202598572, 0.2718667685985565, 0.5434228181838989]
[0.5013289451599121, 0.5539819598197937, 0.44711175560951233, 0.3071760833263397, 0.503326952457428]
[0.5354865789413452, 0.5888907313346863, 0.41922876238822937, 0.2605830132961273, 0.5253303050994873]
[0.5271714329719543, 0.5865908861160278, 0.4414418339729309, 0.2783567011356354, 0.5354265570640564]
[0.47232452034950256, 0.5767027735710144, 0.41877317428588867, 0.27775833010673523, 0.4909546375274658]
[0.5198698043823242, 0.5529049634933472, 0.45676133036613464, 0.293861985206604, 0.5079323649406433]
[0.477102667093277, 0.5654633045196533, 0.4432792663574219, 0.28136131167411804, 0.5408666729927063]
[0.4536082446575165, 0.5560065507888794, 0.4704081416130066, 0.3446761965751648, 0.49457913637161255]
[0.558176577091217, 0.5837705731391907, 0.4205693006515503, 0.26933491230010986, 0.5672476291656494]
[0.407254695892334, 0.5105428099632263, 0.5229765176773071, 0.40099114179611206, 0.4760657548904419]
[0.5384089350700378, 0.5968484282493591, 0.41562217473983765, 0.26206308603286743, 0.5566978454589844]
[0.39111047983169556, 0.5257740616798401, 0.48456740379333496, 0.38285747170448303, 0.4496815502643585]
[0.4098649322986603, 0.5644394159317017, 0.46650415658950806, 0.2978475093841553, 0.4709746241569519]
[0.5070725679397583, 0.5795678496360779, 0.4309682846069336, 0.25872695446014404, 0.538472592830658]
[0.5245167016983032, 0.5782031416893005, 0.4277121126651764, 0.2865750789642334, 0.534188449382782]
[0.47348281741142273, 0.585365891456604, 0.4250524044036865, 0.2873302102088928, 0.5068161487579346]
[0.5057548880577087, 0.5745404958724976, 0.44518640637397766, 0.30390265583992004, 0.5112330913543701]
[0.5073956251144409, 0.5627232789993286, 0.4709237515926361, 0.31856656074523926, 0.5084891319274902]
[0.4953020513057709, 0.5733463168144226, 0.43214505910873413, 0.29853883385658264, 0.517427921295166]
[0.5290800929069519, 0.5793108940124512, 0.44694018363952637, 0.2946198284626007, 0.5433772802352905]
[0.4800226092338562, 0.5494568347930908, 0.46304160356521606, 0.34366026520729065, 0.4682367742061615]
[0.45916396379470825, 0.5556660294532776, 0.4946814477443695, 0.3455440402030945, 0.4984890818595886]
[0.5016107559204102, 0.5791465044021606, 0.44615161418914795, 0.2701795697212219, 0.5299338698387146]
[0.4267783761024475, 0.566448986530304, 0.44579195976257324, 0.28787779808044434, 0.4777248799800873]
[0.5017319321632385, 0.5790450572967529, 0.42531004548072815, 0.29619699716567993, 0.5310044884681702]
[0.45430266857147217, 0.5404641032218933, 0.5309091806411743, 0.4604872465133667, 0.5325096249580383]
[0.5312820076942444, 0.57557612657547, 0.42441654205322266, 0.3001440465450287, 0.5311747193336487]
[0.37666836380958557, 0.5663026571273804, 0.43785932660102844, 0.29862675070762634, 0.4709177613258362]
[0.49846792221069336, 0.5630505681037903, 0.4580118656158447, 0.3140394985675812, 0.523918867111206]
[0.515397310256958, 0.5409940481185913, 0.4537833333015442, 0.2942725718021393, 0.502975583076477]
[0.5069489479064941, 0.5700867772102356, 0.4718911051750183, 0.284096360206604, 0.4801481068134308]
[0.45867353677749634, 0.5266857147216797, 0.4971008002758026, 0.3556169271469116, 0.46785768866539]
[0.4738106429576874, 0.5825183987617493, 0.4357554614543915, 0.30588430166244507, 0.4958347678184509]
[0.5077881217002869, 0.5789831876754761, 0.4381884038448334, 0.26749202609062195, 0.5509269833564758]
[0.46016907691955566, 0.5120962858200073, 0.5287219285964966, 0.3873249590396881, 0.46819233894348145]
[0.46746066212654114, 0.5475743412971497, 0.4603327214717865, 0.31910091638565063, 0.5076258182525635]
[0.501189112663269, 0.5604146122932434, 0.4564225375652313, 0.33215516805648804, 0.5187848210334778]
