0
【小孩大白天从父亲怀里被偷 警方迅速破案】近日，广州的廖先生抱着1岁多的孩子在自家店铺午休，睡醒后竟发现怀抱中的宝宝不见了。查看监控发现，一年轻男子趁廖先生打盹时将熟睡的孩子偷走，逃离现场。经追踪，警方最终在湖北咸宁发现孩子。目前嫌疑人已被刑拘。
[0.5394389033317566, 0.5466736555099487, 0.48491665720939636, 0.3124179542064667, 0.5364577174186707]
[0.5092087388038635, 0.5437089204788208, 0.46383264660835266, 0.3201259672641754, 0.5088878870010376]
[0.5643336176872253, 0.598152756690979, 0.42296716570854187, 0.26225802302360535, 0.5468106865882874]
[0.5502533316612244, 0.5312448740005493, 0.41978147625923157, 0.28317323327064514, 0.554564893245697]
[0.5394389033317566, 0.5466736555099487, 0.48491665720939636, 0.3124179542064667, 0.5364577174186707]
[0.501366913318634, 0.5680580735206604, 0.4295506179332733, 0.2752631902694702, 0.5360804200172424]
[0.5520261526107788, 0.5944716334342957, 0.43265146017074585, 0.2748241424560547, 0.5699587464332581]
[0.5044952630996704, 0.5992588996887207, 0.41421130299568176, 0.26443248987197876, 0.4935078024864197]
[0.4211890399456024, 0.5863521695137024, 0.43866825103759766, 0.2876727879047394, 0.48109063506126404]
[0.43735650181770325, 0.560788631439209, 0.4648861885070801, 0.3253699541091919, 0.4737766683101654]
[0.47123855352401733, 0.565840482711792, 0.4432713985443115, 0.2847209572792053, 0.5032461881637573]
[0.5632700324058533, 0.5859576463699341, 0.4485779106616974, 0.29636576771736145, 0.5550640821456909]
[0.5581064820289612, 0.5560138821601868, 0.4054221212863922, 0.27710047364234924, 0.5550922751426697]
[0.5429694652557373, 0.5283402800559998, 0.42167988419532776, 0.31856632232666016, 0.5368214845657349]
[0.56928950548172, 0.5695306658744812, 0.3992297053337097, 0.2698109447956085, 0.5763968825340271]
[0.4562986493110657, 0.5796428322792053, 0.462797075510025, 0.28614985942840576, 0.5169244408607483]
[0.48185616731643677, 0.5842239260673523, 0.44138339161872864, 0.2644314169883728, 0.5206707119941711]
[0.5719390511512756, 0.5926949381828308, 0.3954349458217621, 0.24798469245433807, 0.554084062576294]
[0.4541056454181671, 0.5546947717666626, 0.42790690064430237, 0.31233638525009155, 0.5039473176002502]
[0.5105016827583313, 0.6013490557670593, 0.4216020703315735, 0.27043604850769043, 0.5220720767974854]
[0.5287009477615356, 0.5731757283210754, 0.42915061116218567, 0.28152886033058167, 0.5201080441474915]
[0.5362536907196045, 0.5919626355171204, 0.3976343274116516, 0.26574116945266724, 0.521458625793457]
[0.5070725679397583, 0.5795678496360779, 0.4309682846069336, 0.25872695446014404, 0.538472592830658]
[0.5461031794548035, 0.5690182447433472, 0.4455700218677521, 0.30591881275177, 0.5593850612640381]
[0.5779364705085754, 0.568667471408844, 0.3938015103340149, 0.26889505982398987, 0.5692043900489807]
[0.5082159042358398, 0.5814405679702759, 0.4183911085128784, 0.2976249158382416, 0.5180730819702148]
[0.458839476108551, 0.5023561716079712, 0.48151469230651855, 0.40613657236099243, 0.4731762111186981]
[0.5370272397994995, 0.5509897470474243, 0.4463563561439514, 0.3341750204563141, 0.541973888874054]
[0.5640581250190735, 0.5864149332046509, 0.41376540064811707, 0.25057315826416016, 0.5799334645271301]
[0.5574812293052673, 0.5868527293205261, 0.4368758201599121, 0.28551599383354187, 0.555027961730957]
[0.4186185300350189, 0.5393860340118408, 0.4905882179737091, 0.39042550325393677, 0.466450572013855]
[0.5023696422576904, 0.5759857892990112, 0.418034166097641, 0.28661108016967773, 0.5334573984146118]
[0.5149213075637817, 0.5745115280151367, 0.4294396936893463, 0.2818833291530609, 0.5206738114356995]
[0.4993098974227905, 0.5743233561515808, 0.43736061453819275, 0.30334725975990295, 0.5114270448684692]
[0.5408440232276917, 0.507125735282898, 0.4241168797016144, 0.32204607129096985, 0.5834901332855225]
[0.4191594123840332, 0.5374162197113037, 0.4534858167171478, 0.3145359456539154, 0.4636123776435852]
[0.41498565673828125, 0.5237998366355896, 0.49108535051345825, 0.36615973711013794, 0.4786853790283203]
[0.5040035247802734, 0.5719863772392273, 0.43091994524002075, 0.27657848596572876, 0.5261465907096863]
[0.5270923972129822, 0.5820902585983276, 0.43345510959625244, 0.272542804479599, 0.5464702248573303]
[0.5452705025672913, 0.5601874589920044, 0.45790305733680725, 0.3120177984237671, 0.5535122752189636]
[0.5143861174583435, 0.5412198901176453, 0.4351654648780823, 0.3071085512638092, 0.5153707265853882]
[0.537932276725769, 0.5374775528907776, 0.42527568340301514, 0.27525952458381653, 0.5138109922409058]
[0.4868668019771576, 0.5770401954650879, 0.45848819613456726, 0.2890138626098633, 0.5140140652656555]
[0.4963178336620331, 0.5704394578933716, 0.4631212651729584, 0.3184511959552765, 0.5597929358482361]
[0.5167638063430786, 0.5968844294548035, 0.4287433922290802, 0.27160751819610596, 0.5194841623306274]
[0.5168762803077698, 0.5595372915267944, 0.4439351260662079, 0.31776201725006104, 0.5276266932487488]
[0.5809847712516785, 0.5766277313232422, 0.39495065808296204, 0.23409102857112885, 0.5870792865753174]
[0.37080931663513184, 0.5772369503974915, 0.45818087458610535, 0.30733513832092285, 0.45208311080932617]
[0.5141937136650085, 0.5579013228416443, 0.4275212287902832, 0.2960571348667145, 0.5318658351898193]
[0.4945591688156128, 0.5428685545921326, 0.5287166833877563, 0.4206961989402771, 0.5441383719444275]
[0.5170251727104187, 0.5566599369049072, 0.4696636497974396, 0.3184942901134491, 0.5478047132492065]
[0.4867812693119049, 0.5781913995742798, 0.4212000370025635, 0.2979394793510437, 0.5173843502998352]
[0.569955050945282, 0.5691046118736267, 0.4130588173866272, 0.2817517817020416, 0.5811612606048584]
[0.48280981183052063, 0.5377559065818787, 0.4681972563266754, 0.33187517523765564, 0.4983365535736084]
[0.37080931663513184, 0.5772369503974915, 0.45818087458610535, 0.30733513832092285, 0.45208311080932617]
[0.5037758946418762, 0.570648193359375, 0.42422717809677124, 0.2714258134365082, 0.509429931640625]
[0.5330238342285156, 0.578122079372406, 0.41368168592453003, 0.2667312026023865, 0.5515555143356323]
[0.4743346869945526, 0.5653707981109619, 0.42029330134391785, 0.2963144779205322, 0.5057754516601562]
[0.5718782544136047, 0.5798845887184143, 0.4086294174194336, 0.2460487186908722, 0.5528307557106018]
[0.38159897923469543, 0.5230677723884583, 0.45953771471977234, 0.3443797826766968, 0.43748506903648376]
[0.5378932952880859, 0.6047135591506958, 0.4301764667034149, 0.2679552137851715, 0.5494577884674072]
[0.5010526776313782, 0.5947293043136597, 0.4292760491371155, 0.271068811416626, 0.5048776865005493]
[0.516436755657196, 0.5795911550521851, 0.41647425293922424, 0.299495667219162, 0.5392323732376099]
[0.49925497174263, 0.567101240158081, 0.46085524559020996, 0.31859585642814636, 0.5233877301216125]
[0.5067299604415894, 0.5744198560714722, 0.43977099657058716, 0.2846592962741852, 0.5307312607765198]
[0.4694518446922302, 0.5703734159469604, 0.4240267276763916, 0.29674991965293884, 0.47446855902671814]
[0.539024829864502, 0.5496522784233093, 0.4238772392272949, 0.33268600702285767, 0.542643666267395]
[0.49751096963882446, 0.5760007500648499, 0.4337840676307678, 0.2949337959289551, 0.5123721361160278]
[0.5129544734954834, 0.5162003040313721, 0.47525182366371155, 0.34428831934928894, 0.5220774412155151]
[0.47553783655166626, 0.5215200781822205, 0.4653172791004181, 0.32746636867523193, 0.4897148609161377]
[0.4067276418209076, 0.5634483098983765, 0.4588349759578705, 0.3037536144256592, 0.46861961483955383]
[0.5181884169578552, 0.5641111731529236, 0.4272851049900055, 0.29042351245880127, 0.5536916851997375]
[0.5344313979148865, 0.5838139057159424, 0.4370507001876831, 0.27287012338638306, 0.5485759377479553]
[0.4688996970653534, 0.5206227898597717, 0.4951217472553253, 0.3781600296497345, 0.5126513838768005]
[0.5033482909202576, 0.5502523183822632, 0.4395984411239624, 0.3257175087928772, 0.5412968397140503]
[0.48379552364349365, 0.5937032699584961, 0.41920071840286255, 0.2830924987792969, 0.4925927221775055]
[0.4763232171535492, 0.5615773797035217, 0.43423306941986084, 0.27433860301971436, 0.5260366201400757]
[0.4993099570274353, 0.554843544960022, 0.4503249526023865, 0.34686100482940674, 0.523405909538269]
[0.5185933113098145, 0.5886591672897339, 0.41420748829841614, 0.28358691930770874, 0.5321028828620911]
[0.4838939309120178, 0.5770056247711182, 0.4368555247783661, 0.2896006107330322, 0.4945935904979706]
[0.5205971002578735, 0.5976207256317139, 0.42503517866134644, 0.26334118843078613, 0.54937744140625]
[0.49607139825820923, 0.5564644932746887, 0.4611855447292328, 0.2965783178806305, 0.5136027336120605]
[0.4798237085342407, 0.5000903010368347, 0.5105477571487427, 0.4295399785041809, 0.499944806098938]
[0.5382592082023621, 0.5871310830116272, 0.4334251284599304, 0.27404481172561646, 0.5350418090820312]
[0.5059924125671387, 0.582580029964447, 0.44165751338005066, 0.2778320908546448, 0.5358083248138428]
[0.3982795774936676, 0.5195542573928833, 0.5319861173629761, 0.433895081281662, 0.48179107904434204]
[0.5340784788131714, 0.5973826050758362, 0.4103708863258362, 0.2670506238937378, 0.5460114479064941]
[0.43372195959091187, 0.5776039361953735, 0.4284563362598419, 0.27846717834472656, 0.47131162881851196]
[0.512045681476593, 0.580147385597229, 0.43533554673194885, 0.2844468951225281, 0.543074905872345]
[0.44366347789764404, 0.5734553337097168, 0.4531591236591339, 0.3322884738445282, 0.49823978543281555]
[0.49674543738365173, 0.567846953868866, 0.45870062708854675, 0.3097967207431793, 0.525948166847229]
[0.4681187868118286, 0.5549326539039612, 0.4086114764213562, 0.24664263427257538, 0.5260405540466309]
[0.5558987855911255, 0.5751639604568481, 0.40500161051750183, 0.26739752292633057, 0.5662649273872375]
[0.46561896800994873, 0.565886378288269, 0.4792764484882355, 0.3557288348674774, 0.5172522068023682]
[0.42797544598579407, 0.5730738639831543, 0.4403941333293915, 0.29585546255111694, 0.4784730076789856]
[0.38091614842414856, 0.5336114764213562, 0.4648401141166687, 0.3256797790527344, 0.4650520086288452]
[0.527854323387146, 0.5857251286506653, 0.42558375000953674, 0.27191784977912903, 0.5264109373092651]
[0.4737333059310913, 0.6044455170631409, 0.43854159116744995, 0.27192071080207825, 0.49753108620643616]
[0.5464544892311096, 0.5732054710388184, 0.43483054637908936, 0.2909677028656006, 0.5623756051063538]
[0.5079439878463745, 0.5995624661445618, 0.4140365719795227, 0.2748318910598755, 0.5284462571144104]
[0.5040035247802734, 0.5719863772392273, 0.43091994524002075, 0.27657848596572876, 0.5261465907096863]
