0
【实用贴！9图，一次解决排版问题】又到年末了，年终总结、各类报告、学期论文......这些“年终惯例”，被你列上日程了吗？写文案不怕，但文案那么长，不会排版怎么办？别急！9图↓↓教你成为排版达人！转给正在和即将为“文案”苦苦奋战的小伙伴们！看图操作，转发收藏！via人民日报
[0.5088644027709961, 0.5402961373329163, 0.4979848265647888, 0.4051100015640259, 0.5442005395889282]
[0.5359944701194763, 0.5825049877166748, 0.41244903206825256, 0.26725539565086365, 0.5338192582130432]
[0.5134719610214233, 0.5864272117614746, 0.41855600476264954, 0.2566472589969635, 0.5535246729850769]
[0.518643319606781, 0.5795661211013794, 0.43667668104171753, 0.2685704827308655, 0.5344675779342651]
[0.5252315402030945, 0.563682496547699, 0.4248575270175934, 0.27075812220573425, 0.5535125136375427]
[0.49819183349609375, 0.5695810914039612, 0.4092336595058441, 0.28381651639938354, 0.5330636501312256]
[0.4650244116783142, 0.5768699049949646, 0.4432328939437866, 0.2886543273925781, 0.5188762545585632]
[0.3717663288116455, 0.5591752529144287, 0.44442230463027954, 0.2877909243106842, 0.4457230567932129]
[0.5214606523513794, 0.567754864692688, 0.429293692111969, 0.28390470147132874, 0.5134283304214478]
[0.4755237102508545, 0.5938897728919983, 0.43617796897888184, 0.25363796949386597, 0.5189237594604492]
[0.5039404630661011, 0.574041485786438, 0.42578062415122986, 0.28418251872062683, 0.5258391499519348]
[0.4755237102508545, 0.5938897728919983, 0.43617796897888184, 0.25363796949386597, 0.5189237594604492]
[0.42954516410827637, 0.5669063925743103, 0.44558706879615784, 0.35367637872695923, 0.4796658754348755]
[0.4813121259212494, 0.5445107817649841, 0.4419538676738739, 0.3335683345794678, 0.49858173727989197]
[0.49465039372444153, 0.5759481191635132, 0.4354453980922699, 0.2982329726219177, 0.5301392078399658]
[0.5430936813354492, 0.5933454632759094, 0.4148803949356079, 0.2509933412075043, 0.5609080791473389]
[0.5555643439292908, 0.5246040225028992, 0.4209772050380707, 0.33952876925468445, 0.5867025256156921]
[0.472903847694397, 0.5730558037757874, 0.44295811653137207, 0.31892263889312744, 0.504757821559906]
[0.37261706590652466, 0.5743075013160706, 0.45699432492256165, 0.296398788690567, 0.45108574628829956]
[0.529624879360199, 0.5896633863449097, 0.41819608211517334, 0.26099666953086853, 0.5508267879486084]
[0.4958517551422119, 0.5844683647155762, 0.45164772868156433, 0.2933551073074341, 0.5398383140563965]
[0.37658190727233887, 0.5411267280578613, 0.4525599479675293, 0.32296478748321533, 0.4227699339389801]
[0.47014108300209045, 0.5708066821098328, 0.4507809579372406, 0.3025871217250824, 0.5290650725364685]
[0.538105845451355, 0.5879831314086914, 0.41182050108909607, 0.26826104521751404, 0.5607741475105286]
[0.5128870010375977, 0.5737442374229431, 0.4200502336025238, 0.29845377802848816, 0.5206185579299927]
[0.47852998971939087, 0.5621502995491028, 0.4278840124607086, 0.25901612639427185, 0.5101984143257141]
[0.4272662103176117, 0.5576697587966919, 0.43658962845802307, 0.2693444490432739, 0.47297531366348267]
[0.46835169196128845, 0.5786643028259277, 0.4525315463542938, 0.2922216057777405, 0.5138314366340637]
[0.49819183349609375, 0.5695810914039612, 0.4092336595058441, 0.28381651639938354, 0.5330636501312256]
[0.47895339131355286, 0.5721049904823303, 0.43385711312294006, 0.3174302875995636, 0.5014880895614624]
[0.49819183349609375, 0.5695810914039612, 0.4092336595058441, 0.28381651639938354, 0.5330636501312256]
[0.5555643439292908, 0.5246040225028992, 0.4209772050380707, 0.33952876925468445, 0.5867025256156921]
[0.4890713691711426, 0.5859094858169556, 0.4522276818752289, 0.2768126130104065, 0.5186150670051575]
[0.529624879360199, 0.5896633863449097, 0.41819608211517334, 0.26099666953086853, 0.5508267879486084]
[0.5756714344024658, 0.5849572420120239, 0.41363781690597534, 0.27317771315574646, 0.5806744694709778]
[0.41730016469955444, 0.5644010901451111, 0.4538334310054779, 0.27637043595314026, 0.48873695731163025]
[0.3853728473186493, 0.5717712640762329, 0.45282888412475586, 0.2712816596031189, 0.44152408838272095]
[0.49819183349609375, 0.5695810914039612, 0.4092336595058441, 0.28381651639938354, 0.5330636501312256]
[0.4755237102508545, 0.5938897728919983, 0.43617796897888184, 0.25363796949386597, 0.5189237594604492]
[0.4635276794433594, 0.5577163100242615, 0.44678041338920593, 0.30282062292099, 0.5090292692184448]
[0.5445325374603271, 0.5742389559745789, 0.4453299939632416, 0.286502480506897, 0.5681131482124329]
[0.33904996514320374, 0.545479416847229, 0.515985906124115, 0.45394188165664673, 0.46144548058509827]
[0.5259658694267273, 0.5873724818229675, 0.41723906993865967, 0.2451418787240982, 0.5635260939598083]
[0.3532800078392029, 0.5505465269088745, 0.4304358661174774, 0.2626752555370331, 0.43932074308395386]
[0.5359944701194763, 0.5825049877166748, 0.41244903206825256, 0.26725539565086365, 0.5338192582130432]
[0.3573969900608063, 0.5621366500854492, 0.4380774199962616, 0.2992631494998932, 0.4546263813972473]
[0.5064021348953247, 0.5853275656700134, 0.43200668692588806, 0.2634134888648987, 0.5307930111885071]
[0.4914993345737457, 0.5982964634895325, 0.4286304712295532, 0.2769787609577179, 0.5201640725135803]
[0.4638194143772125, 0.49680399894714355, 0.5319868922233582, 0.4508233070373535, 0.44377416372299194]
[0.5641974806785583, 0.5915437340736389, 0.40874484181404114, 0.24948132038116455, 0.5656790733337402]
[0.4651302993297577, 0.5432440042495728, 0.4899477958679199, 0.3543277978897095, 0.48629099130630493]
[0.48383593559265137, 0.5585021376609802, 0.45666980743408203, 0.31968775391578674, 0.5369245409965515]
[0.5023609399795532, 0.5472459197044373, 0.4255490303039551, 0.30687782168388367, 0.5173193216323853]
[0.5173656344413757, 0.5844416618347168, 0.43496713042259216, 0.27976885437965393, 0.5474008917808533]
[0.4894329607486725, 0.5595412850379944, 0.45959123969078064, 0.3242562711238861, 0.5127096176147461]
[0.47159525752067566, 0.5670300126075745, 0.4509603679180145, 0.29567623138427734, 0.5019606351852417]
[0.4780292212963104, 0.5289186239242554, 0.5208837985992432, 0.4227156639099121, 0.4957544207572937]
[0.44321128726005554, 0.5698723196983337, 0.4465597867965698, 0.2763790190219879, 0.4982849359512329]
[0.39910364151000977, 0.5644297003746033, 0.41889688372612, 0.2648254632949829, 0.4669244587421417]
[0.3872297704219818, 0.5408732295036316, 0.4634501039981842, 0.2877199947834015, 0.4369673728942871]
[0.5070725679397583, 0.5795678496360779, 0.4309682846069336, 0.25872695446014404, 0.538472592830658]
