0
#轻松一刻#明星上节目也是几多辛苦！看看他们的躲藏神技，也是笑cry!
[0.49783751368522644, 0.5334284901618958, 0.45458006858825684, 0.35594722628593445, 0.522855818271637]
[0.500398576259613, 0.5575106739997864, 0.48572832345962524, 0.319757878780365, 0.5261590480804443]
[0.6257506608963013, 0.56754469871521, 0.3765259385108948, 0.24135872721672058, 0.6061185002326965]
[0.5142709016799927, 0.5639382004737854, 0.4514772891998291, 0.28557586669921875, 0.5346544981002808]
[0.6389325261116028, 0.5565629005432129, 0.3838250935077667, 0.249906986951828, 0.615581214427948]
[0.5870426297187805, 0.5336743593215942, 0.4360886514186859, 0.3220241665840149, 0.5907818078994751]
[0.5297566056251526, 0.5395945906639099, 0.47697341442108154, 0.3527867794036865, 0.53802889585495]
[0.5490695238113403, 0.5360689163208008, 0.47092029452323914, 0.28651800751686096, 0.5500267148017883]
[0.51702481508255, 0.5596475601196289, 0.4453846514225006, 0.3027408719062805, 0.5214791893959045]
[0.5287231206893921, 0.5567454099655151, 0.430084764957428, 0.2636970579624176, 0.5194777250289917]
[0.46914589405059814, 0.5314823985099792, 0.4577939808368683, 0.3517835736274719, 0.4803844690322876]
[0.3914130628108978, 0.5257359147071838, 0.4873928427696228, 0.382093220949173, 0.45501908659935]
[0.4857618510723114, 0.5402225255966187, 0.5171341896057129, 0.402544766664505, 0.5639250874519348]
[0.5025665163993835, 0.5496008396148682, 0.4273402690887451, 0.2724752426147461, 0.536225438117981]
[0.43424132466316223, 0.5627830028533936, 0.43093401193618774, 0.2611141800880432, 0.45417895913124084]
[0.43424132466316223, 0.5627830028533936, 0.43093401193618774, 0.2611141800880432, 0.45417895913124084]
[0.5071777701377869, 0.5702850818634033, 0.45526522397994995, 0.29740816354751587, 0.5440781116485596]
[0.5053141117095947, 0.5840945243835449, 0.4405026435852051, 0.28260892629623413, 0.5516484975814819]
[0.43424132466316223, 0.5627830028533936, 0.43093401193618774, 0.2611141800880432, 0.45417895913124084]
[0.43424132466316223, 0.5627830028533936, 0.43093401193618774, 0.2611141800880432, 0.45417895913124084]
[0.43424132466316223, 0.5627830028533936, 0.43093401193618774, 0.2611141800880432, 0.45417895913124084]
[0.48005467653274536, 0.5415390133857727, 0.4403282105922699, 0.2647290527820587, 0.5157380104064941]
[0.5759211778640747, 0.5121708512306213, 0.49143674969673157, 0.42121487855911255, 0.5663676857948303]
[0.43424132466316223, 0.5627830028533936, 0.43093401193618774, 0.2611141800880432, 0.45417895913124084]
[0.37494146823883057, 0.5219019055366516, 0.503476619720459, 0.38387101888656616, 0.43071892857551575]
[0.4712485074996948, 0.5087831020355225, 0.45733046531677246, 0.32797011733055115, 0.49759453535079956]
[0.37572312355041504, 0.5386348962783813, 0.44901448488235474, 0.2911273241043091, 0.4667169451713562]
[0.5004519820213318, 0.560762345790863, 0.44934991002082825, 0.30193206667900085, 0.5195785760879517]
[0.5670308470726013, 0.5605659484863281, 0.4083196818828583, 0.25770869851112366, 0.5664601922035217]
[0.47610920667648315, 0.5728955268859863, 0.42552462220191956, 0.2980313003063202, 0.5139897465705872]
[0.5125618577003479, 0.5545369386672974, 0.43410471081733704, 0.27815601229667664, 0.5453285574913025]
[0.5020576119422913, 0.5634492039680481, 0.41491663455963135, 0.28127503395080566, 0.5289372205734253]
[0.5935613512992859, 0.5232340097427368, 0.47070515155792236, 0.3348971903324127, 0.5955039262771606]
[0.5235729217529297, 0.5711023807525635, 0.42443227767944336, 0.2986707389354706, 0.5321202874183655]
[0.5070725679397583, 0.5795678496360779, 0.4309682846069336, 0.25872695446014404, 0.538472592830658]
[0.5025665163993835, 0.5496008396148682, 0.4273402690887451, 0.2724752426147461, 0.536225438117981]
