0
倒着放的谁不知道。
[0.5419156551361084, 0.5716449022293091, 0.3930716812610626, 0.24726547300815582, 0.561087429523468]
[0.4514324963092804, 0.5575992465019226, 0.45350131392478943, 0.340752512216568, 0.48385897278785706]
[0.46759945154190063, 0.5783368349075317, 0.4252353608608246, 0.28869736194610596, 0.4997390806674957]
[0.5512261390686035, 0.5829716920852661, 0.4285249412059784, 0.2811618149280548, 0.5435426831245422]
[0.509740948677063, 0.5878086686134338, 0.43408772349357605, 0.2858640253543854, 0.5293831825256348]
[0.4767534136772156, 0.5928589701652527, 0.45480406284332275, 0.2824351489543915, 0.5056222081184387]
[0.4748463034629822, 0.5935531258583069, 0.45822790265083313, 0.28521105647087097, 0.4933558702468872]
[0.55333411693573, 0.5649433732032776, 0.4111909568309784, 0.2958469092845917, 0.5285996794700623]
[0.5400903820991516, 0.5835076570510864, 0.4344645142555237, 0.26322659850120544, 0.5375416874885559]
[0.47909870743751526, 0.5728859901428223, 0.4184914827346802, 0.2651180326938629, 0.5233798623085022]
[0.545872151851654, 0.5666887164115906, 0.4373120367527008, 0.32706156373023987, 0.5394130349159241]
[0.5391799211502075, 0.5367850661277771, 0.4150915741920471, 0.31907919049263, 0.5572996735572815]
[0.4514324963092804, 0.5575992465019226, 0.45350131392478943, 0.340752512216568, 0.48385897278785706]
[0.4579485356807709, 0.5646330118179321, 0.4567933678627014, 0.3006490170955658, 0.4889717698097229]
[0.5166001915931702, 0.5935317873954773, 0.4166513681411743, 0.2716493606567383, 0.5336126089096069]
[0.49819183349609375, 0.5695810914039612, 0.4092336595058441, 0.28381651639938354, 0.5330636501312256]
[0.5418504476547241, 0.5812755823135376, 0.44330137968063354, 0.2957387864589691, 0.5472263097763062]
[0.3730992078781128, 0.5470106601715088, 0.46385878324508667, 0.3604191839694977, 0.4326232969760895]
[0.4939832389354706, 0.5930835008621216, 0.43371152877807617, 0.2816195487976074, 0.5092793703079224]
[0.46601602435112, 0.5651649832725525, 0.4377492070198059, 0.2894585430622101, 0.48092910647392273]
[0.5057461857795715, 0.5834884643554688, 0.44275471568107605, 0.2940492630004883, 0.5111212730407715]
[0.4558309018611908, 0.5728325247764587, 0.4403381049633026, 0.30286845564842224, 0.4988391101360321]
[0.4600205421447754, 0.5707352757453918, 0.4503510594367981, 0.29920101165771484, 0.49592676758766174]
[0.5054304599761963, 0.5946995615959167, 0.4508069157600403, 0.2788750231266022, 0.5106512308120728]
[0.5596391558647156, 0.6096941232681274, 0.42277002334594727, 0.2654418647289276, 0.5375761985778809]
[0.4514324963092804, 0.5575992465019226, 0.45350131392478943, 0.340752512216568, 0.48385897278785706]
[0.4514324963092804, 0.5575992465019226, 0.45350131392478943, 0.340752512216568, 0.48385897278785706]
[0.5607503056526184, 0.5902102589607239, 0.4065525531768799, 0.24640221893787384, 0.5662607550621033]
[0.4760547876358032, 0.561172366142273, 0.4509691894054413, 0.32225096225738525, 0.47913143038749695]
[0.5422282814979553, 0.5863180160522461, 0.40551844239234924, 0.2753317654132843, 0.556081235408783]
[0.49819183349609375, 0.5695810914039612, 0.4092336595058441, 0.28381651639938354, 0.5330636501312256]
[0.4846869111061096, 0.5586280226707458, 0.44771134853363037, 0.3247597813606262, 0.49265196919441223]
[0.3899694085121155, 0.536910355091095, 0.4742554724216461, 0.3464461863040924, 0.4413709044456482]
[0.5070725679397583, 0.5795678496360779, 0.4309682846069336, 0.25872695446014404, 0.538472592830658]
[0.4514324963092804, 0.5575992465019226, 0.45350131392478943, 0.340752512216568, 0.48385897278785706]
[0.4755035936832428, 0.5529979467391968, 0.4341326355934143, 0.33017197251319885, 0.47179073095321655]
[0.6005585789680481, 0.5718914270401001, 0.39949938654899597, 0.2664197087287903, 0.5866341590881348]
[0.6005585789680481, 0.5718914270401001, 0.39949938654899597, 0.2664197087287903, 0.5866341590881348]
[0.47023507952690125, 0.5565944910049438, 0.44505318999290466, 0.32629698514938354, 0.4922495186328888]
[0.4054395258426666, 0.5496070981025696, 0.46157532930374146, 0.34446269273757935, 0.45593738555908203]
[0.40319228172302246, 0.5264085531234741, 0.45838576555252075, 0.31900468468666077, 0.43313050270080566]
[0.48816928267478943, 0.565481960773468, 0.43637600541114807, 0.2866014242172241, 0.47240036725997925]
[0.4514324963092804, 0.5575992465019226, 0.45350131392478943, 0.340752512216568, 0.48385897278785706]
[0.4917965829372406, 0.5642513632774353, 0.44473153352737427, 0.292820006608963, 0.504958987236023]
[0.5070725679397583, 0.5795678496360779, 0.4309682846069336, 0.25872695446014404, 0.538472592830658]
[0.4676375687122345, 0.5683103799819946, 0.438495397567749, 0.30510371923446655, 0.5020607113838196]
[0.3859742283821106, 0.5535584688186646, 0.4344932436943054, 0.30763038992881775, 0.45243167877197266]
[0.37270233035087585, 0.5321074724197388, 0.4767608344554901, 0.37413138151168823, 0.42484501004219055]
[0.5235983729362488, 0.579030454158783, 0.42536693811416626, 0.28027451038360596, 0.5384182929992676]
[0.4760547876358032, 0.561172366142273, 0.4509691894054413, 0.32225096225738525, 0.47913143038749695]
[0.44844236969947815, 0.5535057783126831, 0.4380229413509369, 0.2528499662876129, 0.4845515191555023]
[0.5126591920852661, 0.5759720802307129, 0.4152299463748932, 0.2810848355293274, 0.5174343585968018]
[0.5054304599761963, 0.5946995615959167, 0.4508069157600403, 0.2788750231266022, 0.5106512308120728]
[0.5306041240692139, 0.5922147631645203, 0.4282388389110565, 0.2786750793457031, 0.5199447274208069]
[0.5167279243469238, 0.5711928606033325, 0.41739463806152344, 0.27597230672836304, 0.5382411479949951]
[0.49819183349609375, 0.5695810914039612, 0.4092336595058441, 0.28381651639938354, 0.5330636501312256]
[0.4122494161128998, 0.5388391017913818, 0.4789169132709503, 0.3721154034137726, 0.4371086061000824]
[0.44214409589767456, 0.5488420724868774, 0.46411508321762085, 0.3383033573627472, 0.48117905855178833]
[0.5378316640853882, 0.5827499628067017, 0.4208487868309021, 0.27333468198776245, 0.5281314253807068]
[0.48422694206237793, 0.5709076523780823, 0.4514044523239136, 0.31201171875, 0.515597939491272]
[0.5149213075637817, 0.5745115280151367, 0.4294396936893463, 0.2818833291530609, 0.5206738114356995]
[0.5512261390686035, 0.5829716920852661, 0.4285249412059784, 0.2811618149280548, 0.5435426831245422]
[0.4514324963092804, 0.5575992465019226, 0.45350131392478943, 0.340752512216568, 0.48385897278785706]
[0.46543025970458984, 0.5653942227363586, 0.4468194842338562, 0.32729876041412354, 0.5168156623840332]
[0.39690324664115906, 0.5518184900283813, 0.47658899426460266, 0.36446404457092285, 0.45090433955192566]
[0.45997053384780884, 0.5369004011154175, 0.458761602640152, 0.3195711076259613, 0.5090468525886536]
[0.4676753282546997, 0.5535562038421631, 0.4772735834121704, 0.3935531675815582, 0.5142548084259033]
[0.45666125416755676, 0.5024662613868713, 0.5172007083892822, 0.43510839343070984, 0.46618369221687317]
[0.5070725679397583, 0.5795678496360779, 0.4309682846069336, 0.25872695446014404, 0.538472592830658]
[0.4949999749660492, 0.5809268355369568, 0.43766963481903076, 0.2755059599876404, 0.5480826497077942]
[0.4981653392314911, 0.586291491985321, 0.4130634367465973, 0.27747800946235657, 0.5251455903053284]
[0.4222343862056732, 0.5547695159912109, 0.4580947458744049, 0.3298630714416504, 0.4565533995628357]
[0.4977588355541229, 0.5849193930625916, 0.46230101585388184, 0.3004368245601654, 0.5124939680099487]
[0.4514324963092804, 0.5575992465019226, 0.45350131392478943, 0.340752512216568, 0.48385897278785706]
[0.4514324963092804, 0.5575992465019226, 0.45350131392478943, 0.340752512216568, 0.48385897278785706]
[0.5378316640853882, 0.5827499628067017, 0.4208487868309021, 0.27333468198776245, 0.5281314253807068]
[0.37982290983200073, 0.5262957215309143, 0.4969053566455841, 0.3887510895729065, 0.42677903175354004]
[0.5157065987586975, 0.5739641785621643, 0.4181205928325653, 0.2726985812187195, 0.5595020651817322]
[0.5181060433387756, 0.608632504940033, 0.438276469707489, 0.28479206562042236, 0.5111607909202576]
[0.4736694395542145, 0.582467257976532, 0.4244619607925415, 0.27504825592041016, 0.5156744122505188]
[0.4716709852218628, 0.5858275890350342, 0.4456639587879181, 0.2753634452819824, 0.5130042433738708]
[0.5326565504074097, 0.613871693611145, 0.42189180850982666, 0.2729127109050751, 0.5246680378913879]
[0.5512261390686035, 0.5829716920852661, 0.4285249412059784, 0.2811618149280548, 0.5435426831245422]
[0.4729168117046356, 0.5789309144020081, 0.4209858477115631, 0.28501203656196594, 0.49904683232307434]
[0.5125517249107361, 0.5804746150970459, 0.40894103050231934, 0.29417914152145386, 0.5127105116844177]
[0.49103808403015137, 0.5585989356040955, 0.442922979593277, 0.30503949522972107, 0.48935800790786743]
[0.4753238260746002, 0.5426959991455078, 0.4551747739315033, 0.3216882646083832, 0.5161442160606384]
[0.4760547876358032, 0.561172366142273, 0.4509691894054413, 0.32225096225738525, 0.47913143038749695]
[0.44410523772239685, 0.5505636930465698, 0.4677206873893738, 0.36544445157051086, 0.4828013479709625]
[0.48048582673072815, 0.5329340100288391, 0.48872461915016174, 0.4136623740196228, 0.5273102521896362]
[0.5111334323883057, 0.549756646156311, 0.44122979044914246, 0.351469486951828, 0.49535027146339417]
[0.5177729725837708, 0.5833643078804016, 0.40603089332580566, 0.2730325162410736, 0.5234096646308899]
[0.5214606523513794, 0.567754864692688, 0.429293692111969, 0.28390470147132874, 0.5134283304214478]
[0.5304023623466492, 0.5593206882476807, 0.42010974884033203, 0.2848919928073883, 0.5457496047019958]
[0.5357117652893066, 0.5923728346824646, 0.42654621601104736, 0.2512914538383484, 0.5427975058555603]
[0.5078102946281433, 0.5505564212799072, 0.44390782713890076, 0.3232872784137726, 0.5373125076293945]
[0.5313829779624939, 0.5853493809700012, 0.4286673367023468, 0.28332507610321045, 0.5529739260673523]
[0.40699124336242676, 0.5410407185554504, 0.46209320425987244, 0.3667058050632477, 0.44642654061317444]
[0.47023507952690125, 0.5565944910049438, 0.44505318999290466, 0.32629698514938354, 0.4922495186328888]
[0.49461400508880615, 0.5661464929580688, 0.43660786747932434, 0.2995346188545227, 0.4897731840610504]
[0.4780704081058502, 0.5830253958702087, 0.45651209354400635, 0.29500874876976013, 0.501221239566803]
