0
我哆啦A梦表示看不懂……
[0.43998515605926514, 0.5590443015098572, 0.4782496690750122, 0.3393648564815521, 0.4881834089756012]
[0.522734522819519, 0.5764628052711487, 0.426125168800354, 0.2956516742706299, 0.5455101728439331]
[0.5459820032119751, 0.5822569131851196, 0.40996575355529785, 0.26003190875053406, 0.5687752366065979]
[0.5437084436416626, 0.5057389140129089, 0.46216729283332825, 0.3512211740016937, 0.5215771794319153]
[0.520918607711792, 0.563820481300354, 0.4420086443424225, 0.30512526631355286, 0.55296790599823]
[0.5276793837547302, 0.5689923763275146, 0.43041732907295227, 0.2891797721385956, 0.5590078830718994]
[0.5457083582878113, 0.5996027588844299, 0.4353536367416382, 0.2651643753051758, 0.5680976510047913]
[0.5422282814979553, 0.5863180160522461, 0.40551844239234924, 0.2753317654132843, 0.556081235408783]
[0.4150220453739166, 0.5460221171379089, 0.47555771470069885, 0.3410227298736572, 0.46117109060287476]
[0.35834556818008423, 0.5583109855651855, 0.474369615316391, 0.338581919670105, 0.42962339520454407]
[0.48341211676597595, 0.5790662169456482, 0.4398466646671295, 0.3082998991012573, 0.5331277847290039]
[0.4343741238117218, 0.5817707180976868, 0.4594276547431946, 0.2793339788913727, 0.5099664926528931]
[0.5422282814979553, 0.5863180160522461, 0.40551844239234924, 0.2753317654132843, 0.556081235408783]
[0.5016912221908569, 0.5702714323997498, 0.42824146151542664, 0.30101990699768066, 0.5395543575286865]
[0.5615060329437256, 0.5841159224510193, 0.39749354124069214, 0.27023908495903015, 0.5706154108047485]
[0.5343903303146362, 0.556190013885498, 0.4167969822883606, 0.29793205857276917, 0.5260626077651978]
[0.3419685661792755, 0.5064810514450073, 0.5067137479782104, 0.4237220585346222, 0.4329892098903656]
[0.5193629860877991, 0.5856478810310364, 0.41173920035362244, 0.282301664352417, 0.5441094636917114]
[0.5070725679397583, 0.5795678496360779, 0.4309682846069336, 0.25872695446014404, 0.538472592830658]
[0.5483297109603882, 0.5636480450630188, 0.41431379318237305, 0.27632978558540344, 0.5212223529815674]
[0.5024229884147644, 0.585852324962616, 0.43201854825019836, 0.2989123463630676, 0.5163571834564209]
[0.4752258062362671, 0.5691908001899719, 0.4391210675239563, 0.3077876567840576, 0.4840574860572815]
[0.5422282814979553, 0.5863180160522461, 0.40551844239234924, 0.2753317654132843, 0.556081235408783]
[0.4539324939250946, 0.5689721703529358, 0.43451735377311707, 0.287098228931427, 0.4891972243785858]
[0.5422282814979553, 0.5863180160522461, 0.40551844239234924, 0.2753317654132843, 0.556081235408783]
[0.5347278118133545, 0.5911832451820374, 0.4151272773742676, 0.2818816900253296, 0.5398721098899841]
[0.558872401714325, 0.5754489302635193, 0.39402392506599426, 0.2762373089790344, 0.5717193484306335]
[0.48379552364349365, 0.5937032699584961, 0.41920071840286255, 0.2830924987792969, 0.4925927221775055]
[0.5373417735099792, 0.5879915952682495, 0.4212911128997803, 0.281441330909729, 0.5567320585250854]
[0.5241738557815552, 0.5576041340827942, 0.4397541582584381, 0.31722548604011536, 0.554204523563385]
[0.5444002747535706, 0.5663224458694458, 0.41967037320137024, 0.2881081700325012, 0.5384171009063721]
[0.46729546785354614, 0.5815255045890808, 0.4514431357383728, 0.29260995984077454, 0.5075607895851135]
[0.44733187556266785, 0.5709888339042664, 0.46275755763053894, 0.28385594487190247, 0.5181238651275635]
[0.44759437441825867, 0.5436387062072754, 0.455398291349411, 0.33311691880226135, 0.4705115854740143]
[0.525457501411438, 0.5716688632965088, 0.4322386682033539, 0.2956347167491913, 0.5556074976921082]
[0.5252717733383179, 0.5717988014221191, 0.42862701416015625, 0.27601635456085205, 0.5585547685623169]
[0.3375685513019562, 0.5544866919517517, 0.48140525817871094, 0.3187791109085083, 0.44560161232948303]
[0.460484117269516, 0.5787179470062256, 0.42285647988319397, 0.2684890329837799, 0.5189734697341919]
[0.41537269949913025, 0.5774214267730713, 0.43788081407546997, 0.26921790838241577, 0.50998455286026]
[0.5333109498023987, 0.5683525204658508, 0.4374489188194275, 0.2932574152946472, 0.559380292892456]
[0.5951662659645081, 0.5298879742622375, 0.42653828859329224, 0.30192819237709045, 0.5879589319229126]
[0.5718675851821899, 0.5734334588050842, 0.4021175503730774, 0.268388569355011, 0.5644013285636902]
[0.5193629860877991, 0.5856478810310364, 0.41173920035362244, 0.282301664352417, 0.5441094636917114]
[0.5378575325012207, 0.5681440830230713, 0.41577258706092834, 0.2791735827922821, 0.5587148070335388]
[0.5070725679397583, 0.5795678496360779, 0.4309682846069336, 0.25872695446014404, 0.538472592830658]
[0.48002368211746216, 0.5668062567710876, 0.4385146498680115, 0.3166976869106293, 0.4927319586277008]
[0.4336090683937073, 0.5330831408500671, 0.46719273924827576, 0.3501720130443573, 0.4637576639652252]
[0.4095819294452667, 0.5659279227256775, 0.44111108779907227, 0.2996844947338104, 0.440944105386734]
[0.45282140374183655, 0.5729994177818298, 0.4354677200317383, 0.2879624366760254, 0.46889957785606384]
[0.4663863778114319, 0.591438353061676, 0.44340306520462036, 0.281807005405426, 0.5191260576248169]
[0.5578630566596985, 0.5819410681724548, 0.39593759179115295, 0.2714889645576477, 0.5701462030410767]
[0.49769333004951477, 0.544499397277832, 0.3837123215198517, 0.24029196798801422, 0.5322815775871277]
[0.49769333004951477, 0.544499397277832, 0.3837123215198517, 0.24029196798801422, 0.5322815775871277]
[0.4539324939250946, 0.5689721703529358, 0.43451735377311707, 0.287098228931427, 0.4891972243785858]
[0.523189127445221, 0.5827089548110962, 0.42525389790534973, 0.2868092656135559, 0.5547718405723572]
[0.5070725679397583, 0.5795678496360779, 0.4309682846069336, 0.25872695446014404, 0.538472592830658]
[0.49769333004951477, 0.544499397277832, 0.3837123215198517, 0.24029196798801422, 0.5322815775871277]
[0.49769333004951477, 0.544499397277832, 0.3837123215198517, 0.24029196798801422, 0.5322815775871277]
[0.49769333004951477, 0.544499397277832, 0.3837123215198517, 0.24029196798801422, 0.5322815775871277]
[0.49769333004951477, 0.544499397277832, 0.3837123215198517, 0.24029196798801422, 0.5322815775871277]
[0.49769333004951477, 0.544499397277832, 0.3837123215198517, 0.24029196798801422, 0.5322815775871277]
[0.49769333004951477, 0.544499397277832, 0.3837123215198517, 0.24029196798801422, 0.5322815775871277]
[0.520918607711792, 0.563820481300354, 0.4420086443424225, 0.30512526631355286, 0.55296790599823]
[0.49769333004951477, 0.544499397277832, 0.3837123215198517, 0.24029196798801422, 0.5322815775871277]
[0.5070725679397583, 0.5795678496360779, 0.4309682846069336, 0.25872695446014404, 0.538472592830658]
[0.411476731300354, 0.5507312417030334, 0.45549890398979187, 0.34721916913986206, 0.4653816223144531]
[0.46729546785354614, 0.5815255045890808, 0.4514431357383728, 0.29260995984077454, 0.5075607895851135]
[0.49769333004951477, 0.544499397277832, 0.3837123215198517, 0.24029196798801422, 0.5322815775871277]
[0.49769333004951477, 0.544499397277832, 0.3837123215198517, 0.24029196798801422, 0.5322815775871277]
[0.4691595733165741, 0.5547758340835571, 0.46234503388404846, 0.29837214946746826, 0.483650267124176]
[0.5634029507637024, 0.5783467292785645, 0.39400532841682434, 0.27352380752563477, 0.574043333530426]
[0.5522788166999817, 0.5533367395401001, 0.41018444299697876, 0.2716381549835205, 0.5693116784095764]
