0
【雇主抛弃瘫痪儿子 保姆靠捡破烂抚养37年】37年前，福建农妇庄茉莉给人当保姆，雇主丢下瘫痪男婴，再无消息。她把男婴带回家照顾，生活拮据，她靠捡废品抚养孩子长大。现在，她81岁，不愿到亲生儿子家住，蜗居简陋房屋照顾捡来的儿子……她说，“遇到了，就不能放弃。”
[0.5166168808937073, 0.5209714770317078, 0.4635358452796936, 0.3499429523944855, 0.5403247475624084]
[0.4980836808681488, 0.5669917464256287, 0.47522032260894775, 0.31016072630882263, 0.5409906506538391]
[0.5741738080978394, 0.5873727798461914, 0.4103420674800873, 0.2534972131252289, 0.5740687251091003]
[0.5241172313690186, 0.5849148631095886, 0.4210233986377716, 0.265076220035553, 0.5400421023368835]
[0.5567071437835693, 0.5869251489639282, 0.40505868196487427, 0.2726430892944336, 0.5562142729759216]
[0.5583892464637756, 0.5943871736526489, 0.4324738085269928, 0.250506192445755, 0.556086003780365]
[0.5354865789413452, 0.5888907313346863, 0.41922876238822937, 0.2605830132961273, 0.5253303050994873]
[0.549691379070282, 0.5871497988700867, 0.4130420386791229, 0.26551756262779236, 0.5281603336334229]
[0.5183427333831787, 0.5828375816345215, 0.41998645663261414, 0.29232147336006165, 0.5459051728248596]
[0.47059646248817444, 0.5603933930397034, 0.46398472785949707, 0.3431183099746704, 0.514651358127594]
[0.4585382044315338, 0.5536133050918579, 0.4551770091056824, 0.35191863775253296, 0.5052298903465271]
[0.47739744186401367, 0.5815670490264893, 0.42116233706474304, 0.24062176048755646, 0.488142728805542]
[0.4897046387195587, 0.5617660284042358, 0.4152880609035492, 0.29671621322631836, 0.523871123790741]
[0.4931398034095764, 0.5947567224502563, 0.4276078939437866, 0.2821080982685089, 0.5174838900566101]
[0.5406610369682312, 0.5822718739509583, 0.42890167236328125, 0.2678438127040863, 0.5600987672805786]
[0.45218583941459656, 0.5633954405784607, 0.4251028895378113, 0.29549312591552734, 0.47477346658706665]
[0.5398432016372681, 0.5763360261917114, 0.4301307499408722, 0.2619923949241638, 0.5405569672584534]
[0.5491803288459778, 0.5945149064064026, 0.409557044506073, 0.23877818882465363, 0.5954856872558594]
[0.48143455386161804, 0.5597069263458252, 0.4430502951145172, 0.3333325982093811, 0.5075822472572327]
[0.5555446147918701, 0.5959619283676147, 0.4091559648513794, 0.258443146944046, 0.5575258731842041]
[0.4663451910018921, 0.5655397176742554, 0.4253520667552948, 0.2912582755088806, 0.494852215051651]
[0.5337813496589661, 0.573989748954773, 0.43279609084129333, 0.29575371742248535, 0.5234029293060303]
[0.4802306890487671, 0.5463095903396606, 0.4594007432460785, 0.347520649433136, 0.5427406430244446]
[0.47104474902153015, 0.5627177357673645, 0.45477038621902466, 0.30798909068107605, 0.5028036236763]
[0.5070725679397583, 0.5795678496360779, 0.4309682846069336, 0.25872695446014404, 0.538472592830658]
[0.5070725679397583, 0.5795678496360779, 0.4309682846069336, 0.25872695446014404, 0.538472592830658]
[0.5190497636795044, 0.538490355014801, 0.4313196837902069, 0.3213646411895752, 0.5043181777000427]
[0.46889549493789673, 0.5715029835700989, 0.42597413063049316, 0.2944119870662689, 0.49088039994239807]
[0.48606905341148376, 0.5653390884399414, 0.42291659116744995, 0.2744303345680237, 0.5293554067611694]
[0.511501669883728, 0.5756797790527344, 0.4283462464809418, 0.26450255513191223, 0.5392400026321411]
[0.48547568917274475, 0.5348992943763733, 0.44152334332466125, 0.31919217109680176, 0.49311232566833496]
[0.46268945932388306, 0.5719435811042786, 0.4554395377635956, 0.32179540395736694, 0.47457367181777954]
[0.49819183349609375, 0.5695810914039612, 0.4092336595058441, 0.28381651639938354, 0.5330636501312256]
[0.3905221223831177, 0.5237793922424316, 0.5259425044059753, 0.5912389755249023, 0.46578267216682434]
[0.4673636853694916, 0.5182811617851257, 0.4662669003009796, 0.31620097160339355, 0.5027684569358826]
[0.5103060007095337, 0.5921459794044495, 0.4326062798500061, 0.2772309184074402, 0.5317736268043518]
[0.46838411688804626, 0.5514219403266907, 0.44364994764328003, 0.35655802488327026, 0.4837755560874939]
[0.40284231305122375, 0.5609386563301086, 0.49554601311683655, 0.3435932397842407, 0.4729769825935364]
[0.5070725679397583, 0.5795678496360779, 0.4309682846069336, 0.25872695446014404, 0.538472592830658]
[0.5479252338409424, 0.5518423318862915, 0.4225977659225464, 0.3114820122718811, 0.5522637963294983]
[0.46024763584136963, 0.5748597979545593, 0.4505794048309326, 0.29547032713890076, 0.5166319608688354]
[0.5074794888496399, 0.560333788394928, 0.4448581337928772, 0.3153069317340851, 0.5293564796447754]
[0.46276000142097473, 0.5745263695716858, 0.45103293657302856, 0.31754323840141296, 0.48058778047561646]
[0.5214606523513794, 0.567754864692688, 0.429293692111969, 0.28390470147132874, 0.5134283304214478]
[0.4274287521839142, 0.5807094573974609, 0.44830724596977234, 0.30966916680336, 0.4673786461353302]
[0.5153534412384033, 0.5587956309318542, 0.44293755292892456, 0.28135931491851807, 0.5321990847587585]
[0.5293200016021729, 0.5901440978050232, 0.44058945775032043, 0.29735425114631653, 0.5276206731796265]
[0.46024763584136963, 0.5748597979545593, 0.4505794048309326, 0.29547032713890076, 0.5166319608688354]
[0.5594232082366943, 0.5919896364212036, 0.4173275828361511, 0.25103825330734253, 0.5659148097038269]
[0.5594232082366943, 0.5919896364212036, 0.4173275828361511, 0.25103825330734253, 0.5659148097038269]
[0.4726039171218872, 0.5536954998970032, 0.43122005462646484, 0.28917786478996277, 0.49319326877593994]
[0.4473746716976166, 0.5319462418556213, 0.4605165719985962, 0.38273561000823975, 0.48967885971069336]
[0.5169922113418579, 0.5727493166923523, 0.4229067862033844, 0.294216513633728, 0.5294167399406433]
[0.4905165433883667, 0.5639663934707642, 0.4616541564464569, 0.3271036148071289, 0.5095328688621521]
[0.47973164916038513, 0.5604743957519531, 0.4068605899810791, 0.27626246213912964, 0.5288549065589905]
[0.5458308458328247, 0.5779879689216614, 0.4362484812736511, 0.27754542231559753, 0.5607607364654541]
[0.48606905341148376, 0.5653390884399414, 0.42291659116744995, 0.2744303345680237, 0.5293554067611694]
[0.3716387152671814, 0.5664567947387695, 0.4502876102924347, 0.30153194069862366, 0.4652143716812134]
[0.4225594401359558, 0.5753296613693237, 0.44971975684165955, 0.2926195561885834, 0.5087297558784485]
[0.49119243025779724, 0.5472418665885925, 0.44095537066459656, 0.2977864444255829, 0.5213816165924072]
[0.5465871691703796, 0.5808099508285522, 0.38949665427207947, 0.26085615158081055, 0.5649691224098206]
[0.4965933561325073, 0.5770438313484192, 0.4126420319080353, 0.2802909016609192, 0.5184889435768127]
[0.5137197375297546, 0.5400432348251343, 0.46430790424346924, 0.34861505031585693, 0.5105279088020325]
[0.4696716368198395, 0.5549660325050354, 0.4583151936531067, 0.33449068665504456, 0.5066695213317871]
[0.47323718667030334, 0.5548853278160095, 0.4519120752811432, 0.3180888891220093, 0.512951135635376]
[0.4755643606185913, 0.529530942440033, 0.4929133951663971, 0.3886120915412903, 0.4882827699184418]
[0.5286310911178589, 0.5591247081756592, 0.4082495868206024, 0.28365206718444824, 0.5262339115142822]
[0.5268750786781311, 0.5796864032745361, 0.4469912648200989, 0.30793625116348267, 0.553124189376831]
[0.48606905341148376, 0.5653390884399414, 0.42291659116744995, 0.2744303345680237, 0.5293554067611694]
[0.5375891327857971, 0.5936415195465088, 0.42892560362815857, 0.2769445478916168, 0.5404124855995178]
[0.44363221526145935, 0.5595702528953552, 0.4620760381221771, 0.33950841426849365, 0.4741751551628113]
[0.3984765112400055, 0.5626145601272583, 0.47210222482681274, 0.31542977690696716, 0.48995697498321533]
[0.4988167881965637, 0.5591863393783569, 0.41737502813339233, 0.29309478402137756, 0.5189093947410583]
[0.4661579728126526, 0.5425710082054138, 0.4831683337688446, 0.34127968549728394, 0.517473578453064]
[0.4736156165599823, 0.537471354007721, 0.46108272671699524, 0.3094668388366699, 0.48739397525787354]
[0.4849376082420349, 0.5876176357269287, 0.42933791875839233, 0.2877148687839508, 0.5154127478599548]
[0.5058664083480835, 0.5602160096168518, 0.42598745226860046, 0.3072570860385895, 0.4983854293823242]
[0.48497870564460754, 0.5700380206108093, 0.4441419243812561, 0.290639728307724, 0.5319519639015198]
[0.43457913398742676, 0.5562912821769714, 0.42403644323349, 0.28460565209388733, 0.518402636051178]
[0.4445568025112152, 0.5452465415000916, 0.5285780429840088, 0.4209814667701721, 0.5072703957557678]
[0.5192903876304626, 0.5826013684272766, 0.41957414150238037, 0.2763858735561371, 0.5427181124687195]
[0.48606905341148376, 0.5653390884399414, 0.42291659116744995, 0.2744303345680237, 0.5293554067611694]
[0.4907926917076111, 0.5637834668159485, 0.4414612948894501, 0.2947947084903717, 0.49108949303627014]
[0.5117015838623047, 0.5829002857208252, 0.4353254437446594, 0.2802460789680481, 0.5366452932357788]
[0.41992732882499695, 0.571020245552063, 0.4359329044818878, 0.31317299604415894, 0.4701390266418457]
[0.5058829188346863, 0.5642431974411011, 0.4169326424598694, 0.2709400951862335, 0.5508176684379578]
[0.47444871068000793, 0.5469302535057068, 0.4400618076324463, 0.3190338909626007, 0.5211363434791565]
[0.3656250536441803, 0.5427350401878357, 0.5295644402503967, 0.5592489838600159, 0.47377514839172363]
[0.5555446147918701, 0.5959619283676147, 0.4091559648513794, 0.258443146944046, 0.5575258731842041]
[0.5555446147918701, 0.5959619283676147, 0.4091559648513794, 0.258443146944046, 0.5575258731842041]
[0.47629621624946594, 0.567952573299408, 0.4493640065193176, 0.34231340885162354, 0.4918457269668579]
[0.517299473285675, 0.5812722444534302, 0.43359139561653137, 0.2781336307525635, 0.5396000742912292]
[0.4808676838874817, 0.5744448900222778, 0.4212537407875061, 0.27619242668151855, 0.5372968912124634]
[0.4645080864429474, 0.5499346852302551, 0.44953495264053345, 0.301654577255249, 0.5161810517311096]
[0.5214606523513794, 0.567754864692688, 0.429293692111969, 0.28390470147132874, 0.5134283304214478]
[0.5270657539367676, 0.5763677358627319, 0.41756364703178406, 0.2695789933204651, 0.5237692594528198]
[0.5070725679397583, 0.5795678496360779, 0.4309682846069336, 0.25872695446014404, 0.538472592830658]
[0.515327513217926, 0.5587323307991028, 0.42036789655685425, 0.2696076035499573, 0.5366135239601135]
[0.5068965554237366, 0.5767293572425842, 0.43392881751060486, 0.29716184735298157, 0.5217068791389465]
[0.5096405744552612, 0.5576271414756775, 0.482005774974823, 0.37254634499549866, 0.5439620614051819]
[0.4895401895046234, 0.5884711742401123, 0.4369446337223053, 0.29386645555496216, 0.5389317274093628]
