0
#万象#【男子被蒙28年方知儿子非亲生 女友被判赔19万】1984年，阿斌与阿红未婚同居，两年后阿红生下儿子彬彬。后来阿红离开阿斌与儿子，彬彬一直由“奶奶”抚养长大。2014年，阿斌偶然发现儿子非亲生，遂起诉阿红索赔43万。近日，法院判决阿红赔偿抚养费18万及精神抚慰金1万。
[0.44139525294303894, 0.5219793319702148, 0.5239126086235046, 0.4043319821357727, 0.4798889756202698]
[0.43928033113479614, 0.5755216479301453, 0.43812182545661926, 0.28464990854263306, 0.4676651954650879]
[0.4758692681789398, 0.5671343803405762, 0.4664519131183624, 0.3051452934741974, 0.4674079716205597]
[0.5393098592758179, 0.5826592445373535, 0.40376919507980347, 0.27725955843925476, 0.5573212504386902]
[0.47724395990371704, 0.5645814538002014, 0.43027055263519287, 0.2898542881011963, 0.5297929644584656]
[0.48417389392852783, 0.5683325529098511, 0.42880287766456604, 0.29569461941719055, 0.5460914373397827]
[0.4568806290626526, 0.5696969032287598, 0.4443652331829071, 0.29121994972229004, 0.5295226573944092]
[0.5994998216629028, 0.5040412545204163, 0.4569968581199646, 0.33908283710479736, 0.6018511056900024]
[0.5367165207862854, 0.5924148559570312, 0.4361594617366791, 0.2543615400791168, 0.553701639175415]
[0.5149213075637817, 0.5745115280151367, 0.4294396936893463, 0.2818833291530609, 0.5206738114356995]
[0.5504789352416992, 0.5504522323608398, 0.46797049045562744, 0.3006422519683838, 0.5575739741325378]
[0.4980112314224243, 0.5502991080284119, 0.47483372688293457, 0.3269624710083008, 0.4978748559951782]
[0.450791597366333, 0.5836659669876099, 0.4335058927536011, 0.2878793179988861, 0.5075492858886719]
[0.4968002736568451, 0.5920331478118896, 0.43021854758262634, 0.3095400333404541, 0.5242611765861511]
[0.49064621329307556, 0.5531930923461914, 0.472967267036438, 0.3417796492576599, 0.5237047076225281]
[0.44180503487586975, 0.5490557551383972, 0.4485782980918884, 0.32373595237731934, 0.4750054180622101]
[0.5185332298278809, 0.5979981422424316, 0.4238531291484833, 0.2804935872554779, 0.5281396508216858]
[0.4205740988254547, 0.5709612369537354, 0.4407234787940979, 0.28954291343688965, 0.49195489287376404]
[0.4177527129650116, 0.5291098952293396, 0.4627668559551239, 0.34453147649765015, 0.47015896439552307]
[0.5796219110488892, 0.555540919303894, 0.4704805612564087, 0.3579190671443939, 0.5575723648071289]
[0.5069069862365723, 0.5404159426689148, 0.4654052257537842, 0.37113335728645325, 0.5108101963996887]
[0.4930335581302643, 0.5554243922233582, 0.4675598442554474, 0.3097945749759674, 0.5152365565299988]
[0.4799307584762573, 0.5809311270713806, 0.4217805564403534, 0.2676832973957062, 0.5165228247642517]
[0.5254148244857788, 0.5755969882011414, 0.4468206763267517, 0.30119648575782776, 0.5427736043930054]
[0.4020524024963379, 0.4962978661060333, 0.5545933246612549, 0.44731518626213074, 0.4807179570198059]
[0.4811069667339325, 0.5855350494384766, 0.4265437722206116, 0.2813079357147217, 0.5132219791412354]
[0.3925979733467102, 0.5827486515045166, 0.43968722224235535, 0.28990069031715393, 0.49348166584968567]
[0.5035719871520996, 0.5732521414756775, 0.4422494173049927, 0.27746665477752686, 0.5244520902633667]
[0.55595463514328, 0.5780482292175293, 0.4098479449748993, 0.23170126974582672, 0.5630664229393005]
[0.5162088871002197, 0.5813685059547424, 0.4187413156032562, 0.2973574101924896, 0.5222968459129333]
[0.5621575713157654, 0.5691282749176025, 0.40554746985435486, 0.25926339626312256, 0.568731963634491]
[0.5636444687843323, 0.5909148454666138, 0.40769973397254944, 0.25669556856155396, 0.5716216564178467]
[0.49334201216697693, 0.5866109132766724, 0.4510847330093384, 0.3141497075557709, 0.5374441146850586]
[0.5089887976646423, 0.5028733611106873, 0.47568824887275696, 0.39152762293815613, 0.5213985443115234]
[0.4591883420944214, 0.5534486770629883, 0.44818681478500366, 0.2979750633239746, 0.48306748270988464]
[0.5162520408630371, 0.5306282043457031, 0.4831359386444092, 0.42426833510398865, 0.5228930711746216]
[0.37502604722976685, 0.5749995112419128, 0.44098538160324097, 0.2880935072898865, 0.4591415524482727]
[0.45344552397727966, 0.5641095638275146, 0.4439811408519745, 0.3182057738304138, 0.48313382267951965]
[0.5151104927062988, 0.5247288942337036, 0.4854784905910492, 0.3412725627422333, 0.5231092572212219]
[0.4663790166378021, 0.5743229389190674, 0.43290919065475464, 0.2853028178215027, 0.4949899911880493]
[0.4423251450061798, 0.5475286841392517, 0.48391062021255493, 0.3788040578365326, 0.4576658308506012]
[0.43928033113479614, 0.5755216479301453, 0.43812182545661926, 0.28464990854263306, 0.4676651954650879]
[0.5135855078697205, 0.5748514533042908, 0.4467255473136902, 0.2914772033691406, 0.5535559058189392]
[0.3474615216255188, 0.5196394920349121, 0.5109634399414062, 0.410543292760849, 0.3987496495246887]
[0.5379263162612915, 0.5595452785491943, 0.4253001809120178, 0.2993625998497009, 0.5227234959602356]
[0.39877474308013916, 0.5015632510185242, 0.5590643286705017, 0.6140897870063782, 0.5211064219474792]
[0.43928033113479614, 0.5755216479301453, 0.43812182545661926, 0.28464990854263306, 0.4676651954650879]
[0.5406107902526855, 0.5721578001976013, 0.4332291781902313, 0.2919016480445862, 0.5371090769767761]
[0.48987650871276855, 0.5864062905311584, 0.4343762993812561, 0.28581273555755615, 0.5182672142982483]
[0.5292538404464722, 0.5441091060638428, 0.40832144021987915, 0.26113179326057434, 0.5441541075706482]
[0.5494788289070129, 0.5541365742683411, 0.4849461317062378, 0.31300076842308044, 0.5618987083435059]
[0.524643063545227, 0.5519886016845703, 0.4478294253349304, 0.2973550260066986, 0.5437752604484558]
[0.5045672059059143, 0.5830837488174438, 0.4199550151824951, 0.2910143733024597, 0.5115631818771362]
[0.44204825162887573, 0.5648837089538574, 0.448106050491333, 0.32863983511924744, 0.4783065915107727]
[0.4801895022392273, 0.5376196503639221, 0.47473806142807007, 0.3287521302700043, 0.4890463352203369]
[0.5448923110961914, 0.5569806694984436, 0.4254244565963745, 0.30423805117607117, 0.5300415754318237]
[0.5201532244682312, 0.5592267513275146, 0.43898001313209534, 0.2826765477657318, 0.5675730109214783]
[0.43807628750801086, 0.5870596170425415, 0.4434705972671509, 0.30348771810531616, 0.49231070280075073]
[0.5309805870056152, 0.5941113233566284, 0.42091548442840576, 0.2627391517162323, 0.5606397390365601]
[0.5047279000282288, 0.5768982172012329, 0.4308854043483734, 0.29619938135147095, 0.5030005574226379]
[0.5623903274536133, 0.5881690979003906, 0.4435749053955078, 0.2834608256816864, 0.5322551131248474]
[0.4728561341762543, 0.584826648235321, 0.4353342056274414, 0.286596417427063, 0.5287357568740845]
[0.5206304788589478, 0.5571117997169495, 0.4623781144618988, 0.33068597316741943, 0.526282787322998]
[0.4623435437679291, 0.5244387984275818, 0.5103062987327576, 0.37767493724823, 0.49902835488319397]
[0.49375295639038086, 0.5783133506774902, 0.45450490713119507, 0.29023781418800354, 0.505050003528595]
[0.43730124831199646, 0.540442168712616, 0.46977758407592773, 0.3395930230617523, 0.4917670786380768]
[0.5359382033348083, 0.5881756544113159, 0.4261700212955475, 0.25660744309425354, 0.5385239124298096]
[0.5309805870056152, 0.5941113233566284, 0.42091548442840576, 0.2627391517162323, 0.5606397390365601]
[0.4366084933280945, 0.5170767903327942, 0.5060672760009766, 0.4424184262752533, 0.4653218388557434]
[0.5102876424789429, 0.5720045566558838, 0.45100799202919006, 0.29122939705848694, 0.5293506383895874]
[0.5406107902526855, 0.5721578001976013, 0.4332291781902313, 0.2919016480445862, 0.5371090769767761]
[0.540946900844574, 0.5357567667961121, 0.4845391809940338, 0.33470577001571655, 0.5318270921707153]
[0.44451430439949036, 0.4949800372123718, 0.4904395639896393, 0.3634004592895508, 0.4873870611190796]
[0.5626809000968933, 0.5609617829322815, 0.39705514907836914, 0.2611774206161499, 0.543889582157135]
[0.5777120590209961, 0.5598562359809875, 0.43334802985191345, 0.29737022519111633, 0.5386912822723389]
[0.5145682692527771, 0.5376845002174377, 0.4171190559864044, 0.29553118348121643, 0.5201998353004456]
[0.49819183349609375, 0.5695810914039612, 0.4092336595058441, 0.28381651639938354, 0.5330636501312256]
[0.5570903420448303, 0.5583093762397766, 0.4158785343170166, 0.2695132791996002, 0.5632070899009705]
[0.5321627259254456, 0.5895819067955017, 0.4211578965187073, 0.2719716727733612, 0.5423617959022522]
[0.5092318654060364, 0.5318264961242676, 0.4304419755935669, 0.33090245723724365, 0.5234875679016113]
[0.5783405303955078, 0.5051540732383728, 0.4570677876472473, 0.33102893829345703, 0.5905963778495789]
[0.5195145010948181, 0.5575770735740662, 0.41414549946784973, 0.2912643253803253, 0.5412703156471252]
[0.44032007455825806, 0.5430186986923218, 0.46416032314300537, 0.32660597562789917, 0.48853424191474915]
[0.5615972280502319, 0.5689613819122314, 0.4364442229270935, 0.28230395913124084, 0.5523234605789185]
[0.4657432436943054, 0.5195221900939941, 0.4971849024295807, 0.3827248215675354, 0.5353935956954956]
[0.4221266210079193, 0.5643807649612427, 0.4379347264766693, 0.2898101806640625, 0.4843337833881378]
[0.488918662071228, 0.5583359003067017, 0.4704236686229706, 0.34182053804397583, 0.5214070677757263]
[0.47086432576179504, 0.5698773264884949, 0.43641096353530884, 0.29528266191482544, 0.5055529475212097]
[0.6052102446556091, 0.5842456817626953, 0.4011399745941162, 0.2455308586359024, 0.5812090635299683]
[0.38181594014167786, 0.5178092122077942, 0.44773638248443604, 0.3004138469696045, 0.4622885286808014]
[0.5223026871681213, 0.596538245677948, 0.4216730296611786, 0.272748738527298, 0.5292382836341858]
[0.5002586841583252, 0.5507223010063171, 0.4222775101661682, 0.2704368829727173, 0.5203191637992859]
[0.47906291484832764, 0.5688377618789673, 0.47483888268470764, 0.3271273374557495, 0.5053865313529968]
[0.51933753490448, 0.5776869058609009, 0.4168815016746521, 0.28800907731056213, 0.522680401802063]
[0.4029602110385895, 0.5597943663597107, 0.4768942594528198, 0.2898922562599182, 0.44508227705955505]
[0.47284024953842163, 0.5725482702255249, 0.4696711599826813, 0.2915184199810028, 0.49562501907348633]
[0.5174133777618408, 0.5499148368835449, 0.4374910891056061, 0.32208487391471863, 0.5292202830314636]
[0.5149213075637817, 0.5745115280151367, 0.4294396936893463, 0.2818833291530609, 0.5206738114356995]
[0.47304680943489075, 0.5360220670700073, 0.46437424421310425, 0.313873827457428, 0.4955669343471527]
[0.5367844700813293, 0.5510141253471375, 0.4559340178966522, 0.3215128183364868, 0.5527763962745667]
[0.5248854756355286, 0.5814367532730103, 0.42122435569763184, 0.25751161575317383, 0.5604759454727173]
