0
【熊猫盼盼“百岁”生日！你愿为她转发祝福吗？】1990年北京亚运会吉祥物熊猫盼盼，本名巴斯，1980年生。它7岁访美，11岁上春晚，手持金牌奔跑形象印在几代人心中。多少孩子因为它，也叫盼盼。如今80后们风华正茂，而盼盼已老。今天，熊猫盼盼35岁生日，相当于人类100多岁！祝它生日快乐！ （央视）
[0.5295554995536804, 0.5298500061035156, 0.4715626835823059, 0.35075414180755615, 0.5468922257423401]
[0.4704788625240326, 0.5756610035896301, 0.4238332509994507, 0.2974628508090973, 0.4981590509414673]
[0.4643043875694275, 0.6025498509407043, 0.4200616776943207, 0.27086135745048523, 0.5099377036094666]
[0.43104320764541626, 0.5118719935417175, 0.5090149641036987, 0.43789294362068176, 0.4539925754070282]
[0.5118181705474854, 0.5905980467796326, 0.404599130153656, 0.27576056122779846, 0.5503923296928406]
[0.49218690395355225, 0.5789722800254822, 0.4544324278831482, 0.30269795656204224, 0.49828746914863586]
[0.47023507952690125, 0.5565944910049438, 0.44505318999290466, 0.32629698514938354, 0.4922495186328888]
[0.5311432480812073, 0.5698775053024292, 0.4176577627658844, 0.28499773144721985, 0.542148232460022]
[0.4704788625240326, 0.5756610035896301, 0.4238332509994507, 0.2974628508090973, 0.4981590509414673]
[0.5158156156539917, 0.5325788259506226, 0.47740787267684937, 0.37476417422294617, 0.520097553730011]
[0.5311432480812073, 0.5698775053024292, 0.4176577627658844, 0.28499773144721985, 0.542148232460022]
[0.4704788625240326, 0.5756610035896301, 0.4238332509994507, 0.2974628508090973, 0.4981590509414673]
[0.5118181705474854, 0.5905980467796326, 0.404599130153656, 0.27576056122779846, 0.5503923296928406]
[0.5235729217529297, 0.5711023807525635, 0.42443227767944336, 0.2986707389354706, 0.5321202874183655]
[0.39837273955345154, 0.5145038366317749, 0.5231478810310364, 0.4431844651699066, 0.4466352164745331]
[0.4242960512638092, 0.540900707244873, 0.4467279314994812, 0.31110692024230957, 0.4618671238422394]
[0.5235729217529297, 0.5711023807525635, 0.42443227767944336, 0.2986707389354706, 0.5321202874183655]
[0.43793389201164246, 0.5637016892433167, 0.47116947174072266, 0.326945036649704, 0.4453200697898865]
[0.5388455986976624, 0.5604899525642395, 0.42620405554771423, 0.31129175424575806, 0.5141449570655823]
[0.47015443444252014, 0.5269066095352173, 0.46653762459754944, 0.3311545252799988, 0.49247127771377563]
[0.5375945568084717, 0.5613290071487427, 0.42047402262687683, 0.31436887383461, 0.5293458104133606]
[0.547105073928833, 0.5562711358070374, 0.4302145838737488, 0.2761951982975006, 0.5568141937255859]
[0.47732940316200256, 0.5306041836738586, 0.44359925389289856, 0.3621509075164795, 0.515133798122406]
[0.48379552364349365, 0.5937032699584961, 0.41920071840286255, 0.2830924987792969, 0.4925927221775055]
[0.5235729217529297, 0.5711023807525635, 0.42443227767944336, 0.2986707389354706, 0.5321202874183655]
[0.5311432480812073, 0.5698775053024292, 0.4176577627658844, 0.28499773144721985, 0.542148232460022]
[0.5357609987258911, 0.5725051164627075, 0.4245778024196625, 0.30265623331069946, 0.5444800853729248]
[0.4704788625240326, 0.5756610035896301, 0.4238332509994507, 0.2974628508090973, 0.4981590509414673]
[0.49022164940834045, 0.5896075367927551, 0.43100330233573914, 0.27417299151420593, 0.5323498249053955]
[0.5272649526596069, 0.5916771292686462, 0.41746968030929565, 0.25810837745666504, 0.5391721725463867]
[0.6000707149505615, 0.5337573289871216, 0.47871658205986023, 0.3712497651576996, 0.5988777875900269]
[0.5462360382080078, 0.5881468653678894, 0.4231009781360626, 0.28235965967178345, 0.539649486541748]
[0.47023507952690125, 0.5565944910049438, 0.44505318999290466, 0.32629698514938354, 0.4922495186328888]
[0.4525807499885559, 0.5508478879928589, 0.4649914801120758, 0.3487451374530792, 0.49849405884742737]
[0.44201722741127014, 0.5072776079177856, 0.5296843647956848, 0.4529948830604553, 0.4868192970752716]
[0.5235729217529297, 0.5711023807525635, 0.42443227767944336, 0.2986707389354706, 0.5321202874183655]
[0.6222348213195801, 0.487181693315506, 0.5064316987991333, 0.4024913012981415, 0.5998538136482239]
[0.4242960512638092, 0.540900707244873, 0.4467279314994812, 0.31110692024230957, 0.4618671238422394]
[0.5579464435577393, 0.5716530680656433, 0.43499964475631714, 0.27787479758262634, 0.5435633659362793]
[0.43104320764541626, 0.5118719935417175, 0.5090149641036987, 0.43789294362068176, 0.4539925754070282]
[0.5070725679397583, 0.5795678496360779, 0.4309682846069336, 0.25872695446014404, 0.538472592830658]
[0.47023507952690125, 0.5565944910049438, 0.44505318999290466, 0.32629698514938354, 0.4922495186328888]
[0.5306845903396606, 0.5503838062286377, 0.4747227728366852, 0.32497695088386536, 0.5484009981155396]
[0.5311432480812073, 0.5698775053024292, 0.4176577627658844, 0.28499773144721985, 0.542148232460022]
[0.5097389817237854, 0.5624470710754395, 0.43177327513694763, 0.31441426277160645, 0.507953941822052]
[0.4242960512638092, 0.540900707244873, 0.4467279314994812, 0.31110692024230957, 0.4618671238422394]
[0.4331170618534088, 0.5501182079315186, 0.47678080201148987, 0.32296022772789, 0.4872320592403412]
[0.5506532192230225, 0.5573636889457703, 0.43768638372421265, 0.29298555850982666, 0.5393102765083313]
[0.5205668210983276, 0.5797220468521118, 0.43549537658691406, 0.29671359062194824, 0.5312999486923218]
[0.5487323999404907, 0.5916972160339355, 0.4114839732646942, 0.27344247698783875, 0.5539587140083313]
[0.5235729217529297, 0.5711023807525635, 0.42443227767944336, 0.2986707389354706, 0.5321202874183655]
[0.5053377151489258, 0.5758277773857117, 0.42383667826652527, 0.28274670243263245, 0.5531182289123535]
[0.532569944858551, 0.5844129323959351, 0.38441556692123413, 0.2699489891529083, 0.5474977493286133]
[0.45657938718795776, 0.5553194880485535, 0.46329617500305176, 0.35219159722328186, 0.5092829465866089]
[0.5634349584579468, 0.5405510067939758, 0.4220948815345764, 0.3067516088485718, 0.5489769577980042]
[0.528791069984436, 0.5636467337608337, 0.4171600341796875, 0.2982821464538574, 0.5354679226875305]
[0.5615665316581726, 0.5595781207084656, 0.41734078526496887, 0.29286789894104004, 0.5524280071258545]
[0.5260461568832397, 0.5862242579460144, 0.4310151934623718, 0.2730245292186737, 0.5295546650886536]
[0.5564673542976379, 0.5206732153892517, 0.42676079273223877, 0.34671154618263245, 0.5886445045471191]
[0.6368913650512695, 0.5372554063796997, 0.4383852481842041, 0.3087625801563263, 0.6090137958526611]
[0.5135989189147949, 0.5832393169403076, 0.430844247341156, 0.30605122447013855, 0.522992730140686]
[0.5235729217529297, 0.5711023807525635, 0.42443227767944336, 0.2986707389354706, 0.5321202874183655]
[0.5214606523513794, 0.567754864692688, 0.429293692111969, 0.28390470147132874, 0.5134283304214478]
[0.4823768734931946, 0.5368636250495911, 0.4679694175720215, 0.3609277606010437, 0.49637696146965027]
[0.4704788625240326, 0.5756610035896301, 0.4238332509994507, 0.2974628508090973, 0.4981590509414673]
[0.4445253610610962, 0.5787230730056763, 0.4299378991127014, 0.2952477037906647, 0.4993431866168976]
[0.5475355386734009, 0.5657061338424683, 0.4286450743675232, 0.29959696531295776, 0.5514028072357178]
[0.46261483430862427, 0.5438220500946045, 0.44228288531303406, 0.31278327107429504, 0.4803175628185272]
[0.49712902307510376, 0.551602303981781, 0.44130992889404297, 0.3059391677379608, 0.5155583620071411]
[0.47920531034469604, 0.5811893343925476, 0.41673505306243896, 0.28207045793533325, 0.5196965336799622]
[0.5462360382080078, 0.5881468653678894, 0.4231009781360626, 0.28235965967178345, 0.539649486541748]
[0.5462360382080078, 0.5881468653678894, 0.4231009781360626, 0.28235965967178345, 0.539649486541748]
[0.48108798265457153, 0.5539840459823608, 0.43358728289604187, 0.33928996324539185, 0.487896203994751]
[0.44365933537483215, 0.5739770531654358, 0.41546669602394104, 0.2966476082801819, 0.4962990880012512]
[0.554148256778717, 0.5954756736755371, 0.40719854831695557, 0.24972522258758545, 0.5764220356941223]
[0.5311432480812073, 0.5698775053024292, 0.4176577627658844, 0.28499773144721985, 0.542148232460022]
[0.4863327145576477, 0.5365071296691895, 0.47823306918144226, 0.41503748297691345, 0.5150710344314575]
[0.5311432480812073, 0.5698775053024292, 0.4176577627658844, 0.28499773144721985, 0.542148232460022]
[0.4368252754211426, 0.5752936005592346, 0.4275752902030945, 0.2810288369655609, 0.4943675696849823]
[0.5270827412605286, 0.5967831015586853, 0.41281893849372864, 0.26888126134872437, 0.5519604086875916]
[0.43692779541015625, 0.543097734451294, 0.4650318920612335, 0.38556137681007385, 0.5043092966079712]
[0.5462360382080078, 0.5881468653678894, 0.4231009781360626, 0.28235965967178345, 0.539649486541748]
[0.5235729217529297, 0.5711023807525635, 0.42443227767944336, 0.2986707389354706, 0.5321202874183655]
[0.5022411942481995, 0.5215283036231995, 0.5083170533180237, 0.4635603129863739, 0.5159836411476135]
[0.44217079877853394, 0.5188286900520325, 0.4915177822113037, 0.412416934967041, 0.46360161900520325]
[0.5235729217529297, 0.5711023807525635, 0.42443227767944336, 0.2986707389354706, 0.5321202874183655]
[0.48324915766716003, 0.5571464896202087, 0.4633791446685791, 0.30629417300224304, 0.5228886604309082]
[0.36938488483428955, 0.5593352913856506, 0.4652315080165863, 0.34381845593452454, 0.4676169753074646]
[0.5852333307266235, 0.5952311754226685, 0.40429332852363586, 0.2525728642940521, 0.5804541110992432]
[0.4704788625240326, 0.5756610035896301, 0.4238332509994507, 0.2974628508090973, 0.4981590509414673]
[0.5311432480812073, 0.5698775053024292, 0.4176577627658844, 0.28499773144721985, 0.542148232460022]
[0.5235729217529297, 0.5711023807525635, 0.42443227767944336, 0.2986707389354706, 0.5321202874183655]
[0.46833673119544983, 0.5239456295967102, 0.4612273871898651, 0.3823933005332947, 0.4934130609035492]
[0.5235729217529297, 0.5711023807525635, 0.42443227767944336, 0.2986707389354706, 0.5321202874183655]
[0.4868292808532715, 0.5647162199020386, 0.43691807985305786, 0.3209315240383148, 0.5075808763504028]
[0.49819183349609375, 0.5695810914039612, 0.4092336595058441, 0.28381651639938354, 0.5330636501312256]
[0.5504789352416992, 0.5504522323608398, 0.46797049045562744, 0.3006422519683838, 0.5575739741325378]
[0.47023507952690125, 0.5565944910049438, 0.44505318999290466, 0.32629698514938354, 0.4922495186328888]
[0.5235729217529297, 0.5711023807525635, 0.42443227767944336, 0.2986707389354706, 0.5321202874183655]
[0.4776744842529297, 0.5316615700721741, 0.4736331105232239, 0.38608425855636597, 0.5084958076477051]
[0.5311432480812073, 0.5698775053024292, 0.4176577627658844, 0.28499773144721985, 0.542148232460022]
