0
#土耳其击落俄军机#【土耳其总统再呛声 警告普京“不要玩火”】据英国《BBC》报道，埃尔多安说，他希望透过明日登场的巴黎气候会议上，能与普京“面对面”沟通来解决问题，并警告普京不要玩火。不过俄方强调，在埃尔多安要求见面之前，普京希望土耳其先道歉。（凤凰网）
[0.4872996509075165, 0.5079259276390076, 0.4952055811882019, 0.36196091771125793, 0.47131025791168213]
[0.548669159412384, 0.5805014371871948, 0.4272603690624237, 0.2662228047847748, 0.5550752282142639]
[0.4956011176109314, 0.5281978249549866, 0.46946561336517334, 0.33524036407470703, 0.5134616494178772]
[0.5953149795532227, 0.5758894681930542, 0.37792596220970154, 0.2611335515975952, 0.5978664755821228]
[0.5002355575561523, 0.5655230283737183, 0.41534069180488586, 0.26469504833221436, 0.5578625202178955]
[0.5594984889030457, 0.5652691125869751, 0.40418681502342224, 0.25803691148757935, 0.5905035138130188]
[0.43372195959091187, 0.5776039361953735, 0.4284563362598419, 0.27846717834472656, 0.47131162881851196]
[0.5083229541778564, 0.5856364369392395, 0.4471929371356964, 0.27136144042015076, 0.5357232093811035]
[0.4375351369380951, 0.5263824462890625, 0.45628103613853455, 0.28995952010154724, 0.4579482972621918]
[0.5006588101387024, 0.5476348996162415, 0.4405621886253357, 0.32169052958488464, 0.5193699598312378]
[0.4383941888809204, 0.5413198471069336, 0.4628678560256958, 0.2928283214569092, 0.4819754958152771]
[0.5536986589431763, 0.5727874040603638, 0.4276176989078522, 0.2905571162700653, 0.5808833241462708]
[0.5361001491546631, 0.5836796164512634, 0.4007253348827362, 0.2800561189651489, 0.5695509910583496]
[0.4872996509075165, 0.5079259276390076, 0.4952055811882019, 0.36196091771125793, 0.47131025791168213]
[0.5273311734199524, 0.5786575675010681, 0.4190649390220642, 0.29304325580596924, 0.5463360548019409]
[0.4468274414539337, 0.5587159395217896, 0.45384639501571655, 0.34031060338020325, 0.49074968695640564]
[0.5201641321182251, 0.5861557722091675, 0.4070388078689575, 0.2638605237007141, 0.542429506778717]
[0.5042881369590759, 0.5806283354759216, 0.4277678430080414, 0.28808704018592834, 0.5386101603507996]
[0.5088986158370972, 0.5820108652114868, 0.42286205291748047, 0.26204368472099304, 0.5479749441146851]
[0.435225248336792, 0.5260741710662842, 0.4670458734035492, 0.35365450382232666, 0.4558963179588318]
[0.5318729281425476, 0.5575937032699585, 0.4354393184185028, 0.29934215545654297, 0.5335534811019897]
[0.48601728677749634, 0.5585310459136963, 0.42117413878440857, 0.28392457962036133, 0.530592143535614]
[0.4522983431816101, 0.5248004794120789, 0.49252748489379883, 0.3998730480670929, 0.5060270428657532]
[0.45485958456993103, 0.5353180170059204, 0.4822433590888977, 0.3542831242084503, 0.4904113709926605]
[0.4157167971134186, 0.5823507308959961, 0.45433494448661804, 0.2886080741882324, 0.4779970943927765]
[0.47759607434272766, 0.5618127584457397, 0.4499688446521759, 0.3047034740447998, 0.535434901714325]
[0.5143335461616516, 0.5827939510345459, 0.4500068724155426, 0.2808809280395508, 0.5558861494064331]
[0.5499573349952698, 0.5712000727653503, 0.39382967352867126, 0.2648477256298065, 0.5333871841430664]
[0.4938136339187622, 0.5810419917106628, 0.43946942687034607, 0.26359421014785767, 0.5332298278808594]
[0.49379271268844604, 0.5639949440956116, 0.44421690702438354, 0.3266489505767822, 0.51004958152771]
[0.5407861471176147, 0.5616030693054199, 0.40391334891319275, 0.26456719636917114, 0.5616704225540161]
[0.49464982748031616, 0.5537353157997131, 0.43557336926460266, 0.33999302983283997, 0.5125596523284912]
[0.4687041938304901, 0.5442132353782654, 0.4587866961956024, 0.3505517542362213, 0.4797561764717102]
[0.5040035247802734, 0.5719863772392273, 0.43091994524002075, 0.27657848596572876, 0.5261465907096863]
[0.5336966514587402, 0.5670115947723389, 0.4031098484992981, 0.2652788758277893, 0.5542773604393005]
[0.5089555978775024, 0.5161016583442688, 0.45734691619873047, 0.3287808895111084, 0.5511834025382996]
[0.5071401596069336, 0.5866351127624512, 0.4382668435573578, 0.2753162980079651, 0.5423864722251892]
[0.5241015553474426, 0.5878335237503052, 0.40090107917785645, 0.24653799831867218, 0.5583924651145935]
[0.555375337600708, 0.5239955186843872, 0.4407229721546173, 0.309709757566452, 0.5471749305725098]
[0.5348730087280273, 0.581800639629364, 0.43268510699272156, 0.28090015053749084, 0.5556831359863281]
[0.564114511013031, 0.5792875289916992, 0.43127378821372986, 0.26334109902381897, 0.5402337908744812]
[0.5099884867668152, 0.5806030035018921, 0.44903895258903503, 0.2931155562400818, 0.5377567410469055]
[0.57231605052948, 0.5770965814590454, 0.39911413192749023, 0.2535201609134674, 0.5508418083190918]
[0.4598398506641388, 0.511895477771759, 0.4845634400844574, 0.3897457420825958, 0.5199593305587769]
[0.5210481286048889, 0.5873186588287354, 0.42871835827827454, 0.27524349093437195, 0.5561617016792297]
[0.537272036075592, 0.5887752175331116, 0.4071476459503174, 0.2596084177494049, 0.5493714213371277]
[0.4686858654022217, 0.5655457377433777, 0.4583044648170471, 0.3290572464466095, 0.46406808495521545]
[0.539475679397583, 0.5770838856697083, 0.4383334517478943, 0.2851541042327881, 0.5324846506118774]
[0.45937106013298035, 0.5513451099395752, 0.47289329767227173, 0.3370186388492584, 0.5004441738128662]
[0.5491408109664917, 0.5741002559661865, 0.4075440764427185, 0.2432129681110382, 0.5957438945770264]
[0.4302079677581787, 0.5641074180603027, 0.4408104121685028, 0.3187088668346405, 0.47769278287887573]
[0.5030598044395447, 0.555902898311615, 0.4646628201007843, 0.3299894630908966, 0.53636234998703]
[0.5626156330108643, 0.5623969435691833, 0.41218680143356323, 0.28700804710388184, 0.5506004095077515]
[0.5974435210227966, 0.5723664164543152, 0.3891611695289612, 0.23731133341789246, 0.5849395990371704]
[0.49819183349609375, 0.5695810914039612, 0.4092336595058441, 0.28381651639938354, 0.5330636501312256]
[0.43289652466773987, 0.5516342520713806, 0.4532133638858795, 0.3528035879135132, 0.4532490372657776]
[0.38218551874160767, 0.5467473268508911, 0.4555850923061371, 0.3266223967075348, 0.47329217195510864]
[0.5188701748847961, 0.5468494296073914, 0.4362902343273163, 0.29839059710502625, 0.5304427742958069]
[0.5417335629463196, 0.5527387261390686, 0.4141940474510193, 0.3014862537384033, 0.5440354347229004]
[0.5586850047111511, 0.5500012040138245, 0.422619104385376, 0.2738882899284363, 0.5693249702453613]
[0.4545191526412964, 0.5642123222351074, 0.4515691101551056, 0.29636985063552856, 0.4689096510410309]
