0
#突发#【山西大运高速47车连环相撞 已致3死7伤】29日早晨，山西大运高速公路运城到侯马段，距侯马9.3公里处发生特大交通事故，共有47辆车连环相撞，目前造成3死7伤。事故发生后，当地政府迅速启动应急预案，受事故影响运城至太原高速公路封闭，初步调查原因为团雾影响。
[0.5045297145843506, 0.5133646726608276, 0.5194948315620422, 0.3561111390590668, 0.5099257230758667]
[0.5653747320175171, 0.5958674550056458, 0.410073459148407, 0.2521335780620575, 0.5308053493499756]
[0.4696253538131714, 0.561180055141449, 0.45821815729141235, 0.2931479215621948, 0.47005778551101685]
[0.511255145072937, 0.5555015802383423, 0.44553065299987793, 0.29960352182388306, 0.5322266817092896]
[0.5070725679397583, 0.5795678496360779, 0.4309682846069336, 0.25872695446014404, 0.538472592830658]
[0.5024927854537964, 0.58120197057724, 0.4308835566043854, 0.28089672327041626, 0.5318693518638611]
[0.5354412794113159, 0.5449605584144592, 0.4369605481624603, 0.2770887017250061, 0.540838897228241]
[0.5272092819213867, 0.559842586517334, 0.42137783765792847, 0.27574241161346436, 0.5280556082725525]
[0.5764367580413818, 0.5917763113975525, 0.4124647080898285, 0.26419520378112793, 0.5642456412315369]
[0.5070725679397583, 0.5795678496360779, 0.4309682846069336, 0.25872695446014404, 0.538472592830658]
[0.4364861845970154, 0.5787242650985718, 0.46864795684814453, 0.3361269533634186, 0.4889865815639496]
[0.51723712682724, 0.5687195062637329, 0.4521908462047577, 0.28394854068756104, 0.5009109973907471]
[0.5643336176872253, 0.598152756690979, 0.42296716570854187, 0.26225802302360535, 0.5468106865882874]
[0.4759730398654938, 0.5770188570022583, 0.48137763142585754, 0.28898632526397705, 0.5065383911132812]
[0.5589802861213684, 0.5738968849182129, 0.4288977086544037, 0.2639102339744568, 0.5483239889144897]
[0.48712068796157837, 0.5551542043685913, 0.4576554298400879, 0.30853167176246643, 0.5194411873817444]
[0.527854323387146, 0.5857251286506653, 0.42558375000953674, 0.27191784977912903, 0.5264109373092651]
[0.5651208758354187, 0.5868700742721558, 0.3903648853302002, 0.23746328055858612, 0.5821118354797363]
[0.5070725679397583, 0.5795678496360779, 0.4309682846069336, 0.25872695446014404, 0.538472592830658]
[0.5077589750289917, 0.5895706415176392, 0.4099859297275543, 0.2678578197956085, 0.5360009670257568]
[0.5487571954727173, 0.5748111009597778, 0.4197513461112976, 0.27034592628479004, 0.5585851073265076]
[0.5185417532920837, 0.5889230370521545, 0.4058743715286255, 0.27247926592826843, 0.5398168563842773]
[0.5509830117225647, 0.5417206883430481, 0.4587899446487427, 0.2755615711212158, 0.5302212238311768]
[0.5339047908782959, 0.5862853527069092, 0.40571752190589905, 0.2658991813659668, 0.537569522857666]
[0.5444731712341309, 0.5838104486465454, 0.4139184057712555, 0.25832685828208923, 0.5652064085006714]
[0.5344882011413574, 0.5846225619316101, 0.4481562376022339, 0.2839263081550598, 0.5576478838920593]
[0.5037609338760376, 0.5767325162887573, 0.43403488397598267, 0.2902580201625824, 0.5275287628173828]
[0.5070725679397583, 0.5795678496360779, 0.4309682846069336, 0.25872695446014404, 0.538472592830658]
[0.4608808159828186, 0.5878668427467346, 0.41090840101242065, 0.2755810022354126, 0.5126093029975891]
[0.5619929432868958, 0.5987727642059326, 0.4331023693084717, 0.2502346336841583, 0.5555509328842163]
[0.434324711561203, 0.5939033627510071, 0.44828736782073975, 0.28846678137779236, 0.4894283413887024]
[0.5095325708389282, 0.6034155488014221, 0.4237906038761139, 0.2666093707084656, 0.5424994826316833]
[0.5171611309051514, 0.5837067365646362, 0.43390414118766785, 0.2915858030319214, 0.5508816838264465]
[0.4340757131576538, 0.5774983167648315, 0.4649387300014496, 0.2898106575012207, 0.47513359785079956]
[0.5070725679397583, 0.5795678496360779, 0.4309682846069336, 0.25872695446014404, 0.538472592830658]
[0.5158097147941589, 0.558678388595581, 0.445834219455719, 0.31743744015693665, 0.5369687080383301]
[0.4608808159828186, 0.5878668427467346, 0.41090840101242065, 0.2755810022354126, 0.5126093029975891]
[0.5122270584106445, 0.5730024576187134, 0.4291767477989197, 0.2967279851436615, 0.5386055111885071]
[0.527854323387146, 0.5857251286506653, 0.42558375000953674, 0.27191784977912903, 0.5264109373092651]
[0.4320327043533325, 0.580361008644104, 0.4439273774623871, 0.3277483582496643, 0.490519255399704]
[0.5074096918106079, 0.5905137658119202, 0.42286908626556396, 0.27135273814201355, 0.5313239097595215]
[0.5354865789413452, 0.5888907313346863, 0.41922876238822937, 0.2605830132961273, 0.5253303050994873]
[0.4185413718223572, 0.5445502400398254, 0.5262689590454102, 0.3846783936023712, 0.49744588136672974]
[0.38759833574295044, 0.5890149474143982, 0.4407351315021515, 0.28903448581695557, 0.46333223581314087]
[0.48803436756134033, 0.563836395740509, 0.43309423327445984, 0.2783755958080292, 0.5098941922187805]
[0.4595229923725128, 0.5258680582046509, 0.5524916648864746, 0.4450506269931793, 0.5226629376411438]
[0.527854323387146, 0.5857251286506653, 0.42558375000953674, 0.27191784977912903, 0.5264109373092651]
[0.5070725679397583, 0.5795678496360779, 0.4309682846069336, 0.25872695446014404, 0.538472592830658]
[0.4841606020927429, 0.585098385810852, 0.44181257486343384, 0.30282291769981384, 0.5237290263175964]
[0.5241649150848389, 0.5843340754508972, 0.4294726252555847, 0.29895663261413574, 0.560671329498291]
[0.5120205879211426, 0.5778299570083618, 0.4361032247543335, 0.28369876742362976, 0.5268622636795044]
[0.5236814022064209, 0.5856907963752747, 0.4153708219528198, 0.2621602416038513, 0.5560606718063354]
[0.5070725679397583, 0.5795678496360779, 0.4309682846069336, 0.25872695446014404, 0.538472592830658]
[0.5070725679397583, 0.5795678496360779, 0.4309682846069336, 0.25872695446014404, 0.538472592830658]
[0.5070725679397583, 0.5795678496360779, 0.4309682846069336, 0.25872695446014404, 0.538472592830658]
[0.5653747320175171, 0.5958674550056458, 0.410073459148407, 0.2521335780620575, 0.5308053493499756]
[0.5268009305000305, 0.5736085772514343, 0.44359290599823, 0.3414711654186249, 0.5408002734184265]
[0.581464409828186, 0.5397868156433105, 0.4132099449634552, 0.292316734790802, 0.5968743562698364]
[0.47015443444252014, 0.5638484358787537, 0.4427326023578644, 0.3184599280357361, 0.5198371410369873]
[0.4818546772003174, 0.5671708583831787, 0.4427948296070099, 0.3154818117618561, 0.5104961395263672]
[0.5432689189910889, 0.572341799736023, 0.42754635214805603, 0.2827337980270386, 0.563088059425354]
[0.5184573531150818, 0.588884174823761, 0.41600653529167175, 0.28124895691871643, 0.5403153896331787]
[0.5070725679397583, 0.5795678496360779, 0.4309682846069336, 0.25872695446014404, 0.538472592830658]
[0.5533649325370789, 0.5922772884368896, 0.4088630974292755, 0.2677921652793884, 0.5596466064453125]
[0.5070725679397583, 0.5795678496360779, 0.4309682846069336, 0.25872695446014404, 0.538472592830658]
[0.41266366839408875, 0.5368288159370422, 0.48658958077430725, 0.3639693856239319, 0.49531880021095276]
[0.48775696754455566, 0.5517061352729797, 0.5175045728683472, 0.3685972988605499, 0.5370988249778748]
[0.5087268948554993, 0.5367909073829651, 0.4560088813304901, 0.3387366235256195, 0.5264462828636169]
[0.4953392446041107, 0.5428326725959778, 0.45013800263404846, 0.3311528265476227, 0.5144622325897217]
[0.5070725679397583, 0.5795678496360779, 0.4309682846069336, 0.25872695446014404, 0.538472592830658]
[0.5448570847511292, 0.5992358326911926, 0.4335053563117981, 0.2642391622066498, 0.5558105707168579]
[0.5088013410568237, 0.5721232891082764, 0.42536067962646484, 0.26422178745269775, 0.5326055884361267]
[0.5596718788146973, 0.5904868841171265, 0.41563960909843445, 0.2668617069721222, 0.562219500541687]
[0.4908848702907562, 0.5732086896896362, 0.43128877878189087, 0.3087708055973053, 0.49520838260650635]
[0.5315854549407959, 0.6000695824623108, 0.4208853244781494, 0.26340967416763306, 0.554161548614502]
[0.5357186794281006, 0.5939727425575256, 0.44138139486312866, 0.28386226296424866, 0.5455021262168884]
[0.4197443723678589, 0.5587654709815979, 0.46687570214271545, 0.31459519267082214, 0.48576226830482483]
[0.4453027546405792, 0.5816659927368164, 0.44092538952827454, 0.27930188179016113, 0.48828867077827454]
[0.3972821533679962, 0.5464734435081482, 0.474817156791687, 0.34782084822654724, 0.44300925731658936]
[0.5354865789413452, 0.5888907313346863, 0.41922876238822937, 0.2605830132961273, 0.5253303050994873]
[0.5078919529914856, 0.5585420727729797, 0.48448440432548523, 0.39586466550827026, 0.5351713299751282]
[0.4923703372478485, 0.552128791809082, 0.46120089292526245, 0.3164033889770508, 0.486610472202301]
[0.551811158657074, 0.5954899787902832, 0.4030663073062897, 0.26192253828048706, 0.5679393410682678]
[0.4602275490760803, 0.5867522358894348, 0.45295965671539307, 0.3065767288208008, 0.5100875496864319]
[0.49109765887260437, 0.5207034945487976, 0.5161453485488892, 0.43336907029151917, 0.5279608368873596]
[0.5687735080718994, 0.5745432376861572, 0.3999060392379761, 0.2462739199399948, 0.5805644989013672]
[0.5070725679397583, 0.5795678496360779, 0.4309682846069336, 0.25872695446014404, 0.538472592830658]
[0.5394118428230286, 0.5794481039047241, 0.42704305052757263, 0.2878551185131073, 0.5454431772232056]
[0.6237159371376038, 0.5325204730033875, 0.4132319986820221, 0.281131774187088, 0.6214484572410583]
[0.44712287187576294, 0.5667224526405334, 0.4689908027648926, 0.3243679702281952, 0.4703923165798187]
[0.47108718752861023, 0.5668295621871948, 0.43703359365463257, 0.3190609812736511, 0.48170170187950134]
[0.5438017845153809, 0.5942021012306213, 0.41521143913269043, 0.26803213357925415, 0.5571514964103699]
[0.5367802977561951, 0.5540770292282104, 0.43452316522598267, 0.2858346402645111, 0.5310472249984741]
[0.5702446103096008, 0.5265634655952454, 0.44596239924430847, 0.3149043023586273, 0.5546030402183533]
[0.5290066003799438, 0.5842910408973694, 0.4371475577354431, 0.2781105041503906, 0.5607740879058838]
[0.5045102834701538, 0.5963193774223328, 0.4275491237640381, 0.26037874817848206, 0.49765145778656006]
[0.487685889005661, 0.5765733122825623, 0.43596217036247253, 0.26527395844459534, 0.51754230260849]
[0.5574795603752136, 0.5863746404647827, 0.4315113425254822, 0.2578904330730438, 0.5581974983215332]
[0.5336381793022156, 0.5698735117912292, 0.43768510222435, 0.3049719035625458, 0.5369259119033813]
[0.4765777289867401, 0.5727166533470154, 0.4600480794906616, 0.33031871914863586, 0.5219177007675171]
[0.48721879720687866, 0.5602712631225586, 0.44456377625465393, 0.3396480977535248, 0.5013666152954102]
