0
【6个瑜伽动作 给肩膀放个假】工脖子疼，连带肩膀疼，长期伏案、端坐在电脑显示器前的你中枪了吗？这套肩部放松瑜伽，可以很好的缓解肩膀酸痛的症状
[0.5306828022003174, 0.5743278861045837, 0.4269764721393585, 0.29058024287223816, 0.5563148856163025]
[0.5070725679397583, 0.5795678496360779, 0.4309682846069336, 0.25872695446014404, 0.538472592830658]
[0.5243000984191895, 0.5929083824157715, 0.429526686668396, 0.28693896532058716, 0.5544700026512146]
[0.6009790301322937, 0.5821389555931091, 0.35761070251464844, 0.2079816460609436, 0.6088792681694031]
[0.5070725679397583, 0.5795678496360779, 0.4309682846069336, 0.25872695446014404, 0.538472592830658]
[0.4722839891910553, 0.5791749358177185, 0.44501081109046936, 0.28733304142951965, 0.5269466042518616]
[0.518643319606781, 0.5795661211013794, 0.43667668104171753, 0.2685704827308655, 0.5344675779342651]
[0.5348635911941528, 0.5934356451034546, 0.42838773131370544, 0.2751670479774475, 0.5438228845596313]
[0.49581179022789, 0.5677958130836487, 0.4363619089126587, 0.30225875973701477, 0.5011162161827087]
[0.4113128185272217, 0.5422242283821106, 0.4906301498413086, 0.3830086588859558, 0.4813326597213745]
[0.48716187477111816, 0.585250973701477, 0.4232970178127289, 0.2700643539428711, 0.49718955159187317]
[0.49819183349609375, 0.5695810914039612, 0.4092336595058441, 0.28381651639938354, 0.5330636501312256]
[0.5193795561790466, 0.5638566613197327, 0.4402896463871002, 0.3076212406158447, 0.5245828628540039]
[0.49819183349609375, 0.5695810914039612, 0.4092336595058441, 0.28381651639938354, 0.5330636501312256]
[0.5341938734054565, 0.5640336871147156, 0.4060922861099243, 0.3090387284755707, 0.5326846241950989]
[0.5488073229789734, 0.5859137177467346, 0.40640512108802795, 0.2543680667877197, 0.5608117580413818]
[0.4821877181529999, 0.5405257344245911, 0.4773992896080017, 0.3886721432209015, 0.48528099060058594]
[0.5185142755508423, 0.5792273283004761, 0.42983299493789673, 0.2958657741546631, 0.5409405827522278]
[0.5250294804573059, 0.5766082406044006, 0.42668259143829346, 0.2671448588371277, 0.5532656908035278]
[0.4545048177242279, 0.5664073824882507, 0.43104472756385803, 0.2941431403160095, 0.47106295824050903]
[0.49819183349609375, 0.5695810914039612, 0.4092336595058441, 0.28381651639938354, 0.5330636501312256]
[0.47617167234420776, 0.5621317028999329, 0.43775317072868347, 0.3187544643878937, 0.4816214144229889]
[0.350149005651474, 0.5598810911178589, 0.43742603063583374, 0.28244078159332275, 0.44371435046195984]
[0.4880632162094116, 0.5868604779243469, 0.43443185091018677, 0.27956467866897583, 0.5300235748291016]
[0.5070725679397583, 0.5795678496360779, 0.4309682846069336, 0.25872695446014404, 0.538472592830658]
[0.5054773092269897, 0.5912430286407471, 0.4242289364337921, 0.2564408481121063, 0.5389091968536377]
[0.41064488887786865, 0.5619305372238159, 0.45139843225479126, 0.29328498244285583, 0.46730324625968933]
[0.4271356761455536, 0.5466198325157166, 0.4568805396556854, 0.32233333587646484, 0.4615214169025421]
[0.5238269567489624, 0.5756938457489014, 0.43178462982177734, 0.2660461962223053, 0.530784010887146]
[0.512759804725647, 0.5922752618789673, 0.4357694983482361, 0.27143704891204834, 0.5460444092750549]
[0.4809515178203583, 0.5678278803825378, 0.44315627217292786, 0.31317195296287537, 0.5086972117424011]
[0.48023948073387146, 0.5690764784812927, 0.45254892110824585, 0.3349243998527527, 0.5048675537109375]
[0.4869535267353058, 0.5681707859039307, 0.45673710107803345, 0.34175676107406616, 0.4914464056491852]
[0.47009217739105225, 0.564651370048523, 0.4427708089351654, 0.30871692299842834, 0.5079164505004883]
[0.49819183349609375, 0.5695810914039612, 0.4092336595058441, 0.28381651639938354, 0.5330636501312256]
[0.4325159192085266, 0.553328275680542, 0.46079280972480774, 0.33240652084350586, 0.48202213644981384]
[0.46601602435112, 0.5651649832725525, 0.4377492070198059, 0.2894585430622101, 0.48092910647392273]
[0.5866277813911438, 0.5758368372917175, 0.40127241611480713, 0.25927311182022095, 0.5774872303009033]
[0.5104954242706299, 0.5870990753173828, 0.42569199204444885, 0.2695339024066925, 0.5407517552375793]
[0.4913819432258606, 0.5806482434272766, 0.4257635176181793, 0.2994127571582794, 0.5232021808624268]
[0.46702367067337036, 0.5786733627319336, 0.44348886609077454, 0.2812150716781616, 0.5159738659858704]
[0.5070725679397583, 0.5795678496360779, 0.4309682846069336, 0.25872695446014404, 0.538472592830658]
[0.3682872951030731, 0.5410106182098389, 0.43682804703712463, 0.29630130529403687, 0.4435845613479614]
[0.5369597673416138, 0.5854213833808899, 0.40693584084510803, 0.27459582686424255, 0.5393497943878174]
[0.5249382853507996, 0.5806201100349426, 0.42565709352493286, 0.2680085003376007, 0.5597445368766785]
[0.49819183349609375, 0.5695810914039612, 0.4092336595058441, 0.28381651639938354, 0.5330636501312256]
[0.3717663288116455, 0.5591752529144287, 0.44442230463027954, 0.2877909243106842, 0.4457230567932129]
[0.5286265015602112, 0.6033011674880981, 0.4252644181251526, 0.26355665922164917, 0.5382004976272583]
[0.4652111828327179, 0.5659987330436707, 0.44610849022865295, 0.34073683619499207, 0.46614202857017517]
[0.585496723651886, 0.5691128373146057, 0.3872149586677551, 0.23563581705093384, 0.5980497002601624]
[0.48583465814590454, 0.5656641125679016, 0.44265928864479065, 0.28704702854156494, 0.5259813070297241]
[0.5039404630661011, 0.574041485786438, 0.42578062415122986, 0.28418251872062683, 0.5258391499519348]
[0.4821055829524994, 0.5597667694091797, 0.41003718972206116, 0.26859766244888306, 0.5445337891578674]
[0.5234349370002747, 0.5674130916595459, 0.4264214038848877, 0.2762106657028198, 0.5367887020111084]
[0.5306828022003174, 0.5743278861045837, 0.4269764721393585, 0.29058024287223816, 0.5563148856163025]
[0.5369443893432617, 0.5818859934806824, 0.4216904938220978, 0.2736588418483734, 0.5470074415206909]
[0.49819183349609375, 0.5695810914039612, 0.4092336595058441, 0.28381651639938354, 0.5330636501312256]
[0.33823132514953613, 0.563774585723877, 0.46521592140197754, 0.3023645281791687, 0.45820510387420654]
[0.5145314335823059, 0.5705648064613342, 0.42445382475852966, 0.3023354113101959, 0.5235499739646912]
[0.5325873494148254, 0.5880876183509827, 0.42129048705101013, 0.2533036768436432, 0.5475322008132935]
[0.4915962219238281, 0.5800380706787109, 0.4363318085670471, 0.2636357247829437, 0.5411752462387085]
[0.49819183349609375, 0.5695810914039612, 0.4092336595058441, 0.28381651639938354, 0.5330636501312256]
[0.4880632162094116, 0.5868604779243469, 0.43443185091018677, 0.27956467866897583, 0.5300235748291016]
[0.5771433115005493, 0.5882174372673035, 0.41832688450813293, 0.26778173446655273, 0.5749296545982361]
[0.4697250723838806, 0.5502634644508362, 0.4310013949871063, 0.30217066407203674, 0.48518818616867065]
[0.5506184101104736, 0.5974140167236328, 0.4098230004310608, 0.2567345201969147, 0.5687689185142517]
[0.5535418391227722, 0.5951646566390991, 0.4027711749076843, 0.2501104176044464, 0.5523548126220703]
[0.4265623390674591, 0.5572465062141418, 0.4791668951511383, 0.35612496733665466, 0.44968146085739136]
[0.4265623390674591, 0.5572465062141418, 0.4791668951511383, 0.35612496733665466, 0.44968146085739136]
[0.529624879360199, 0.5896633863449097, 0.41819608211517334, 0.26099666953086853, 0.5508267879486084]
[0.5555643439292908, 0.5246040225028992, 0.4209772050380707, 0.33952876925468445, 0.5867025256156921]
[0.3098394274711609, 0.5488095879554749, 0.45503976941108704, 0.2982895076274872, 0.42563316226005554]
[0.46623939275741577, 0.5632262229919434, 0.4474307596683502, 0.27153006196022034, 0.5264164805412292]
[0.5729376673698425, 0.560298502445221, 0.37879765033721924, 0.2477097064256668, 0.5775309205055237]
[0.4881509244441986, 0.5320389270782471, 0.45527413487434387, 0.3603877127170563, 0.4736796021461487]
[0.529880166053772, 0.5647620558738708, 0.4436933696269989, 0.2916708290576935, 0.5548624396324158]
[0.5560382604598999, 0.5744764804840088, 0.42875683307647705, 0.28555983304977417, 0.5572081208229065]
[0.49819183349609375, 0.5695810914039612, 0.4092336595058441, 0.28381651639938354, 0.5330636501312256]
[0.49819183349609375, 0.5695810914039612, 0.4092336595058441, 0.28381651639938354, 0.5330636501312256]
[0.5709083676338196, 0.5968393683433533, 0.42769885063171387, 0.26791033148765564, 0.5674344301223755]
[0.5325873494148254, 0.5880876183509827, 0.42129048705101013, 0.2533036768436432, 0.5475322008132935]
[0.5038036108016968, 0.5662016272544861, 0.4341738224029541, 0.2859894633293152, 0.5142328143119812]
[0.48106056451797485, 0.5559499859809875, 0.45145609974861145, 0.31942036747932434, 0.5033679604530334]
[0.49819183349609375, 0.5695810914039612, 0.4092336595058441, 0.28381651639938354, 0.5330636501312256]
[0.5438856482505798, 0.5929805040359497, 0.418680876493454, 0.27237069606781006, 0.5508289337158203]
[0.49819183349609375, 0.5695810914039612, 0.4092336595058441, 0.28381651639938354, 0.5330636501312256]
[0.5560382604598999, 0.5744764804840088, 0.42875683307647705, 0.28555983304977417, 0.5572081208229065]
[0.5008133053779602, 0.5661788582801819, 0.4204536974430084, 0.2627667784690857, 0.537606418132782]
[0.49819183349609375, 0.5695810914039612, 0.4092336595058441, 0.28381651639938354, 0.5330636501312256]
[0.5560382604598999, 0.5744764804840088, 0.42875683307647705, 0.28555983304977417, 0.5572081208229065]
[0.4578646719455719, 0.5849273204803467, 0.4561389684677124, 0.30046817660331726, 0.5182018876075745]
[0.4280996024608612, 0.557153046131134, 0.4526183307170868, 0.32865652441978455, 0.46982136368751526]
[0.469440758228302, 0.5742000341415405, 0.46581628918647766, 0.32424381375312805, 0.48692750930786133]
[0.4265623390674591, 0.5572465062141418, 0.4791668951511383, 0.35612496733665466, 0.44968146085739136]
[0.49819183349609375, 0.5695810914039612, 0.4092336595058441, 0.28381651639938354, 0.5330636501312256]
[0.4547320604324341, 0.569023847579956, 0.4364457130432129, 0.3255592882633209, 0.48127302527427673]
[0.5329909920692444, 0.5482165217399597, 0.43426236510276794, 0.28422871232032776, 0.5372613668441772]
[0.47287267446517944, 0.569994330406189, 0.4260675013065338, 0.3196597993373871, 0.49941131472587585]
[0.4697795808315277, 0.5617067217826843, 0.4581237733364105, 0.3134666979312897, 0.49229925870895386]
[0.49819183349609375, 0.5695810914039612, 0.4092336595058441, 0.28381651639938354, 0.5330636501312256]
[0.42169439792633057, 0.546463131904602, 0.46742942929267883, 0.3026924431324005, 0.49168914556503296]
