0
【《朝五晚九》，恋上“虎刺梅”】被和尚追是件新鲜事，要是这和尚还懂花语，送对了花，嗯，十元小姐就这样被追到了手。女主花嫁修行第一天，山p送她一盆虎刺梅——啥？这一身带刺、狂放不羁的植物也适合用来送人？ 表示，人家还是很美哒→_→
[0.4505939185619354, 0.5044981837272644, 0.549591064453125, 0.4717213213443756, 0.48492002487182617]
[0.5408263206481934, 0.5839619636535645, 0.4378788471221924, 0.2873804271221161, 0.5543121099472046]
[0.4952455759048462, 0.551157534122467, 0.48336923122406006, 0.3752601146697998, 0.5307146310806274]
[0.46366769075393677, 0.5695000290870667, 0.4331965148448944, 0.2791828513145447, 0.5345194935798645]
[0.5305132269859314, 0.5910019278526306, 0.42480868101119995, 0.26903727650642395, 0.5517383813858032]
[0.4758692681789398, 0.5671343803405762, 0.4664519131183624, 0.3051452934741974, 0.4674079716205597]
[0.5255999565124512, 0.576411783695221, 0.43535545468330383, 0.3011452257633209, 0.5528091788291931]
[0.45614609122276306, 0.5651026964187622, 0.4308328628540039, 0.27689507603645325, 0.5013175010681152]
[0.4691861867904663, 0.5594339370727539, 0.43448305130004883, 0.29102057218551636, 0.5440728068351746]
[0.5070725679397583, 0.5795678496360779, 0.4309682846069336, 0.25872695446014404, 0.538472592830658]
[0.523205578327179, 0.5604385137557983, 0.4270816445350647, 0.2862469255924225, 0.5407229065895081]
[0.4685690999031067, 0.5498369336128235, 0.4466252326965332, 0.31478551030158997, 0.4934539198875427]
[0.5611159205436707, 0.5554527044296265, 0.43900272250175476, 0.2892831265926361, 0.54828280210495]
[0.5256617069244385, 0.5994300246238708, 0.42113515734672546, 0.281146377325058, 0.5115626454353333]
[0.5443299412727356, 0.5874781012535095, 0.4128011167049408, 0.273491770029068, 0.5673608183860779]
[0.4378923773765564, 0.5537459254264832, 0.44190508127212524, 0.29338324069976807, 0.48425912857055664]
[0.47616130113601685, 0.5698496699333191, 0.4185318946838379, 0.29005008935928345, 0.517586886882782]
[0.6444271206855774, 0.5541203022003174, 0.3869593143463135, 0.25589561462402344, 0.6069815754890442]
[0.46908828616142273, 0.5793595314025879, 0.426949679851532, 0.2713698744773865, 0.5165784358978271]
[0.5449438095092773, 0.55231773853302, 0.41301995515823364, 0.2672577202320099, 0.536990225315094]
[0.5294240713119507, 0.5642247796058655, 0.4200337827205658, 0.2866901159286499, 0.5689771175384521]
[0.5099669694900513, 0.5806789398193359, 0.4236935079097748, 0.28895315527915955, 0.5352559089660645]
[0.4746190011501312, 0.553328275680542, 0.46021178364753723, 0.31399112939834595, 0.5217781662940979]
[0.5517200827598572, 0.5137891173362732, 0.49570685625076294, 0.3716111183166504, 0.5385748147964478]
[0.557774007320404, 0.560293972492218, 0.40554556250572205, 0.24360322952270508, 0.5875866413116455]
[0.4842866063117981, 0.5498976707458496, 0.4340556561946869, 0.3041362762451172, 0.5173816680908203]
[0.527854323387146, 0.5857251286506653, 0.42558375000953674, 0.27191784977912903, 0.5264109373092651]
[0.4761076271533966, 0.5483104586601257, 0.42268455028533936, 0.27999943494796753, 0.5264284014701843]
[0.5021735429763794, 0.5508379936218262, 0.4478589594364166, 0.2972966134548187, 0.5424106121063232]
[0.5070725679397583, 0.5795678496360779, 0.4309682846069336, 0.25872695446014404, 0.538472592830658]
[0.44575414061546326, 0.5256028175354004, 0.46686485409736633, 0.3574143946170807, 0.4746444523334503]
[0.46383756399154663, 0.5303752422332764, 0.4874434769153595, 0.46521443128585815, 0.5285220146179199]
[0.3912031650543213, 0.5463048219680786, 0.4573773443698883, 0.3214605152606964, 0.44975972175598145]
[0.4871312081813812, 0.5848543643951416, 0.4352174699306488, 0.286923348903656, 0.5350050926208496]
[0.4896467328071594, 0.5596008896827698, 0.4357631504535675, 0.30546993017196655, 0.5491745471954346]
[0.5443494319915771, 0.5556663274765015, 0.4261014461517334, 0.3353615403175354, 0.5348072648048401]
[0.49819183349609375, 0.5695810914039612, 0.4092336595058441, 0.28381651639938354, 0.5330636501312256]
[0.5555643439292908, 0.5246040225028992, 0.4209772050380707, 0.33952876925468445, 0.5867025256156921]
[0.4900266230106354, 0.5572641491889954, 0.4752272069454193, 0.3573240637779236, 0.5124556422233582]
[0.4132334589958191, 0.5244133472442627, 0.49401336908340454, 0.3914617896080017, 0.5027754306793213]
[0.5079402923583984, 0.5734436511993408, 0.4350454807281494, 0.31575146317481995, 0.5292757749557495]
[0.45475804805755615, 0.5432215929031372, 0.4515523910522461, 0.30989256501197815, 0.4787314832210541]
[0.5176363587379456, 0.568479061126709, 0.40436357259750366, 0.273603618144989, 0.563636064529419]
[0.5519222021102905, 0.5956470966339111, 0.4356986880302429, 0.2596086263656616, 0.562701404094696]
[0.5193629860877991, 0.5856478810310364, 0.41173920035362244, 0.282301664352417, 0.5441094636917114]
[0.5067641139030457, 0.5578290820121765, 0.44544917345046997, 0.29903653264045715, 0.5462585687637329]
[0.5039184093475342, 0.5600585341453552, 0.46528446674346924, 0.34647244215011597, 0.5153636932373047]
[0.5103992223739624, 0.560574471950531, 0.4348843991756439, 0.2826627492904663, 0.5236594080924988]
[0.40786173939704895, 0.538092315196991, 0.4564361572265625, 0.3345913887023926, 0.49484625458717346]
[0.47784680128097534, 0.5872650146484375, 0.4470106065273285, 0.28916263580322266, 0.48707205057144165]
[0.3928971290588379, 0.5289739370346069, 0.4793294668197632, 0.3273352086544037, 0.46203094720840454]
[0.46908167004585266, 0.5650760531425476, 0.46802830696105957, 0.3367343246936798, 0.4716885983943939]
[0.5105651021003723, 0.5835130214691162, 0.4374064803123474, 0.2713645398616791, 0.5556797981262207]
[0.4637356102466583, 0.5211281776428223, 0.4961179196834564, 0.36134710907936096, 0.49015021324157715]
[0.4853650629520416, 0.5560309290885925, 0.45603519678115845, 0.29834145307540894, 0.4748367667198181]
[0.5642044544219971, 0.5430675745010376, 0.43654942512512207, 0.33745163679122925, 0.5461289286613464]
[0.4152430593967438, 0.5492927432060242, 0.4445019066333771, 0.34674444794654846, 0.48994430899620056]
[0.3932739794254303, 0.5331803560256958, 0.493168443441391, 0.4086245596408844, 0.4743288457393646]
[0.4421273171901703, 0.5799562335014343, 0.44595101475715637, 0.2752913236618042, 0.5001125335693359]
[0.5620900988578796, 0.5942291021347046, 0.419325053691864, 0.2666260004043579, 0.5534039735794067]
[0.39349365234375, 0.5646209716796875, 0.4430895745754242, 0.2842573821544647, 0.4596448242664337]
[0.5824082493782043, 0.5435861945152283, 0.41173750162124634, 0.2894146144390106, 0.596413791179657]
[0.43320319056510925, 0.5336639285087585, 0.4474460780620575, 0.2986205518245697, 0.47779735922813416]
[0.614749014377594, 0.5824989676475525, 0.3779827952384949, 0.21946166455745697, 0.6024869680404663]
[0.4506185054779053, 0.5398514270782471, 0.44138452410697937, 0.32127711176872253, 0.5066555738449097]
[0.5620900988578796, 0.5942291021347046, 0.419325053691864, 0.2666260004043579, 0.5534039735794067]
[0.46530842781066895, 0.5515672564506531, 0.48570582270622253, 0.3700701594352722, 0.5117324590682983]
[0.5159775614738464, 0.5581903457641602, 0.464916855096817, 0.3606228530406952, 0.5250158905982971]
[0.4932389259338379, 0.5775562524795532, 0.41643086075782776, 0.2770293354988098, 0.5135425329208374]
[0.4312659204006195, 0.5807715058326721, 0.4561784863471985, 0.283914178609848, 0.49412801861763]
[0.4403839707374573, 0.5536807179450989, 0.44640979170799255, 0.31709831953048706, 0.5071525573730469]
[0.5194220542907715, 0.5785176157951355, 0.4356743395328522, 0.27966228127479553, 0.5390112400054932]
[0.5349962115287781, 0.5266951322555542, 0.436886191368103, 0.30947428941726685, 0.5169391632080078]
[0.49027320742607117, 0.5688674449920654, 0.428047776222229, 0.2798614203929901, 0.5368103981018066]
[0.43636763095855713, 0.567516028881073, 0.45091712474823, 0.2868378758430481, 0.49007436633110046]
[0.4510260224342346, 0.5482805967330933, 0.43258702754974365, 0.2990531921386719, 0.4716687500476837]
[0.4892142117023468, 0.5674821138381958, 0.4525163471698761, 0.29996681213378906, 0.5208298563957214]
[0.5017857551574707, 0.5375179052352905, 0.4237484037876129, 0.3073336184024811, 0.5188389420509338]
[0.4807005822658539, 0.558012843132019, 0.46240687370300293, 0.32497385144233704, 0.4980652332305908]
[0.468278169631958, 0.5416796207427979, 0.4602694511413574, 0.3074609339237213, 0.4983053505420685]
[0.48049861192703247, 0.550397515296936, 0.4598488509654999, 0.3708201050758362, 0.5013850927352905]
[0.5406510829925537, 0.5855604410171509, 0.4065290689468384, 0.2811429798603058, 0.5336924195289612]
[0.4439569413661957, 0.5557692050933838, 0.45593294501304626, 0.3052122890949249, 0.5002578496932983]
[0.54517662525177, 0.5596328973770142, 0.4405113458633423, 0.33156609535217285, 0.5478489398956299]
[0.4906322956085205, 0.5672748684883118, 0.45474833250045776, 0.29917335510253906, 0.5192354917526245]
[0.4702174663543701, 0.5558124780654907, 0.4339331388473511, 0.3117052912712097, 0.501930832862854]
[0.41541147232055664, 0.5144378542900085, 0.48992541432380676, 0.39648890495300293, 0.4502730071544647]
[0.4601045250892639, 0.49952802062034607, 0.5090172290802002, 0.4175468385219574, 0.5482941269874573]
[0.5467489361763, 0.5739320516586304, 0.4234120845794678, 0.2837480306625366, 0.570688784122467]
[0.5267308950424194, 0.5800417065620422, 0.42034077644348145, 0.2944398820400238, 0.5623042583465576]
[0.48180684447288513, 0.5591678023338318, 0.46537649631500244, 0.3534030616283417, 0.520388126373291]
[0.393502801656723, 0.5203056931495667, 0.4624974727630615, 0.342861533164978, 0.4465256333351135]
[0.5116295218467712, 0.5501107573509216, 0.4486324191093445, 0.3057894706726074, 0.547947108745575]
[0.42911359667778015, 0.5583806037902832, 0.4441983699798584, 0.3178548216819763, 0.47514215111732483]
[0.509245753288269, 0.5746938586235046, 0.42008212208747864, 0.27138400077819824, 0.5373514890670776]
[0.4802611470222473, 0.5538632869720459, 0.45289352536201477, 0.2907926142215729, 0.5414308309555054]
[0.46193060278892517, 0.5721094608306885, 0.45397627353668213, 0.32910075783729553, 0.5094602704048157]
[0.43643277883529663, 0.5628021359443665, 0.4517587125301361, 0.324235737323761, 0.4860498607158661]
[0.4868234694004059, 0.5321663618087769, 0.4790395498275757, 0.3726033866405487, 0.5037948489189148]
[0.5162526369094849, 0.5845481753349304, 0.4342014193534851, 0.2861587107181549, 0.5411228537559509]
[0.5026859641075134, 0.5760829448699951, 0.4541741907596588, 0.30991291999816895, 0.4995865523815155]
