0
【国内油价迎来年内12降 加满一箱油省6元】发改委宣布2日0时起将下调国内汽柴油价，汽油每吨下调145元，柴油每吨下调140元。全国平均折合90号汽油每升下调0.11元，0号柴油每升下调0.12元，92号每升降0.11元，95号汽油每升降0.12元。国内油价迎来"三连跌"，也是年内第12次下调。
[0.5664118528366089, 0.5379677414894104, 0.46484214067459106, 0.3095734715461731, 0.5153772830963135]
[0.5398202538490295, 0.5693050026893616, 0.423994779586792, 0.24447882175445557, 0.5426989197731018]
[0.48770126700401306, 0.5780397057533264, 0.4379631578922272, 0.28403788805007935, 0.501606822013855]
[0.4736730754375458, 0.5689589977264404, 0.4299795925617218, 0.2885143458843231, 0.5168980956077576]
[0.5238269567489624, 0.5756938457489014, 0.43178462982177734, 0.2660461962223053, 0.530784010887146]
[0.494267076253891, 0.5756834149360657, 0.4310236871242523, 0.2811954915523529, 0.5409209728240967]
[0.44137465953826904, 0.5534201860427856, 0.44524580240249634, 0.30120033025741577, 0.4665933847427368]
[0.536594033241272, 0.5850435495376587, 0.4178178608417511, 0.26567235589027405, 0.5513873100280762]
[0.5344988107681274, 0.5830433368682861, 0.43756893277168274, 0.2748316824436188, 0.5547813773155212]
[0.5398202538490295, 0.5693050026893616, 0.423994779586792, 0.24447882175445557, 0.5426989197731018]
[0.5177529454231262, 0.5694428086280823, 0.4213467836380005, 0.29069602489471436, 0.5319061875343323]
[0.42764973640441895, 0.5718469619750977, 0.4733138084411621, 0.3115161657333374, 0.4659269154071808]
[0.5069631338119507, 0.5774075984954834, 0.43849286437034607, 0.2908335030078888, 0.5209587216377258]
[0.5370264649391174, 0.5931991338729858, 0.4317408800125122, 0.2762256860733032, 0.5706719160079956]
[0.4872380495071411, 0.5588376522064209, 0.4500993490219116, 0.31145384907722473, 0.5005120038986206]
[0.4487622082233429, 0.5716210603713989, 0.4600348174571991, 0.3031274080276489, 0.45275557041168213]
[0.4731067717075348, 0.5586435198783875, 0.4368828535079956, 0.317721962928772, 0.5163981914520264]
[0.46359577775001526, 0.5635170340538025, 0.4487534165382385, 0.33067259192466736, 0.4913177490234375]
[0.4031173586845398, 0.5416864156723022, 0.46538084745407104, 0.3146094083786011, 0.4473302960395813]
[0.3900132179260254, 0.5377789735794067, 0.4886997938156128, 0.35710373520851135, 0.45848071575164795]
[0.42419880628585815, 0.5533719062805176, 0.4786561131477356, 0.32200515270233154, 0.47367677092552185]
[0.4055675268173218, 0.5603265166282654, 0.4881507456302643, 0.33596619963645935, 0.4555465877056122]
[0.36611199378967285, 0.53327876329422, 0.4636498987674713, 0.3459579050540924, 0.4493600130081177]
[0.5825129151344299, 0.5783063173294067, 0.4048824906349182, 0.24479833245277405, 0.5608879327774048]
[0.5601161122322083, 0.5668219923973083, 0.4205580949783325, 0.2488149255514145, 0.560834527015686]
[0.4817558228969574, 0.5448958277702332, 0.4627639949321747, 0.35709795355796814, 0.485903799533844]
[0.48093655705451965, 0.5804389119148254, 0.43593019247055054, 0.27364781498908997, 0.5221324563026428]
[0.5170894265174866, 0.5417106747627258, 0.43998897075653076, 0.30059030652046204, 0.538331925868988]
[0.4379045367240906, 0.5432673692703247, 0.4550014138221741, 0.3227933645248413, 0.48364463448524475]
[0.4294106662273407, 0.4910076856613159, 0.5323786735534668, 0.4068460762500763, 0.4758111834526062]
[0.5332010984420776, 0.5809780359268188, 0.4279549717903137, 0.2757244408130646, 0.5487127304077148]
[0.42092961072921753, 0.5749545097351074, 0.4537818729877472, 0.3415980041027069, 0.47147396206855774]
[0.5099478960037231, 0.5233414769172668, 0.4483186602592468, 0.3210107982158661, 0.5487572550773621]
[0.44228270649909973, 0.5463820695877075, 0.4388886094093323, 0.3102155327796936, 0.45315560698509216]
[0.5238595008850098, 0.5635521411895752, 0.4090523421764374, 0.3022259473800659, 0.5297191739082336]
[0.5070725679397583, 0.5795678496360779, 0.4309682846069336, 0.25872695446014404, 0.538472592830658]
[0.5417596101760864, 0.5774571299552917, 0.4286777973175049, 0.2981366217136383, 0.5055245161056519]
[0.564635157585144, 0.5693626403808594, 0.41288119554519653, 0.2670997381210327, 0.5428935885429382]
[0.516334056854248, 0.5244744420051575, 0.45493045449256897, 0.3320358395576477, 0.5416355729103088]
[0.5036635994911194, 0.5772129893302917, 0.42103731632232666, 0.2915876805782318, 0.5341163277626038]
[0.4562673270702362, 0.5891658663749695, 0.4233298599720001, 0.2705560326576233, 0.4932207763195038]
[0.36141642928123474, 0.5528066158294678, 0.5030288100242615, 0.3531702160835266, 0.45359548926353455]
[0.5398202538490295, 0.5693050026893616, 0.423994779586792, 0.24447882175445557, 0.5426989197731018]
[0.5251908302307129, 0.5452090501785278, 0.4536112844944, 0.28485405445098877, 0.5191962718963623]
[0.47750911116600037, 0.5689874291419983, 0.44234585762023926, 0.3047671914100647, 0.5289790034294128]
[0.44488832354545593, 0.5589388012886047, 0.46214669942855835, 0.3139284551143646, 0.4913841187953949]
[0.5839704275131226, 0.5258206129074097, 0.4398200511932373, 0.29709675908088684, 0.5328420400619507]
[0.5113731622695923, 0.5268872380256653, 0.4416036605834961, 0.31355020403862, 0.5477110147476196]
[0.4585728943347931, 0.5562110543251038, 0.4590567648410797, 0.333894282579422, 0.4877602458000183]
[0.44925278425216675, 0.551848828792572, 0.471709281206131, 0.365356981754303, 0.49656760692596436]
[0.5305766463279724, 0.524383008480072, 0.4545271694660187, 0.3401773273944855, 0.5126456618309021]
[0.48088014125823975, 0.5329367518424988, 0.48981747031211853, 0.41879165172576904, 0.46629592776298523]
[0.5108742713928223, 0.5770901441574097, 0.4481748938560486, 0.2868076264858246, 0.5297908186912537]
[0.48594194650650024, 0.5661629438400269, 0.4239901602268219, 0.2962768077850342, 0.5003498792648315]
[0.508632242679596, 0.5162619352340698, 0.45777761936187744, 0.3296320140361786, 0.5507002472877502]
[0.4577198624610901, 0.5622477531433105, 0.47021082043647766, 0.3395758867263794, 0.4933653473854065]
[0.4518097937107086, 0.5562239289283752, 0.48788848519325256, 0.32956573367118835, 0.48534679412841797]
[0.49569880962371826, 0.5666956305503845, 0.4254165291786194, 0.27531689405441284, 0.5449413657188416]
[0.40901532769203186, 0.5412936806678772, 0.44575944542884827, 0.31838029623031616, 0.45338505506515503]
[0.38613420724868774, 0.5626964569091797, 0.4346226453781128, 0.29786351323127747, 0.4489196538925171]
[0.43693798780441284, 0.5270447731018066, 0.49409422278404236, 0.33936524391174316, 0.5129935145378113]
[0.4757111072540283, 0.5592304468154907, 0.45486363768577576, 0.3225245773792267, 0.5091034173965454]
[0.5422282814979553, 0.5863180160522461, 0.40551844239234924, 0.2753317654132843, 0.556081235408783]
[0.4512103199958801, 0.5554457306861877, 0.4237878620624542, 0.3019602596759796, 0.48111242055892944]
[0.4706810712814331, 0.5335730314254761, 0.49412673711776733, 0.36986449360847473, 0.49337589740753174]
[0.5398202538490295, 0.5693050026893616, 0.423994779586792, 0.24447882175445557, 0.5426989197731018]
[0.538018524646759, 0.5793448686599731, 0.41004475951194763, 0.24758529663085938, 0.5597248077392578]
[0.4856899678707123, 0.5593528151512146, 0.42778825759887695, 0.3062041699886322, 0.49143990874290466]
[0.4852478802204132, 0.5168411135673523, 0.46320390701293945, 0.3659627139568329, 0.4916090965270996]
[0.4127572774887085, 0.5306029319763184, 0.49380677938461304, 0.3726917803287506, 0.44412800669670105]
[0.46405401825904846, 0.549895703792572, 0.4862142503261566, 0.3495372533798218, 0.49859634041786194]
[0.5093855261802673, 0.5428901314735413, 0.4467841386795044, 0.31066271662712097, 0.5230239033699036]
[0.5187511444091797, 0.5657637715339661, 0.4381132125854492, 0.2819228768348694, 0.518878698348999]
[0.49040883779525757, 0.5860989093780518, 0.4255993664264679, 0.2746462821960449, 0.519366979598999]
[0.43168944120407104, 0.5668858289718628, 0.42466220259666443, 0.2773366868495941, 0.5041930079460144]
[0.43928033113479614, 0.5755216479301453, 0.43812182545661926, 0.28464990854263306, 0.4676651954650879]
[0.5436605215072632, 0.5519779920578003, 0.43577149510383606, 0.2942783534526825, 0.529976487159729]
[0.5872994065284729, 0.4964735507965088, 0.50667405128479, 0.3607185482978821, 0.5421819090843201]
[0.4275378882884979, 0.5718470811843872, 0.44574612379074097, 0.29460960626602173, 0.4921588897705078]
[0.445791095495224, 0.5678638219833374, 0.44747892022132874, 0.2890945076942444, 0.4956907331943512]
[0.567434549331665, 0.5751469731330872, 0.4056820869445801, 0.2524721920490265, 0.5786371231079102]
[0.48062556982040405, 0.5993258357048035, 0.44715824723243713, 0.28693073987960815, 0.49384668469429016]
[0.49751126766204834, 0.5681243538856506, 0.4319806396961212, 0.26712653040885925, 0.5150511860847473]
[0.522702693939209, 0.5583874583244324, 0.44913291931152344, 0.28208473324775696, 0.5488808155059814]
[0.4580065608024597, 0.5685150027275085, 0.4490170180797577, 0.3077036142349243, 0.5064514875411987]
[0.498346209526062, 0.5229312777519226, 0.4614907205104828, 0.3429458737373352, 0.5150161981582642]
[0.4913054406642914, 0.503510057926178, 0.46900486946105957, 0.3619757294654846, 0.46306461095809937]
[0.4475111961364746, 0.5573899149894714, 0.45178401470184326, 0.32785919308662415, 0.5026695132255554]
[0.5222588181495667, 0.5842121243476868, 0.4168238341808319, 0.2533496916294098, 0.5385182499885559]
[0.46253782510757446, 0.5520548224449158, 0.46429699659347534, 0.3802521526813507, 0.4686039686203003]
[0.5176429152488708, 0.5613036155700684, 0.4136202037334442, 0.28226223587989807, 0.5502572059631348]
[0.48959457874298096, 0.5560605525970459, 0.4398752748966217, 0.28725114464759827, 0.5398480892181396]
[0.48854154348373413, 0.5466651320457458, 0.4587070941925049, 0.337246835231781, 0.5234587788581848]
[0.4338606894016266, 0.5548640489578247, 0.4609889090061188, 0.29408618807792664, 0.4624454081058502]
[0.3619365096092224, 0.5395286083221436, 0.44821205735206604, 0.3327895998954773, 0.45007744431495667]
[0.49681028723716736, 0.5923711657524109, 0.41892609000205994, 0.2799834907054901, 0.5266575813293457]
[0.4791267216205597, 0.5442445874214172, 0.4850436747074127, 0.3607955873012543, 0.49560365080833435]
[0.5294267535209656, 0.526549220085144, 0.4616279602050781, 0.32691875100135803, 0.5147119760513306]
[0.46601602435112, 0.5651649832725525, 0.4377492070198059, 0.2894585430622101, 0.48092910647392273]
[0.5634167194366455, 0.5869882702827454, 0.39564278721809387, 0.22636449337005615, 0.5875783562660217]
[0.5044841170310974, 0.5615503787994385, 0.439321368932724, 0.2527298331260681, 0.5182254314422607]
