0
【出门谨记“短平快” 进屋洗脸、漱口、清鼻腔！】无需多言，在雾霾天气减少户外活动的时间是非常必要的。所谓“短平快”即：短暂停留、平和呼吸、小步快走；在室外逗留后，皮肤接触有害颗粒物最多的地方就是脸手和鼻腔了，所以进屋以后，洗脸、漱口、清理鼻腔是必须做的！
[0.48173993825912476, 0.5361137390136719, 0.5297303795814514, 0.40094301104545593, 0.529498815536499]
[0.48997196555137634, 0.5460030436515808, 0.5168147683143616, 0.38437607884407043, 0.5280089974403381]
[0.5247746109962463, 0.5224692225456238, 0.5303294658660889, 0.4571123719215393, 0.5922518372535706]
[0.5070725679397583, 0.5795678496360779, 0.4309682846069336, 0.25872695446014404, 0.538472592830658]
[0.5367218255996704, 0.572648823261261, 0.4396120607852936, 0.29759031534194946, 0.5553459525108337]
[0.5373253226280212, 0.5515868067741394, 0.4305368661880493, 0.3110562264919281, 0.523652195930481]
[0.5555643439292908, 0.5246040225028992, 0.4209772050380707, 0.33952876925468445, 0.5867025256156921]
[0.48173993825912476, 0.5361137390136719, 0.5297303795814514, 0.40094301104545593, 0.529498815536499]
[0.3098394274711609, 0.5488095879554749, 0.45503976941108704, 0.2982895076274872, 0.42563316226005554]
[0.44221359491348267, 0.5822769403457642, 0.4467930793762207, 0.3135927617549896, 0.4996507167816162]
[0.4807010293006897, 0.5888382196426392, 0.4462239146232605, 0.2876419126987457, 0.5113227963447571]
[0.5488099455833435, 0.5739619731903076, 0.4142809212207794, 0.25281018018722534, 0.5480296611785889]
[0.5070725679397583, 0.5795678496360779, 0.4309682846069336, 0.25872695446014404, 0.538472592830658]
[0.3717663288116455, 0.5591752529144287, 0.44442230463027954, 0.2877909243106842, 0.4457230567932129]
[0.44040143489837646, 0.5212202668190002, 0.5262987613677979, 0.3955734372138977, 0.4886271357536316]
[0.5685676336288452, 0.5186265707015991, 0.4256581962108612, 0.3109212815761566, 0.5618778467178345]
