0
【见钱“胃”开：小伙为6000元赌注吞下铁钉】27岁的小龚从西北老家到宁波谋生，生意一直不好。日前，为得到6000块赌注，他竟吞下12厘米长的铁钉跟锯条！不料过了十多天，铁条把胃戳破了，命差点都没了。为此，小龚还要花掉一两万的治疗费。天上不会掉馅饼，生财需有道！
[0.5104362964630127, 0.504106342792511, 0.4860914349555969, 0.39694640040397644, 0.5685936808586121]
[0.4218722879886627, 0.5393391847610474, 0.47738873958587646, 0.33117902278900146, 0.4372364282608032]
[0.4956178665161133, 0.5798213481903076, 0.41505712270736694, 0.29313620924949646, 0.5056296586990356]
[0.5892170071601868, 0.5234625935554504, 0.448251336812973, 0.3162510097026825, 0.5642409324645996]
[0.48379552364349365, 0.5937032699584961, 0.41920071840286255, 0.2830924987792969, 0.4925927221775055]
[0.35805487632751465, 0.5236725807189941, 0.4795926511287689, 0.3382129967212677, 0.4303092062473297]
[0.48061102628707886, 0.5605771541595459, 0.4712604880332947, 0.28982940316200256, 0.4407525658607483]
[0.39437100291252136, 0.5397076606750488, 0.43533140420913696, 0.29453229904174805, 0.431039422750473]
[0.5685275197029114, 0.5764219760894775, 0.4100336730480194, 0.2559207081794739, 0.57468581199646]
[0.4617029130458832, 0.5730121731758118, 0.43595466017723083, 0.2883327603340149, 0.4836413264274597]
[0.5598355531692505, 0.5782333016395569, 0.38075822591781616, 0.25385576486587524, 0.5658162832260132]
[0.3383830189704895, 0.5323642492294312, 0.456959068775177, 0.31417474150657654, 0.42141085863113403]
[0.5664893984794617, 0.5876714587211609, 0.4169379472732544, 0.25832438468933105, 0.5511159896850586]
[0.4699679911136627, 0.5840911269187927, 0.43038347363471985, 0.2903238832950592, 0.47799861431121826]
[0.32594165205955505, 0.507657527923584, 0.4975702166557312, 0.4029163420200348, 0.42552855610847473]
[0.49511846899986267, 0.5879377722740173, 0.40838703513145447, 0.2823868989944458, 0.5307011008262634]
[0.4941018223762512, 0.5667893290519714, 0.4297824800014496, 0.28842177987098694, 0.5510644912719727]
[0.4986206293106079, 0.5901520252227783, 0.4411902129650116, 0.2761189639568329, 0.5077955722808838]
[0.5697774291038513, 0.6040075421333313, 0.40615636110305786, 0.2543705999851227, 0.5658242106437683]
[0.5051329731941223, 0.5899836421012878, 0.4247754216194153, 0.2757553160190582, 0.5170662999153137]
[0.47761303186416626, 0.5365362167358398, 0.534235954284668, 0.38573598861694336, 0.4894368052482605]
[0.5667694807052612, 0.5917725563049316, 0.3911266624927521, 0.23797501623630524, 0.5894327163696289]
[0.5449565052986145, 0.5861325860023499, 0.4129107892513275, 0.27066612243652344, 0.5593444108963013]
[0.4256499111652374, 0.5947812795639038, 0.47314706444740295, 0.3055313527584076, 0.4744282066822052]
[0.5114670991897583, 0.5837084650993347, 0.4063946306705475, 0.27546456456184387, 0.5210027694702148]
[0.5360249280929565, 0.585165798664093, 0.4118413031101227, 0.278824120759964, 0.5699478983879089]
[0.49819183349609375, 0.5695810914039612, 0.4092336595058441, 0.28381651639938354, 0.5330636501312256]
[0.43791669607162476, 0.5496701002120972, 0.42892369627952576, 0.25789332389831543, 0.5275367498397827]
[0.46179500222206116, 0.5518621802330017, 0.4524211287498474, 0.3039816915988922, 0.5182590484619141]
[0.48388856649398804, 0.589419424533844, 0.430110901594162, 0.3023398518562317, 0.5079715847969055]
[0.4398493468761444, 0.5416687726974487, 0.4830408990383148, 0.3400524854660034, 0.4580344557762146]
[0.4226299524307251, 0.5505955815315247, 0.4349549412727356, 0.275909423828125, 0.5150577425956726]
[0.44146817922592163, 0.5722131133079529, 0.4239616096019745, 0.286935418844223, 0.4739707410335541]
[0.4410466253757477, 0.5580528378486633, 0.4269408881664276, 0.2612750232219696, 0.5265093445777893]
[0.4098535478115082, 0.5852023959159851, 0.44997814297676086, 0.2825776934623718, 0.4879596531391144]
[0.35939157009124756, 0.5168602466583252, 0.48098668456077576, 0.3586133122444153, 0.44152531027793884]
[0.4846552014350891, 0.5908022522926331, 0.42827972769737244, 0.28489091992378235, 0.5283803343772888]
[0.4444442689418793, 0.5608229637145996, 0.45172688364982605, 0.3279948830604553, 0.47389644384384155]
[0.5221536755561829, 0.573625922203064, 0.43452730774879456, 0.2850150763988495, 0.5331593155860901]
[0.44938910007476807, 0.567738950252533, 0.4249252378940582, 0.3055504262447357, 0.49772197008132935]
[0.44983211159706116, 0.5727019906044006, 0.4429467022418976, 0.3244531750679016, 0.4960388243198395]
[0.5160669684410095, 0.5508163571357727, 0.4201360046863556, 0.30904489755630493, 0.5187070965766907]
[0.48580601811408997, 0.5984013676643372, 0.44137847423553467, 0.2596811354160309, 0.5260751843452454]
[0.33464255928993225, 0.5243881940841675, 0.4700290858745575, 0.3254941403865814, 0.4067975580692291]
[0.34771090745925903, 0.5471234321594238, 0.453286349773407, 0.3441355526447296, 0.435087651014328]
[0.46006786823272705, 0.5739429593086243, 0.4651460647583008, 0.2999093234539032, 0.48283880949020386]
[0.4020405411720276, 0.5664276480674744, 0.4392944276332855, 0.2833927571773529, 0.4751105010509491]
[0.4441472887992859, 0.5522766709327698, 0.44657278060913086, 0.31627243757247925, 0.4669599235057831]
[0.5236000418663025, 0.5745629072189331, 0.4152245819568634, 0.26781731843948364, 0.566859781742096]
[0.47074902057647705, 0.5687792897224426, 0.43910545110702515, 0.31532683968544006, 0.5343914031982422]
[0.5790455937385559, 0.5900189876556396, 0.41321441531181335, 0.26122787594795227, 0.5835700035095215]
[0.5046821236610413, 0.5468130111694336, 0.4738466739654541, 0.29979345202445984, 0.47451531887054443]
[0.5085002183914185, 0.5519230365753174, 0.4626479148864746, 0.355144202709198, 0.4804871380329132]
[0.37456920742988586, 0.5232712626457214, 0.46565720438957214, 0.3379051089286804, 0.46530675888061523]
[0.387630432844162, 0.5175514221191406, 0.4940428137779236, 0.3612961769104004, 0.4279358386993408]
[0.5004634261131287, 0.5860227942466736, 0.42395883798599243, 0.2767491936683655, 0.5074272751808167]
[0.5159670114517212, 0.592207670211792, 0.4192482829093933, 0.2887133061885834, 0.5538828372955322]
[0.4883854389190674, 0.5343508720397949, 0.43347230553627014, 0.286525160074234, 0.5128929018974304]
[0.42811718583106995, 0.5638027787208557, 0.4337642192840576, 0.2801574766635895, 0.5195430517196655]
[0.49586009979248047, 0.5501759052276611, 0.4518076181411743, 0.3178105056285858, 0.5518880486488342]
[0.4410466253757477, 0.5580528378486633, 0.4269408881664276, 0.2612750232219696, 0.5265093445777893]
[0.49819183349609375, 0.5695810914039612, 0.4092336595058441, 0.28381651639938354, 0.5330636501312256]
[0.5082807540893555, 0.5645730495452881, 0.42988213896751404, 0.3017388582229614, 0.5293992161750793]
[0.4492437541484833, 0.5669283270835876, 0.45613405108451843, 0.31008055806159973, 0.4845206141471863]
[0.4976821541786194, 0.5729774236679077, 0.43918853998184204, 0.3139939606189728, 0.5172467827796936]
[0.4588358700275421, 0.5745407342910767, 0.4177270233631134, 0.2697749733924866, 0.5438022613525391]
[0.5667070746421814, 0.5772963166236877, 0.4135470390319824, 0.2547023892402649, 0.5601474642753601]
[0.4224070906639099, 0.5523701310157776, 0.48713353276252747, 0.36484062671661377, 0.4646332263946533]
[0.5199876427650452, 0.539514422416687, 0.4391428232192993, 0.29601046442985535, 0.5499752163887024]
[0.483087420463562, 0.5231186747550964, 0.4627516269683838, 0.35357850790023804, 0.5081273317337036]
[0.5221083760261536, 0.5893757343292236, 0.43261048197746277, 0.3043838441371918, 0.5168185234069824]
[0.49527817964553833, 0.5646809935569763, 0.45002982020378113, 0.29523834586143494, 0.5468747019767761]
[0.4233319163322449, 0.5461042523384094, 0.5159336924552917, 0.4367430806159973, 0.47103676199913025]
[0.4635331630706787, 0.5704163312911987, 0.4484805464744568, 0.29160276055336, 0.4814201891422272]
[0.5051329731941223, 0.5899836421012878, 0.4247754216194153, 0.2757553160190582, 0.5170662999153137]
[0.5051329731941223, 0.5899836421012878, 0.4247754216194153, 0.2757553160190582, 0.5170662999153137]
[0.4573745131492615, 0.5446099042892456, 0.4425234794616699, 0.31146058440208435, 0.5078247785568237]
[0.500373899936676, 0.5848154425621033, 0.43273189663887024, 0.29337579011917114, 0.5432831048965454]
[0.4340919852256775, 0.5210972428321838, 0.4792048931121826, 0.43028026819229126, 0.4957655072212219]
[0.47114497423171997, 0.5721578001976013, 0.44535031914711, 0.3242713212966919, 0.5074284076690674]
[0.49527817964553833, 0.5646809935569763, 0.45002982020378113, 0.29523834586143494, 0.5468747019767761]
[0.4211319386959076, 0.5330573916435242, 0.48201870918273926, 0.3525250256061554, 0.4858867824077606]
[0.521691083908081, 0.5878927707672119, 0.4193263351917267, 0.279192179441452, 0.5255200266838074]
[0.5173159837722778, 0.5696478486061096, 0.4414764940738678, 0.2861559987068176, 0.5555789470672607]
[0.44026514887809753, 0.5433287024497986, 0.45974281430244446, 0.3242781162261963, 0.49118369817733765]
[0.49610525369644165, 0.5603971481323242, 0.45852237939834595, 0.3353159427642822, 0.5365906953811646]
[0.4846504330635071, 0.5398227572441101, 0.43465694785118103, 0.30613332986831665, 0.4909365773200989]
[0.4966876804828644, 0.5762933492660522, 0.45641106367111206, 0.29808375239372253, 0.5146126747131348]
[0.5103346109390259, 0.5535051226615906, 0.4449080526828766, 0.32153376936912537, 0.5199135541915894]
[0.4684505760669708, 0.5642805099487305, 0.4479617178440094, 0.28027307987213135, 0.5165156722068787]
[0.5109845995903015, 0.5759854912757874, 0.4503728151321411, 0.2819032669067383, 0.5128480195999146]
[0.4691009819507599, 0.5681074261665344, 0.4601563513278961, 0.3144172430038452, 0.5094118714332581]
[0.44192659854888916, 0.53928142786026, 0.49290522933006287, 0.38520359992980957, 0.5102646946907043]
[0.4966876804828644, 0.5762933492660522, 0.45641106367111206, 0.29808375239372253, 0.5146126747131348]
[0.4849182665348053, 0.5667725205421448, 0.45977941155433655, 0.3350423574447632, 0.5010051131248474]
[0.5225940942764282, 0.5800806879997253, 0.4267721474170685, 0.2739795446395874, 0.5543271899223328]
[0.5604183673858643, 0.5764366388320923, 0.404498815536499, 0.25753670930862427, 0.5796929597854614]
[0.42759567499160767, 0.5571035742759705, 0.443834125995636, 0.32982146739959717, 0.45462778210639954]
[0.4353962540626526, 0.5520975589752197, 0.48354074358940125, 0.354897677898407, 0.472090482711792]
[0.5292931199073792, 0.5863452553749084, 0.4069826304912567, 0.26306408643722534, 0.548448383808136]
[0.5198472142219543, 0.5868852138519287, 0.40028414130210876, 0.27324178814888, 0.5213039517402649]
