0
勇敢的大妈们
[0.5656276941299438, 0.59483402967453, 0.4028390049934387, 0.25777262449264526, 0.5628147125244141]
[0.37080931663513184, 0.5772369503974915, 0.45818087458610535, 0.30733513832092285, 0.45208311080932617]
[0.5194404125213623, 0.5720959901809692, 0.43262001872062683, 0.2684888541698456, 0.5297061204910278]
[0.5016912221908569, 0.5702714323997498, 0.42824146151542664, 0.30101990699768066, 0.5395543575286865]
[0.48910096287727356, 0.5563233494758606, 0.4533923864364624, 0.2938230037689209, 0.5260245203971863]
[0.4867723882198334, 0.5326354503631592, 0.4859839677810669, 0.39447471499443054, 0.4949216842651367]
[0.4825313091278076, 0.5803935527801514, 0.45230862498283386, 0.31167471408843994, 0.5009760856628418]
[0.5016841292381287, 0.5821230411529541, 0.42661768198013306, 0.28141212463378906, 0.5319260358810425]
[0.520918607711792, 0.563820481300354, 0.4420086443424225, 0.30512526631355286, 0.55296790599823]
[0.4922388195991516, 0.5603698492050171, 0.44942647218704224, 0.31024983525276184, 0.5366776585578918]
[0.46756094694137573, 0.5724181532859802, 0.4404650330543518, 0.2790696620941162, 0.5092530250549316]
[0.5615060329437256, 0.5841159224510193, 0.39749354124069214, 0.27023908495903015, 0.5706154108047485]
[0.5070725679397583, 0.5795678496360779, 0.4309682846069336, 0.25872695446014404, 0.538472592830658]
[0.5019712448120117, 0.5513850450515747, 0.44181323051452637, 0.29953238368034363, 0.5495492815971375]
[0.5673744678497314, 0.5465292930603027, 0.43602752685546875, 0.2870928943157196, 0.5337142944335938]
[0.5504789352416992, 0.5504522323608398, 0.46797049045562744, 0.3006422519683838, 0.5575739741325378]
[0.46860915422439575, 0.5463913679122925, 0.4577076733112335, 0.33187925815582275, 0.4836263954639435]
[0.5681034922599792, 0.584740161895752, 0.4146915078163147, 0.25912725925445557, 0.5798290967941284]
[0.45831725001335144, 0.5513759255409241, 0.47433561086654663, 0.3398291766643524, 0.47723329067230225]
[0.5507372617721558, 0.5729190707206726, 0.42128050327301025, 0.26389145851135254, 0.5442416667938232]
[0.5185933113098145, 0.5886591672897339, 0.41420748829841614, 0.28358691930770874, 0.5321028828620911]
[0.5780380368232727, 0.5699111819267273, 0.40274643898010254, 0.24622327089309692, 0.5818073153495789]
[0.46501442790031433, 0.5405024290084839, 0.4680022597312927, 0.32568496465682983, 0.5106886029243469]
[0.43798455595970154, 0.5733637809753418, 0.460345596075058, 0.29315266013145447, 0.484079509973526]
[0.48612353205680847, 0.556178092956543, 0.4742211401462555, 0.3963472545146942, 0.5098962187767029]
[0.5258623957633972, 0.5686241388320923, 0.4170721769332886, 0.2860565483570099, 0.5260056257247925]
[0.5173586010932922, 0.5745100378990173, 0.43086376786231995, 0.2890070974826813, 0.5235552787780762]
[0.4748780131340027, 0.5712345838546753, 0.4326053559780121, 0.2731230556964874, 0.4871004521846771]
[0.5241019129753113, 0.5777827501296997, 0.4285340905189514, 0.29759109020233154, 0.5498254895210266]
[0.5517200827598572, 0.5137891173362732, 0.49570685625076294, 0.3716111183166504, 0.5385748147964478]
[0.5016767382621765, 0.5823438763618469, 0.4349309802055359, 0.2601202428340912, 0.5228981375694275]
[0.5247178673744202, 0.5643665790557861, 0.4222571551799774, 0.2710956931114197, 0.5654527544975281]
[0.5637789964675903, 0.5605621337890625, 0.3916950821876526, 0.2859911620616913, 0.5491191744804382]
[0.5149213075637817, 0.5745115280151367, 0.4294396936893463, 0.2818833291530609, 0.5206738114356995]
[0.5294586420059204, 0.5682600736618042, 0.41838380694389343, 0.2815336585044861, 0.5361067652702332]
[0.4907926917076111, 0.5637834668159485, 0.4414612948894501, 0.2947947084903717, 0.49108949303627014]
[0.5181909799575806, 0.5890743732452393, 0.41921544075012207, 0.2828676104545593, 0.5488855838775635]
[0.5305138230323792, 0.5832464694976807, 0.4018283784389496, 0.27276110649108887, 0.5504162311553955]
[0.42862823605537415, 0.5477125644683838, 0.4696992039680481, 0.33954349160194397, 0.47319772839546204]
[0.4591408371925354, 0.5510214567184448, 0.46859413385391235, 0.3334716856479645, 0.5150461196899414]
[0.6039348244667053, 0.49752429127693176, 0.49982184171676636, 0.4432838559150696, 0.5439388155937195]
[0.546114981174469, 0.5653213262557983, 0.4114454388618469, 0.2843020558357239, 0.5230389833450317]
[0.4683978259563446, 0.5553396344184875, 0.457740843296051, 0.3089473843574524, 0.5422646999359131]
[0.5020588636398315, 0.5689833760261536, 0.4503018260002136, 0.3129013180732727, 0.5325066447257996]
[0.5916858315467834, 0.5880524516105652, 0.4046805202960968, 0.2503911852836609, 0.5910754203796387]
[0.5272507667541504, 0.5937795639038086, 0.4492177963256836, 0.286582887172699, 0.564167320728302]
[0.5088274478912354, 0.5394482612609863, 0.43786361813545227, 0.30454227328300476, 0.5279829502105713]
[0.5905448198318481, 0.5425313115119934, 0.3997739851474762, 0.26372575759887695, 0.599298357963562]
[0.5193629860877991, 0.5856478810310364, 0.41173920035362244, 0.282301664352417, 0.5441094636917114]
[0.5422282814979553, 0.5863180160522461, 0.40551844239234924, 0.2753317654132843, 0.556081235408783]
[0.548259437084198, 0.5780309438705444, 0.426432341337204, 0.2804369628429413, 0.5385656356811523]
[0.4761215150356293, 0.5798071622848511, 0.4860241711139679, 0.3318457007408142, 0.5175970792770386]
[0.485792875289917, 0.5614348649978638, 0.4275853931903839, 0.31366056203842163, 0.5293515920639038]
[0.5800808668136597, 0.5687870383262634, 0.4146149456501007, 0.2644175887107849, 0.5463874340057373]
[0.4732893109321594, 0.5557019710540771, 0.46074047684669495, 0.3283546268939972, 0.49400651454925537]
[0.48702797293663025, 0.5639680027961731, 0.46899449825286865, 0.3163602352142334, 0.5172651410102844]
[0.48302608728408813, 0.5299333930015564, 0.5312801599502563, 0.44651615619659424, 0.5386736989021301]
[0.4751874804496765, 0.5851425528526306, 0.44731035828590393, 0.31003788113594055, 0.514015793800354]
[0.4727465808391571, 0.5575406551361084, 0.472048819065094, 0.32229289412498474, 0.5007084012031555]
[0.5156989693641663, 0.5878182053565979, 0.436840683221817, 0.2943148910999298, 0.5368791818618774]
[0.5097654461860657, 0.569385826587677, 0.4435517191886902, 0.30881792306900024, 0.5533744096755981]
[0.4696175754070282, 0.5315704941749573, 0.48168283700942993, 0.33363214135169983, 0.5117688775062561]
[0.46768543124198914, 0.52950519323349, 0.45848602056503296, 0.34605956077575684, 0.5160689949989319]
[0.5185933113098145, 0.5886591672897339, 0.41420748829841614, 0.28358691930770874, 0.5321028828620911]
[0.5664893984794617, 0.5876714587211609, 0.4169379472732544, 0.25832438468933105, 0.5511159896850586]
[0.5070725679397583, 0.5795678496360779, 0.4309682846069336, 0.25872695446014404, 0.538472592830658]
[0.4449613094329834, 0.5690118074417114, 0.4449237287044525, 0.2776293456554413, 0.4867795705795288]
[0.5294561982154846, 0.5858862400054932, 0.42927271127700806, 0.2618299722671509, 0.5687761902809143]
[0.49763983488082886, 0.5744137167930603, 0.44900357723236084, 0.30997613072395325, 0.4934912323951721]
[0.5243951678276062, 0.5784474015235901, 0.417670339345932, 0.2804798185825348, 0.5551521182060242]
[0.48910096287727356, 0.5563233494758606, 0.4533923864364624, 0.2938230037689209, 0.5260245203971863]
[0.5413452982902527, 0.5316523909568787, 0.4261493980884552, 0.28666403889656067, 0.5511651635169983]
[0.5190628170967102, 0.5782326459884644, 0.41073957085609436, 0.28345492482185364, 0.5488307476043701]
[0.5924493074417114, 0.5904335975646973, 0.4094112813472748, 0.24705900251865387, 0.5756320953369141]
[0.5061724185943604, 0.568489670753479, 0.4395071864128113, 0.2968018352985382, 0.56577467918396]
[0.5070725679397583, 0.5795678496360779, 0.4309682846069336, 0.25872695446014404, 0.538472592830658]
[0.4761136770248413, 0.5763195157051086, 0.43712031841278076, 0.27951157093048096, 0.5527439713478088]
[0.49512314796447754, 0.5570592880249023, 0.45370882749557495, 0.3080631494522095, 0.5312929153442383]
[0.4212151765823364, 0.5515726208686829, 0.4658547341823578, 0.3743179738521576, 0.46109381318092346]
[0.518030047416687, 0.5940998792648315, 0.408409982919693, 0.2652086615562439, 0.5225112438201904]
[0.48625969886779785, 0.5679979920387268, 0.4237464368343353, 0.30652058124542236, 0.4892224967479706]
[0.3877813220024109, 0.5427207350730896, 0.48445379734039307, 0.3414395749568939, 0.4360297918319702]
[0.49233174324035645, 0.5746134519577026, 0.4276633560657501, 0.27858731150627136, 0.5115010142326355]
[0.46519678831100464, 0.5414527058601379, 0.4894770085811615, 0.34603351354599, 0.4691399931907654]
[0.5738063454627991, 0.5878852605819702, 0.4245111644268036, 0.2812505066394806, 0.5732446908950806]
[0.5617470145225525, 0.5739197731018066, 0.42509427666664124, 0.2923930883407593, 0.5613157749176025]
[0.4825313091278076, 0.5803935527801514, 0.45230862498283386, 0.31167471408843994, 0.5009760856628418]
[0.5607426762580872, 0.5949345827102661, 0.40310364961624146, 0.25616973638534546, 0.573116660118103]
[0.48468005657196045, 0.5993004441261292, 0.42518261075019836, 0.2759013772010803, 0.523169994354248]
[0.5185933113098145, 0.5886591672897339, 0.41420748829841614, 0.28358691930770874, 0.5321028828620911]
[0.5352426171302795, 0.5757557153701782, 0.45270609855651855, 0.2935103476047516, 0.5223007798194885]
[0.49820294976234436, 0.5447890162467957, 0.48696380853652954, 0.37249770760536194, 0.518268883228302]
[0.5379185080528259, 0.5845305323600769, 0.43704789876937866, 0.2647130489349365, 0.5737105011940002]
[0.4618997871875763, 0.5463643074035645, 0.469544917345047, 0.3831109404563904, 0.48817920684814453]
[0.4755418598651886, 0.5673794150352478, 0.4509352743625641, 0.3019683361053467, 0.53350430727005]
[0.5318195819854736, 0.5881187319755554, 0.4209742248058319, 0.273100882768631, 0.5734577775001526]
[0.48388856649398804, 0.589419424533844, 0.430110901594162, 0.3023398518562317, 0.5079715847969055]
[0.5797679424285889, 0.5518218874931335, 0.4005994200706482, 0.2544223964214325, 0.584916353225708]
[0.5570444464683533, 0.5797240138053894, 0.4175560474395752, 0.2626510262489319, 0.5718955993652344]
[0.42909160256385803, 0.5363239645957947, 0.46629148721694946, 0.3567860722541809, 0.4842245876789093]
[0.5226761698722839, 0.5431647300720215, 0.43377768993377686, 0.2773442268371582, 0.5237514972686768]
