0
我一直渴望的，是这么单纯快乐的爱情啊！神经病系列。#午间配饭#
[0.514509379863739, 0.5562813878059387, 0.4431023597717285, 0.34350600838661194, 0.4969320297241211]
[0.5070725679397583, 0.5795678496360779, 0.4309682846069336, 0.25872695446014404, 0.538472592830658]
[0.4831685423851013, 0.5517746210098267, 0.48839738965034485, 0.3257472515106201, 0.4797704517841339]
[0.6417462825775146, 0.5513631701469421, 0.3928648829460144, 0.26057207584381104, 0.6191262006759644]
[0.48379552364349365, 0.5937032699584961, 0.41920071840286255, 0.2830924987792969, 0.4925927221775055]
[0.4803611934185028, 0.5709334015846252, 0.44271957874298096, 0.2871912717819214, 0.5374144911766052]
[0.5449565052986145, 0.5861325860023499, 0.4129107892513275, 0.27066612243652344, 0.5593444108963013]
[0.3859742283821106, 0.5535584688186646, 0.4344932436943054, 0.30763038992881775, 0.45243167877197266]
[0.4420291483402252, 0.5683799386024475, 0.444181889295578, 0.3113859295845032, 0.4868984520435333]
[0.5070725679397583, 0.5795678496360779, 0.4309682846069336, 0.25872695446014404, 0.538472592830658]
[0.4946003556251526, 0.5976224541664124, 0.42983850836753845, 0.281134694814682, 0.5026280283927917]
[0.5690080523490906, 0.6018919348716736, 0.42166200280189514, 0.25818946957588196, 0.5661380290985107]
[0.47115078568458557, 0.5371284484863281, 0.47236505150794983, 0.3312661945819855, 0.46231165528297424]
[0.5315991044044495, 0.5790441632270813, 0.435178279876709, 0.29384541511535645, 0.540109395980835]
[0.5242486000061035, 0.5744557976722717, 0.4265784025192261, 0.29260820150375366, 0.530001163482666]
[0.5327762961387634, 0.5594540238380432, 0.45066624879837036, 0.28808626532554626, 0.5147576928138733]
[0.6309479475021362, 0.5599254965782166, 0.38114166259765625, 0.24809253215789795, 0.6088895201683044]
[0.5322085022926331, 0.5666501522064209, 0.4234052002429962, 0.31063640117645264, 0.5326001048088074]
[0.5552852153778076, 0.5857468843460083, 0.4001559317111969, 0.27149248123168945, 0.5646634697914124]
[0.49819183349609375, 0.5695810914039612, 0.4092336595058441, 0.28381651639938354, 0.5330636501312256]
[0.4216718375682831, 0.5842912793159485, 0.44819018244743347, 0.28089648485183716, 0.4707631766796112]
[0.5222870707511902, 0.5592807531356812, 0.42739441990852356, 0.2892163097858429, 0.5432074069976807]
[0.4917721450328827, 0.5457808375358582, 0.46227359771728516, 0.3327518105506897, 0.5155901312828064]
[0.4450579881668091, 0.5107130408287048, 0.5077248811721802, 0.35893362760543823, 0.4638996422290802]
[0.5202943682670593, 0.5780052542686462, 0.41863155364990234, 0.26711851358413696, 0.5440884232521057]
[0.5642714500427246, 0.5953532457351685, 0.3974466621875763, 0.23764096200466156, 0.5755925178527832]
[0.5615060329437256, 0.5841159224510193, 0.39749354124069214, 0.27023908495903015, 0.5706154108047485]
[0.48248589038848877, 0.5802688598632812, 0.42627769708633423, 0.27597686648368835, 0.5316818952560425]
[0.4141921103000641, 0.5537477731704712, 0.45844483375549316, 0.3194066286087036, 0.48436662554740906]
[0.5413404107093811, 0.58660489320755, 0.4104585647583008, 0.279694139957428, 0.5373140573501587]
[0.5578630566596985, 0.5819410681724548, 0.39593759179115295, 0.2714889645576477, 0.5701462030410767]
[0.5057151913642883, 0.5531095266342163, 0.4561617374420166, 0.33608412742614746, 0.4979243874549866]
[0.5617203712463379, 0.5679196119308472, 0.40721920132637024, 0.26529860496520996, 0.5691106915473938]
[0.4747926890850067, 0.5674164891242981, 0.4395696222782135, 0.30853623151779175, 0.5035452246665955]
[0.45978888869285583, 0.5575145483016968, 0.47337663173675537, 0.3236236870288849, 0.4880940616130829]
[0.5615060329437256, 0.5841159224510193, 0.39749354124069214, 0.27023908495903015, 0.5706154108047485]
[0.5070725679397583, 0.5795678496360779, 0.4309682846069336, 0.25872695446014404, 0.538472592830658]
[0.4738101661205292, 0.5792842507362366, 0.4461686611175537, 0.30181387066841125, 0.5068544149398804]
[0.48880165815353394, 0.5816428661346436, 0.43704742193222046, 0.2828066051006317, 0.524338960647583]
[0.5193629860877991, 0.5856478810310364, 0.41173920035362244, 0.282301664352417, 0.5441094636917114]
[0.49819183349609375, 0.5695810914039612, 0.4092336595058441, 0.28381651639938354, 0.5330636501312256]
[0.47632265090942383, 0.5650450587272644, 0.4531781077384949, 0.3120421767234802, 0.5298337936401367]
[0.5006831288337708, 0.5885425806045532, 0.41472795605659485, 0.2615147531032562, 0.534382700920105]
[0.5898352861404419, 0.5788168907165527, 0.39136770367622375, 0.24568094313144684, 0.5783143639564514]
[0.5552852153778076, 0.5857468843460083, 0.4001559317111969, 0.27149248123168945, 0.5646634697914124]
[0.5070725679397583, 0.5795678496360779, 0.4309682846069336, 0.25872695446014404, 0.538472592830658]
[0.47935932874679565, 0.5943428874015808, 0.4477689862251282, 0.2805696129798889, 0.5171215534210205]
[0.5267735719680786, 0.5974416136741638, 0.4068141579627991, 0.26942941546440125, 0.531450092792511]
[0.5615060329437256, 0.5841159224510193, 0.39749354124069214, 0.27023908495903015, 0.5706154108047485]
[0.509160578250885, 0.5718865990638733, 0.431148886680603, 0.2911895513534546, 0.5245152711868286]
[0.5054079294204712, 0.5498920679092407, 0.44468024373054504, 0.28071901202201843, 0.5115932822227478]
[0.49819183349609375, 0.5695810914039612, 0.4092336595058441, 0.28381651639938354, 0.5330636501312256]
[0.44952791929244995, 0.5591632127761841, 0.46981096267700195, 0.311678022146225, 0.5091010928153992]
[0.33152830600738525, 0.5487993955612183, 0.44219961762428284, 0.30594155192375183, 0.41532763838768005]
