0
#市场风云#【证监会副主席姚刚被免职】据人力资源和社会保障部网站消息，国务院任免国家工作人员，免去姚刚的中国证券监督管理委员会副主席职务。上月13日，中央纪委监察部网站发布消息，姚刚涉嫌严重违纪，接受组织调查。
[0.5205040574073792, 0.5195953845977783, 0.4729958474636078, 0.30027875304222107, 0.5095285773277283]
[0.5858778953552246, 0.5971854329109192, 0.4077065587043762, 0.2396472841501236, 0.5612168312072754]
[0.43928033113479614, 0.5755216479301453, 0.43812182545661926, 0.28464990854263306, 0.4676651954650879]
[0.4402254521846771, 0.5610357522964478, 0.44030240178108215, 0.26824378967285156, 0.4880695641040802]
[0.5322025418281555, 0.587814450263977, 0.4150623679161072, 0.28491824865341187, 0.5215646028518677]
[0.5751545429229736, 0.5698719024658203, 0.4215548634529114, 0.25738516449928284, 0.5479342937469482]
[0.49852994084358215, 0.5270017385482788, 0.4841556251049042, 0.3812439441680908, 0.5032508969306946]
[0.5828100442886353, 0.5712891221046448, 0.42094260454177856, 0.2612192928791046, 0.5299161076545715]
[0.5312179327011108, 0.583070695400238, 0.4142923951148987, 0.25005796551704407, 0.5328344702720642]
[0.49186971783638, 0.5542545318603516, 0.4528602361679077, 0.34685760736465454, 0.49499383568763733]
[0.481620192527771, 0.5852494239807129, 0.43559813499450684, 0.29551640152931213, 0.49236300587654114]
[0.43928033113479614, 0.5755216479301453, 0.43812182545661926, 0.28464990854263306, 0.4676651954650879]
[0.4810289442539215, 0.5563267469406128, 0.46756401658058167, 0.27308955788612366, 0.5213754773139954]
[0.5486726760864258, 0.5651650428771973, 0.39030152559280396, 0.2506510615348816, 0.5882835388183594]
[0.39625194668769836, 0.5634640455245972, 0.4539867341518402, 0.3231699764728546, 0.46500641107559204]
[0.5329036116600037, 0.5372658371925354, 0.45657843351364136, 0.33926868438720703, 0.534466028213501]
[0.5020765662193298, 0.5778945684432983, 0.44805750250816345, 0.2963675558567047, 0.5252726674079895]
[0.47708064317703247, 0.5534048080444336, 0.45730453729629517, 0.30148041248321533, 0.49972376227378845]
[0.5003835558891296, 0.5466932058334351, 0.4549272954463959, 0.2832370102405548, 0.5196231007575989]
[0.5954408049583435, 0.5025919675827026, 0.45368850231170654, 0.32211750745773315, 0.588050365447998]
[0.5451405048370361, 0.5799071192741394, 0.4316512644290924, 0.266661137342453, 0.5196403861045837]
[0.511255145072937, 0.5555015802383423, 0.44553065299987793, 0.29960352182388306, 0.5322266817092896]
[0.5285872220993042, 0.5733742117881775, 0.4201772212982178, 0.30047377943992615, 0.5403004288673401]
[0.5073123574256897, 0.581888735294342, 0.44364500045776367, 0.2934444546699524, 0.5206565260887146]
[0.4873932898044586, 0.5630055665969849, 0.4226638674736023, 0.28637662529945374, 0.5098603963851929]
[0.5671433210372925, 0.5535868406295776, 0.411601722240448, 0.260478675365448, 0.568378210067749]
[0.47659990191459656, 0.5535423159599304, 0.43829795718193054, 0.28945818543434143, 0.47276926040649414]
[0.5665028095245361, 0.586652934551239, 0.39015236496925354, 0.2199288010597229, 0.599284291267395]
[0.5437377095222473, 0.5244699120521545, 0.49800610542297363, 0.39050614833831787, 0.5602231025695801]
[0.48468533158302307, 0.580358624458313, 0.4542180597782135, 0.28931722044944763, 0.5152605772018433]
[0.5518231987953186, 0.5792584419250488, 0.3970268964767456, 0.2610074579715729, 0.5728079676628113]
[0.5401478409767151, 0.5121588706970215, 0.47228696942329407, 0.36825668811798096, 0.5295573472976685]
[0.4733666479587555, 0.6038182377815247, 0.45870959758758545, 0.3056802451610565, 0.5077730417251587]
[0.42312946915626526, 0.49929729104042053, 0.44056203961372375, 0.2968505620956421, 0.4890400767326355]
[0.5117068886756897, 0.5625717043876648, 0.4171050488948822, 0.2351563721895218, 0.5434170961380005]
[0.44023993611335754, 0.5783584117889404, 0.4475195109844208, 0.288057804107666, 0.466099351644516]
[0.5354865789413452, 0.5888907313346863, 0.41922876238822937, 0.2605830132961273, 0.5253303050994873]
[0.5306317210197449, 0.6074514985084534, 0.4270767867565155, 0.2711300849914551, 0.5435031652450562]
[0.5035492181777954, 0.536373496055603, 0.48335230350494385, 0.3995586335659027, 0.5407578945159912]
[0.48379552364349365, 0.5937032699584961, 0.41920071840286255, 0.2830924987792969, 0.4925927221775055]
[0.511255145072937, 0.5555015802383423, 0.44553065299987793, 0.29960352182388306, 0.5322266817092896]
[0.5479137897491455, 0.5745958089828491, 0.43548905849456787, 0.277523934841156, 0.5715027451515198]
[0.5439193248748779, 0.5689883828163147, 0.4053603410720825, 0.2661774456501007, 0.5382663607597351]
[0.504997968673706, 0.574279248714447, 0.40797436237335205, 0.2676656246185303, 0.5420868992805481]
[0.43654879927635193, 0.5464057922363281, 0.4577775001525879, 0.3248485326766968, 0.4565751254558563]
[0.45936593413352966, 0.5312058925628662, 0.46836477518081665, 0.35587263107299805, 0.5227729678153992]
[0.4922045171260834, 0.5912806391716003, 0.40296074748039246, 0.2725025713443756, 0.5461224913597107]
[0.4792843461036682, 0.5755108594894409, 0.4433666467666626, 0.30145224928855896, 0.5038368701934814]
[0.47694599628448486, 0.5707288980484009, 0.4301442503929138, 0.2884899973869324, 0.49586066603660583]
[0.5205040574073792, 0.5195953845977783, 0.4729958474636078, 0.30027875304222107, 0.5095285773277283]
[0.6415367126464844, 0.5526323318481445, 0.39103129506111145, 0.2587285041809082, 0.618395984172821]
[0.4770982265472412, 0.5503649711608887, 0.4475876986980438, 0.30925169587135315, 0.5084688067436218]
[0.5070725679397583, 0.5795678496360779, 0.4309682846069336, 0.25872695446014404, 0.538472592830658]
[0.5105232000350952, 0.5684288740158081, 0.44866231083869934, 0.31380435824394226, 0.5373896360397339]
[0.4565869867801666, 0.5437244772911072, 0.5148642659187317, 0.37082529067993164, 0.4691616892814636]
[0.4693526327610016, 0.5807251334190369, 0.4443095028400421, 0.28267234563827515, 0.5195042490959167]
[0.47526419162750244, 0.5811952948570251, 0.45449063181877136, 0.28586795926094055, 0.5197224617004395]
[0.48258650302886963, 0.5925899744033813, 0.4428289532661438, 0.26771289110183716, 0.515375554561615]
[0.5382564067840576, 0.5609400868415833, 0.4189291000366211, 0.27498355507850647, 0.5332479476928711]
[0.4880094826221466, 0.5874854922294617, 0.4246688485145569, 0.26752108335494995, 0.5162389278411865]
[0.5052851438522339, 0.5844977498054504, 0.43244287371635437, 0.29514652490615845, 0.5331795811653137]
[0.48258650302886963, 0.5925899744033813, 0.4428289532661438, 0.26771289110183716, 0.515375554561615]
[0.5632935166358948, 0.5856174230575562, 0.39431941509246826, 0.2576668858528137, 0.5558356642723083]
[0.4488106071949005, 0.5428991317749023, 0.46235334873199463, 0.3247184157371521, 0.467722624540329]
[0.40849319100379944, 0.5746367573738098, 0.45613980293273926, 0.29440441727638245, 0.46529117226600647]
[0.4920225143432617, 0.5496065616607666, 0.4716617465019226, 0.36570683121681213, 0.4961302578449249]
[0.5138148665428162, 0.5865376591682434, 0.4196125566959381, 0.2513657510280609, 0.5439810752868652]
[0.5300957560539246, 0.5348134636878967, 0.4418082535266876, 0.3162183463573456, 0.532096803188324]
[0.4740035831928253, 0.589034914970398, 0.44265449047088623, 0.2855793535709381, 0.5015694499015808]
[0.5382564067840576, 0.5609400868415833, 0.4189291000366211, 0.27498355507850647, 0.5332479476928711]
[0.448742151260376, 0.5643449425697327, 0.4578103721141815, 0.29252445697784424, 0.4891101121902466]
[0.43818268179893494, 0.5628401637077332, 0.4438041150569916, 0.3077782392501831, 0.5247172117233276]
[0.4920225143432617, 0.5496065616607666, 0.4716617465019226, 0.36570683121681213, 0.4961302578449249]
[0.5473241209983826, 0.5865799188613892, 0.4032662808895111, 0.2633401155471802, 0.5480524897575378]
[0.39765241742134094, 0.5136927366256714, 0.5130509734153748, 0.41216394305229187, 0.45587605237960815]
[0.4896722137928009, 0.5664243698120117, 0.4566749930381775, 0.3033473491668701, 0.49484461545944214]
[0.4426644742488861, 0.5803420543670654, 0.4577491283416748, 0.3129443824291229, 0.46488797664642334]
[0.39626699686050415, 0.5589088201522827, 0.4796769618988037, 0.3104759752750397, 0.4748857617378235]
[0.43505045771598816, 0.5668210983276367, 0.45487961173057556, 0.280550092458725, 0.4802647829055786]
[0.40976911783218384, 0.5574819445610046, 0.45538583397865295, 0.30769968032836914, 0.4474804401397705]
[0.49235084652900696, 0.5583922863006592, 0.44164448976516724, 0.31233540177345276, 0.491444855928421]
[0.5043923258781433, 0.5711999535560608, 0.42201128602027893, 0.26762303709983826, 0.5205498933792114]
[0.6382513642311096, 0.5058602094650269, 0.4493524134159088, 0.3193029761314392, 0.6011713743209839]
[0.5486292243003845, 0.5851067900657654, 0.40395671129226685, 0.2698696553707123, 0.5645420551300049]
[0.49769333004951477, 0.544499397277832, 0.3837123215198517, 0.24029196798801422, 0.5322815775871277]
[0.557544469833374, 0.5626212358474731, 0.430827260017395, 0.28497546911239624, 0.552126407623291]
[0.4052460491657257, 0.5667715668678284, 0.4743979275226593, 0.29962095618247986, 0.4621085822582245]
[0.48170238733291626, 0.5757635831832886, 0.4185614585876465, 0.23937872052192688, 0.5534443855285645]
[0.5160661339759827, 0.5536842942237854, 0.4218977391719818, 0.28438571095466614, 0.5445880889892578]
[0.49769333004951477, 0.544499397277832, 0.3837123215198517, 0.24029196798801422, 0.5322815775871277]
[0.49769333004951477, 0.544499397277832, 0.3837123215198517, 0.24029196798801422, 0.5322815775871277]
[0.49769333004951477, 0.544499397277832, 0.3837123215198517, 0.24029196798801422, 0.5322815775871277]
[0.49769333004951477, 0.544499397277832, 0.3837123215198517, 0.24029196798801422, 0.5322815775871277]
[0.49769333004951477, 0.544499397277832, 0.3837123215198517, 0.24029196798801422, 0.5322815775871277]
[0.5215217471122742, 0.5840199589729309, 0.431213915348053, 0.27454161643981934, 0.5518538951873779]
