0
据《法制晚报》，铁路总局已经表示，12306网站将调整图形验证码中图片的清晰度和分辨率，可能会将错误率较高的图片验证码撤下本文由十五言科学写作训练专栏“科学人的秘密发动机”孵化而成，欢迎加入。
[0.45537829399108887, 0.49599578976631165, 0.5079115033149719, 0.40603387355804443, 0.4543797969818115]
[0.49769285321235657, 0.5180853009223938, 0.47141534090042114, 0.40788957476615906, 0.5172550678253174]
[0.5480052828788757, 0.5872835516929626, 0.4208686351776123, 0.2716015875339508, 0.564396321773529]
[0.567434549331665, 0.5751469731330872, 0.4056820869445801, 0.2524721920490265, 0.5786371231079102]
[0.4875930845737457, 0.5324934124946594, 0.46092143654823303, 0.3533332645893097, 0.5246298909187317]
[0.5682876706123352, 0.597567617893219, 0.4107084274291992, 0.27124157547950745, 0.5833342671394348]
[0.5319418907165527, 0.5370930433273315, 0.4376112222671509, 0.2984338700771332, 0.5409814119338989]
[0.536781907081604, 0.5785638689994812, 0.4252220392227173, 0.27478787302970886, 0.5475428700447083]
[0.5259296298027039, 0.5843502879142761, 0.4193502962589264, 0.2609160840511322, 0.5498395562171936]
[0.4583740830421448, 0.5424789786338806, 0.46289488673210144, 0.35190069675445557, 0.48987239599227905]
[0.44562679529190063, 0.5366266369819641, 0.46469783782958984, 0.2959311306476593, 0.4882733225822449]
[0.45893779397010803, 0.550143301486969, 0.47553518414497375, 0.33214032649993896, 0.5153077840805054]
[0.4479103684425354, 0.5568134188652039, 0.45044970512390137, 0.32746246457099915, 0.4708244800567627]
[0.5137054920196533, 0.5837973952293396, 0.4338420331478119, 0.2936689853668213, 0.5083145499229431]
[0.5315346121788025, 0.5643813014030457, 0.41696682572364807, 0.29467323422431946, 0.549578070640564]
[0.5018061995506287, 0.5185129046440125, 0.49774253368377686, 0.39176803827285767, 0.5427255630493164]
[0.5454971194267273, 0.5760751366615295, 0.42982929944992065, 0.2978549301624298, 0.5626100897789001]
[0.465379923582077, 0.543994665145874, 0.4600903391838074, 0.35917404294013977, 0.4960857033729553]
[0.4958314895629883, 0.5209593176841736, 0.48326200246810913, 0.41966256499290466, 0.531048595905304]
[0.5051771998405457, 0.5601664185523987, 0.46386823058128357, 0.31954529881477356, 0.5126691460609436]
[0.5599016547203064, 0.5591784715652466, 0.4079436957836151, 0.2537703514099121, 0.5792906284332275]
[0.4907451868057251, 0.5528259873390198, 0.433419793844223, 0.2905671000480652, 0.5091658234596252]
[0.3003574013710022, 0.5380536913871765, 0.5051895976066589, 0.4254201352596283, 0.42757928371429443]
[0.4286877512931824, 0.4896746575832367, 0.5403746962547302, 0.5476362705230713, 0.4992498755455017]
