0
【10岁的他走了，捐献器官救5人】11月28日，安徽临泉10岁男孩陈硕外出遇车祸被确诊脑死亡，其父母决定捐献孩子器官，让更多的人获得新生，让孩子生命延续！目前，孩子的肝脏、肾脏已移植给3人，眼角膜使2人重见光明。但肇事司机逃逸，至今仍未露面…
[0.554442286491394, 0.5406063795089722, 0.49688515067100525, 0.3846522867679596, 0.5517261028289795]
[0.5850157737731934, 0.597558856010437, 0.4224058985710144, 0.24703101813793182, 0.5575944781303406]
[0.5725443363189697, 0.5440943241119385, 0.42269471287727356, 0.33006492257118225, 0.5456326603889465]
[0.47196367383003235, 0.555752694606781, 0.44649380445480347, 0.30927011370658875, 0.4909655451774597]
[0.4896000325679779, 0.5929003357887268, 0.42362770438194275, 0.2868480980396271, 0.5353918671607971]
[0.5416728258132935, 0.55489581823349, 0.4098762571811676, 0.2810106575489044, 0.554266095161438]
[0.5303354859352112, 0.5999640822410583, 0.4419780373573303, 0.2911079227924347, 0.5357427000999451]
[0.5239625573158264, 0.5485938191413879, 0.4365716874599457, 0.31285104155540466, 0.5339969992637634]
[0.4851260781288147, 0.5606819987297058, 0.4596126675605774, 0.32484930753707886, 0.5315355062484741]
[0.5556825995445251, 0.5848374366760254, 0.41147491335868835, 0.28143176436424255, 0.5472305417060852]
[0.47638800740242004, 0.5584518313407898, 0.46108004450798035, 0.3334105908870697, 0.5167798399925232]
[0.6030114889144897, 0.5927956104278564, 0.3967025876045227, 0.24493728578090668, 0.5862656831741333]
[0.5414999127388, 0.5845422148704529, 0.41540348529815674, 0.2785802483558655, 0.541622519493103]
[0.46670210361480713, 0.5456648468971252, 0.45428457856178284, 0.3523411750793457, 0.4726109504699707]
[0.6037248969078064, 0.5492029786109924, 0.3921128809452057, 0.24679458141326904, 0.5984783172607422]
[0.4600522220134735, 0.5753447413444519, 0.44208160042762756, 0.30596911907196045, 0.4934462606906891]
[0.47309955954551697, 0.5656079053878784, 0.449240505695343, 0.3422432541847229, 0.4927244484424591]
[0.5407633781433105, 0.5814055800437927, 0.4219713509082794, 0.2743278741836548, 0.567977249622345]
[0.5336043238639832, 0.5649648308753967, 0.44481033086776733, 0.31740373373031616, 0.5609045624732971]
[0.47309955954551697, 0.5656079053878784, 0.449240505695343, 0.3422432541847229, 0.4927244484424591]
[0.504314124584198, 0.5674490928649902, 0.4092625081539154, 0.2835386097431183, 0.5399655103683472]
[0.5343832969665527, 0.5802587270736694, 0.4250352084636688, 0.28814104199409485, 0.5496314764022827]
[0.5452814698219299, 0.5830005407333374, 0.41149917244911194, 0.2867933511734009, 0.554315447807312]
[0.48859903216362, 0.6002926230430603, 0.42643409967422485, 0.28273722529411316, 0.523198127746582]
[0.6065698266029358, 0.511591911315918, 0.4482327699661255, 0.3582567572593689, 0.6028895974159241]
[0.5070725679397583, 0.5795678496360779, 0.4309682846069336, 0.25872695446014404, 0.538472592830658]
[0.5070725679397583, 0.5795678496360779, 0.4309682846069336, 0.25872695446014404, 0.538472592830658]
[0.4439273774623871, 0.5496516227722168, 0.45087841153144836, 0.3055056929588318, 0.49955058097839355]
[0.4439273774623871, 0.5496516227722168, 0.45087841153144836, 0.3055056929588318, 0.49955058097839355]
[0.43652984499931335, 0.5683594346046448, 0.47130152583122253, 0.3463030457496643, 0.5485343337059021]
[0.5344620943069458, 0.5661020874977112, 0.44066518545150757, 0.2784300744533539, 0.561822772026062]
[0.48456454277038574, 0.5833241939544678, 0.41911065578460693, 0.3110242486000061, 0.5377538800239563]
[0.5512346625328064, 0.549373984336853, 0.43585216999053955, 0.28195154666900635, 0.5194562673568726]
[0.5697070956230164, 0.5779549479484558, 0.4184424579143524, 0.26206767559051514, 0.5703855752944946]
[0.5306556820869446, 0.5375900268554688, 0.4448222219944, 0.29748642444610596, 0.5177385210990906]
[0.5875301361083984, 0.5665928721427917, 0.394474595785141, 0.25424158573150635, 0.5686935782432556]
[0.513643205165863, 0.5772072076797485, 0.43923166394233704, 0.28230252861976624, 0.5309851169586182]
[0.5496695637702942, 0.5784749984741211, 0.4235128164291382, 0.29879799485206604, 0.5550568103790283]
[0.5875301361083984, 0.5665928721427917, 0.394474595785141, 0.25424158573150635, 0.5686935782432556]
[0.4279171824455261, 0.538669228553772, 0.45180171728134155, 0.31265732645988464, 0.4479486048221588]
[0.5555866360664368, 0.57548588514328, 0.4313519299030304, 0.2682405412197113, 0.5359175205230713]
[0.48568591475486755, 0.5508737564086914, 0.46305033564567566, 0.37155672907829285, 0.525762677192688]
[0.5413633584976196, 0.5778937935829163, 0.4259908199310303, 0.2779526114463806, 0.5510963797569275]
[0.5476213097572327, 0.5711182951927185, 0.388433039188385, 0.2666266858577728, 0.5543975830078125]
[0.4860864579677582, 0.5232343077659607, 0.47864216566085815, 0.3508782982826233, 0.5190969705581665]
[0.4547160863876343, 0.5459367036819458, 0.48002612590789795, 0.30641868710517883, 0.48700541257858276]
[0.4710491895675659, 0.5874733924865723, 0.40956029295921326, 0.26324427127838135, 0.5250749588012695]
[0.5182961821556091, 0.5522336959838867, 0.42933717370033264, 0.3215711712837219, 0.5353910326957703]
[0.46583113074302673, 0.5561923980712891, 0.4721580743789673, 0.35578712821006775, 0.4919407367706299]
[0.5199032425880432, 0.5856451392173767, 0.43702802062034607, 0.28892117738723755, 0.5386267900466919]
[0.5263910889625549, 0.5892651677131653, 0.44053372740745544, 0.2785385847091675, 0.5421621799468994]
[0.5343524217605591, 0.5590653419494629, 0.4043939709663391, 0.2982797920703888, 0.5530500411987305]
[0.5095993280410767, 0.5744210481643677, 0.4396495223045349, 0.29775989055633545, 0.548500120639801]
[0.5464586019515991, 0.5821153521537781, 0.4217201769351959, 0.2801700234413147, 0.5602313876152039]
[0.5375379920005798, 0.5817872881889343, 0.41950321197509766, 0.3041002154350281, 0.5472137331962585]
[0.49275684356689453, 0.5720736980438232, 0.4450530707836151, 0.30638235807418823, 0.5231189131736755]
[0.4136631190776825, 0.5687209963798523, 0.43799546360969543, 0.29083913564682007, 0.4859534502029419]
[0.33546626567840576, 0.4870874285697937, 0.48541414737701416, 0.5186490416526794, 0.40712130069732666]
[0.5091930627822876, 0.5671383738517761, 0.4180971384048462, 0.2978878319263458, 0.5350473523139954]
[0.4844105839729309, 0.5641053318977356, 0.43589159846305847, 0.3145267367362976, 0.5224084258079529]
[0.4642520844936371, 0.539935827255249, 0.449370801448822, 0.3058607280254364, 0.4877779483795166]
[0.48846036195755005, 0.5565485954284668, 0.43227675557136536, 0.3073938190937042, 0.5071326494216919]
[0.504793107509613, 0.5809667706489563, 0.4416661858558655, 0.2815411388874054, 0.517042875289917]
[0.47773563861846924, 0.5628111362457275, 0.47068583965301514, 0.31172066926956177, 0.5162888765335083]
[0.5263280272483826, 0.5497446656227112, 0.45238736271858215, 0.3215612769126892, 0.5197467803955078]
[0.6000707149505615, 0.5337573289871216, 0.47871658205986023, 0.3712497651576996, 0.5988777875900269]
[0.5875301361083984, 0.5665928721427917, 0.394474595785141, 0.25424158573150635, 0.5686935782432556]
[0.5495110154151917, 0.5807601809501648, 0.4127061665058136, 0.2735989987850189, 0.5505457520484924]
[0.43843281269073486, 0.5353100895881653, 0.4952612817287445, 0.4028315544128418, 0.47994306683540344]
[0.47638586163520813, 0.5530950427055359, 0.44562187790870667, 0.31727203726768494, 0.4762521982192993]
[0.5292714834213257, 0.5575245022773743, 0.4073376953601837, 0.31042054295539856, 0.5317021608352661]
[0.5126032829284668, 0.5802488923072815, 0.4364108741283417, 0.28683680295944214, 0.5514786839485168]
[0.5267336964607239, 0.5425733923912048, 0.476118266582489, 0.38521820306777954, 0.5383586883544922]
[0.5009588003158569, 0.5786800980567932, 0.43599724769592285, 0.28692561388015747, 0.5357099175453186]
[0.3823985755443573, 0.5728073716163635, 0.45321378111839294, 0.3042200207710266, 0.4754556715488434]
[0.4978727400302887, 0.5844416618347168, 0.4193025231361389, 0.29001978039741516, 0.5228347778320312]
[0.4784410297870636, 0.564702570438385, 0.41809970140457153, 0.2696465253829956, 0.5319703817367554]
[0.4246596693992615, 0.5351489186286926, 0.4768611788749695, 0.3485621213912964, 0.5001773834228516]
