0
【谷神星上的神秘亮斑，不是冰，而是盐】科学家们一直对谷神星上的神秘亮斑耿耿于怀：这些斑像痘痘一样长在小汤圆脸上，它们到底是什么？前不久曙光号发回的最新数据表明，这些明亮物质可能是某种硫酸盐，而不是之前猜测的水冰： 图一为最新伪彩色照片，图二为一月中旬的照片。
[0.48140472173690796, 0.5441292524337769, 0.47517940402030945, 0.37197810411453247, 0.5069875121116638]
[0.49819183349609375, 0.5695810914039612, 0.4092336595058441, 0.28381651639938354, 0.5330636501312256]
[0.5190881490707397, 0.5586432218551636, 0.4682145118713379, 0.3565889000892639, 0.532329261302948]
[0.5376013517379761, 0.572699248790741, 0.4124299883842468, 0.24609121680259705, 0.5712944865226746]
[0.4975455403327942, 0.5672337412834167, 0.4305199980735779, 0.295345664024353, 0.5459613800048828]
[0.42846378684043884, 0.5138682126998901, 0.461475670337677, 0.33842724561691284, 0.5091201066970825]
[0.5504789352416992, 0.5504522323608398, 0.46797049045562744, 0.3006422519683838, 0.5575739741325378]
[0.5504789352416992, 0.5504522323608398, 0.46797049045562744, 0.3006422519683838, 0.5575739741325378]
[0.5391452312469482, 0.5905017852783203, 0.4392763674259186, 0.2907886505126953, 0.5645338296890259]
[0.5070725679397583, 0.5795678496360779, 0.4309682846069336, 0.25872695446014404, 0.538472592830658]
[0.5504789352416992, 0.5504522323608398, 0.46797049045562744, 0.3006422519683838, 0.5575739741325378]
[0.47432437539100647, 0.5897824764251709, 0.4525453746318817, 0.2954369783401489, 0.5149170160293579]
[0.5354865789413452, 0.5888907313346863, 0.41922876238822937, 0.2605830132961273, 0.5253303050994873]
[0.5061442255973816, 0.5832944512367249, 0.42594507336616516, 0.27241140604019165, 0.5536101460456848]
[0.5504789352416992, 0.5504522323608398, 0.46797049045562744, 0.3006422519683838, 0.5575739741325378]
[0.5132416486740112, 0.5765411257743835, 0.4204089343547821, 0.2780870497226715, 0.5275075435638428]
[0.5504789352416992, 0.5504522323608398, 0.46797049045562744, 0.3006422519683838, 0.5575739741325378]
[0.5624499320983887, 0.5598509311676025, 0.41882675886154175, 0.2574201822280884, 0.5741363167762756]
[0.4717152714729309, 0.5696505904197693, 0.4460238516330719, 0.2868588864803314, 0.5126233696937561]
[0.5504789352416992, 0.5504522323608398, 0.46797049045562744, 0.3006422519683838, 0.5575739741325378]
[0.5040035247802734, 0.5719863772392273, 0.43091994524002075, 0.27657848596572876, 0.5261465907096863]
[0.42595145106315613, 0.5638910531997681, 0.4365284740924835, 0.2847729027271271, 0.4788304567337036]
[0.5130287408828735, 0.5626043677330017, 0.4300209879875183, 0.2971063554286957, 0.5308151245117188]
[0.5049370527267456, 0.5329675078392029, 0.4706701934337616, 0.3654393255710602, 0.5564203262329102]
[0.4795692563056946, 0.5845358967781067, 0.4188065528869629, 0.2584722936153412, 0.5110174417495728]
