0
【学生跳绳世锦赛一共28枚金牌，中国学生获得27枚】“世界学生跳绳锦标赛”上，一所中国乡村小学，广州花都区七星小学，斩获所有28枚金牌中的27枚！岑小林一人打破两项世界纪录，创下30秒单摇跳单脚110次（原纪录106次），3分钟单摇跳单脚548次（原纪录530次）的新纪录。
[0.5148751735687256, 0.5520310997962952, 0.4967305064201355, 0.31845614314079285, 0.4879026710987091]
[0.558176577091217, 0.5837705731391907, 0.4205693006515503, 0.26933491230010986, 0.5672476291656494]
[0.490288108587265, 0.5189167857170105, 0.49602416157722473, 0.33671918511390686, 0.46671855449676514]
[0.47929874062538147, 0.5504120588302612, 0.45569872856140137, 0.3387061357498169, 0.4770975112915039]
[0.5460090637207031, 0.5873529314994812, 0.41679802536964417, 0.2538510859012604, 0.5589089393615723]
[0.4057077467441559, 0.5631409883499146, 0.45207908749580383, 0.33237364888191223, 0.5046440362930298]
[0.486001193523407, 0.5691584348678589, 0.43930453062057495, 0.31422895193099976, 0.5334780216217041]
[0.4797555208206177, 0.58607017993927, 0.4261816143989563, 0.27739301323890686, 0.5209331512451172]
[0.5243404507637024, 0.5760449767112732, 0.4186996817588806, 0.29310253262519836, 0.5424329042434692]
[0.5663272738456726, 0.5789467096328735, 0.4038543701171875, 0.24655784666538239, 0.5697996616363525]
[0.5512419939041138, 0.5941552519798279, 0.4158717095851898, 0.2481434941291809, 0.564721941947937]
[0.5287637114524841, 0.5289132595062256, 0.509706974029541, 0.3830967843532562, 0.49345436692237854]
[0.5514047741889954, 0.5721832513809204, 0.3893853425979614, 0.2487258017063141, 0.5551791191101074]
[0.5530617833137512, 0.5812300443649292, 0.41096651554107666, 0.27877870202064514, 0.5606086254119873]
[0.5323103666305542, 0.5852787494659424, 0.4276435375213623, 0.27974560856819153, 0.5212849974632263]
[0.5139299631118774, 0.5804607272148132, 0.40023115277290344, 0.272930383682251, 0.5349076390266418]
[0.45955798029899597, 0.5605957508087158, 0.45125871896743774, 0.3119511008262634, 0.46328240633010864]
[0.5653747320175171, 0.5958674550056458, 0.410073459148407, 0.2521335780620575, 0.5308053493499756]
[0.519125759601593, 0.6032501459121704, 0.4222579300403595, 0.2577754259109497, 0.5466556549072266]
[0.5520361065864563, 0.5492404103279114, 0.4395645260810852, 0.29942864179611206, 0.510942280292511]
[0.46325066685676575, 0.547234833240509, 0.46614259481430054, 0.317468523979187, 0.4977310597896576]
[0.4907926917076111, 0.5637834668159485, 0.4414612948894501, 0.2947947084903717, 0.49108949303627014]
[0.40637046098709106, 0.5744669437408447, 0.46710479259490967, 0.32402753829956055, 0.460176557302475]
[0.4515998959541321, 0.5619542002677917, 0.46399447321891785, 0.32032424211502075, 0.4873497486114502]
[0.47830474376678467, 0.550733208656311, 0.4352497160434723, 0.2835991382598877, 0.5024083852767944]
[0.45955798029899597, 0.5605957508087158, 0.45125871896743774, 0.3119511008262634, 0.46328240633010864]
[0.4752258062362671, 0.5691908001899719, 0.4391210675239563, 0.3077876567840576, 0.4840574860572815]
[0.4559698700904846, 0.565685510635376, 0.48127126693725586, 0.3132047653198242, 0.48449423909187317]
[0.5398406982421875, 0.5599057674407959, 0.41469696164131165, 0.2612924873828888, 0.5594318509101868]
[0.5148751735687256, 0.5520310997962952, 0.4967305064201355, 0.31845614314079285, 0.4879026710987091]
[0.49137794971466064, 0.564588725566864, 0.4393823444843292, 0.26919248700141907, 0.5334303379058838]
[0.5177729725837708, 0.5833643078804016, 0.40603089332580566, 0.2730325162410736, 0.5234096646308899]
[0.5562946200370789, 0.5641605257987976, 0.44385212659835815, 0.2779926657676697, 0.5596797466278076]
[0.5527352094650269, 0.5921210050582886, 0.41887614130973816, 0.25480538606643677, 0.5767990946769714]
[0.46601602435112, 0.5651649832725525, 0.4377492070198059, 0.2894585430622101, 0.48092910647392273]
[0.551811158657074, 0.5954899787902832, 0.4030663073062897, 0.26192253828048706, 0.5679393410682678]
[0.5393906831741333, 0.5833333730697632, 0.42661944031715393, 0.28293725848197937, 0.5516653060913086]
[0.5783321261405945, 0.5881214737892151, 0.40039414167404175, 0.2622755765914917, 0.5565649271011353]
[0.49027934670448303, 0.5708138942718506, 0.45162516832351685, 0.30487507581710815, 0.5115644931793213]
[0.5244597792625427, 0.5673940777778625, 0.42901942133903503, 0.28732484579086304, 0.508772611618042]
[0.5792938470840454, 0.5774211287498474, 0.39894556999206543, 0.2443789392709732, 0.5775283575057983]
[0.4084233045578003, 0.5403083562850952, 0.48551446199417114, 0.3420058786869049, 0.42745813727378845]
[0.5070725679397583, 0.5795678496360779, 0.4309682846069336, 0.25872695446014404, 0.538472592830658]
[0.5023081302642822, 0.5847863554954529, 0.42803701758384705, 0.29812997579574585, 0.5074578523635864]
[0.4753051996231079, 0.5631007552146912, 0.44883832335472107, 0.3213244378566742, 0.4941385090351105]
[0.44946837425231934, 0.5693501234054565, 0.4878612458705902, 0.31420618295669556, 0.47437959909439087]
[0.4202490448951721, 0.5595518946647644, 0.4572587311267853, 0.34991857409477234, 0.4640895426273346]
[0.4823698103427887, 0.5497742891311646, 0.45489501953125, 0.32223522663116455, 0.5144298672676086]
[0.49184539914131165, 0.5633881688117981, 0.4244624972343445, 0.2600025236606598, 0.5202846527099609]
[0.6315830945968628, 0.5210896730422974, 0.458077073097229, 0.35388970375061035, 0.6067979335784912]
[0.5393109917640686, 0.5820276141166687, 0.408365398645401, 0.25386008620262146, 0.5508933663368225]
[0.4420481026172638, 0.5503361821174622, 0.4633597731590271, 0.31152233481407166, 0.47288110852241516]
[0.52777099609375, 0.5749369859695435, 0.4504243731498718, 0.274231880903244, 0.5622520446777344]
[0.5597047805786133, 0.5823763012886047, 0.4220447838306427, 0.2807617783546448, 0.5667245984077454]
[0.5653747320175171, 0.5958674550056458, 0.410073459148407, 0.2521335780620575, 0.5308053493499756]
[0.49250760674476624, 0.5696701407432556, 0.4487963020801544, 0.3009844720363617, 0.5027039051055908]
[0.4598020315170288, 0.5903136134147644, 0.4231956899166107, 0.26753297448158264, 0.5157342553138733]
[0.3375685513019562, 0.5544866919517517, 0.48140525817871094, 0.3187791109085083, 0.44560161232948303]
[0.5706337094306946, 0.5931290984153748, 0.3987658619880676, 0.24692225456237793, 0.5834679007530212]
[0.5249385833740234, 0.6034900546073914, 0.4090878367424011, 0.24113377928733826, 0.5610139966011047]
[0.4818664789199829, 0.5963531732559204, 0.4288281798362732, 0.29142236709594727, 0.49313586950302124]
[0.3648553490638733, 0.5481538772583008, 0.4503413736820221, 0.3031957149505615, 0.415959894657135]
[0.6156988739967346, 0.5738140344619751, 0.3685937821865082, 0.22636961936950684, 0.5987876653671265]
[0.527854323387146, 0.5857251286506653, 0.42558375000953674, 0.27191784977912903, 0.5264109373092651]
[0.519125759601593, 0.6032501459121704, 0.4222579300403595, 0.2577754259109497, 0.5466556549072266]
[0.4907926917076111, 0.5637834668159485, 0.4414612948894501, 0.2947947084903717, 0.49108949303627014]
[0.49324002861976624, 0.5731619596481323, 0.42998701333999634, 0.3076328635215759, 0.5202448964118958]
[0.49968817830085754, 0.5935401320457458, 0.4293682277202606, 0.2798408567905426, 0.5319377779960632]
[0.42748379707336426, 0.5507338047027588, 0.46453672647476196, 0.32177478075027466, 0.47003644704818726]
[0.4892306923866272, 0.5720074772834778, 0.43749529123306274, 0.30507010221481323, 0.5109502077102661]
[0.3888055384159088, 0.5490285754203796, 0.495540589094162, 0.360245943069458, 0.4477565586566925]
[0.4903281331062317, 0.5667920112609863, 0.4580305516719818, 0.31310078501701355, 0.49387189745903015]
[0.51423579454422, 0.5868600606918335, 0.4406362771987915, 0.2720864415168762, 0.5207114219665527]
[0.5095946788787842, 0.5544044971466064, 0.44671571254730225, 0.30441591143608093, 0.5274955630302429]
[0.4178171157836914, 0.5533889532089233, 0.4952545762062073, 0.3766201436519623, 0.46709123253822327]
[0.3704476058483124, 0.5635082721710205, 0.44235509634017944, 0.29699432849884033, 0.4384179413318634]
[0.5244597792625427, 0.5673940777778625, 0.42901942133903503, 0.28732484579086304, 0.508772611618042]
[0.4760547876358032, 0.561172366142273, 0.4509691894054413, 0.32225096225738525, 0.47913143038749695]
[0.5698010921478271, 0.5442062616348267, 0.390047162771225, 0.2734675109386444, 0.5564357042312622]
[0.45955798029899597, 0.5605957508087158, 0.45125871896743774, 0.3119511008262634, 0.46328240633010864]
[0.43843716382980347, 0.5501427054405212, 0.4584742486476898, 0.3142523765563965, 0.44327014684677124]
[0.492585688829422, 0.5588617920875549, 0.4540379047393799, 0.30124151706695557, 0.5121258497238159]
[0.48643478751182556, 0.577613115310669, 0.43069469928741455, 0.32108521461486816, 0.5102380514144897]
[0.5070725679397583, 0.5795678496360779, 0.4309682846069336, 0.25872695446014404, 0.538472592830658]
[0.4920424818992615, 0.576848030090332, 0.4221261739730835, 0.28325676918029785, 0.5222646594047546]
[0.4908786118030548, 0.592659592628479, 0.43128323554992676, 0.2604476511478424, 0.518051028251648]
[0.5148751735687256, 0.5520310997962952, 0.4967305064201355, 0.31845614314079285, 0.4879026710987091]
[0.4433416724205017, 0.5597859025001526, 0.45704323053359985, 0.306771457195282, 0.4689556956291199]
[0.42231056094169617, 0.5513637065887451, 0.45588892698287964, 0.3494039475917816, 0.4669637680053711]
[0.5504789352416992, 0.5504522323608398, 0.46797049045562744, 0.3006422519683838, 0.5575739741325378]
[0.4907926917076111, 0.5637834668159485, 0.4414612948894501, 0.2947947084903717, 0.49108949303627014]
[0.5049434900283813, 0.566418468952179, 0.45399582386016846, 0.2921575605869293, 0.5271778702735901]
[0.5070725679397583, 0.5795678496360779, 0.4309682846069336, 0.25872695446014404, 0.538472592830658]
[0.515039324760437, 0.577570915222168, 0.42854437232017517, 0.2780945897102356, 0.5080845355987549]
[0.4442939758300781, 0.5515912771224976, 0.4512956738471985, 0.29978081583976746, 0.4941571354866028]
[0.3375685513019562, 0.5544866919517517, 0.48140525817871094, 0.3187791109085083, 0.44560161232948303]
[0.45100247859954834, 0.5756615996360779, 0.44380664825439453, 0.31650909781455994, 0.4928966462612152]
[0.5054304599761963, 0.5946995615959167, 0.4508069157600403, 0.2788750231266022, 0.5106512308120728]
[0.4760547876358032, 0.561172366142273, 0.4509691894054413, 0.32225096225738525, 0.47913143038749695]
[0.5562946200370789, 0.5641605257987976, 0.44385212659835815, 0.2779926657676697, 0.5596797466278076]
[0.4224350154399872, 0.5765965580940247, 0.4299887716770172, 0.2747103273868561, 0.4951278865337372]
