0
【患癌的哥跑车给妻子筹手术费 每小时需上一次厕所】西安的哥廖师傅患有膀胱癌,才做完手术,妻子又被查出脑部囊肿,手术需要十多万元,家有一对4岁多的龙凤胎,因为经济原因,至今未上幼儿园。为了生活，廖师傅只好出来跑车，但需要一小时上一次厕所，随身装着4家医院就诊卡，方便随时去医院检查。
[0.524865448474884, 0.5265389680862427, 0.5277188420295715, 0.3852658271789551, 0.5390343070030212]
[0.3861103653907776, 0.5626804232597351, 0.42905399203300476, 0.2910979092121124, 0.48848703503608704]
[0.3879997432231903, 0.562133252620697, 0.4752529561519623, 0.3424268066883087, 0.487562358379364]
[0.4696716368198395, 0.5549660325050354, 0.4583151936531067, 0.33449068665504456, 0.5066695213317871]
[0.35272935032844543, 0.57756108045578, 0.4564403295516968, 0.3002152442932129, 0.44867509603500366]
[0.4815526008605957, 0.567184567451477, 0.4573378562927246, 0.3104134500026703, 0.5362163782119751]
[0.3525565266609192, 0.5549966096878052, 0.4557444751262665, 0.29298844933509827, 0.43208077549934387]
[0.549691379070282, 0.5871497988700867, 0.4130420386791229, 0.26551756262779236, 0.5281603336334229]
[0.45415860414505005, 0.5237541794776917, 0.47423213720321655, 0.3745059669017792, 0.5320718288421631]
[0.528118908405304, 0.5852379202842712, 0.43063226342201233, 0.2623966634273529, 0.5555712580680847]
[0.5070725679397583, 0.5795678496360779, 0.4309682846069336, 0.25872695446014404, 0.538472592830658]
[0.4109663963317871, 0.5532652139663696, 0.4547556936740875, 0.343804270029068, 0.4698515832424164]
[0.47849681973457336, 0.5649940371513367, 0.4297610819339752, 0.33066779375076294, 0.49920305609703064]
[0.5044840574264526, 0.5776576995849609, 0.42318227887153625, 0.29169148206710815, 0.5270392894744873]
[0.4708014130592346, 0.5454241633415222, 0.4453037977218628, 0.29288020730018616, 0.48344889283180237]
[0.4935712218284607, 0.5731766819953918, 0.44384709000587463, 0.30370664596557617, 0.5359073877334595]
[0.41783133149147034, 0.5278531312942505, 0.4889206886291504, 0.3620041608810425, 0.47967422008514404]
[0.529106616973877, 0.5676072835922241, 0.4164864122867584, 0.30006518959999084, 0.5462668538093567]
[0.45716890692710876, 0.5507142543792725, 0.457361102104187, 0.3393310308456421, 0.4615616500377655]
[0.5032069087028503, 0.5911697149276733, 0.43466606736183167, 0.2767493426799774, 0.5261245965957642]
[0.45809289813041687, 0.5811005234718323, 0.4312148988246918, 0.28780242800712585, 0.4930453300476074]
[0.5070725679397583, 0.5795678496360779, 0.4309682846069336, 0.25872695446014404, 0.538472592830658]
[0.5023839473724365, 0.5932223200798035, 0.4276137351989746, 0.2864806652069092, 0.542665421962738]
[0.5028036832809448, 0.5585798621177673, 0.4388493001461029, 0.31346678733825684, 0.5220253467559814]
[0.549691379070282, 0.5871497988700867, 0.4130420386791229, 0.26551756262779236, 0.5281603336334229]
[0.4594392478466034, 0.5544245839118958, 0.4576263725757599, 0.34784358739852905, 0.512355387210846]
[0.44768449664115906, 0.550988495349884, 0.478695809841156, 0.38266319036483765, 0.49211713671684265]
[0.49549421668052673, 0.5910966992378235, 0.4120504856109619, 0.2801993787288666, 0.5356463193893433]
[0.502901554107666, 0.5872938632965088, 0.4396991729736328, 0.32460591197013855, 0.5327006578445435]
[0.5155425071716309, 0.5659035444259644, 0.42761412262916565, 0.28888094425201416, 0.5351461172103882]
[0.4271923899650574, 0.5364113450050354, 0.4748610258102417, 0.29298096895217896, 0.5004816055297852]
[0.5211928486824036, 0.5936889052391052, 0.41757306456565857, 0.26708027720451355, 0.5467086434364319]
[0.42744091153144836, 0.5445075631141663, 0.48223432898521423, 0.3661978244781494, 0.4966769814491272]
[0.5314323902130127, 0.576997697353363, 0.46002164483070374, 0.2981645166873932, 0.5259527564048767]
[0.44018933176994324, 0.5673287510871887, 0.45117154717445374, 0.31633827090263367, 0.46863919496536255]
[0.47091495990753174, 0.5695091485977173, 0.43546101450920105, 0.29049211740493774, 0.5120588541030884]
[0.5093181133270264, 0.5851306319236755, 0.3940389156341553, 0.2692682147026062, 0.5388362407684326]
[0.47091495990753174, 0.5695091485977173, 0.43546101450920105, 0.29049211740493774, 0.5120588541030884]
[0.48506423830986023, 0.556948184967041, 0.40807855129241943, 0.23539970815181732, 0.4932359457015991]
