0
很酷啊~
[0.4782562553882599, 0.5661914348602295, 0.43921422958374023, 0.28946617245674133, 0.4809021055698395]
[0.5244597792625427, 0.5673940777778625, 0.42901942133903503, 0.28732484579086304, 0.508772611618042]
[0.4687037169933319, 0.5253677368164062, 0.4878658950328827, 0.34714072942733765, 0.5138719081878662]
[0.535548985004425, 0.5743044018745422, 0.4219232201576233, 0.27131181955337524, 0.5345061421394348]
[0.48818865418434143, 0.5192521214485168, 0.4490794241428375, 0.3080689609050751, 0.5228747129440308]
[0.5376526117324829, 0.5838120579719543, 0.42067351937294006, 0.26630905270576477, 0.5277742743492126]
[0.43885794281959534, 0.5607885122299194, 0.4511062204837799, 0.3151785731315613, 0.48008906841278076]
[0.3375685513019562, 0.5544866919517517, 0.48140525817871094, 0.3187791109085083, 0.44560161232948303]
[0.4782562553882599, 0.5661914348602295, 0.43921422958374023, 0.28946617245674133, 0.4809021055698395]
[0.5422282814979553, 0.5863180160522461, 0.40551844239234924, 0.2753317654132843, 0.556081235408783]
[0.4283972978591919, 0.5460089445114136, 0.4460011422634125, 0.33678963780403137, 0.4658536911010742]
[0.5055230855941772, 0.562621533870697, 0.46726179122924805, 0.3335793912410736, 0.5220504403114319]
[0.45606154203414917, 0.5449287295341492, 0.45678579807281494, 0.30398327112197876, 0.5065948963165283]
[0.6005585789680481, 0.5718914270401001, 0.39949938654899597, 0.2664197087287903, 0.5866341590881348]
[0.3932054042816162, 0.5636022686958313, 0.44635212421417236, 0.2854733169078827, 0.5234687328338623]
[0.6260241866111755, 0.5546552538871765, 0.39577993750572205, 0.24298156797885895, 0.6057634353637695]
[0.4764116108417511, 0.5513488054275513, 0.45545467734336853, 0.30188509821891785, 0.5506391525268555]
[0.4801865816116333, 0.5563100576400757, 0.455166220664978, 0.2876853048801422, 0.47983238101005554]
[0.4462985694408417, 0.5578013062477112, 0.45491287112236023, 0.3116185665130615, 0.4882892370223999]
[0.49370720982551575, 0.5661159753799438, 0.446285218000412, 0.3120608627796173, 0.5020173788070679]
[0.5070725679397583, 0.5795678496360779, 0.4309682846069336, 0.25872695446014404, 0.538472592830658]
[0.3899681568145752, 0.5547342896461487, 0.4387773275375366, 0.279672771692276, 0.4804072380065918]
[0.5358309149742126, 0.5731601715087891, 0.4213635325431824, 0.26548585295677185, 0.5319907665252686]
[0.5206131339073181, 0.5679364800453186, 0.42056572437286377, 0.2856716215610504, 0.5102773308753967]
[0.558176577091217, 0.5837705731391907, 0.4205693006515503, 0.26933491230010986, 0.5672476291656494]
[0.518643319606781, 0.5795661211013794, 0.43667668104171753, 0.2685704827308655, 0.5344675779342651]
[0.45638757944107056, 0.5476841330528259, 0.4803451895713806, 0.3467657268047333, 0.49619609117507935]
[0.4782562553882599, 0.5661914348602295, 0.43921422958374023, 0.28946617245674133, 0.4809021055698395]
[0.46845099329948425, 0.5818281173706055, 0.43812647461891174, 0.2754020094871521, 0.5296434760093689]
[0.535548985004425, 0.5743044018745422, 0.4219232201576233, 0.27131181955337524, 0.5345061421394348]
[0.4594492018222809, 0.5550748705863953, 0.45173370838165283, 0.31027287244796753, 0.4751775562763214]
[0.48233309388160706, 0.5816105008125305, 0.4399698078632355, 0.28070756793022156, 0.5227451920509338]
[0.4859839677810669, 0.5418119430541992, 0.46306633949279785, 0.3542465567588806, 0.5256410241127014]
[0.4782562553882599, 0.5661914348602295, 0.43921422958374023, 0.28946617245674133, 0.4809021055698395]
[0.43024685978889465, 0.578698992729187, 0.4431345462799072, 0.28946736454963684, 0.4722214639186859]
[0.49375295639038086, 0.5783133506774902, 0.45450490713119507, 0.29023781418800354, 0.505050003528595]
[0.518643319606781, 0.5795661211013794, 0.43667668104171753, 0.2685704827308655, 0.5344675779342651]
[0.5244597792625427, 0.5673940777778625, 0.42901942133903503, 0.28732484579086304, 0.508772611618042]
[0.5070725679397583, 0.5795678496360779, 0.4309682846069336, 0.25872695446014404, 0.538472592830658]
[0.42262688279151917, 0.5698922872543335, 0.4632571041584015, 0.28801417350769043, 0.4684532880783081]
[0.535548985004425, 0.5743044018745422, 0.4219232201576233, 0.27131181955337524, 0.5345061421394348]
[0.36576738953590393, 0.5626124739646912, 0.4492742419242859, 0.2773497402667999, 0.4441028833389282]
[0.558176577091217, 0.5837705731391907, 0.4205693006515503, 0.26933491230010986, 0.5672476291656494]
[0.5376526117324829, 0.5838120579719543, 0.42067351937294006, 0.26630905270576477, 0.5277742743492126]
[0.4397260546684265, 0.5343555808067322, 0.4665043354034424, 0.3254443109035492, 0.5075888633728027]
[0.4976154863834381, 0.5512999296188354, 0.44295522570610046, 0.2972576916217804, 0.5266395211219788]
[0.4467407763004303, 0.5616760849952698, 0.46597909927368164, 0.3521731495857239, 0.5004004240036011]
[0.5227295756340027, 0.5522065162658691, 0.41765984892845154, 0.2899816334247589, 0.526658833026886]
[0.5247230529785156, 0.5883183479309082, 0.4137279987335205, 0.262013703584671, 0.540676474571228]
[0.5171387791633606, 0.5282915830612183, 0.46214374899864197, 0.30361083149909973, 0.5137035846710205]
[0.5259029865264893, 0.5729470252990723, 0.4336640238761902, 0.29867833852767944, 0.5089750289916992]
[0.5207218527793884, 0.522172749042511, 0.5100137591362, 0.3972974419593811, 0.5090407133102417]
[0.4782562553882599, 0.5661914348602295, 0.43921422958374023, 0.28946617245674133, 0.4809021055698395]
[0.4907926917076111, 0.5637834668159485, 0.4414612948894501, 0.2947947084903717, 0.49108949303627014]
[0.5070725679397583, 0.5795678496360779, 0.4309682846069336, 0.25872695446014404, 0.538472592830658]
[0.5003665685653687, 0.5769080519676208, 0.425876647233963, 0.29648536443710327, 0.5327290296554565]
[0.558176577091217, 0.5837705731391907, 0.4205693006515503, 0.26933491230010986, 0.5672476291656494]
[0.5700358152389526, 0.5742390155792236, 0.4061282277107239, 0.2692839503288269, 0.5621974468231201]
[0.3375685513019562, 0.5544866919517517, 0.48140525817871094, 0.3187791109085083, 0.44560161232948303]
[0.5070725679397583, 0.5795678496360779, 0.4309682846069336, 0.25872695446014404, 0.538472592830658]
[0.5592018961906433, 0.5822399258613586, 0.4372386634349823, 0.29101628065109253, 0.5641829967498779]
[0.49263519048690796, 0.5456355810165405, 0.46553701162338257, 0.35165590047836304, 0.46439477801322937]
[0.5290175080299377, 0.562446117401123, 0.44220152497291565, 0.29127728939056396, 0.5144070386886597]
