0
【早啊！新闻来了〔2015.12.11〕】①屠呦呦领取“2015年诺贝尔生理学或医学奖” ②2016年部分节假日安排昨发布 ③驾考改革意见稿公布：可自学直考 ④北京积分落户征求意见稿：需北京居住证、不满45岁、在京连续缴纳社保7年以上、符合计生政策、无犯罪记录。
[0.4809917211532593, 0.5095096826553345, 0.5099295377731323, 0.40473422408103943, 0.489862322807312]
[0.4768975079059601, 0.5552892684936523, 0.4399612247943878, 0.2785986065864563, 0.5018929839134216]
[0.49103808403015137, 0.5585989356040955, 0.442922979593277, 0.30503949522972107, 0.48935800790786743]
[0.3525565266609192, 0.5549966096878052, 0.4557444751262665, 0.29298844933509827, 0.43208077549934387]
[0.5096777677536011, 0.5731588006019592, 0.43981650471687317, 0.2620915472507477, 0.5344153642654419]
[0.5599873065948486, 0.555488109588623, 0.4201175570487976, 0.27003389596939087, 0.5568788647651672]
[0.5204337239265442, 0.5457474589347839, 0.4551927149295807, 0.3295765221118927, 0.49092045426368713]
[0.3705429434776306, 0.5514257550239563, 0.4734388291835785, 0.33174100518226624, 0.44370216131210327]
[0.3769237995147705, 0.519997775554657, 0.49132800102233887, 0.3875848054885864, 0.43887051939964294]
[0.42362093925476074, 0.5411044359207153, 0.4994688928127289, 0.3911370635032654, 0.4442138373851776]
[0.5017350912094116, 0.5908915400505066, 0.4304218292236328, 0.26997408270835876, 0.5400294661521912]
[0.4326150715351105, 0.5650705695152283, 0.46862098574638367, 0.30896949768066406, 0.4773936867713928]
[0.45958003401756287, 0.5514125227928162, 0.4646751284599304, 0.3193438649177551, 0.46514469385147095]
[0.5348691344261169, 0.5470023155212402, 0.45527324080467224, 0.30605190992355347, 0.5464295744895935]
[0.5011033415794373, 0.5813018083572388, 0.42800286412239075, 0.2950231432914734, 0.5328858494758606]
[0.5105670094490051, 0.5443496108055115, 0.46564164757728577, 0.32238006591796875, 0.5405874848365784]
[0.4105808138847351, 0.5603485107421875, 0.44273173809051514, 0.30233508348464966, 0.46402281522750854]
[0.48804107308387756, 0.5547863841056824, 0.4482359290122986, 0.28740063309669495, 0.4945773780345917]
[0.5098142623901367, 0.5578203201293945, 0.43224143981933594, 0.3015306890010834, 0.5039018392562866]
[0.5098507404327393, 0.5628030300140381, 0.4289332330226898, 0.2961505949497223, 0.5046905875205994]
[0.5515123009681702, 0.5747506618499756, 0.39645686745643616, 0.2294943779706955, 0.5664718747138977]
[0.49819183349609375, 0.5695810914039612, 0.4092336595058441, 0.28381651639938354, 0.5330636501312256]
[0.49819183349609375, 0.5695810914039612, 0.4092336595058441, 0.28381651639938354, 0.5330636501312256]
[0.5624532103538513, 0.5857880711555481, 0.4174455404281616, 0.27903300523757935, 0.5616295337677002]
[0.5589194893836975, 0.565231204032898, 0.4454571306705475, 0.3132935166358948, 0.5453010201454163]
[0.5672290325164795, 0.5559368133544922, 0.40561115741729736, 0.26863572001457214, 0.5692459940910339]
[0.49441203474998474, 0.5787303447723389, 0.434940367937088, 0.2899707853794098, 0.5204011797904968]
[0.5065065026283264, 0.5601167678833008, 0.45835980772972107, 0.3117418587207794, 0.5151596665382385]
[0.4850984215736389, 0.5608358383178711, 0.4502856433391571, 0.30083778500556946, 0.49791693687438965]
[0.36306875944137573, 0.5451125502586365, 0.43933528661727905, 0.31389331817626953, 0.4269064664840698]
[0.41953474283218384, 0.5294248461723328, 0.47144344449043274, 0.31587737798690796, 0.5041223764419556]
[0.4366905093193054, 0.5496109127998352, 0.4773068130016327, 0.32353371381759644, 0.4723433256149292]
[0.5393202900886536, 0.536213755607605, 0.42257770895957947, 0.28125470876693726, 0.5411074161529541]
[0.5286251306533813, 0.5613724589347839, 0.43196526169776917, 0.27902665734291077, 0.5294429659843445]
[0.38452401757240295, 0.5643736124038696, 0.44324758648872375, 0.2887336015701294, 0.45673415064811707]
[0.5187196731567383, 0.5253586769104004, 0.4527057111263275, 0.34246712923049927, 0.513204038143158]
[0.4610196352005005, 0.5261743068695068, 0.5198255777359009, 0.3982023000717163, 0.5597217082977295]
[0.49819183349609375, 0.5695810914039612, 0.4092336595058441, 0.28381651639938354, 0.5330636501312256]
[0.535548985004425, 0.5743044018745422, 0.4219232201576233, 0.27131181955337524, 0.5345061421394348]
[0.5139025449752808, 0.5597934126853943, 0.418672114610672, 0.29244181513786316, 0.535545289516449]
[0.4722561240196228, 0.5735106468200684, 0.4434077739715576, 0.28922852873802185, 0.494582861661911]
[0.49819183349609375, 0.5695810914039612, 0.4092336595058441, 0.28381651639938354, 0.5330636501312256]
[0.4809917211532593, 0.5095096826553345, 0.5099295377731323, 0.40473422408103943, 0.489862322807312]
[0.49819183349609375, 0.5695810914039612, 0.4092336595058441, 0.28381651639938354, 0.5330636501312256]
[0.5286251306533813, 0.5613724589347839, 0.43196526169776917, 0.27902665734291077, 0.5294429659843445]
[0.5459031462669373, 0.5695953369140625, 0.4266464114189148, 0.25651419162750244, 0.5579753518104553]
[0.5286251306533813, 0.5613724589347839, 0.43196526169776917, 0.27902665734291077, 0.5294429659843445]
[0.48621222376823425, 0.5355724692344666, 0.46749818325042725, 0.3156667947769165, 0.5088829398155212]
[0.511255145072937, 0.5555015802383423, 0.44553065299987793, 0.29960352182388306, 0.5322266817092896]
[0.4853104054927826, 0.567647397518158, 0.4310931861400604, 0.260956346988678, 0.5059984922409058]
[0.4185709059238434, 0.5346246361732483, 0.47675180435180664, 0.32656851410865784, 0.45320847630500793]
[0.3218214809894562, 0.508124589920044, 0.5233469009399414, 0.45248571038246155, 0.4403664767742157]
[0.5204136967658997, 0.5963397026062012, 0.43840348720550537, 0.282304972410202, 0.5432938933372498]
[0.5028990507125854, 0.5529375672340393, 0.41895899176597595, 0.2652040719985962, 0.5164186358451843]
[0.5646728873252869, 0.5456548929214478, 0.4161626100540161, 0.25262901186943054, 0.5878667831420898]
[0.39713144302368164, 0.5407333970069885, 0.47285187244415283, 0.33145684003829956, 0.4670374393463135]
[0.5224592685699463, 0.5671750903129578, 0.4225896894931793, 0.30084553360939026, 0.5409812927246094]
[0.49525177478790283, 0.5929171442985535, 0.41490063071250916, 0.27873751521110535, 0.5271438956260681]
[0.5726455450057983, 0.5663347244262695, 0.4088099002838135, 0.2625228762626648, 0.5701152086257935]
[0.611835241317749, 0.5808649063110352, 0.387240469455719, 0.22794397175312042, 0.5963099598884583]
[0.3664727509021759, 0.554492712020874, 0.4789113998413086, 0.287409245967865, 0.4113079607486725]
[0.4768196642398834, 0.5244737267494202, 0.47970646619796753, 0.32892128825187683, 0.4807167947292328]
[0.49819183349609375, 0.5695810914039612, 0.4092336595058441, 0.28381651639938354, 0.5330636501312256]
[0.45125430822372437, 0.5589517951011658, 0.4216706454753876, 0.289423406124115, 0.4889509081840515]
[0.5419739484786987, 0.5209560990333557, 0.4302937686443329, 0.303594172000885, 0.5187532901763916]
[0.4956289827823639, 0.5783742070198059, 0.4172188341617584, 0.29090356826782227, 0.5155959725379944]
[0.5008574724197388, 0.5477832555770874, 0.4809180796146393, 0.3817705810070038, 0.5386326909065247]
[0.5459031462669373, 0.5695953369140625, 0.4266464114189148, 0.25651419162750244, 0.5579753518104553]
[0.4931969940662384, 0.5654435157775879, 0.4490653872489929, 0.2994946241378784, 0.5353448390960693]
[0.5335111618041992, 0.5842192769050598, 0.4139985740184784, 0.27548661828041077, 0.5322431325912476]
[0.5147938132286072, 0.5278172492980957, 0.4717555344104767, 0.4202999174594879, 0.505257785320282]
[0.4979461431503296, 0.5675379633903503, 0.4251132309436798, 0.2600565552711487, 0.5278528332710266]
[0.4809917211532593, 0.5095096826553345, 0.5099295377731323, 0.40473422408103943, 0.489862322807312]
[0.49979451298713684, 0.5763607025146484, 0.43666985630989075, 0.2804151773452759, 0.5398077964782715]
[0.5740891695022583, 0.5330773591995239, 0.4382612705230713, 0.3264884054660797, 0.5409660339355469]
[0.48141908645629883, 0.565767228603363, 0.44467541575431824, 0.29313433170318604, 0.5089496970176697]
[0.4191974997520447, 0.5368994474411011, 0.46845653653144836, 0.3307464122772217, 0.4639618396759033]
[0.5173624753952026, 0.5643434524536133, 0.4128287434577942, 0.2916669249534607, 0.5341255068778992]
[0.45035240054130554, 0.5423592329025269, 0.4651752710342407, 0.2988859713077545, 0.4992431402206421]
[0.5276496410369873, 0.5483705401420593, 0.4324449598789215, 0.30626609921455383, 0.5297198295593262]
[0.5160284638404846, 0.5781648755073547, 0.43038445711135864, 0.2721957564353943, 0.5469810366630554]
[0.5040035247802734, 0.5719863772392273, 0.43091994524002075, 0.27657848596572876, 0.5261465907096863]
[0.4151289165019989, 0.5305328965187073, 0.5211767554283142, 0.4408129155635834, 0.4403703212738037]
[0.43137526512145996, 0.5350615382194519, 0.48130306601524353, 0.3826908469200134, 0.4831775724887848]
[0.5090259909629822, 0.5588591694831848, 0.4917963743209839, 0.38533854484558105, 0.5267404317855835]
[0.48573440313339233, 0.5355240106582642, 0.476602166891098, 0.34639227390289307, 0.4622799754142761]
[0.53251051902771, 0.5412656664848328, 0.451107382774353, 0.34001147747039795, 0.4962526857852936]
[0.5681452751159668, 0.5409075021743774, 0.4267064332962036, 0.27015209197998047, 0.5674285292625427]
[0.5452263355255127, 0.5654354691505432, 0.39322471618652344, 0.26454421877861023, 0.5497866868972778]
[0.4678567051887512, 0.49209097027778625, 0.527188777923584, 0.4720863401889801, 0.49703720211982727]
[0.48715418577194214, 0.5837914347648621, 0.433095782995224, 0.2874070405960083, 0.5288312435150146]
[0.4444611668586731, 0.5471168160438538, 0.4632522165775299, 0.31373730301856995, 0.47073009610176086]
[0.4408511221408844, 0.537862241268158, 0.4140302836894989, 0.28679510951042175, 0.5011496543884277]
[0.4889099895954132, 0.5535064339637756, 0.4392354488372803, 0.3343003988265991, 0.5276814699172974]
[0.5502835512161255, 0.6049224138259888, 0.42878222465515137, 0.27024897933006287, 0.5535050630569458]
[0.5046963095664978, 0.5596379041671753, 0.43161603808403015, 0.303783655166626, 0.507256805896759]
[0.4738284647464752, 0.5659584403038025, 0.4243317246437073, 0.26364779472351074, 0.5025776028633118]
[0.49470385909080505, 0.5347793698310852, 0.4596221446990967, 0.34368157386779785, 0.4807657301425934]
[0.5331487059593201, 0.5704063773155212, 0.4302963316440582, 0.29280513525009155, 0.5381152033805847]
[0.48611000180244446, 0.5657348036766052, 0.4331112504005432, 0.295034795999527, 0.4825161099433899]
[0.5245945453643799, 0.5616263151168823, 0.4351138174533844, 0.29826629161834717, 0.5507414937019348]
