0
【北京积分落户要来了！戳图帮你解读
[0.5213655233383179, 0.5543243885040283, 0.46749916672706604, 0.3231482207775116, 0.5414499044418335]
[0.4771396815776825, 0.5351157784461975, 0.4814389646053314, 0.32135534286499023, 0.5065581798553467]
[0.47986266016960144, 0.5880082249641418, 0.4293723404407501, 0.2743452191352844, 0.5044422149658203]
[0.538105845451355, 0.5879831314086914, 0.41182050108909607, 0.26826104521751404, 0.5607741475105286]
[0.549691379070282, 0.5871497988700867, 0.4130420386791229, 0.26551756262779236, 0.5281603336334229]
[0.4696716368198395, 0.5549660325050354, 0.4583151936531067, 0.33449068665504456, 0.5066695213317871]
[0.5306529998779297, 0.5442858934402466, 0.4600699841976166, 0.3378000557422638, 0.5309293866157532]
[0.46157678961753845, 0.5586712956428528, 0.45673784613609314, 0.32134073972702026, 0.4789372384548187]
[0.4985477328300476, 0.5931411385536194, 0.4268622398376465, 0.2883148491382599, 0.49974191188812256]
[0.507565438747406, 0.5748849511146545, 0.412036657333374, 0.28096485137939453, 0.5249127745628357]
[0.5444815754890442, 0.5735291838645935, 0.41935214400291443, 0.2644379436969757, 0.5477746725082397]
[0.5173966288566589, 0.582939624786377, 0.40379226207733154, 0.2725667953491211, 0.525690495967865]
[0.477771133184433, 0.5656043291091919, 0.44036269187927246, 0.30735498666763306, 0.5265336036682129]
[0.44095155596733093, 0.5853520631790161, 0.47032976150512695, 0.30679792165756226, 0.5138182640075684]
[0.49213215708732605, 0.5764702558517456, 0.4424733519554138, 0.29548776149749756, 0.5162047743797302]
[0.5443915128707886, 0.5252344608306885, 0.5047154426574707, 0.3751344382762909, 0.5040666460990906]
[0.4460107088088989, 0.5309166312217712, 0.4919905364513397, 0.3500496447086334, 0.4440418779850006]
[0.5443915128707886, 0.5252344608306885, 0.5047154426574707, 0.3751344382762909, 0.5040666460990906]
[0.48379552364349365, 0.5937032699584961, 0.41920071840286255, 0.2830924987792969, 0.4925927221775055]
[0.5044345259666443, 0.5169447064399719, 0.4587273597717285, 0.3306335508823395, 0.5481439828872681]
[0.5001099109649658, 0.5631083250045776, 0.41920775175094604, 0.2896673083305359, 0.5115642547607422]
[0.4729730188846588, 0.5520384907722473, 0.4631634056568146, 0.30932503938674927, 0.48463818430900574]
[0.508948028087616, 0.548906683921814, 0.4662727117538452, 0.33627864718437195, 0.49990811944007874]
[0.43928033113479614, 0.5755216479301453, 0.43812182545661926, 0.28464990854263306, 0.4676651954650879]
[0.5519068241119385, 0.5943263173103333, 0.4175874888896942, 0.2606427073478699, 0.5464260578155518]
[0.5152521133422852, 0.5561631917953491, 0.4600595533847809, 0.30636802315711975, 0.5201992988586426]
[0.5070725679397583, 0.5795678496360779, 0.4309682846069336, 0.25872695446014404, 0.538472592830658]
[0.43988165259361267, 0.5564239025115967, 0.45623329281806946, 0.32448092103004456, 0.4679615795612335]
[0.4927237331867218, 0.5779431462287903, 0.44370758533477783, 0.3015279173851013, 0.5169438719749451]
[0.49369654059410095, 0.5718268156051636, 0.4361584186553955, 0.29269611835479736, 0.5107108354568481]
[0.4432235360145569, 0.5286795496940613, 0.5177220106124878, 0.42265158891677856, 0.44267696142196655]
[0.529556393623352, 0.5958927869796753, 0.4379082918167114, 0.2818983495235443, 0.5458822250366211]
[0.4750541150569916, 0.5620738863945007, 0.43681249022483826, 0.2807321548461914, 0.49554091691970825]
[0.4907926917076111, 0.5637834668159485, 0.4414612948894501, 0.2947947084903717, 0.49108949303627014]
[0.5500189661979675, 0.5002581477165222, 0.46572452783584595, 0.35557371377944946, 0.5476791858673096]
[0.5044693946838379, 0.5454965233802795, 0.4951150715351105, 0.3882211446762085, 0.5502167344093323]
[0.4414184093475342, 0.5530791282653809, 0.511544942855835, 0.4319234788417816, 0.4598231613636017]
[0.5036526918411255, 0.5734043121337891, 0.4157158136367798, 0.28595057129859924, 0.5234889984130859]
[0.5274286866188049, 0.5317490100860596, 0.4933266341686249, 0.40913620591163635, 0.5676459074020386]
[0.48097583651542664, 0.5346572995185852, 0.48521319031715393, 0.3686605393886566, 0.5047179460525513]
[0.4817156493663788, 0.5663133263587952, 0.43108832836151123, 0.27456024289131165, 0.5129333734512329]
[0.5210365653038025, 0.5244539976119995, 0.5088925361633301, 0.3921460509300232, 0.49778398871421814]
[0.3717663288116455, 0.5591752529144287, 0.44442230463027954, 0.2877909243106842, 0.4457230567932129]
[0.5443915128707886, 0.5252344608306885, 0.5047154426574707, 0.3751344382762909, 0.5040666460990906]
[0.5131898522377014, 0.568469762802124, 0.47817757725715637, 0.34271612763404846, 0.5280524492263794]
[0.46868419647216797, 0.5604967474937439, 0.45595067739486694, 0.2981829047203064, 0.507867693901062]
[0.47986266016960144, 0.5880082249641418, 0.4293723404407501, 0.2743452191352844, 0.5044422149658203]
[0.4629162847995758, 0.5454540848731995, 0.4786129593849182, 0.33135733008384705, 0.4655849039554596]
[0.5141795873641968, 0.575660228729248, 0.4271397888660431, 0.2895927131175995, 0.5175042152404785]
