0
【和TA坐在“飞机机顶”看风景，你想试试吗？】飞机顶部装着透明观景罩，罩内设两个座椅，乘客可操纵坐椅转动，毫无遮拦看空中美景…近日，美国一家公司计划设计360度观景罩，可装在商业航班上。设计师表示，观景罩涂有防紫外线材料，能承受飞鸟撞击。
[0.46583813428878784, 0.4887830913066864, 0.5248941779136658, 0.5288574695587158, 0.5055965185165405]
[0.5288543105125427, 0.5798681378364563, 0.42463067173957825, 0.28771716356277466, 0.5276946425437927]
[0.4862656593322754, 0.5824277400970459, 0.4395238161087036, 0.2848324775695801, 0.4701058864593506]
[0.4790160655975342, 0.5821136236190796, 0.4279656708240509, 0.2653542160987854, 0.510708749294281]
[0.4573495090007782, 0.551953136920929, 0.44321930408477783, 0.3103324770927429, 0.4923931062221527]
[0.3664727509021759, 0.554492712020874, 0.4789113998413086, 0.287409245967865, 0.4113079607486725]
[0.4626302719116211, 0.5665801167488098, 0.4444907009601593, 0.3337997496128082, 0.5051836371421814]
[0.5409430265426636, 0.5819573402404785, 0.3991979658603668, 0.25939810276031494, 0.5634042620658875]
[0.47520697116851807, 0.5702818632125854, 0.4573148190975189, 0.28417545557022095, 0.5296764373779297]
[0.4917965829372406, 0.5642513632774353, 0.44473153352737427, 0.292820006608963, 0.504958987236023]
[0.6423520445823669, 0.5208008885383606, 0.45732542872428894, 0.3379642963409424, 0.6156503558158875]
[0.5047333240509033, 0.559288501739502, 0.43860822916030884, 0.34745633602142334, 0.5213128924369812]
[0.5325786471366882, 0.551404595375061, 0.42704522609710693, 0.31463655829429626, 0.5555121302604675]
[0.5129953622817993, 0.5675250887870789, 0.4194665253162384, 0.27090054750442505, 0.5357565879821777]
[0.49175646901130676, 0.5674920678138733, 0.4512200355529785, 0.3031185269355774, 0.530011773109436]
[0.5248547196388245, 0.5818067193031311, 0.44798821210861206, 0.29626330733299255, 0.5329034924507141]
[0.4718875288963318, 0.5508031249046326, 0.47137099504470825, 0.37331539392471313, 0.5094321966171265]
[0.5028897523880005, 0.5584916472434998, 0.48814257979393005, 0.3369601368904114, 0.5255133509635925]
[0.44405266642570496, 0.5731714367866516, 0.4375949800014496, 0.2855999171733856, 0.45827654004096985]
[0.4907926917076111, 0.5637834668159485, 0.4414612948894501, 0.2947947084903717, 0.49108949303627014]
[0.5070725679397583, 0.5795678496360779, 0.4309682846069336, 0.25872695446014404, 0.538472592830658]
[0.48910558223724365, 0.5528604388237, 0.4478052258491516, 0.31241509318351746, 0.5005243420600891]
[0.4818546772003174, 0.5671708583831787, 0.4427948296070099, 0.3154818117618561, 0.5104961395263672]
[0.5047730803489685, 0.585356593132019, 0.45364710688591003, 0.2987165153026581, 0.5033410787582397]
[0.35051628947257996, 0.516331136226654, 0.5310491323471069, 0.5770328640937805, 0.4689198136329651]
[0.5502533316612244, 0.5312448740005493, 0.41978147625923157, 0.28317323327064514, 0.554564893245697]
[0.4437195658683777, 0.542769193649292, 0.49177318811416626, 0.34969231486320496, 0.4945252537727356]
[0.45453011989593506, 0.5474911332130432, 0.47587087750434875, 0.3766991198062897, 0.4651857912540436]
[0.4215777814388275, 0.5405571460723877, 0.478017121553421, 0.3307735025882721, 0.43221747875213623]
[0.4571956396102905, 0.5594044923782349, 0.4546167254447937, 0.3107425570487976, 0.509319543838501]
[0.47973084449768066, 0.5580900311470032, 0.461700975894928, 0.3340088725090027, 0.4822450876235962]
[0.4925554692745209, 0.5520782470703125, 0.4375525116920471, 0.34517133235931396, 0.48907509446144104]
[0.35606318712234497, 0.5487664341926575, 0.4385971426963806, 0.29584017395973206, 0.4273494780063629]
[0.3881273865699768, 0.5533273220062256, 0.5015825629234314, 0.3485783040523529, 0.4544331133365631]
[0.4589671194553375, 0.5629452466964722, 0.4593023955821991, 0.32549580931663513, 0.4792225658893585]
[0.5397468209266663, 0.5379756093025208, 0.4500088691711426, 0.37269067764282227, 0.5781424045562744]
[0.5235273241996765, 0.576693594455719, 0.45741191506385803, 0.31536224484443665, 0.5427312850952148]
[0.4503575265407562, 0.5607290267944336, 0.4796571135520935, 0.31888821721076965, 0.4794563055038452]
[0.35051628947257996, 0.516331136226654, 0.5310491323471069, 0.5770328640937805, 0.4689198136329651]
[0.5403133630752563, 0.5846943259239197, 0.4220694303512573, 0.2573586702346802, 0.559181272983551]
[0.39080706238746643, 0.5486677289009094, 0.458426833152771, 0.3507028818130493, 0.4471742510795593]
[0.5380358099937439, 0.5891263484954834, 0.4211684763431549, 0.2883647680282593, 0.5481542348861694]
[0.3682872951030731, 0.5410106182098389, 0.43682804703712463, 0.29630130529403687, 0.4435845613479614]
[0.49032965302467346, 0.5222800374031067, 0.49178755283355713, 0.40822118520736694, 0.5413437485694885]
[0.38519391417503357, 0.524439811706543, 0.5099288821220398, 0.37834593653678894, 0.4602178931236267]
[0.48776206374168396, 0.5607998371124268, 0.4577111601829529, 0.3132399320602417, 0.510431170463562]
[0.4705124795436859, 0.5551325678825378, 0.453684538602829, 0.36494776606559753, 0.47881001234054565]
[0.42014333605766296, 0.5269136428833008, 0.5490177273750305, 0.5848482847213745, 0.4772969186306]
[0.4912855923175812, 0.557273805141449, 0.44438672065734863, 0.30329397320747375, 0.5003812313079834]
[0.427602082490921, 0.5835238695144653, 0.44905516505241394, 0.2904241979122162, 0.4701935946941376]
[0.505007266998291, 0.5420995354652405, 0.4452733099460602, 0.3304652273654938, 0.46342581510543823]
[0.44457772374153137, 0.5603579878807068, 0.44449475407600403, 0.322788268327713, 0.4508816599845886]
[0.39882683753967285, 0.5545554161071777, 0.4659889340400696, 0.348395437002182, 0.45582354068756104]
[0.49841976165771484, 0.5314082503318787, 0.4765913486480713, 0.39387503266334534, 0.4754486083984375]
[0.4203968048095703, 0.5389724969863892, 0.4746406078338623, 0.3139815628528595, 0.4466574788093567]
[0.537896990776062, 0.5695504546165466, 0.4453555643558502, 0.2643384337425232, 0.5560421943664551]
[0.49833887815475464, 0.5704967975616455, 0.4367559552192688, 0.28923583030700684, 0.5294389724731445]
[0.4414510428905487, 0.5608397126197815, 0.5019742250442505, 0.3898756504058838, 0.5027482509613037]
[0.5174325108528137, 0.5436736941337585, 0.4331689476966858, 0.3190324604511261, 0.5145626664161682]
[0.49103808403015137, 0.5585989356040955, 0.442922979593277, 0.30503949522972107, 0.48935800790786743]
[0.5009031891822815, 0.5734308958053589, 0.43691375851631165, 0.2946012318134308, 0.5369459390640259]
[0.5210219621658325, 0.5772291421890259, 0.40971842408180237, 0.28904590010643005, 0.5375393629074097]
[0.5772049427032471, 0.5632040500640869, 0.40716665983200073, 0.26094281673431396, 0.5755029320716858]
[0.4885081350803375, 0.5603533983230591, 0.4364691972732544, 0.2726174592971802, 0.5120654106140137]
[0.5462360382080078, 0.5881468653678894, 0.4231009781360626, 0.28235965967178345, 0.539649486541748]
[0.4680488705635071, 0.5348371267318726, 0.4636695384979248, 0.37682288885116577, 0.5138100385665894]
[0.41654855012893677, 0.5507293939590454, 0.48024383187294006, 0.3654458522796631, 0.4767440855503082]
[0.4844701290130615, 0.5688748955726624, 0.4643794000148773, 0.31806477904319763, 0.5299002528190613]
[0.45524364709854126, 0.5711641311645508, 0.451096773147583, 0.30058401823043823, 0.485382080078125]
[0.46601602435112, 0.5651649832725525, 0.4377492070198059, 0.2894585430622101, 0.48092910647392273]
[0.548637866973877, 0.5844243764877319, 0.42445018887519836, 0.28499922156333923, 0.5476247072219849]
[0.45409974455833435, 0.5650439858436584, 0.4807722270488739, 0.3117883801460266, 0.5021991729736328]
[0.4272420406341553, 0.5513189435005188, 0.47004008293151855, 0.29294225573539734, 0.4805043935775757]
[0.43843716382980347, 0.5501427054405212, 0.4584742486476898, 0.3142523765563965, 0.44327014684677124]
[0.6466174721717834, 0.5094010829925537, 0.4758235812187195, 0.36132925748825073, 0.6202265620231628]
[0.4296635687351227, 0.5372598171234131, 0.47265979647636414, 0.3310703635215759, 0.43717607855796814]
[0.5143585205078125, 0.564717173576355, 0.4331150949001312, 0.29472923278808594, 0.5204492807388306]
[0.37981942296028137, 0.5452673435211182, 0.4436919093132019, 0.30643612146377563, 0.4452756345272064]
[0.3867298364639282, 0.5404806733131409, 0.4807073175907135, 0.36416900157928467, 0.45917442440986633]
[0.5343645215034485, 0.5836889743804932, 0.43699851632118225, 0.27532532811164856, 0.5514284372329712]
[0.4198165535926819, 0.5333651900291443, 0.4841647744178772, 0.3378124535083771, 0.4794692397117615]
[0.5536283850669861, 0.5586626529693604, 0.43052831292152405, 0.2779258191585541, 0.5252320170402527]
[0.47218817472457886, 0.5846285223960876, 0.42423751950263977, 0.28939783573150635, 0.5324600338935852]
[0.43293359875679016, 0.5351064801216125, 0.4660418629646301, 0.32689133286476135, 0.509446918964386]
[0.5075960755348206, 0.5817013382911682, 0.4349025785923004, 0.2927308678627014, 0.5309297442436218]
[0.45832911133766174, 0.5515236854553223, 0.486756294965744, 0.3113670349121094, 0.4874786138534546]
[0.4102143347263336, 0.5638680458068848, 0.47059890627861023, 0.3213907480239868, 0.4606572985649109]
[0.5302671194076538, 0.558953583240509, 0.44083771109580994, 0.3345327377319336, 0.5127676725387573]
[0.4308888614177704, 0.5742210149765015, 0.4643591046333313, 0.31207364797592163, 0.4898756444454193]
[0.41573527455329895, 0.5406830310821533, 0.4694446623325348, 0.3711346387863159, 0.4856155216693878]
[0.49819183349609375, 0.5695810914039612, 0.4092336595058441, 0.28381651639938354, 0.5330636501312256]
[0.5104408860206604, 0.5461474657058716, 0.4573688805103302, 0.3332471251487732, 0.4947873651981354]
[0.43718966841697693, 0.5325314402580261, 0.47537553310394287, 0.33679813146591187, 0.43117251992225647]
[0.46601828932762146, 0.5568206906318665, 0.46744588017463684, 0.35745492577552795, 0.4920649528503418]
[0.5238845348358154, 0.5835554003715515, 0.41980040073394775, 0.26808688044548035, 0.5550903677940369]
[0.4627414345741272, 0.5524992942810059, 0.4443150758743286, 0.29939213395118713, 0.4819452464580536]
[0.50616055727005, 0.5603001117706299, 0.4795730412006378, 0.3360286355018616, 0.5096480846405029]
[0.48737791180610657, 0.5600602626800537, 0.42704200744628906, 0.298290878534317, 0.5207395553588867]
[0.43254774808883667, 0.5657446384429932, 0.4421130120754242, 0.2710527181625366, 0.4633429944515228]
[0.48796021938323975, 0.5476827025413513, 0.4700358808040619, 0.376628041267395, 0.5138968229293823]
[0.5413395762443542, 0.5641121864318848, 0.40416064858436584, 0.2778570055961609, 0.5620955228805542]
