0
#时局#【于幼军：要让大家自觉拒绝文革】曾经的“政治明星”于幼军，今天在中山大学以一堂“反思文化大革命”开始任教生涯。于幼军称，讲课目的是“不让文革在新时代穿上马甲就粉墨登场”；文革土壤还在，特别是人们还未理性认识情况下，有可能会在一定历史条件下部分重演。详见：
[0.5081839561462402, 0.5591270923614502, 0.4521516263484955, 0.28583571314811707, 0.5164008140563965]
[0.5676972270011902, 0.5931763052940369, 0.40158435702323914, 0.25594791769981384, 0.5570524334907532]
[0.48944708704948425, 0.5560529232025146, 0.4682473838329315, 0.3267090916633606, 0.49435684084892273]
[0.4799154996871948, 0.5179571509361267, 0.484208881855011, 0.33877089619636536, 0.4768502116203308]
[0.5449426174163818, 0.5589048266410828, 0.43836265802383423, 0.2705756425857544, 0.5666112303733826]
[0.5536494851112366, 0.5684286952018738, 0.4264592230319977, 0.28106996417045593, 0.524756133556366]
[0.5315163731575012, 0.5657803416252136, 0.4284696578979492, 0.31630733609199524, 0.546090841293335]
[0.5264579653739929, 0.5556231141090393, 0.46659570932388306, 0.30797111988067627, 0.5383796095848083]
[0.5105782151222229, 0.5567659139633179, 0.43953803181648254, 0.2871841490268707, 0.5221998691558838]
[0.4531807601451874, 0.5452850461006165, 0.434129536151886, 0.33488091826438904, 0.4947381019592285]
[0.4912469685077667, 0.5418516993522644, 0.4682450294494629, 0.3195306658744812, 0.5337837934494019]
[0.5400903820991516, 0.5835076570510864, 0.4344645142555237, 0.26322659850120544, 0.5375416874885559]
[0.5113720297813416, 0.5585201382637024, 0.44195806980133057, 0.3176897168159485, 0.5430131554603577]
[0.4913763999938965, 0.5610425472259521, 0.42452383041381836, 0.3133547306060791, 0.5106047987937927]
[0.5525575876235962, 0.5649757385253906, 0.4257744252681732, 0.2602635324001312, 0.5756314992904663]
[0.5485232472419739, 0.584004282951355, 0.40738821029663086, 0.26312360167503357, 0.5629400014877319]
[0.3621259927749634, 0.5589756369590759, 0.4649541676044464, 0.29092657566070557, 0.4407487213611603]
[0.47471654415130615, 0.5355284810066223, 0.47511836886405945, 0.3526466190814972, 0.50577712059021]
[0.4827505052089691, 0.544983983039856, 0.4421524703502655, 0.3150951564311981, 0.5284234285354614]
[0.41781291365623474, 0.5487940311431885, 0.4568141996860504, 0.3183440864086151, 0.4782387614250183]
[0.46758365631103516, 0.5458866953849792, 0.4545566141605377, 0.34537211060523987, 0.49617597460746765]
[0.446283221244812, 0.5691049695014954, 0.45768314599990845, 0.3031369745731354, 0.49295470118522644]
[0.4707120656967163, 0.5846967697143555, 0.42830777168273926, 0.28697046637535095, 0.5155613422393799]
[0.5445418357849121, 0.5811564922332764, 0.41088759899139404, 0.2732836902141571, 0.5753491520881653]
[0.44791507720947266, 0.5231325030326843, 0.45951128005981445, 0.34326642751693726, 0.5076650381088257]
[0.5594766736030579, 0.5644299983978271, 0.4405640959739685, 0.2754138112068176, 0.5608509182929993]
[0.5546746850013733, 0.5150476098060608, 0.4672594368457794, 0.33453166484832764, 0.5374920964241028]
[0.5280507206916809, 0.5380985736846924, 0.4308367967605591, 0.27822911739349365, 0.5386509299278259]
[0.5016040205955505, 0.5933032035827637, 0.42309677600860596, 0.27372071146965027, 0.5007811784744263]
[0.4825780689716339, 0.5186195373535156, 0.5003771781921387, 0.3936901092529297, 0.49688950181007385]
[0.5778399705886841, 0.5311675667762756, 0.4449828267097473, 0.34563252329826355, 0.5688955783843994]
[0.41457292437553406, 0.5653977394104004, 0.48677268624305725, 0.31027722358703613, 0.4886528551578522]
[0.46120592951774597, 0.5412799119949341, 0.47593048214912415, 0.35690590739250183, 0.5047146677970886]
[0.4262080490589142, 0.5316407680511475, 0.4635855257511139, 0.31380411982536316, 0.44678014516830444]
[0.5182353854179382, 0.5739700794219971, 0.4400132894515991, 0.28847452998161316, 0.5233068466186523]
[0.45727911591529846, 0.5379013419151306, 0.4845721125602722, 0.3947301506996155, 0.49900195002555847]
[0.47923412919044495, 0.5536624789237976, 0.4187955856323242, 0.25111839175224304, 0.5174928903579712]
[0.5342428684234619, 0.5677676200866699, 0.4335622787475586, 0.2936643064022064, 0.5351076722145081]
[0.5173534750938416, 0.5632469654083252, 0.4396679699420929, 0.30900347232818604, 0.5317502617835999]
[0.49819183349609375, 0.5695810914039612, 0.4092336595058441, 0.28381651639938354, 0.5330636501312256]
[0.5207067728042603, 0.5403473377227783, 0.4678037464618683, 0.3621009886264801, 0.5615506172180176]
[0.43709060549736023, 0.5719730854034424, 0.4477214813232422, 0.30109673738479614, 0.48224198818206787]
[0.46103063225746155, 0.5289224982261658, 0.49190977215766907, 0.4020964205265045, 0.5107054710388184]
[0.5435038208961487, 0.5613344311714172, 0.43266761302948, 0.31939658522605896, 0.5630067586898804]
[0.4656625986099243, 0.5585983395576477, 0.4503200948238373, 0.34990420937538147, 0.5113499164581299]
[0.524772047996521, 0.5746674537658691, 0.419360488653183, 0.27480825781822205, 0.5482366681098938]
[0.5008018612861633, 0.5583493113517761, 0.4317404329776764, 0.29640987515449524, 0.5244394540786743]
[0.47245240211486816, 0.5308558344841003, 0.45946937799453735, 0.33396223187446594, 0.5042195916175842]
[0.4718122184276581, 0.5678343772888184, 0.4290526807308197, 0.2860991656780243, 0.46958982944488525]
[0.35908403992652893, 0.5653815865516663, 0.43774640560150146, 0.29879966378211975, 0.45398029685020447]
[0.4748270511627197, 0.560509204864502, 0.4296289384365082, 0.2717577815055847, 0.5239579081535339]
[0.48121726512908936, 0.5792472958564758, 0.4078097641468048, 0.28780633211135864, 0.5319635272026062]
[0.4222889542579651, 0.5634337663650513, 0.5088715553283691, 0.39085352420806885, 0.48335474729537964]
[0.5070725679397583, 0.5795678496360779, 0.4309682846069336, 0.25872695446014404, 0.538472592830658]
[0.47884729504585266, 0.5874108672142029, 0.4470730721950531, 0.3165065348148346, 0.5321295857429504]
[0.5332654714584351, 0.5508099794387817, 0.42158257961273193, 0.31181854009628296, 0.5372700691223145]
[0.5306437015533447, 0.5581009387969971, 0.43934881687164307, 0.30837589502334595, 0.5444038510322571]
[0.5378573536872864, 0.5830695629119873, 0.4044666290283203, 0.26417556405067444, 0.5478849411010742]
[0.49177542328834534, 0.554925262928009, 0.42923787236213684, 0.2933061122894287, 0.5343440175056458]
[0.4657934308052063, 0.5567047595977783, 0.44771066308021545, 0.284685343503952, 0.5062609910964966]
[0.47295942902565, 0.5729781985282898, 0.42599713802337646, 0.2937321066856384, 0.5353173017501831]
[0.5458325147628784, 0.5381039381027222, 0.4702024757862091, 0.3608793318271637, 0.5534899830818176]
[0.43239083886146545, 0.5278335809707642, 0.42993518710136414, 0.2601656913757324, 0.4734695553779602]
[0.5053173303604126, 0.583187997341156, 0.4244604706764221, 0.28486230969429016, 0.5284070372581482]
[0.46261537075042725, 0.5295060873031616, 0.4883994460105896, 0.3561852276325226, 0.4911845028400421]
[0.4380876421928406, 0.4919537305831909, 0.49107626080513, 0.37766027450561523, 0.45166778564453125]
[0.49216073751449585, 0.5587319135665894, 0.42191222310066223, 0.28755226731300354, 0.5194405913352966]
[0.5515933632850647, 0.5565759539604187, 0.4328882098197937, 0.2919161915779114, 0.5642538666725159]
[0.4954206943511963, 0.5574221014976501, 0.42801618576049805, 0.3160359561443329, 0.5266528129577637]
[0.5024839043617249, 0.557581901550293, 0.5037830471992493, 0.3985004425048828, 0.5040388703346252]
[0.503150463104248, 0.5852209329605103, 0.4443729519844055, 0.2888091504573822, 0.5182610154151917]
[0.5178029537200928, 0.5486950874328613, 0.4386429488658905, 0.29431554675102234, 0.5608205795288086]
[0.4923432767391205, 0.5358837246894836, 0.4751920998096466, 0.41664642095565796, 0.4879240095615387]
[0.5369225144386292, 0.5765871405601501, 0.4123571515083313, 0.2672383785247803, 0.5496796369552612]
[0.44650799036026, 0.5293002724647522, 0.4762241244316101, 0.35471999645233154, 0.47204330563545227]
[0.5068984031677246, 0.560297429561615, 0.4303138554096222, 0.29704493284225464, 0.50618577003479]
[0.5036347508430481, 0.5416792631149292, 0.4744575023651123, 0.387093186378479, 0.5233628749847412]
[0.5059736371040344, 0.5860292911529541, 0.4271675944328308, 0.2830113470554352, 0.5356626510620117]
[0.4585583209991455, 0.5348092317581177, 0.4522415101528168, 0.35671254992485046, 0.5011985301971436]
[0.5209574699401855, 0.5341073274612427, 0.45595449209213257, 0.35807734727859497, 0.46959176659584045]
[0.42912352085113525, 0.5484861731529236, 0.46727341413497925, 0.32226595282554626, 0.4604334235191345]
[0.4407760798931122, 0.5178757905960083, 0.5124053955078125, 0.4299373924732208, 0.48135387897491455]
[0.4999852776527405, 0.5864760875701904, 0.4391237497329712, 0.27771151065826416, 0.5435560345649719]
[0.49518874287605286, 0.5775591135025024, 0.4558168053627014, 0.29342854022979736, 0.49843883514404297]
[0.5015624165534973, 0.5688872337341309, 0.4188842475414276, 0.2801361083984375, 0.515988290309906]
[0.5265446305274963, 0.5502703189849854, 0.4580494165420532, 0.34556567668914795, 0.5340647101402283]
[0.46644657850265503, 0.5377008318901062, 0.49679994583129883, 0.4201713800430298, 0.533130407333374]
[0.5871462821960449, 0.5636805295944214, 0.3986414074897766, 0.2818959653377533, 0.5856767892837524]
[0.5209996104240417, 0.5399139523506165, 0.46337082982063293, 0.3277190923690796, 0.533437967300415]
[0.4980469048023224, 0.5311058759689331, 0.49573665857315063, 0.3771648406982422, 0.5379304885864258]
[0.5539906620979309, 0.5824503302574158, 0.40448102355003357, 0.251481294631958, 0.5720704197883606]
[0.5095052123069763, 0.5803685188293457, 0.4361504316329956, 0.3042605221271515, 0.5399895906448364]
[0.5389577746391296, 0.5804769992828369, 0.4154086709022522, 0.25447356700897217, 0.5607092380523682]
[0.48662814497947693, 0.5620431900024414, 0.4378429651260376, 0.2894867956638336, 0.5316172242164612]
[0.49795225262641907, 0.5391021966934204, 0.4445171356201172, 0.30358248949050903, 0.5160049796104431]
[0.5148040056228638, 0.5419960021972656, 0.44851547479629517, 0.34462857246398926, 0.5444144606590271]
[0.3536585867404938, 0.561711847782135, 0.4298149049282074, 0.27608194947242737, 0.44226711988449097]
[0.539425790309906, 0.5559866428375244, 0.42562028765678406, 0.3092513382434845, 0.5471340417861938]
[0.4857707619667053, 0.5491501092910767, 0.4251668453216553, 0.3078383207321167, 0.5463683009147644]
[0.5595498085021973, 0.5719547867774963, 0.39784345030784607, 0.25876206159591675, 0.5490949153900146]
[0.47731083631515503, 0.5615942478179932, 0.47260093688964844, 0.3069964647293091, 0.49707743525505066]
