0
少吃一口能饿死你们是不是
[0.4665590226650238, 0.570357620716095, 0.45957088470458984, 0.302229106426239, 0.532403290271759]
[0.5354865789413452, 0.5888907313346863, 0.41922876238822937, 0.2605830132961273, 0.5253303050994873]
[0.4758692681789398, 0.5671343803405762, 0.4664519131183624, 0.3051452934741974, 0.4674079716205597]
[0.4806828498840332, 0.5152309536933899, 0.4807036817073822, 0.35292986035346985, 0.48313403129577637]
[0.4841338098049164, 0.5823593735694885, 0.4386253356933594, 0.2878948748111725, 0.541381299495697]
[0.43812909722328186, 0.5162134766578674, 0.5228707790374756, 0.4045104682445526, 0.4859257936477661]
[0.5187788605690002, 0.5675569772720337, 0.4244096577167511, 0.27833324670791626, 0.5530674457550049]
[0.4281281530857086, 0.5548912882804871, 0.4705730378627777, 0.3944319486618042, 0.457068532705307]
[0.4758692681789398, 0.5671343803405762, 0.4664519131183624, 0.3051452934741974, 0.4674079716205597]
[0.4466630518436432, 0.5224403738975525, 0.5034255981445312, 0.4286094605922699, 0.5120944976806641]
[0.5658453106880188, 0.5605972409248352, 0.43638545274734497, 0.3068995773792267, 0.550271213054657]
[0.48241353034973145, 0.5756053924560547, 0.45963454246520996, 0.30740660429000854, 0.503563642501831]
[0.4758692681789398, 0.5671343803405762, 0.4664519131183624, 0.3051452934741974, 0.4674079716205597]
[0.5419136881828308, 0.5497937202453613, 0.4254651665687561, 0.2954076826572418, 0.5233614444732666]
[0.46117544174194336, 0.5691561698913574, 0.4624289274215698, 0.33461517095565796, 0.5081347823143005]
[0.4056786894798279, 0.5342201590538025, 0.46867796778678894, 0.34053248167037964, 0.46369242668151855]
[0.5631480813026428, 0.5501726865768433, 0.4082295596599579, 0.2669747471809387, 0.5752142667770386]
[0.4587484300136566, 0.5903054475784302, 0.4469645321369171, 0.2795669734477997, 0.4936022162437439]
[0.48482033610343933, 0.5746405720710754, 0.43926671147346497, 0.266837477684021, 0.4987930655479431]
[0.4386482834815979, 0.5734215378761292, 0.4489072263240814, 0.28367581963539124, 0.49845483899116516]
[0.34187591075897217, 0.5629206299781799, 0.48456886410713196, 0.3269100487232208, 0.44222134351730347]
[0.500871479511261, 0.5542095899581909, 0.4643445312976837, 0.38190340995788574, 0.506815493106842]
[0.4722912609577179, 0.569777250289917, 0.45679908990859985, 0.29501765966415405, 0.5354236960411072]
[0.46550992131233215, 0.5271514654159546, 0.4522334337234497, 0.32149001955986023, 0.4969590902328491]
[0.465851366519928, 0.5430412292480469, 0.45221146941185, 0.30060869455337524, 0.5033767819404602]
[0.5281538367271423, 0.5353148579597473, 0.43043020367622375, 0.3239220976829529, 0.5370252728462219]
[0.5573449730873108, 0.5615794658660889, 0.3862776458263397, 0.27023833990097046, 0.554392397403717]
[0.5412589311599731, 0.5425916314125061, 0.44136640429496765, 0.34609970450401306, 0.5509936213493347]
[0.5645225644111633, 0.5575539469718933, 0.4241807162761688, 0.2788722515106201, 0.5586117506027222]
[0.385852575302124, 0.5593848824501038, 0.45914506912231445, 0.2989233136177063, 0.4251597821712494]
[0.4093517065048218, 0.5214278101921082, 0.48926499485969543, 0.3787171542644501, 0.42519411444664]
[0.5418846607208252, 0.5564476251602173, 0.45217812061309814, 0.33502742648124695, 0.568015992641449]
[0.4435339868068695, 0.5607172846794128, 0.48717182874679565, 0.3447970151901245, 0.5008410215377808]
[0.5141092538833618, 0.5577405095100403, 0.4271296560764313, 0.2675822675228119, 0.5428487658500671]
[0.36873871088027954, 0.5577067732810974, 0.4637368321418762, 0.34275394678115845, 0.4492530822753906]
[0.4579368531703949, 0.5781953930854797, 0.4199630916118622, 0.26361027359962463, 0.5219495296478271]
[0.3562726378440857, 0.5572943091392517, 0.5215679407119751, 0.5106614232063293, 0.46720999479293823]
[0.5281811952590942, 0.5471625328063965, 0.44881802797317505, 0.33629778027534485, 0.5393595695495605]
[0.5022979974746704, 0.5399404168128967, 0.4280540645122528, 0.2714250981807709, 0.5422645211219788]
[0.5621815919876099, 0.5501719117164612, 0.41198354959487915, 0.24947574734687805, 0.5872990489006042]
[0.43709802627563477, 0.553467869758606, 0.46435898542404175, 0.3640514612197876, 0.49661582708358765]
[0.4758692681789398, 0.5671343803405762, 0.4664519131183624, 0.3051452934741974, 0.4674079716205597]
[0.41828498244285583, 0.5125211477279663, 0.548273503780365, 0.44823986291885376, 0.516472339630127]
[0.4686635136604309, 0.567847728729248, 0.47001996636390686, 0.3641415238380432, 0.4923606216907501]
[0.5531848669052124, 0.5408322811126709, 0.4284863770008087, 0.2825181186199188, 0.5850238800048828]
[0.5687031745910645, 0.5605717301368713, 0.4103594720363617, 0.2835416793823242, 0.5585834383964539]
[0.5173444151878357, 0.571181058883667, 0.4474305212497711, 0.3048849403858185, 0.5430138111114502]
[0.49065345525741577, 0.5406920313835144, 0.44980379939079285, 0.32665225863456726, 0.530917763710022]
[0.43383026123046875, 0.5372344851493835, 0.47849977016448975, 0.35636886954307556, 0.5052450299263]
[0.5318049788475037, 0.5167618989944458, 0.4342115819454193, 0.2758004367351532, 0.5632901787757874]
[0.5211307406425476, 0.5333566069602966, 0.47665145993232727, 0.3781050443649292, 0.5589808225631714]
[0.5070725679397583, 0.5795678496360779, 0.4309682846069336, 0.25872695446014404, 0.538472592830658]
[0.489367812871933, 0.5722286105155945, 0.43827784061431885, 0.32470789551734924, 0.4972415268421173]
[0.49802738428115845, 0.5542603135108948, 0.4496033787727356, 0.27959001064300537, 0.5185016393661499]
[0.5540577173233032, 0.549598217010498, 0.42897942662239075, 0.2787116765975952, 0.5879613757133484]
[0.5085415840148926, 0.5810601115226746, 0.42355138063430786, 0.2865818440914154, 0.5433923006057739]
[0.5177318453788757, 0.5702757239341736, 0.43853217363357544, 0.30786874890327454, 0.5247120261192322]
[0.5207826495170593, 0.5809193253517151, 0.4429362714290619, 0.2694888710975647, 0.5698162913322449]
[0.4774859547615051, 0.5396871566772461, 0.4681101143360138, 0.36404949426651, 0.4804026186466217]
[0.4072217345237732, 0.5626280307769775, 0.4695516526699066, 0.3182053565979004, 0.463650107383728]
[0.4496925473213196, 0.5307784676551819, 0.49121108651161194, 0.3289685845375061, 0.48284539580345154]
[0.38305771350860596, 0.5038554072380066, 0.5233609080314636, 0.3962422311306, 0.4803394675254822]
[0.40845468640327454, 0.5414985418319702, 0.4589613974094391, 0.3120711147785187, 0.5310300588607788]
[0.4785380959510803, 0.5253010392189026, 0.49575740098953247, 0.3802928626537323, 0.5249488353729248]
[0.5476422905921936, 0.5857321619987488, 0.41947320103645325, 0.2716083228588104, 0.5592995882034302]
[0.49961382150650024, 0.5611132979393005, 0.42646893858909607, 0.31074586510658264, 0.5119970440864563]
[0.36215832829475403, 0.5390459299087524, 0.5072454214096069, 0.5168470740318298, 0.48326748609542847]
[0.3843967616558075, 0.5117605328559875, 0.5243664979934692, 0.41989320516586304, 0.4169100522994995]
[0.5306528210639954, 0.5686368942260742, 0.3987968862056732, 0.2800326943397522, 0.5364677906036377]
[0.552831768989563, 0.5705199241638184, 0.4315236806869507, 0.2832186222076416, 0.5723429322242737]
[0.5204900503158569, 0.5390650629997253, 0.4410237967967987, 0.3041016459465027, 0.5622618198394775]
[0.3849171996116638, 0.5452326536178589, 0.45037320256233215, 0.29622331261634827, 0.4682571589946747]
[0.5110872387886047, 0.576995849609375, 0.4292078912258148, 0.30265742540359497, 0.5196171402931213]
[0.5491102337837219, 0.5578762888908386, 0.42057132720947266, 0.2960585951805115, 0.5217682719230652]
[0.5084908604621887, 0.5701183676719666, 0.45510804653167725, 0.29337331652641296, 0.5388584136962891]
[0.4184838831424713, 0.5692556500434875, 0.46208155155181885, 0.3171735405921936, 0.47645848989486694]
[0.48733916878700256, 0.5739020109176636, 0.42586496472358704, 0.2761390507221222, 0.4984787106513977]
[0.5152179598808289, 0.588186502456665, 0.4259856343269348, 0.28822317719459534, 0.5470516681671143]
[0.5190403461456299, 0.5660406351089478, 0.42077434062957764, 0.2655907869338989, 0.5569772124290466]
[0.530532717704773, 0.5780148506164551, 0.40697336196899414, 0.2930566072463989, 0.536637008190155]
[0.4747141897678375, 0.5693694353103638, 0.42094725370407104, 0.30793485045433044, 0.49881330132484436]
[0.5155127048492432, 0.5778055191040039, 0.43085336685180664, 0.2727571427822113, 0.5546631813049316]
[0.4032879173755646, 0.5859965682029724, 0.42608368396759033, 0.27519866824150085, 0.48342782258987427]
[0.5400903820991516, 0.5835076570510864, 0.4344645142555237, 0.26322659850120544, 0.5375416874885559]
[0.4735518991947174, 0.5547372698783875, 0.4437752068042755, 0.3088376522064209, 0.4877452850341797]
[0.4532650113105774, 0.5383504629135132, 0.4805242121219635, 0.356954962015152, 0.5237606167793274]
[0.5001047253608704, 0.5409888029098511, 0.4803455173969269, 0.3821831941604614, 0.5159905552864075]
[0.4678642749786377, 0.5620657801628113, 0.439500629901886, 0.3209472894668579, 0.4874867796897888]
[0.4340766668319702, 0.5191894769668579, 0.5062559247016907, 0.3710125684738159, 0.4858894944190979]
[0.49721771478652954, 0.5827137231826782, 0.4362906813621521, 0.278740793466568, 0.541520357131958]
[0.5648844242095947, 0.5653019547462463, 0.4141470491886139, 0.27650943398475647, 0.5845724940299988]
[0.43999621272087097, 0.5696794986724854, 0.43289250135421753, 0.31333744525909424, 0.49602991342544556]
[0.4081976115703583, 0.5191583037376404, 0.46776461601257324, 0.304653525352478, 0.4976750612258911]
[0.5078312754631042, 0.5709218978881836, 0.41029679775238037, 0.3140871524810791, 0.5375495553016663]
[0.5114809274673462, 0.5606956481933594, 0.44854405522346497, 0.2965830862522125, 0.5404251217842102]
[0.4305388927459717, 0.5759690403938293, 0.46474045515060425, 0.3343292474746704, 0.4691241681575775]
[0.46082764863967896, 0.5590635538101196, 0.4475041627883911, 0.32599857449531555, 0.5035287737846375]
[0.5300388932228088, 0.5857486128807068, 0.43177923560142517, 0.29404160380363464, 0.5306034684181213]
[0.5672305226325989, 0.5607932806015015, 0.42096784710884094, 0.2695341110229492, 0.5569201111793518]
[0.48446542024612427, 0.5629196166992188, 0.4750179946422577, 0.3196924924850464, 0.5395193099975586]
[0.4643365144729614, 0.5465515851974487, 0.46980875730514526, 0.3682692050933838, 0.523586094379425]
