0
【大二学生贷款旅游买苹果手机 竟欠款70万！】湖北一大二学生为买苹果6手机、外出旅游，申请网上贷款。随后他拆东墙补西墙，不断贷款还债，最后竟欠下70多万元。催债人员常到学校讨债，他便回老家躲债，不敢回学校。如今其父已帮还了约10万元，其余还待解决。(荆楚网)消费还要量力而行啊！
[0.5236107707023621, 0.5159150958061218, 0.5201759934425354, 0.4196912944316864, 0.5391064882278442]
[0.4691446125507355, 0.5395476818084717, 0.47348496317863464, 0.3794091045856476, 0.4954235255718231]
[0.4962030351161957, 0.5739066004753113, 0.43511950969696045, 0.30925145745277405, 0.5063530206680298]
[0.3627004325389862, 0.5678043365478516, 0.4368642568588257, 0.286086767911911, 0.4681641459465027]
[0.3664727509021759, 0.554492712020874, 0.4789113998413086, 0.287409245967865, 0.4113079607486725]
[0.5055220127105713, 0.5468387603759766, 0.44553378224372864, 0.3053209185600281, 0.5408822894096375]
[0.49579888582229614, 0.5666700601577759, 0.44973474740982056, 0.29444536566734314, 0.5553159117698669]
[0.5231026411056519, 0.5388289093971252, 0.4326196312904358, 0.2716100513935089, 0.5514927506446838]
[0.47976991534233093, 0.5254759192466736, 0.45451968908309937, 0.36687198281288147, 0.5027591586112976]
[0.5056610107421875, 0.5267736911773682, 0.47633346915245056, 0.31276223063468933, 0.5376434326171875]
[0.45632922649383545, 0.5448846817016602, 0.4444633722305298, 0.29242658615112305, 0.49196574091911316]
[0.41783732175827026, 0.5319212675094604, 0.481751412153244, 0.3247784972190857, 0.46422624588012695]
[0.5172128677368164, 0.5733847618103027, 0.42660972476005554, 0.2783794403076172, 0.5622987151145935]
[0.45632922649383545, 0.5448846817016602, 0.4444633722305298, 0.29242658615112305, 0.49196574091911316]
[0.5192645788192749, 0.5576849579811096, 0.434575617313385, 0.28297388553619385, 0.5452292561531067]
[0.5403316617012024, 0.55022794008255, 0.4247210621833801, 0.3131084442138672, 0.5570582747459412]
[0.5120968222618103, 0.6007398962974548, 0.4386822283267975, 0.29431581497192383, 0.5364706516265869]
[0.4007279574871063, 0.508012592792511, 0.5054323077201843, 0.36894357204437256, 0.4907357096672058]
[0.5018792152404785, 0.5610222816467285, 0.43039470911026, 0.2836327850818634, 0.552631139755249]
[0.3666840195655823, 0.5411471724510193, 0.45655557513237, 0.3101813495159149, 0.4676694869995117]
[0.5141702890396118, 0.574151337146759, 0.4412098526954651, 0.2834239900112152, 0.5169320702552795]
[0.4835646152496338, 0.5244381427764893, 0.4767153263092041, 0.34941643476486206, 0.5091409087181091]
[0.5213845372200012, 0.5548757314682007, 0.43120983242988586, 0.296600341796875, 0.5257189869880676]
[0.5589277744293213, 0.5811486840248108, 0.41949230432510376, 0.2604422867298126, 0.5328384637832642]
[0.5685939192771912, 0.5578946471214294, 0.41279536485671997, 0.24852457642555237, 0.5783626437187195]
[0.42311719059944153, 0.5573950409889221, 0.4503830671310425, 0.3300999104976654, 0.48389649391174316]
[0.5347430109977722, 0.5496326088905334, 0.47748151421546936, 0.3072744905948639, 0.5498742461204529]
[0.5724049210548401, 0.5937970280647278, 0.40877828001976013, 0.2482387274503708, 0.572722315788269]
