0
【男子出售家养金刚鹦鹉被判拘役两月】因妻子即将分娩，家养的鹦鹉吵闹，上海80后青年陈某欲将鹦鹉卖掉，没想到因此被判刑。法院以非法出售珍贵、濒危野生动物罪判处陈某拘役二个月，缓刑二个月，罚款五千。法官表示，饲养保护动物不违法，但一般买卖需有特殊资格证。
[0.4869159758090973, 0.5403808951377869, 0.4930928647518158, 0.34548524022102356, 0.5203292965888977]
[0.5032303929328918, 0.5656553506851196, 0.4419681131839752, 0.2963160276412964, 0.546363353729248]
[0.49556270241737366, 0.582379937171936, 0.4359917640686035, 0.3003140389919281, 0.5204976201057434]
[0.5107133388519287, 0.589799702167511, 0.43531540036201477, 0.2832280397415161, 0.5479084849357605]
[0.5058714747428894, 0.5728386640548706, 0.4392925202846527, 0.3025844991207123, 0.5312126874923706]
[0.484683096408844, 0.5652317404747009, 0.4712730348110199, 0.33288899064064026, 0.5295823812484741]
[0.4159158766269684, 0.5305718183517456, 0.5161529183387756, 0.42249542474746704, 0.48072296380996704]
[0.41824135184288025, 0.5711318850517273, 0.44717705249786377, 0.29896941781044006, 0.4475529193878174]
[0.41896188259124756, 0.5537938475608826, 0.45414045453071594, 0.36427798867225647, 0.4492191672325134]
[0.4760008156299591, 0.5490106344223022, 0.47673749923706055, 0.3347882330417633, 0.5238190293312073]
[0.5309129357337952, 0.5674650073051453, 0.4321799576282501, 0.2700977027416229, 0.5306569933891296]
[0.537677526473999, 0.5741827487945557, 0.4120101034641266, 0.2748018503189087, 0.558696985244751]
[0.5051329731941223, 0.5899836421012878, 0.4247754216194153, 0.2757553160190582, 0.5170662999153137]
[0.4804237484931946, 0.5722288489341736, 0.4411149024963379, 0.2891644537448883, 0.5346957445144653]
[0.49450916051864624, 0.5890505909919739, 0.3959486782550812, 0.224612295627594, 0.5313606262207031]
[0.48831549286842346, 0.5572407245635986, 0.4386640191078186, 0.31162142753601074, 0.5286273956298828]
[0.49498093128204346, 0.5525670051574707, 0.45188748836517334, 0.3297977149486542, 0.4810342490673065]
[0.43075263500213623, 0.5090205073356628, 0.5080885887145996, 0.40076082944869995, 0.506566047668457]
[0.5328872203826904, 0.5172861814498901, 0.4683678150177002, 0.3724168539047241, 0.5521555542945862]
[0.48675769567489624, 0.5710332989692688, 0.44197016954421997, 0.28567683696746826, 0.5198097229003906]
[0.3531634211540222, 0.5053580403327942, 0.49549925327301025, 0.399140328168869, 0.42178964614868164]
[0.5070642232894897, 0.5579454898834229, 0.42180338501930237, 0.3002263009548187, 0.5192418694496155]
[0.4278245270252228, 0.558155357837677, 0.4734309911727905, 0.3403669595718384, 0.47337809205055237]
[0.5662714838981628, 0.5534420609474182, 0.4408312439918518, 0.3016514182090759, 0.5669244527816772]
[0.45956334471702576, 0.569435179233551, 0.4390435814857483, 0.2909121513366699, 0.5289289951324463]
[0.5557193756103516, 0.5506774187088013, 0.44390803575515747, 0.3035181164741516, 0.5474904179573059]
[0.49298933148384094, 0.5409598350524902, 0.44679370522499084, 0.330960214138031, 0.5181140899658203]
[0.488689661026001, 0.521234929561615, 0.5076854825019836, 0.389228880405426, 0.503139853477478]
[0.5132971405982971, 0.5514929890632629, 0.4801429510116577, 0.3476925790309906, 0.5705007910728455]
[0.4975878596305847, 0.5702522397041321, 0.4303295314311981, 0.3044402599334717, 0.5204921364784241]
[0.42967069149017334, 0.5202047228813171, 0.5356365442276001, 0.48387405276298523, 0.5041003227233887]
[0.5026492476463318, 0.5735268592834473, 0.432664692401886, 0.27760738134384155, 0.5163842439651489]
[0.46108368039131165, 0.542388916015625, 0.4553530216217041, 0.3324706554412842, 0.5131283402442932]
[0.39580050110816956, 0.5422697067260742, 0.46661877632141113, 0.3361133933067322, 0.4511266350746155]
[0.49496713280677795, 0.5310454368591309, 0.5070810317993164, 0.4171888530254364, 0.5108436942100525]
[0.48462915420532227, 0.5545183420181274, 0.454459011554718, 0.3062380850315094, 0.5049372315406799]
[0.44981417059898376, 0.549796462059021, 0.4561827778816223, 0.34598350524902344, 0.48837941884994507]
[0.4064594507217407, 0.5421340465545654, 0.4774779677391052, 0.3457240164279938, 0.4783411920070648]
[0.5426444411277771, 0.5791650414466858, 0.42073342204093933, 0.27206265926361084, 0.5666550993919373]
[0.4820120632648468, 0.5591444969177246, 0.3958427608013153, 0.2667290270328522, 0.5245697498321533]
[0.4494558572769165, 0.5260022282600403, 0.4981292486190796, 0.3802361786365509, 0.4980715811252594]
[0.5436451435089111, 0.5756751894950867, 0.4425046741962433, 0.2893688976764679, 0.5578064322471619]
[0.46930137276649475, 0.5713368058204651, 0.45762157440185547, 0.3099428415298462, 0.4953429400920868]
[0.5155877470970154, 0.551489531993866, 0.4507615268230438, 0.3472675085067749, 0.5448877215385437]
[0.4410546123981476, 0.5808661580085754, 0.4620831608772278, 0.29177558422088623, 0.49569517374038696]
[0.5431675910949707, 0.5739642381668091, 0.39894554018974304, 0.26175427436828613, 0.5556004047393799]
[0.46836477518081665, 0.5688142776489258, 0.4349639117717743, 0.32792285084724426, 0.48175349831581116]
[0.42441490292549133, 0.5676126480102539, 0.4618966281414032, 0.3119684159755707, 0.45158058404922485]
[0.5170466899871826, 0.5694630146026611, 0.42088067531585693, 0.29847240447998047, 0.5201687216758728]
[0.4607979953289032, 0.5689248442649841, 0.45799586176872253, 0.3131493628025055, 0.5066533088684082]
[0.5155889391899109, 0.5518509149551392, 0.4649661183357239, 0.3436479866504669, 0.5380744934082031]
[0.48279812932014465, 0.5320530533790588, 0.44656550884246826, 0.3161086440086365, 0.5115969777107239]
[0.5311638116836548, 0.5515660643577576, 0.44031479954719543, 0.30872684717178345, 0.5515722036361694]
[0.4873998761177063, 0.5422708988189697, 0.46685725450515747, 0.3382355570793152, 0.5157762765884399]
[0.42981913685798645, 0.5212041735649109, 0.4866432249546051, 0.4156719744205475, 0.49027425050735474]
[0.5591477751731873, 0.5789445638656616, 0.4349534511566162, 0.2723645567893982, 0.5576204061508179]
[0.4696374535560608, 0.5242027044296265, 0.4889920651912689, 0.358834832906723, 0.4972580373287201]
[0.4473710358142853, 0.535942554473877, 0.5096005201339722, 0.38607171177864075, 0.4678850471973419]
[0.5456653237342834, 0.5474731922149658, 0.4487069249153137, 0.3102213144302368, 0.5561070442199707]
[0.5199399590492249, 0.5301944613456726, 0.4532454013824463, 0.3325824737548828, 0.518078625202179]
[0.4943152070045471, 0.5845316648483276, 0.4209986925125122, 0.2827235460281372, 0.5171623229980469]
[0.4810692369937897, 0.5625365376472473, 0.42649391293525696, 0.2742447853088379, 0.5155860185623169]
[0.36410507559776306, 0.5470293164253235, 0.45153966546058655, 0.3018329441547394, 0.4484645426273346]
[0.5126816630363464, 0.5570764541625977, 0.39526352286338806, 0.24219363927841187, 0.5615182518959045]
