0
如果有这样一只猫咪，也想偶尔生生小病呢
[0.4504302740097046, 0.5641977787017822, 0.4500389099121094, 0.29605719447135925, 0.5226422548294067]
[0.5285190343856812, 0.5922791361808777, 0.4121200442314148, 0.259647399187088, 0.5544428825378418]
[0.5375891327857971, 0.5936415195465088, 0.42892560362815857, 0.2769445478916168, 0.5404124855995178]
[0.4514324963092804, 0.5575992465019226, 0.45350131392478943, 0.340752512216568, 0.48385897278785706]
[0.5969030857086182, 0.5768881440162659, 0.3632376790046692, 0.24334244430065155, 0.5871943831443787]
[0.5215280652046204, 0.5835001468658447, 0.4330905079841614, 0.25434887409210205, 0.5140871405601501]
[0.4868954122066498, 0.5860211849212646, 0.4471047520637512, 0.2900431156158447, 0.5052288174629211]
[0.5239933729171753, 0.5800666213035583, 0.4147522449493408, 0.2732464373111725, 0.555548369884491]
[0.48450616002082825, 0.5715315341949463, 0.4478295147418976, 0.28197717666625977, 0.5151435732841492]
[0.49819183349609375, 0.5695810914039612, 0.4092336595058441, 0.28381651639938354, 0.5330636501312256]
[0.4868954122066498, 0.5860211849212646, 0.4471047520637512, 0.2900431156158447, 0.5052288174629211]
[0.46802276372909546, 0.5785555839538574, 0.445696085691452, 0.29950621724128723, 0.4952661991119385]
[0.49821943044662476, 0.5723116397857666, 0.4504260718822479, 0.29203274846076965, 0.5204195976257324]
[0.5191266536712646, 0.5670242309570312, 0.44313061237335205, 0.3023523986339569, 0.5296446681022644]
[0.49300938844680786, 0.5641036033630371, 0.43210116028785706, 0.31143859028816223, 0.4784160256385803]
[0.3772965669631958, 0.5401158332824707, 0.4793715476989746, 0.37631988525390625, 0.47253310680389404]
[0.4187135696411133, 0.5428751111030579, 0.49158281087875366, 0.3540387451648712, 0.4974081814289093]
[0.5487260818481445, 0.5728675723075867, 0.4316689074039459, 0.2548232078552246, 0.5140725374221802]
[0.4617699384689331, 0.5497820377349854, 0.445630818605423, 0.32125240564346313, 0.5052722096443176]
[0.5103911757469177, 0.5734933614730835, 0.4387369453907013, 0.29273954033851624, 0.5430747270584106]
[0.5815691351890564, 0.5786905288696289, 0.3736696243286133, 0.20908884704113007, 0.5984203219413757]
[0.504119336605072, 0.5856064558029175, 0.438995361328125, 0.29016438126564026, 0.5048781037330627]
[0.3969690799713135, 0.5671894550323486, 0.4837733805179596, 0.3464343845844269, 0.4615273177623749]
[0.5577771663665771, 0.5826435089111328, 0.4149152636528015, 0.2615262567996979, 0.5802913904190063]
[0.4368252754211426, 0.5752936005592346, 0.4275752902030945, 0.2810288369655609, 0.4943675696849823]
[0.40861254930496216, 0.5411900877952576, 0.4968062937259674, 0.37945061922073364, 0.4950863718986511]
[0.5404128432273865, 0.5823633670806885, 0.4184034764766693, 0.2794688045978546, 0.539771318435669]
[0.5242968201637268, 0.5782876014709473, 0.42763519287109375, 0.2754747271537781, 0.5379186868667603]
[0.47898992896080017, 0.5697762966156006, 0.43840456008911133, 0.3057592511177063, 0.527718722820282]
[0.4377087354660034, 0.5630442500114441, 0.4509584307670593, 0.33389079570770264, 0.4553782343864441]
[0.5459822416305542, 0.5845889449119568, 0.43245598673820496, 0.29093024134635925, 0.553693950176239]
[0.46944350004196167, 0.5675804615020752, 0.43958473205566406, 0.2980256676673889, 0.5341097712516785]
[0.4878644049167633, 0.5690802335739136, 0.4581103026866913, 0.3113476037979126, 0.5109387636184692]
[0.5323290228843689, 0.5149582028388977, 0.5325470566749573, 0.4762948751449585, 0.5353702306747437]
[0.4741513133049011, 0.5821824073791504, 0.45068442821502686, 0.3027762770652771, 0.529475212097168]
[0.5337201952934265, 0.5771627426147461, 0.4362318813800812, 0.28349441289901733, 0.550607442855835]
[0.5193629860877991, 0.5856478810310364, 0.41173920035362244, 0.282301664352417, 0.5441094636917114]
[0.4907844066619873, 0.5775863528251648, 0.43462011218070984, 0.2805531919002533, 0.5128400921821594]
[0.5373972058296204, 0.5863260626792908, 0.4539313018321991, 0.312624454498291, 0.5551199316978455]
[0.49794697761535645, 0.5695862174034119, 0.42398279905319214, 0.293081134557724, 0.5307551026344299]
[0.4907926917076111, 0.5637834668159485, 0.4414612948894501, 0.2947947084903717, 0.49108949303627014]
[0.4640670716762543, 0.5835214257240295, 0.4554327726364136, 0.2947711646556854, 0.5044122338294983]
[0.5221150517463684, 0.5338390469551086, 0.44495338201522827, 0.2942674458026886, 0.4962286949157715]
[0.48574885725975037, 0.5635086894035339, 0.46143704652786255, 0.2948475182056427, 0.49815261363983154]
[0.5022406578063965, 0.5496131181716919, 0.46275725960731506, 0.33375805616378784, 0.5101969838142395]
[0.5327091217041016, 0.5610910654067993, 0.42646732926368713, 0.2927364706993103, 0.5456463098526001]
[0.5330498814582825, 0.5748647451400757, 0.437799870967865, 0.32569679617881775, 0.5211804509162903]
[0.4868954122066498, 0.5860211849212646, 0.4471047520637512, 0.2900431156158447, 0.5052288174629211]
[0.5231598019599915, 0.5563358068466187, 0.45032086968421936, 0.34361863136291504, 0.48699524998664856]
[0.432839959859848, 0.5461710691452026, 0.46589815616607666, 0.34410032629966736, 0.4996319115161896]
[0.4341028034687042, 0.5414282083511353, 0.46954551339149475, 0.33695220947265625, 0.4741257429122925]
[0.3414990305900574, 0.5098550915718079, 0.5084118247032166, 0.43833014369010925, 0.39844387769699097]
[0.5052263736724854, 0.5796368718147278, 0.44297635555267334, 0.27291905879974365, 0.5455042123794556]
[0.4837853014469147, 0.5878000259399414, 0.4065181612968445, 0.26744332909584045, 0.5540752410888672]
[0.48625755310058594, 0.575827419757843, 0.4362289607524872, 0.2939772605895996, 0.5394638776779175]
[0.4868954122066498, 0.5860211849212646, 0.4471047520637512, 0.2900431156158447, 0.5052288174629211]
[0.5714709162712097, 0.5910302996635437, 0.3961300253868103, 0.2509414255619049, 0.5730666518211365]
[0.5186893343925476, 0.5910400748252869, 0.4100208282470703, 0.27520185708999634, 0.5392073392868042]
[0.5478793382644653, 0.5805118083953857, 0.43396303057670593, 0.26150330901145935, 0.5655118227005005]
[0.576653778553009, 0.5968143343925476, 0.4061068594455719, 0.24836745858192444, 0.5792125463485718]
[0.6015271544456482, 0.5802397131919861, 0.37607330083847046, 0.2506401240825653, 0.5758068561553955]
[0.47023507952690125, 0.5565944910049438, 0.44505318999290466, 0.32629698514938354, 0.4922495186328888]
[0.5186893343925476, 0.5910400748252869, 0.4100208282470703, 0.27520185708999634, 0.5392073392868042]
[0.4547652006149292, 0.5500925779342651, 0.4639938473701477, 0.3313628137111664, 0.5152197480201721]
[0.536991536617279, 0.5868390202522278, 0.4362613558769226, 0.2939158082008362, 0.5392889976501465]
[0.5998942255973816, 0.5709721446037292, 0.379676878452301, 0.2204262912273407, 0.5965550541877747]
[0.4861217439174652, 0.5727096199989319, 0.4579716920852661, 0.30180150270462036, 0.5200119018554688]
[0.44252312183380127, 0.558285117149353, 0.4212797284126282, 0.3013891279697418, 0.5056367516517639]
[0.5221463441848755, 0.5441604256629944, 0.4723545014858246, 0.40939876437187195, 0.5288324356079102]
[0.3910462260246277, 0.5540655851364136, 0.43607231974601746, 0.34238746762275696, 0.45436152815818787]
[0.4609336853027344, 0.5614478588104248, 0.45071062445640564, 0.30552878975868225, 0.5164114832878113]
[0.537142813205719, 0.5913755893707275, 0.4086568057537079, 0.24419356882572174, 0.5427206158638]
[0.4896973669528961, 0.5848391652107239, 0.42812350392341614, 0.2946120500564575, 0.5281652212142944]
[0.5999873280525208, 0.5692301392555237, 0.38094669580459595, 0.22153694927692413, 0.5958720445632935]
[0.5548080801963806, 0.5896785259246826, 0.40466585755348206, 0.26177752017974854, 0.5515515208244324]
[0.5155602097511292, 0.5841091275215149, 0.4385949969291687, 0.29679998755455017, 0.552658200263977]
[0.501069962978363, 0.5779894590377808, 0.43832775950431824, 0.3009600043296814, 0.5117371082305908]
[0.4925827980041504, 0.5624916553497314, 0.44319280982017517, 0.3011448383331299, 0.5318319797515869]
[0.6015271544456482, 0.5802397131919861, 0.37607330083847046, 0.2506401240825653, 0.5758068561553955]
[0.5512261390686035, 0.5829716920852661, 0.4285249412059784, 0.2811618149280548, 0.5435426831245422]
[0.4823903441429138, 0.5677159428596497, 0.43090006709098816, 0.2974517345428467, 0.4842144250869751]
[0.34129443764686584, 0.5377215147018433, 0.48556482791900635, 0.3387254774570465, 0.44205987453460693]
[0.5377079248428345, 0.5843801498413086, 0.42960280179977417, 0.2689482271671295, 0.5528731942176819]
[0.4811256229877472, 0.5404180884361267, 0.4788579046726227, 0.33931830525398254, 0.5184218883514404]
[0.440490186214447, 0.5675835609436035, 0.44248661398887634, 0.3105352520942688, 0.4870922267436981]
[0.494396835565567, 0.5638185739517212, 0.42650458216667175, 0.296255499124527, 0.5147783756256104]
[0.47286221385002136, 0.5613008141517639, 0.43633297085762024, 0.3114590346813202, 0.46861007809638977]
[0.5549736618995667, 0.5779973268508911, 0.4050540626049042, 0.2710505425930023, 0.5617303252220154]
[0.4890413284301758, 0.582175076007843, 0.42450690269470215, 0.28109458088874817, 0.5422784090042114]
[0.5110394358634949, 0.5742622017860413, 0.4382425844669342, 0.2715192139148712, 0.5229822993278503]
[0.4917965829372406, 0.5642513632774353, 0.44473153352737427, 0.292820006608963, 0.504958987236023]
[0.4217289090156555, 0.5584734082221985, 0.4641292095184326, 0.32770243287086487, 0.43959930539131165]
[0.4868954122066498, 0.5860211849212646, 0.4471047520637512, 0.2900431156158447, 0.5052288174629211]
[0.4261602461338043, 0.5778869986534119, 0.4263501465320587, 0.272535502910614, 0.49045300483703613]
[0.45518767833709717, 0.56341552734375, 0.4540099799633026, 0.3285950720310211, 0.5058885812759399]
[0.6015271544456482, 0.5802397131919861, 0.37607330083847046, 0.2506401240825653, 0.5758068561553955]
[0.4431852698326111, 0.5675142407417297, 0.45200246572494507, 0.307974636554718, 0.47098127007484436]
[0.5700865983963013, 0.5757347941398621, 0.4173867404460907, 0.26246604323387146, 0.560339093208313]
[0.4648168981075287, 0.5222621560096741, 0.46902552247047424, 0.3189847469329834, 0.4803648293018341]
[0.6163953542709351, 0.5825340151786804, 0.3838019371032715, 0.25381824374198914, 0.5910815000534058]
[0.5193035006523132, 0.5695798993110657, 0.43931880593299866, 0.29294827580451965, 0.5334421396255493]
