0
【空姐跪地喂老人吃饭 老人感动落泪】12月8日，在郑州飞往海南的航班上，一位河南新乡老人因患有脑梗无法握勺进食，空姐樊雪松跪在老人身边喂他吃饭，老人因感动而泣不成声。网友：若不是心中有大爱，定不会有此景此情。真正的服务不是靠培训和要求，是发自内心的感情。
[0.5412713885307312, 0.5492551922798157, 0.47935888171195984, 0.35637298226356506, 0.5643424391746521]
[0.49819183349609375, 0.5695810914039612, 0.4092336595058441, 0.28381651639938354, 0.5330636501312256]
[0.5330957174301147, 0.5766355395317078, 0.4164668917655945, 0.287569522857666, 0.5489449501037598]
[0.5403584837913513, 0.6054818034172058, 0.41293737292289734, 0.2616277039051056, 0.5447669625282288]
[0.4065072238445282, 0.5687094926834106, 0.46464818716049194, 0.36957600712776184, 0.4656900465488434]
[0.48622411489486694, 0.5865558981895447, 0.4378412663936615, 0.2838546633720398, 0.5317013263702393]
[0.4535861611366272, 0.5705147981643677, 0.4514053463935852, 0.32013678550720215, 0.47606316208839417]
[0.5287474393844604, 0.5783199071884155, 0.4367730915546417, 0.2896159887313843, 0.5639719367027283]
[0.5287474393844604, 0.5783199071884155, 0.4367730915546417, 0.2896159887313843, 0.5639719367027283]
[0.6057384610176086, 0.5804411768913269, 0.39009588956832886, 0.2185729295015335, 0.6100092530250549]
[0.3905176520347595, 0.5217649936676025, 0.49706652760505676, 0.36630043387413025, 0.4607980251312256]
[0.5070725679397583, 0.5795678496360779, 0.4309682846069336, 0.25872695446014404, 0.538472592830658]
[0.5637180209159851, 0.5912163257598877, 0.41188013553619385, 0.2719023823738098, 0.5607869625091553]
[0.4945550858974457, 0.5671306252479553, 0.4200073182582855, 0.2744455933570862, 0.550779402256012]
[0.49819183349609375, 0.5695810914039612, 0.4092336595058441, 0.28381651639938354, 0.5330636501312256]
[0.5616980195045471, 0.5801599621772766, 0.42625993490219116, 0.30690518021583557, 0.5596362948417664]
[0.5400835275650024, 0.5670389533042908, 0.42779508233070374, 0.26997509598731995, 0.5581049919128418]
[0.46561649441719055, 0.5470216870307922, 0.46218714118003845, 0.3421872556209564, 0.5241892337799072]
[0.4484417140483856, 0.5362051725387573, 0.4988402724266052, 0.3799419105052948, 0.496900349855423]
[0.4768761396408081, 0.5348700284957886, 0.4709723889827728, 0.35773706436157227, 0.5140845775604248]
[0.5434210300445557, 0.5857217311859131, 0.419201523065567, 0.2850067615509033, 0.554378867149353]
[0.47993865609169006, 0.5677005052566528, 0.44920170307159424, 0.30870509147644043, 0.5129146575927734]
[0.47948482632637024, 0.5225527882575989, 0.5293813347816467, 0.46726730465888977, 0.5371541976928711]
[0.4818563759326935, 0.536916196346283, 0.46818089485168457, 0.33174774050712585, 0.4843253493309021]
[0.5380155444145203, 0.5613670349121094, 0.4409187436103821, 0.2938113212585449, 0.5463576912879944]
[0.4084676206111908, 0.5266308784484863, 0.47029560804367065, 0.3237576186656952, 0.45898932218551636]
[0.44361308217048645, 0.5614364743232727, 0.463100403547287, 0.3193187117576599, 0.5106589794158936]
[0.49855732917785645, 0.5599374175071716, 0.4519011080265045, 0.3239233195781708, 0.5113170742988586]
[0.5637180209159851, 0.5912163257598877, 0.41188013553619385, 0.2719023823738098, 0.5607869625091553]
[0.5788253545761108, 0.5827204585075378, 0.402067095041275, 0.26767295598983765, 0.5782499313354492]
[0.4993831515312195, 0.5600078105926514, 0.4448782503604889, 0.2964712083339691, 0.5116098523139954]
[0.3001013994216919, 0.5308209657669067, 0.4878719449043274, 0.3924243450164795, 0.4277633726596832]
[0.41910672187805176, 0.5684798955917358, 0.44964781403541565, 0.2809915542602539, 0.47950366139411926]
[0.5295307040214539, 0.5894633531570435, 0.42752864956855774, 0.2752176523208618, 0.5254948139190674]
[0.41402432322502136, 0.5688782334327698, 0.47365209460258484, 0.3452776074409485, 0.4823518991470337]
[0.5338759422302246, 0.5963340401649475, 0.41893982887268066, 0.27215665578842163, 0.5456072092056274]
[0.5238269567489624, 0.5756938457489014, 0.43178462982177734, 0.2660461962223053, 0.530784010887146]
[0.5378639101982117, 0.5938383340835571, 0.42062821984291077, 0.28138846158981323, 0.536357581615448]
[0.5546258091926575, 0.5545898079872131, 0.4190767705440521, 0.2798261344432831, 0.5440221428871155]
[0.4107362627983093, 0.564221203327179, 0.4363790452480316, 0.2916516661643982, 0.464824914932251]
[0.4467702805995941, 0.5533850789070129, 0.4388025104999542, 0.307329922914505, 0.47541072964668274]
[0.3984765112400055, 0.5626145601272583, 0.47210222482681274, 0.31542977690696716, 0.48995697498321533]
[0.5310633778572083, 0.5913262367248535, 0.406970739364624, 0.2608931064605713, 0.5577508211135864]
[0.5097533464431763, 0.5515180826187134, 0.4680967926979065, 0.34323033690452576, 0.4910770654678345]
[0.5205065011978149, 0.5729376673698425, 0.41555055975914, 0.2629026770591736, 0.5427024960517883]
[0.5583892464637756, 0.5943871736526489, 0.4324738085269928, 0.250506192445755, 0.556086003780365]
[0.5151064991950989, 0.5747038125991821, 0.424662321805954, 0.28126558661460876, 0.5288636088371277]
[0.5709816813468933, 0.5832004547119141, 0.41261401772499084, 0.264125794172287, 0.5744618773460388]
[0.5345159769058228, 0.5695018768310547, 0.4401167631149292, 0.26450929045677185, 0.5559332966804504]
[0.5567071437835693, 0.5869251489639282, 0.40505868196487427, 0.2726430892944336, 0.5562142729759216]
[0.5326099991798401, 0.5839213132858276, 0.43389588594436646, 0.2595043182373047, 0.5269123911857605]
[0.47294551134109497, 0.572767972946167, 0.4210173487663269, 0.2818983197212219, 0.5006929039955139]
[0.49494272470474243, 0.5744410753250122, 0.44327467679977417, 0.2799302637577057, 0.500718891620636]
[0.48576781153678894, 0.5696635246276855, 0.442579984664917, 0.2755716145038605, 0.5010226964950562]
[0.48487773537635803, 0.5711027979850769, 0.4663543701171875, 0.31063422560691833, 0.5075333118438721]
[0.5682454109191895, 0.5521966218948364, 0.4246619939804077, 0.3403289318084717, 0.5479409098625183]
[0.5209031701087952, 0.5911254286766052, 0.41069358587265015, 0.2481713593006134, 0.55780029296875]
[0.467113733291626, 0.584761381149292, 0.457031786441803, 0.2978212833404541, 0.48103490471839905]
[0.5287474393844604, 0.5783199071884155, 0.4367730915546417, 0.2896159887313843, 0.5639719367027283]
[0.5356317758560181, 0.5393482446670532, 0.4330771267414093, 0.3063318729400635, 0.5334233641624451]
[0.5185788869857788, 0.5344202518463135, 0.4617016315460205, 0.4151487946510315, 0.5470944046974182]
[0.42497530579566956, 0.5222703218460083, 0.5392327904701233, 0.46436429023742676, 0.4825715124607086]
[0.5322442054748535, 0.5503976941108704, 0.4244949519634247, 0.28039005398750305, 0.5659493803977966]
[0.3607797920703888, 0.5404229164123535, 0.5021210312843323, 0.36386924982070923, 0.4457685053348541]
[0.5658769607543945, 0.5931167602539062, 0.41496381163597107, 0.26315852999687195, 0.5600662231445312]
[0.5581894516944885, 0.5751970410346985, 0.4067859351634979, 0.2636486291885376, 0.5650596022605896]
[0.5712776780128479, 0.5747166275978088, 0.3935285806655884, 0.24612270295619965, 0.5739773511886597]
[0.5290075540542603, 0.5668314695358276, 0.4178623855113983, 0.2802269160747528, 0.5418824553489685]
[0.45827576518058777, 0.5751961469650269, 0.46050024032592773, 0.3007058799266815, 0.5109493732452393]
[0.5658769607543945, 0.5931167602539062, 0.41496381163597107, 0.26315852999687195, 0.5600662231445312]
[0.6055775284767151, 0.5318122506141663, 0.4006847143173218, 0.31330403685569763, 0.5899018049240112]
[0.4762417674064636, 0.5656518340110779, 0.44187650084495544, 0.32716187834739685, 0.47959622740745544]
[0.5065566301345825, 0.5332003831863403, 0.5220120549201965, 0.4494471848011017, 0.5464472770690918]
[0.49351638555526733, 0.5227339267730713, 0.48973196744918823, 0.3881387412548065, 0.5171195864677429]
[0.5916504263877869, 0.5674260854721069, 0.40660911798477173, 0.2333173006772995, 0.5983287692070007]
[0.5601073503494263, 0.5841538906097412, 0.41595691442489624, 0.2499864101409912, 0.5474315881729126]
[0.4771890938282013, 0.5682258605957031, 0.4286314845085144, 0.2972070276737213, 0.5236669778823853]
[0.5485886335372925, 0.5785045027732849, 0.42204785346984863, 0.2920438349246979, 0.54669588804245]
[0.5279715657234192, 0.5711592435836792, 0.4291282594203949, 0.2933182418346405, 0.5415216088294983]
[0.5065202116966248, 0.5603808164596558, 0.43458470702171326, 0.3115789592266083, 0.48890554904937744]
[0.4485265910625458, 0.5467416048049927, 0.4464665949344635, 0.29972681403160095, 0.5178648829460144]
[0.5339323282241821, 0.5656111240386963, 0.40760257840156555, 0.2778836488723755, 0.5262318253517151]
