0
【今天，向这位中国科学家转发祝贺！#屠呦呦获颁诺贝尔奖#】10日，瑞典斯德哥尔摩音乐厅，中国科学家屠呦呦从瑞典国王卡尔十六世•古斯塔夫手中领取诺贝尔生理学或医学奖。这是中国科学家在中国本土进行的科学研究首获诺贝尔科学奖，是中国医学界迄今为止获得的最高奖项。
[0.5034114718437195, 0.5424540638923645, 0.47399458289146423, 0.3275676667690277, 0.4916500449180603]
[0.49235084652900696, 0.5583922863006592, 0.44164448976516724, 0.31233540177345276, 0.491444855928421]
[0.5189719796180725, 0.5803990960121155, 0.42998048663139343, 0.278944194316864, 0.5210678577423096]
[0.4353741407394409, 0.5371701717376709, 0.4599112272262573, 0.3307761549949646, 0.47714754939079285]
[0.581669807434082, 0.5831348896026611, 0.4037224352359772, 0.26269081234931946, 0.5530821681022644]
[0.5307164192199707, 0.5706384778022766, 0.4265562891960144, 0.2922179698944092, 0.5329254865646362]
[0.4894735813140869, 0.5640629529953003, 0.41774874925613403, 0.29017311334609985, 0.5457600355148315]
[0.5233535766601562, 0.5471100211143494, 0.44494006037712097, 0.3728387653827667, 0.5199143290519714]
[0.5307164192199707, 0.5706384778022766, 0.4265562891960144, 0.2922179698944092, 0.5329254865646362]
[0.5397130250930786, 0.5584529042243958, 0.427608847618103, 0.31192490458488464, 0.5473842024803162]
[0.4875902533531189, 0.5795450210571289, 0.4388490319252014, 0.28706642985343933, 0.5308215022087097]
[0.47386637330055237, 0.5573527216911316, 0.46471455693244934, 0.3127118647098541, 0.5120443105697632]
[0.5305348038673401, 0.5698522329330444, 0.42948049306869507, 0.30119064450263977, 0.5362361669540405]
[0.36306875944137573, 0.5451125502586365, 0.43933528661727905, 0.31389331817626953, 0.4269064664840698]
[0.486604779958725, 0.5683810114860535, 0.43849194049835205, 0.28940755128860474, 0.508350670337677]
[0.5583057999610901, 0.5717586278915405, 0.4143036901950836, 0.2855023443698883, 0.5335103869438171]
[0.5305348038673401, 0.5698522329330444, 0.42948049306869507, 0.30119064450263977, 0.5362361669540405]
[0.5303354859352112, 0.5999640822410583, 0.4419780373573303, 0.2911079227924347, 0.5357427000999451]
[0.5454362630844116, 0.5498818159103394, 0.4613243639469147, 0.3007528483867645, 0.5423320531845093]
[0.5634286999702454, 0.5748019218444824, 0.3991415500640869, 0.22498509287834167, 0.5703976154327393]
[0.5282461047172546, 0.5819655060768127, 0.41769134998321533, 0.27068978548049927, 0.5494300127029419]
[0.5647226572036743, 0.5842422246932983, 0.3996996581554413, 0.2608722448348999, 0.54198157787323]
[0.5583057999610901, 0.5717586278915405, 0.4143036901950836, 0.2855023443698883, 0.5335103869438171]
[0.48091283440589905, 0.5477076172828674, 0.47515785694122314, 0.3399151861667633, 0.5017992854118347]
[0.5562946200370789, 0.5641605257987976, 0.44385212659835815, 0.2779926657676697, 0.5596797466278076]
[0.4907926917076111, 0.5637834668159485, 0.4414612948894501, 0.2947947084903717, 0.49108949303627014]
[0.5302942395210266, 0.5589690804481506, 0.4343550205230713, 0.29030942916870117, 0.5499042868614197]
[0.497871071100235, 0.5776516199111938, 0.4322527348995209, 0.26696524024009705, 0.5331919193267822]
[0.4791141152381897, 0.5534674525260925, 0.4523673951625824, 0.31587064266204834, 0.4921489655971527]
[0.497871071100235, 0.5776516199111938, 0.4322527348995209, 0.26696524024009705, 0.5331919193267822]
[0.4361177384853363, 0.5583281517028809, 0.4374110698699951, 0.3046475350856781, 0.4800302982330322]
[0.49488478899002075, 0.587787389755249, 0.43203768134117126, 0.2783534526824951, 0.5315248966217041]
[0.497871071100235, 0.5776516199111938, 0.4322527348995209, 0.26696524024009705, 0.5331919193267822]
[0.5647226572036743, 0.5842422246932983, 0.3996996581554413, 0.2608722448348999, 0.54198157787323]
[0.5400971174240112, 0.5784375667572021, 0.41565829515457153, 0.2679760754108429, 0.5649632215499878]
[0.5383774042129517, 0.5599636435508728, 0.42249688506126404, 0.2930179536342621, 0.5084774494171143]
[0.5852333307266235, 0.5952311754226685, 0.40429332852363586, 0.2525728642940521, 0.5804541110992432]
[0.5647226572036743, 0.5842422246932983, 0.3996996581554413, 0.2608722448348999, 0.54198157787323]
[0.4907926917076111, 0.5637834668159485, 0.4414612948894501, 0.2947947084903717, 0.49108949303627014]
[0.48655182123184204, 0.574356734752655, 0.41142651438713074, 0.2768671214580536, 0.5254155993461609]
[0.42653927206993103, 0.5737385749816895, 0.42159315943717957, 0.2814728021621704, 0.4679858386516571]
[0.5307164192199707, 0.5706384778022766, 0.4265562891960144, 0.2922179698944092, 0.5329254865646362]
[0.49819183349609375, 0.5695810914039612, 0.4092336595058441, 0.28381651639938354, 0.5330636501312256]
[0.5690158605575562, 0.5712710618972778, 0.42421117424964905, 0.2569693922996521, 0.5402647256851196]
[0.49393320083618164, 0.5540688633918762, 0.44412103295326233, 0.3082040846347809, 0.5070896148681641]
[0.5980420112609863, 0.5879966020584106, 0.3637477457523346, 0.24118740856647491, 0.5827935338020325]
[0.4095001816749573, 0.575032114982605, 0.44141799211502075, 0.28873685002326965, 0.46506819128990173]
[0.513424813747406, 0.569465160369873, 0.4321872591972351, 0.2523975968360901, 0.5384913682937622]
[0.5070725679397583, 0.5795678496360779, 0.4309682846069336, 0.25872695446014404, 0.538472592830658]
[0.5128511786460876, 0.5345222353935242, 0.4522433280944824, 0.3575950562953949, 0.5011205673217773]
[0.4956289827823639, 0.5783742070198059, 0.4172188341617584, 0.29090356826782227, 0.5155959725379944]
[0.5034114718437195, 0.5424540638923645, 0.47399458289146423, 0.3275676667690277, 0.4916500449180603]
[0.49235084652900696, 0.5583922863006592, 0.44164448976516724, 0.31233540177345276, 0.491444855928421]
[0.522263765335083, 0.5810328722000122, 0.4339154064655304, 0.28822487592697144, 0.553551435470581]
[0.49819183349609375, 0.5695810914039612, 0.4092336595058441, 0.28381651639938354, 0.5330636501312256]
[0.5143094062805176, 0.5773334503173828, 0.4110173285007477, 0.2531702220439911, 0.5120023488998413]
[0.4940912425518036, 0.5747908353805542, 0.43497559428215027, 0.31081685423851013, 0.5133518576622009]
[0.49235084652900696, 0.5583922863006592, 0.44164448976516724, 0.31233540177345276, 0.491444855928421]
[0.36306875944137573, 0.5451125502586365, 0.43933528661727905, 0.31389331817626953, 0.4269064664840698]
[0.6085948348045349, 0.5752496719360352, 0.3594948947429657, 0.22479084134101868, 0.6027718186378479]
[0.49103808403015137, 0.5585989356040955, 0.442922979593277, 0.30503949522972107, 0.48935800790786743]
[0.5329934358596802, 0.5612233877182007, 0.42757052183151245, 0.2954171597957611, 0.529358446598053]
[0.533689022064209, 0.5369123220443726, 0.4285670220851898, 0.30120500922203064, 0.533113956451416]
[0.5070725679397583, 0.5795678496360779, 0.4309682846069336, 0.25872695446014404, 0.538472592830658]
[0.36306875944137573, 0.5451125502586365, 0.43933528661727905, 0.31389331817626953, 0.4269064664840698]
[0.49235084652900696, 0.5583922863006592, 0.44164448976516724, 0.31233540177345276, 0.491444855928421]
[0.49819183349609375, 0.5695810914039612, 0.4092336595058441, 0.28381651639938354, 0.5330636501312256]
[0.49819183349609375, 0.5695810914039612, 0.4092336595058441, 0.28381651639938354, 0.5330636501312256]
[0.49642443656921387, 0.5878703594207764, 0.42597970366477966, 0.28526294231414795, 0.5203180909156799]
[0.5255106687545776, 0.5913495421409607, 0.4326099455356598, 0.29055190086364746, 0.5341454744338989]
[0.49235084652900696, 0.5583922863006592, 0.44164448976516724, 0.31233540177345276, 0.491444855928421]
[0.49103808403015137, 0.5585989356040955, 0.442922979593277, 0.30503949522972107, 0.48935800790786743]
[0.4014134407043457, 0.5422913432121277, 0.4374910891056061, 0.31278082728385925, 0.4725845456123352]
[0.6055775284767151, 0.5318122506141663, 0.4006847143173218, 0.31330403685569763, 0.5899018049240112]
[0.5647226572036743, 0.5842422246932983, 0.3996996581554413, 0.2608722448348999, 0.54198157787323]
[0.514403760433197, 0.5400187969207764, 0.4592214822769165, 0.32988038659095764, 0.493411123752594]
[0.517781674861908, 0.5730211734771729, 0.4049220383167267, 0.24383072555065155, 0.5380337238311768]
[0.48759421706199646, 0.5692932605743408, 0.4324166476726532, 0.27463048696517944, 0.5167446136474609]
[0.49235084652900696, 0.5583922863006592, 0.44164448976516724, 0.31233540177345276, 0.491444855928421]
[0.6055775284767151, 0.5318122506141663, 0.4006847143173218, 0.31330403685569763, 0.5899018049240112]
[0.5070725679397583, 0.5795678496360779, 0.4309682846069336, 0.25872695446014404, 0.538472592830658]
[0.46523913741111755, 0.5903803706169128, 0.4329030215740204, 0.28383171558380127, 0.5030457973480225]
[0.5197662711143494, 0.5740252137184143, 0.4207373857498169, 0.26894375681877136, 0.5410974621772766]
[0.5070725679397583, 0.5795678496360779, 0.4309682846069336, 0.25872695446014404, 0.538472592830658]
[0.4907926917076111, 0.5637834668159485, 0.4414612948894501, 0.2947947084903717, 0.49108949303627014]
[0.48164981603622437, 0.5859277248382568, 0.44360077381134033, 0.28668296337127686, 0.5047276616096497]
[0.5219821333885193, 0.5832273960113525, 0.43071451783180237, 0.30034974217414856, 0.5422114729881287]
[0.4754151999950409, 0.5819849967956543, 0.4545232355594635, 0.30053019523620605, 0.5260754227638245]
[0.5169416069984436, 0.5578816533088684, 0.4212583601474762, 0.27439481019973755, 0.536655604839325]
[0.49819183349609375, 0.5695810914039612, 0.4092336595058441, 0.28381651639938354, 0.5330636501312256]
[0.4945526421070099, 0.5599797964096069, 0.4526298940181732, 0.31200534105300903, 0.5103338360786438]
[0.49235084652900696, 0.5583922863006592, 0.44164448976516724, 0.31233540177345276, 0.491444855928421]
[0.4907926917076111, 0.5637834668159485, 0.4414612948894501, 0.2947947084903717, 0.49108949303627014]
[0.49103808403015137, 0.5585989356040955, 0.442922979593277, 0.30503949522972107, 0.48935800790786743]
[0.5852333307266235, 0.5952311754226685, 0.40429332852363586, 0.2525728642940521, 0.5804541110992432]
[0.5476664304733276, 0.5874938368797302, 0.42424875497817993, 0.2780569791793823, 0.5496588945388794]
[0.5606150031089783, 0.5715495944023132, 0.4160521328449249, 0.2904495298862457, 0.5325832366943359]
[0.5756714344024658, 0.5849572420120239, 0.41363781690597534, 0.27317771315574646, 0.5806744694709778]
[0.45955798029899597, 0.5605957508087158, 0.45125871896743774, 0.3119511008262634, 0.46328240633010864]
[0.5104029178619385, 0.553199052810669, 0.4434390664100647, 0.2928668260574341, 0.5244907140731812]
[0.5070725679397583, 0.5795678496360779, 0.4309682846069336, 0.25872695446014404, 0.538472592830658]
