0
#热点#【复旦投毒案尘埃落定 律师请最高检紧急干预】“时间紧迫，上午10点多，我已经给最高检死刑复核检察厅传真了请求信，请求对林森浩死刑核准进行紧急干预”，林森浩的代理律师告诉《新闻极客》，并称林父对这个结果“泣不成声”。 （新浪新闻出品）
[0.5140724182128906, 0.49019888043403625, 0.5132736563682556, 0.4493507742881775, 0.5365215539932251]
[0.49355563521385193, 0.5871837735176086, 0.42854171991348267, 0.2740713953971863, 0.5401597619056702]
[0.46770045161247253, 0.5868669748306274, 0.4535228908061981, 0.2921343147754669, 0.5122005343437195]
[0.4341855049133301, 0.528862714767456, 0.49875640869140625, 0.3619692325592041, 0.4347066581249237]
[0.47327888011932373, 0.567543089389801, 0.46109768748283386, 0.3152942657470703, 0.5344704389572144]
[0.5494113564491272, 0.5787477493286133, 0.44016867876052856, 0.28242775797843933, 0.5704928636550903]
[0.49127447605133057, 0.5680668354034424, 0.43031397461891174, 0.2854500710964203, 0.516825258731842]
[0.47494372725486755, 0.544376790523529, 0.4713914096355438, 0.3206578195095062, 0.48931893706321716]
[0.4742676019668579, 0.5608479976654053, 0.42681989073753357, 0.28199055790901184, 0.5302185416221619]
[0.5111238956451416, 0.5745869278907776, 0.4229639172554016, 0.2750888466835022, 0.5395934581756592]
[0.44693922996520996, 0.5408304929733276, 0.44379115104675293, 0.31701740622520447, 0.4893565773963928]
[0.4743753969669342, 0.5633290410041809, 0.431976854801178, 0.304931640625, 0.5131500959396362]
[0.5413649082183838, 0.5883083343505859, 0.41706863045692444, 0.2550906538963318, 0.5458173751831055]
[0.5021343231201172, 0.5323106646537781, 0.47232526540756226, 0.3571572005748749, 0.4882029592990875]
[0.4741385877132416, 0.5283235907554626, 0.46447819471359253, 0.356701135635376, 0.5292567014694214]
[0.43479716777801514, 0.5530274510383606, 0.4481979012489319, 0.3206990957260132, 0.4708266258239746]
[0.5552383661270142, 0.5594775080680847, 0.4206145107746124, 0.2515639066696167, 0.5419234037399292]
[0.4794671833515167, 0.5426504611968994, 0.4883047044277191, 0.3571990430355072, 0.5172492861747742]
[0.4639146029949188, 0.5555030107498169, 0.4436652660369873, 0.309455931186676, 0.4851667582988739]
[0.4874196946620941, 0.5830766558647156, 0.425031453371048, 0.28136545419692993, 0.5225003957748413]
[0.49127447605133057, 0.5680668354034424, 0.43031397461891174, 0.2854500710964203, 0.516825258731842]
[0.5056158304214478, 0.5821760296821594, 0.43192869424819946, 0.27420365810394287, 0.5395781397819519]
[0.4728816747665405, 0.588813304901123, 0.431430459022522, 0.2799324691295624, 0.5383033752441406]
[0.5214826464653015, 0.5686870217323303, 0.44118255376815796, 0.2926277816295624, 0.5614609718322754]
[0.5020206570625305, 0.5560892224311829, 0.4721345901489258, 0.327116996049881, 0.5319857001304626]
[0.5164325833320618, 0.5786769986152649, 0.4310172498226166, 0.2706828713417053, 0.5409396290779114]
[0.5385884642601013, 0.5621033906936646, 0.42136743664741516, 0.2889164984226227, 0.5428555011749268]
[0.5640375018119812, 0.5814187526702881, 0.42738842964172363, 0.2771591246128082, 0.5822323560714722]
[0.5255765318870544, 0.5519838333129883, 0.41456514596939087, 0.2735345959663391, 0.5424551963806152]
[0.46695467829704285, 0.5211943984031677, 0.4669736325740814, 0.3710035979747772, 0.4925038814544678]
[0.5653793215751648, 0.582434892654419, 0.39132294058799744, 0.2585252821445465, 0.5461805462837219]
[0.4618045687675476, 0.5693085789680481, 0.46940767765045166, 0.3004964590072632, 0.5024877786636353]
[0.5604419112205505, 0.5540498495101929, 0.4145715534687042, 0.30104169249534607, 0.5520368814468384]
[0.5723118782043457, 0.5608069896697998, 0.38416630029678345, 0.24932460486888885, 0.5906672477722168]
[0.48379552364349365, 0.5937032699584961, 0.41920071840286255, 0.2830924987792969, 0.4925927221775055]
[0.49562138319015503, 0.5399088263511658, 0.4449310898780823, 0.3415118455886841, 0.5206966400146484]
[0.5452276468276978, 0.5647580623626709, 0.43898993730545044, 0.2937755286693573, 0.5660223364830017]
[0.4885874092578888, 0.5825867056846619, 0.4393543303012848, 0.29129329323768616, 0.518079400062561]
[0.49127447605133057, 0.5680668354034424, 0.43031397461891174, 0.2854500710964203, 0.516825258731842]
[0.5070074200630188, 0.5477729439735413, 0.4648389220237732, 0.3252319097518921, 0.4851294457912445]
[0.5243217349052429, 0.562504768371582, 0.42130327224731445, 0.31634053587913513, 0.5156232118606567]
[0.5090343356132507, 0.5876204967498779, 0.4567364454269409, 0.3060609698295593, 0.5354201793670654]
[0.5637563467025757, 0.5613551139831543, 0.43924960494041443, 0.3108840584754944, 0.561357319355011]
[0.47390609979629517, 0.530784547328949, 0.48109516501426697, 0.3484615683555603, 0.49528083205223083]
[0.4850703179836273, 0.5385980606079102, 0.5184302926063538, 0.4095504879951477, 0.5688402056694031]
[0.5114597678184509, 0.5559545159339905, 0.4167564809322357, 0.3000379204750061, 0.5301141142845154]
[0.4703595042228699, 0.5347556471824646, 0.4593227207660675, 0.3588441014289856, 0.48102134466171265]
[0.443673700094223, 0.5758941173553467, 0.4643001854419708, 0.30370327830314636, 0.4978589117527008]
[0.4932473301887512, 0.548822283744812, 0.4265265166759491, 0.29636096954345703, 0.5202693343162537]
[0.5180478096008301, 0.5855328440666199, 0.4372657835483551, 0.3029671311378479, 0.5250696539878845]
[0.5131604075431824, 0.5322383642196655, 0.48825007677078247, 0.377414345741272, 0.5484223961830139]
[0.5078946352005005, 0.5163869261741638, 0.5132215023040771, 0.4592452645301819, 0.5668049454689026]
[0.5305546522140503, 0.5643180012702942, 0.3788711130619049, 0.24965760111808777, 0.5593594908714294]
[0.5210452675819397, 0.5141158699989319, 0.46682319045066833, 0.3521858751773834, 0.5290327668190002]
[0.5182415246963501, 0.5693135857582092, 0.4289509356021881, 0.2760014832019806, 0.5281199812889099]
[0.5150012969970703, 0.5699043273925781, 0.4424579441547394, 0.30351561307907104, 0.5647146701812744]
[0.46367356181144714, 0.5625674724578857, 0.42812493443489075, 0.31403854489326477, 0.47625604271888733]
[0.4768145680427551, 0.5453717112541199, 0.45794743299484253, 0.31831303238868713, 0.5413697957992554]
[0.5855134725570679, 0.5531262755393982, 0.41042113304138184, 0.2585459351539612, 0.5338493585586548]
[0.4992647171020508, 0.5660901665687561, 0.4335510730743408, 0.31052201986312866, 0.5350936055183411]
[0.5069167017936707, 0.5566192865371704, 0.43620508909225464, 0.28758344054222107, 0.5354333519935608]
[0.5398126244544983, 0.6010387539863586, 0.4368356466293335, 0.27725082635879517, 0.5545090436935425]
[0.5290036797523499, 0.5454478859901428, 0.46450525522232056, 0.34392547607421875, 0.559304416179657]
[0.510852575302124, 0.5787134766578674, 0.4246101379394531, 0.31507566571235657, 0.5077523589134216]
[0.46871012449264526, 0.5081183314323425, 0.4827018976211548, 0.4054224491119385, 0.4806770086288452]
[0.4872766137123108, 0.549225926399231, 0.4801465570926666, 0.33012497425079346, 0.5108644366264343]
[0.46209973096847534, 0.560062825679779, 0.42035165429115295, 0.27489611506462097, 0.4754510223865509]
[0.5135250687599182, 0.5576764345169067, 0.41831883788108826, 0.30095672607421875, 0.5259227752685547]
[0.5723925232887268, 0.5575302243232727, 0.40823352336883545, 0.28323355317115784, 0.5776765942573547]
[0.49017563462257385, 0.51675945520401, 0.5037176012992859, 0.4084613621234894, 0.5311196446418762]
[0.5788997411727905, 0.56552654504776, 0.4126206040382385, 0.26398786902427673, 0.5713757276535034]
[0.5077023506164551, 0.5373238921165466, 0.47322019934654236, 0.3665190637111664, 0.5303051471710205]
[0.5292158722877502, 0.5742914080619812, 0.44037458300590515, 0.3242301940917969, 0.561691403388977]
[0.5093024969100952, 0.5427922010421753, 0.49269962310791016, 0.341909259557724, 0.534538745880127]
[0.4955190420150757, 0.571846604347229, 0.4253850281238556, 0.27486878633499146, 0.5421381592750549]
[0.5540282130241394, 0.5592984557151794, 0.38474828004837036, 0.26094138622283936, 0.5598606467247009]
[0.48372411727905273, 0.5549565553665161, 0.4639306664466858, 0.32296350598335266, 0.5402287840843201]
[0.5144656896591187, 0.588423490524292, 0.4155893623828888, 0.26865309476852417, 0.5674765706062317]
[0.5524062514305115, 0.5756269097328186, 0.42881256341934204, 0.25534507632255554, 0.5589537620544434]
[0.4718421399593353, 0.5446375608444214, 0.48037752509117126, 0.3504177927970886, 0.5192939639091492]
[0.5001534819602966, 0.5808469653129578, 0.4304550290107727, 0.2733028829097748, 0.5087258815765381]
[0.5552383661270142, 0.5594775080680847, 0.4206145107746124, 0.2515639066696167, 0.5419234037399292]
[0.48864227533340454, 0.5563660264015198, 0.46460193395614624, 0.306339293718338, 0.529952883720398]
[0.5070364475250244, 0.5707501173019409, 0.43669503927230835, 0.3230188488960266, 0.5044260025024414]
[0.5057205557823181, 0.5403529405593872, 0.48418742418289185, 0.4047660529613495, 0.549782931804657]
[0.47983258962631226, 0.5246369242668152, 0.5185292959213257, 0.4675266444683075, 0.5389378666877747]
[0.4661761224269867, 0.5710002183914185, 0.4402356743812561, 0.31029462814331055, 0.5075069665908813]
[0.42637085914611816, 0.5487274527549744, 0.45775192975997925, 0.31887540221214294, 0.4811907410621643]
[0.5178956389427185, 0.5665945410728455, 0.42532429099082947, 0.26457273960113525, 0.5153577923774719]
[0.4726892411708832, 0.5478785634040833, 0.4328348636627197, 0.3005177080631256, 0.5054253339767456]
[0.5274901390075684, 0.5353888273239136, 0.4311954081058502, 0.2790314257144928, 0.5962297916412354]
[0.4504237771034241, 0.5477737784385681, 0.46512171626091003, 0.32600128650665283, 0.46708980202674866]
[0.48549938201904297, 0.5540997385978699, 0.4608049690723419, 0.3562421202659607, 0.5256370306015015]
[0.5461251139640808, 0.5055806040763855, 0.4830925166606903, 0.3797454833984375, 0.5455418825149536]
[0.49361419677734375, 0.5621987581253052, 0.42895665764808655, 0.2839183509349823, 0.5332304835319519]
[0.5229496955871582, 0.5429812669754028, 0.46381956338882446, 0.33059701323509216, 0.552667498588562]
[0.5272666215896606, 0.5555387735366821, 0.4583158493041992, 0.29495471715927124, 0.5387167930603027]
[0.4649827480316162, 0.5120651125907898, 0.5022399425506592, 0.45020031929016113, 0.5042725801467896]
[0.49787575006484985, 0.551672101020813, 0.43423521518707275, 0.2901446521282196, 0.5282164812088013]
[0.4689674377441406, 0.5318346619606018, 0.5073347687721252, 0.43899381160736084, 0.4977077841758728]
[0.501261293888092, 0.5522855520248413, 0.4621276557445526, 0.3149928152561188, 0.540677547454834]
