0
别惹我，我会分身
[0.47935813665390015, 0.5578838586807251, 0.4692840278148651, 0.3341485559940338, 0.5066470503807068]
[0.5595993399620056, 0.5375957489013672, 0.43550390005111694, 0.28276652097702026, 0.5396643280982971]
[0.45955798029899597, 0.5605957508087158, 0.45125871896743774, 0.3119511008262634, 0.46328240633010864]
[0.4538016617298126, 0.5682060122489929, 0.45341023802757263, 0.34755751490592957, 0.5177791714668274]
[0.5984643697738647, 0.5956051349639893, 0.38453781604766846, 0.2351977527141571, 0.5904716849327087]
[0.4980964660644531, 0.5613034963607788, 0.4243655502796173, 0.29546990990638733, 0.4966678023338318]
[0.5323103666305542, 0.5852787494659424, 0.4276435375213623, 0.27974560856819153, 0.5212849974632263]
[0.43426254391670227, 0.5812171101570129, 0.43480953574180603, 0.28240838646888733, 0.47765424847602844]
[0.4572239816188812, 0.5416060090065002, 0.4900674521923065, 0.3664001226425171, 0.4860909581184387]
[0.5553296208381653, 0.6079084873199463, 0.41719478368759155, 0.26644259691238403, 0.5579479336738586]
[0.3375685513019562, 0.5544866919517517, 0.48140525817871094, 0.3187791109085083, 0.44560161232948303]
[0.4120343029499054, 0.5586985349655151, 0.4860113263130188, 0.32629644870758057, 0.45099005103111267]
[0.4760547876358032, 0.561172366142273, 0.4509691894054413, 0.32225096225738525, 0.47913143038749695]
[0.5143153667449951, 0.582084059715271, 0.414163738489151, 0.2875919044017792, 0.5433189868927002]
[0.4699472486972809, 0.5609628558158875, 0.4256085455417633, 0.29857337474823, 0.4752029776573181]
[0.4760547876358032, 0.561172366142273, 0.4509691894054413, 0.32225096225738525, 0.47913143038749695]
[0.4719398319721222, 0.5736197233200073, 0.4364778399467468, 0.2864826023578644, 0.48804327845573425]
[0.5428281426429749, 0.574926495552063, 0.4203442335128784, 0.2713831067085266, 0.5595605373382568]
[0.6183397769927979, 0.5070798397064209, 0.45960673689842224, 0.35193923115730286, 0.6162483096122742]
[0.5643336176872253, 0.598152756690979, 0.42296716570854187, 0.26225802302360535, 0.5468106865882874]
[0.49819183349609375, 0.5695810914039612, 0.4092336595058441, 0.28381651639938354, 0.5330636501312256]
[0.5900194048881531, 0.5327230095863342, 0.41676560044288635, 0.2969897389411926, 0.5675013661384583]
[0.49593350291252136, 0.5773541927337646, 0.42774903774261475, 0.2847349941730499, 0.5246463418006897]
[0.47935813665390015, 0.5578838586807251, 0.4692840278148651, 0.3341485559940338, 0.5066470503807068]
[0.5422282814979553, 0.5863180160522461, 0.40551844239234924, 0.2753317654132843, 0.556081235408783]
[0.49819183349609375, 0.5695810914039612, 0.4092336595058441, 0.28381651639938354, 0.5330636501312256]
