0
#万象#【39名临时工铁总门前下跪：盛总为我们做主】昨早，39名铁路一线员工手举“盛总为我们做主”的标语，围聚在中国铁路总公司门口维权，要求同工同酬。这些维权职工在西安铁路局工作已经20多年，一直是临时工，工资停滞在十多年前水平，而且正进行劳动合同重签，担心被辞退。
[0.5499873757362366, 0.5364538431167603, 0.42873677611351013, 0.27937376499176025, 0.5469134449958801]
[0.550184428691864, 0.5467925071716309, 0.4102678894996643, 0.27192044258117676, 0.5854471921920776]
[0.5166107416152954, 0.5864381194114685, 0.4530045688152313, 0.3060011863708496, 0.5352740287780762]
[0.5029271841049194, 0.5717576146125793, 0.420484721660614, 0.2568446397781372, 0.5432576537132263]
[0.4159923195838928, 0.5726367831230164, 0.4549942910671234, 0.2762104272842407, 0.4793233871459961]
[0.5273100733757019, 0.5516080856323242, 0.47092634439468384, 0.3550504744052887, 0.5542815327644348]
[0.47428473830223083, 0.5960145592689514, 0.43393102288246155, 0.29435181617736816, 0.5203573703765869]
[0.5353063941001892, 0.5860856175422668, 0.3986675441265106, 0.2760413587093353, 0.5426690578460693]
[0.49483779072761536, 0.5842865109443665, 0.4712678790092468, 0.3081411123275757, 0.5036068558692932]
[0.299699991941452, 0.5357517004013062, 0.46393805742263794, 0.3387625217437744, 0.4280739426612854]
[0.5257943272590637, 0.5840935111045837, 0.42333534359931946, 0.266112744808197, 0.5341247916221619]
[0.5284537672996521, 0.5504140853881836, 0.43323150277137756, 0.30875083804130554, 0.5471426248550415]
[0.5636988878250122, 0.5576898455619812, 0.42386800050735474, 0.2830910384654999, 0.5193262696266174]
[0.5164143443107605, 0.569086492061615, 0.42469069361686707, 0.2806548476219177, 0.5497002601623535]
[0.5651290416717529, 0.5829309821128845, 0.43476706743240356, 0.30161744356155396, 0.5678861141204834]
[0.5661769509315491, 0.5821260213851929, 0.40682217478752136, 0.263505220413208, 0.5580742359161377]
[0.4834856688976288, 0.5569398999214172, 0.44452565908432007, 0.31206539273262024, 0.5389233231544495]
[0.528184711933136, 0.5898343920707703, 0.4264206290245056, 0.26176145672798157, 0.5338385105133057]
[0.45478197932243347, 0.5452437400817871, 0.45753511786460876, 0.3196663558483124, 0.49501994252204895]
[0.38842642307281494, 0.5340384244918823, 0.5142508745193481, 0.4195479452610016, 0.4322104752063751]
[0.5069484114646912, 0.5495233535766602, 0.42834147810935974, 0.28955596685409546, 0.529947817325592]
[0.4732932448387146, 0.5391137003898621, 0.47948163747787476, 0.32870402932167053, 0.5204731225967407]
[0.46809935569763184, 0.533697783946991, 0.4623698592185974, 0.3342474400997162, 0.504747211933136]
[0.49035218358039856, 0.5523267388343811, 0.447289377450943, 0.31969302892684937, 0.4879242181777954]
[0.4245680272579193, 0.5075133442878723, 0.49075213074684143, 0.3945819139480591, 0.44771769642829895]
[0.5340065956115723, 0.5725739002227783, 0.430132120847702, 0.2815702259540558, 0.5330355167388916]
[0.543745756149292, 0.5972431302070618, 0.42627692222595215, 0.2727477252483368, 0.5510945320129395]
[0.49083489179611206, 0.5668025612831116, 0.46683621406555176, 0.31700798869132996, 0.5044108629226685]
[0.5166107416152954, 0.5864381194114685, 0.4530045688152313, 0.3060011863708496, 0.5352740287780762]
[0.456495463848114, 0.5811814665794373, 0.4690271019935608, 0.26767468452453613, 0.5009487867355347]
[0.5502341389656067, 0.5270732045173645, 0.4582992196083069, 0.33402207493782043, 0.5601338148117065]
[0.49558180570602417, 0.5854353904724121, 0.448177695274353, 0.3034634292125702, 0.5160679221153259]
[0.5040794014930725, 0.5697988867759705, 0.4721655249595642, 0.3036925196647644, 0.5274626016616821]
[0.5145277976989746, 0.565474271774292, 0.4180294871330261, 0.23956510424613953, 0.5428856611251831]
[0.5356536507606506, 0.5743758082389832, 0.44478708505630493, 0.29265323281288147, 0.5439829230308533]
[0.5396077036857605, 0.5495296120643616, 0.448005348443985, 0.3448546230792999, 0.5235583782196045]
[0.5568373203277588, 0.583554208278656, 0.4173603653907776, 0.24849067628383636, 0.5818141102790833]
[0.565325140953064, 0.5744069218635559, 0.40514087677001953, 0.2630060911178589, 0.5765742659568787]
[0.522921621799469, 0.5714917778968811, 0.4335935711860657, 0.27846840023994446, 0.5321701169013977]
[0.45947614312171936, 0.5150808095932007, 0.5163276195526123, 0.3951604962348938, 0.4976142644882202]
[0.5181060433387756, 0.608632504940033, 0.438276469707489, 0.28479206562042236, 0.5111607909202576]
[0.48379552364349365, 0.5937032699584961, 0.41920071840286255, 0.2830924987792969, 0.4925927221775055]
[0.46517330408096313, 0.5332180857658386, 0.45224395394325256, 0.32911574840545654, 0.5207139253616333]
[0.5360093116760254, 0.5616586208343506, 0.3976847529411316, 0.26705625653266907, 0.5575398206710815]
[0.5166334509849548, 0.5533210635185242, 0.43693414330482483, 0.28328490257263184, 0.5314025282859802]
[0.4796406626701355, 0.5974323153495789, 0.4227512776851654, 0.27846574783325195, 0.5192805528640747]
[0.45770788192749023, 0.5071709752082825, 0.49315977096557617, 0.41872814297676086, 0.49192488193511963]
[0.45795735716819763, 0.5336993336677551, 0.47420212626457214, 0.33026596903800964, 0.5108452439308167]
[0.527030885219574, 0.5657786726951599, 0.4057352840900421, 0.2632085680961609, 0.5480696558952332]
[0.4424798786640167, 0.556833803653717, 0.4710693061351776, 0.3553560972213745, 0.47617313265800476]
[0.5157535076141357, 0.5737854838371277, 0.44337135553359985, 0.2787286937236786, 0.5401703119277954]
[0.5003835558891296, 0.5466932058334351, 0.4549272954463959, 0.2832370102405548, 0.5196231007575989]
[0.4660482108592987, 0.5312029123306274, 0.48780688643455505, 0.3638734221458435, 0.5144999027252197]
[0.48348477482795715, 0.5457322001457214, 0.4598011076450348, 0.32392609119415283, 0.5217370390892029]
[0.5178555846214294, 0.5775741934776306, 0.42142602801322937, 0.3027927577495575, 0.5344379544258118]
[0.4627539813518524, 0.543076753616333, 0.46257489919662476, 0.3839472830295563, 0.4609461724758148]
[0.4951838254928589, 0.5854551196098328, 0.41927123069763184, 0.2784034311771393, 0.5045780539512634]
[0.5660489797592163, 0.5196464657783508, 0.4437110722064972, 0.28435802459716797, 0.5874891877174377]
[0.4197830557823181, 0.543028712272644, 0.4545525014400482, 0.30405595898628235, 0.4878654181957245]
[0.4859306812286377, 0.5624133944511414, 0.4378297030925751, 0.3007390797138214, 0.5242540836334229]
[0.5140302181243896, 0.5824805498123169, 0.42750728130340576, 0.27810031175613403, 0.5503208637237549]
[0.4956885576248169, 0.5742270350456238, 0.45831233263015747, 0.2720174193382263, 0.5402029752731323]
[0.5234087109565735, 0.5764877200126648, 0.41158339381217957, 0.2640588581562042, 0.517913281917572]
[0.5154191851615906, 0.5756627321243286, 0.4335736930370331, 0.2556245028972626, 0.5547813773155212]
[0.5094034671783447, 0.5534988045692444, 0.4139385223388672, 0.28201815485954285, 0.559017539024353]
[0.45725807547569275, 0.5158277750015259, 0.4605700969696045, 0.3729134202003479, 0.4645508825778961]
[0.4791574776172638, 0.5951329469680786, 0.4563791751861572, 0.2732984721660614, 0.5154163837432861]
[0.5285597443580627, 0.5908335447311401, 0.419245183467865, 0.2635045647621155, 0.5386727452278137]
[0.47906333208084106, 0.585467517375946, 0.434528648853302, 0.27383241057395935, 0.5136135816574097]
[0.4779793322086334, 0.5789722204208374, 0.4453237056732178, 0.301175594329834, 0.5013307332992554]
[0.4189586639404297, 0.5354630351066589, 0.44542115926742554, 0.28925272822380066, 0.44327056407928467]
[0.511320173740387, 0.5212773084640503, 0.4395538866519928, 0.3199077546596527, 0.5207974910736084]
[0.5183988809585571, 0.57753586769104, 0.4306893050670624, 0.2734374403953552, 0.5509241223335266]
[0.5410287976264954, 0.5723084807395935, 0.40550801157951355, 0.2845579981803894, 0.5621146559715271]
[0.5040271282196045, 0.5329231023788452, 0.5293930172920227, 0.46160778403282166, 0.5280135869979858]
[0.4729829430580139, 0.576814591884613, 0.43687134981155396, 0.30478769540786743, 0.5248265266418457]
[0.4999256730079651, 0.5641787052154541, 0.46019306778907776, 0.3227427899837494, 0.511285662651062]
[0.5424231886863708, 0.5801511406898499, 0.4349505603313446, 0.2737128436565399, 0.5515177845954895]
[0.5050235986709595, 0.5812777876853943, 0.4308476150035858, 0.27553218603134155, 0.531087338924408]
[0.4700078070163727, 0.5229758024215698, 0.5085968375205994, 0.4174443185329437, 0.5343618392944336]
[0.5611653923988342, 0.5684691667556763, 0.4195059835910797, 0.28554636240005493, 0.5585486888885498]
[0.4333154857158661, 0.5729535818099976, 0.4449293911457062, 0.2898563742637634, 0.492048442363739]
[0.48379552364349365, 0.5937032699584961, 0.41920071840286255, 0.2830924987792969, 0.4925927221775055]
[0.5470483303070068, 0.5779461860656738, 0.4327308237552643, 0.2788848578929901, 0.5655227303504944]
[0.5360886454582214, 0.5417008996009827, 0.4139126241207123, 0.2878967225551605, 0.5611963272094727]
[0.49489355087280273, 0.5771262645721436, 0.4478561282157898, 0.2905385196208954, 0.5391039252281189]
[0.47044140100479126, 0.5654785633087158, 0.4601577818393707, 0.3462480902671814, 0.514230489730835]
[0.5075466632843018, 0.580252468585968, 0.4275032877922058, 0.265717476606369, 0.5433934926986694]
[0.5679841041564941, 0.5880281329154968, 0.4001947343349457, 0.27984538674354553, 0.5525521039962769]
[0.5320600867271423, 0.5475651025772095, 0.45282986760139465, 0.35769563913345337, 0.5195115208625793]
[0.562083899974823, 0.521345317363739, 0.45346975326538086, 0.3056497573852539, 0.5689095854759216]
[0.49114790558815, 0.564271867275238, 0.4548798203468323, 0.30406269431114197, 0.5243750214576721]
[0.5499265789985657, 0.5577056407928467, 0.44492071866989136, 0.31432169675827026, 0.5441986918449402]
[0.45142224431037903, 0.5876802802085876, 0.4587950110435486, 0.31074854731559753, 0.4818918704986572]
[0.4579446315765381, 0.5702786445617676, 0.4496230483055115, 0.3377748131752014, 0.4930402338504791]
[0.48921850323677063, 0.501837968826294, 0.5178015232086182, 0.4797845780849457, 0.5269957184791565]
[0.5509838461875916, 0.5451415777206421, 0.42103102803230286, 0.28499898314476013, 0.5456827878952026]
[0.4906890392303467, 0.5716151595115662, 0.4404437839984894, 0.3153788149356842, 0.5115732550621033]
[0.47219598293304443, 0.5590137243270874, 0.4453161954879761, 0.3269144892692566, 0.5097495317459106]
[0.48767393827438354, 0.5701946020126343, 0.4360344111919403, 0.30366051197052, 0.5297185182571411]
[0.5259856581687927, 0.5736340284347534, 0.4064789116382599, 0.26398757100105286, 0.5539470314979553]
