0
【汉口火车站大面积晚点 列车上老人小孩出现缺氧症状】网友爆料：因线路故障，有列车停留在武汉站数小时。车上部分老人小孩出现缺氧，小孩一直在哭，老人无法正常说话脸色惨白。期间列车员未打开车门，并禁止所有乘客下车。 称，途经汉口站的多趟列车因故晚点，正对故障进行紧急抢修。
[0.5029289722442627, 0.5538327097892761, 0.47105056047439575, 0.29828783869743347, 0.5204325318336487]
[0.4237363636493683, 0.564508318901062, 0.4735432267189026, 0.35666975378990173, 0.4667954742908478]
[0.5033283233642578, 0.5751460194587708, 0.4479442834854126, 0.29807132482528687, 0.5266228318214417]
[0.4485369026660919, 0.5565707087516785, 0.4619688093662262, 0.3544585704803467, 0.47400516271591187]
[0.5297917127609253, 0.5683413743972778, 0.4403783977031708, 0.2647521495819092, 0.5179747343063354]
[0.4780184328556061, 0.570769727230072, 0.4412195384502411, 0.3241822123527527, 0.5293675661087036]
[0.5029289722442627, 0.5538327097892761, 0.47105056047439575, 0.29828783869743347, 0.5204325318336487]
[0.47270309925079346, 0.580980122089386, 0.45055800676345825, 0.2848864793777466, 0.5039164423942566]
[0.43948397040367126, 0.5607935786247253, 0.4769323766231537, 0.3420727550983429, 0.4776616096496582]
[0.5202414393424988, 0.5837916731834412, 0.4498916566371918, 0.32332655787467957, 0.5068755149841309]
[0.528972864151001, 0.5337926745414734, 0.46722978353500366, 0.3471176028251648, 0.5449271202087402]
[0.5193629860877991, 0.5856478810310364, 0.41173920035362244, 0.282301664352417, 0.5441094636917114]
[0.5332457423210144, 0.561420202255249, 0.41358673572540283, 0.27429068088531494, 0.5516312122344971]
[0.46949225664138794, 0.5634651184082031, 0.46745094656944275, 0.34389594197273254, 0.4980374872684479]
[0.4989485740661621, 0.5559349656105042, 0.47328534722328186, 0.3182433247566223, 0.5356385111808777]
[0.5305766463279724, 0.524383008480072, 0.4545271694660187, 0.3401773273944855, 0.5126456618309021]
[0.46063706278800964, 0.5551861524581909, 0.43916746973991394, 0.29211071133613586, 0.4932686686515808]
[0.5201689600944519, 0.5554454922676086, 0.4182862341403961, 0.2951866686344147, 0.4995921552181244]
[0.5011519193649292, 0.5141633749008179, 0.5080224871635437, 0.43076395988464355, 0.5307500958442688]
[0.4131881892681122, 0.5492197871208191, 0.4913768172264099, 0.38924694061279297, 0.45385241508483887]
[0.43327245116233826, 0.5385637283325195, 0.43812695145606995, 0.32481807470321655, 0.49051859974861145]
[0.5009416937828064, 0.5301875472068787, 0.48391643166542053, 0.38206803798675537, 0.5240412950515747]
[0.5040891766548157, 0.5433041453361511, 0.5176705718040466, 0.41892895102500916, 0.5351837873458862]
[0.5354865789413452, 0.5888907313346863, 0.41922876238822937, 0.2605830132961273, 0.5253303050994873]
[0.4625715911388397, 0.5283908247947693, 0.49655163288116455, 0.3736756145954132, 0.4972962439060211]
[0.43738415837287903, 0.5719547271728516, 0.43069174885749817, 0.28993654251098633, 0.5091231465339661]
[0.45679041743278503, 0.5791962742805481, 0.4490101635456085, 0.3122677206993103, 0.48030513525009155]
