0
两个家庭的悲剧
[0.5212375521659851, 0.5814959406852722, 0.43650999665260315, 0.2994028329849243, 0.5375288724899292]
[0.5495396256446838, 0.5758455991744995, 0.41826489567756653, 0.2649467885494232, 0.5378633141517639]
[0.4510560631752014, 0.5562839508056641, 0.45255008339881897, 0.3314017057418823, 0.48075926303863525]
[0.549691379070282, 0.5871497988700867, 0.4130420386791229, 0.26551756262779236, 0.5281603336334229]
[0.5704762935638428, 0.5943232178688049, 0.40132349729537964, 0.25324690341949463, 0.5753377676010132]
[0.4426726698875427, 0.5453982353210449, 0.44706687331199646, 0.3293873369693756, 0.47302892804145813]
[0.5337469577789307, 0.583841860294342, 0.40581172704696655, 0.2716456949710846, 0.547784149646759]
[0.4543589651584625, 0.5633329153060913, 0.45362600684165955, 0.314222514629364, 0.46780693531036377]
[0.581911027431488, 0.5480620265007019, 0.40807870030403137, 0.2820565700531006, 0.59502774477005]
[0.467756062746048, 0.5287781357765198, 0.47250887751579285, 0.3863424062728882, 0.5102716684341431]
[0.4420660436153412, 0.556968092918396, 0.4691694974899292, 0.3014068007469177, 0.5038432478904724]
[0.5216150879859924, 0.5760796666145325, 0.4178735017776489, 0.29638972878456116, 0.5387369990348816]
[0.5621575117111206, 0.5856571793556213, 0.4093182682991028, 0.25215083360671997, 0.570976197719574]
[0.45070549845695496, 0.5663778185844421, 0.4852423667907715, 0.34987857937812805, 0.4895807206630707]
[0.4317914545536041, 0.5746042132377625, 0.4526509940624237, 0.2883213758468628, 0.4958310127258301]
[0.5342485308647156, 0.5367529392242432, 0.48224812746047974, 0.3647947609424591, 0.5720189213752747]
[0.3914407193660736, 0.5224980115890503, 0.5495381951332092, 0.4792618155479431, 0.48341190814971924]
[0.5579485297203064, 0.5799387693405151, 0.401847779750824, 0.26741403341293335, 0.569103479385376]
[0.5007545351982117, 0.5437702536582947, 0.4669908881187439, 0.3609716296195984, 0.5412207841873169]
[0.4600566625595093, 0.5635915398597717, 0.42744770646095276, 0.29824694991111755, 0.48448479175567627]
[0.4318431317806244, 0.5231629610061646, 0.5082111358642578, 0.40461599826812744, 0.5064871311187744]
[0.4696716368198395, 0.5549660325050354, 0.4583151936531067, 0.33449068665504456, 0.5066695213317871]
[0.4907156825065613, 0.5619776844978333, 0.41467055678367615, 0.26627421379089355, 0.5495355725288391]
[0.549691379070282, 0.5871497988700867, 0.4130420386791229, 0.26551756262779236, 0.5281603336334229]
[0.503574013710022, 0.577248752117157, 0.42385390400886536, 0.2712028920650482, 0.5230078101158142]
[0.5457882881164551, 0.5906304121017456, 0.4164317548274994, 0.28614264726638794, 0.5488926768302917]
[0.48981741070747375, 0.5755780339241028, 0.44951605796813965, 0.3049532473087311, 0.5177379846572876]
[0.4673818051815033, 0.5901640057563782, 0.4451289474964142, 0.28288522362709045, 0.5178229808807373]
[0.5436980128288269, 0.5504698157310486, 0.4753245711326599, 0.3930005729198456, 0.5450845956802368]
[0.49187883734703064, 0.5797551870346069, 0.4325542747974396, 0.2868746519088745, 0.5456928014755249]
[0.5402562618255615, 0.5780044794082642, 0.4257718324661255, 0.27343958616256714, 0.5772358775138855]
[0.4663729965686798, 0.5403340458869934, 0.4865819215774536, 0.33943653106689453, 0.47578829526901245]
[0.4178535044193268, 0.5116527080535889, 0.476958304643631, 0.389522910118103, 0.44636765122413635]
[0.5212375521659851, 0.5814959406852722, 0.43650999665260315, 0.2994028329849243, 0.5375288724899292]
[0.5293596386909485, 0.549853503704071, 0.466604083776474, 0.3078623414039612, 0.5302225947380066]
[0.5273199677467346, 0.5671408176422119, 0.40253186225891113, 0.2607887089252472, 0.5448716878890991]
[0.5002492666244507, 0.5611827373504639, 0.43174609541893005, 0.31691303849220276, 0.5299317836761475]
[0.49660724401474, 0.5383914113044739, 0.45068418979644775, 0.29770609736442566, 0.5217490196228027]
[0.4385169446468353, 0.5472821593284607, 0.4281023442745209, 0.2986880838871002, 0.5069260597229004]
[0.6109364032745361, 0.5681937336921692, 0.38899439573287964, 0.2480948269367218, 0.6038913130760193]
[0.5210648775100708, 0.5685251355171204, 0.43609702587127686, 0.2855580151081085, 0.5674355030059814]
[0.4589824676513672, 0.5611127018928528, 0.4721792936325073, 0.34900033473968506, 0.5109642744064331]
[0.4754871428012848, 0.5349056124687195, 0.5014485120773315, 0.38574278354644775, 0.5322335362434387]
[0.5131584405899048, 0.5385854840278625, 0.4536135494709015, 0.34056180715560913, 0.5134918689727783]
[0.4340907335281372, 0.5638796091079712, 0.4618001878261566, 0.3619846701622009, 0.47547847032546997]
[0.4413355588912964, 0.5383179187774658, 0.4548277258872986, 0.29552602767944336, 0.4729544222354889]
[0.5203316807746887, 0.5599863529205322, 0.3942383825778961, 0.2733074724674225, 0.5433793067932129]
[0.444581538438797, 0.5537796020507812, 0.48455944657325745, 0.3802452087402344, 0.49239397048950195]
[0.5163220167160034, 0.5664495229721069, 0.4297749102115631, 0.29062700271606445, 0.5306063890457153]
[0.5752611756324768, 0.5857381820678711, 0.41533181071281433, 0.26501691341400146, 0.5861401557922363]
[0.5621575117111206, 0.5856571793556213, 0.4093182682991028, 0.25215083360671997, 0.570976197719574]
[0.5212375521659851, 0.5814959406852722, 0.43650999665260315, 0.2994028329849243, 0.5375288724899292]
[0.4484875500202179, 0.5392539501190186, 0.44414860010147095, 0.27393391728401184, 0.49201443791389465]
[0.5547398924827576, 0.5534268021583557, 0.41087210178375244, 0.2973549962043762, 0.5385262370109558]
[0.5055921673774719, 0.5682448148727417, 0.4335589110851288, 0.32304808497428894, 0.5193020701408386]
[0.518814742565155, 0.5949608087539673, 0.4336252212524414, 0.2654142379760742, 0.5381370782852173]
[0.5274739861488342, 0.5610741972923279, 0.43467333912849426, 0.31908920407295227, 0.5167859196662903]
[0.5621575117111206, 0.5856571793556213, 0.4093182682991028, 0.25215083360671997, 0.570976197719574]
[0.5010833740234375, 0.564731240272522, 0.475890576839447, 0.3029763996601105, 0.5297191739082336]
[0.440676748752594, 0.5521640777587891, 0.4785478115081787, 0.30968141555786133, 0.5014379024505615]
[0.4501287341117859, 0.5504534840583801, 0.4357534646987915, 0.31021302938461304, 0.5194368362426758]
[0.5163202285766602, 0.580173909664154, 0.4221823513507843, 0.29008543491363525, 0.5441150665283203]
[0.5212375521659851, 0.5814959406852722, 0.43650999665260315, 0.2994028329849243, 0.5375288724899292]
[0.49836409091949463, 0.5578760504722595, 0.45337897539138794, 0.3145831823348999, 0.5384373664855957]
[0.5040774345397949, 0.5854004621505737, 0.4031808078289032, 0.26854395866394043, 0.5609971284866333]
[0.5251671671867371, 0.5773192644119263, 0.4073379933834076, 0.2696875035762787, 0.5561733245849609]
[0.5021450519561768, 0.523159384727478, 0.46574801206588745, 0.41715922951698303, 0.5310611128807068]
[0.46646732091903687, 0.5360332131385803, 0.4728987514972687, 0.37697291374206543, 0.4955609440803528]
[0.43567442893981934, 0.5667271614074707, 0.44564512372016907, 0.32372719049453735, 0.46318262815475464]
[0.5002956390380859, 0.5946937203407288, 0.44992515444755554, 0.2838885188102722, 0.5216463208198547]
[0.549691379070282, 0.5871497988700867, 0.4130420386791229, 0.26551756262779236, 0.5281603336334229]
[0.46461308002471924, 0.540987491607666, 0.5016877055168152, 0.3652353882789612, 0.47315049171447754]
[0.5161234140396118, 0.5769539475440979, 0.4349537193775177, 0.29910629987716675, 0.5321782827377319]
[0.5462220907211304, 0.5965338349342346, 0.43912139534950256, 0.2695907950401306, 0.5685463547706604]
[0.5349162220954895, 0.5624596476554871, 0.39768287539482117, 0.25675705075263977, 0.5615995526313782]
[0.549691379070282, 0.5871497988700867, 0.4130420386791229, 0.26551756262779236, 0.5281603336334229]
[0.4782274663448334, 0.5396046042442322, 0.45708605647087097, 0.35844603180885315, 0.5144899487495422]
[0.47600114345550537, 0.5451785326004028, 0.44266799092292786, 0.2847486138343811, 0.5286775827407837]
[0.5193140506744385, 0.5289088487625122, 0.43790510296821594, 0.3308515250682831, 0.5442565083503723]
[0.45069125294685364, 0.5194437503814697, 0.49164047837257385, 0.34650281071662903, 0.45756417512893677]
[0.5328941345214844, 0.5307266712188721, 0.44257840514183044, 0.3092072010040283, 0.5601838231086731]
[0.5212375521659851, 0.5814959406852722, 0.43650999665260315, 0.2994028329849243, 0.5375288724899292]
[0.5498620867729187, 0.5462034344673157, 0.4592730700969696, 0.3527285158634186, 0.5669655799865723]
[0.4802158772945404, 0.5619776844978333, 0.47045066952705383, 0.33099380135536194, 0.5026546120643616]
[0.5012616515159607, 0.5266987085342407, 0.4883400797843933, 0.36046043038368225, 0.5385396480560303]
[0.48968809843063354, 0.5511106848716736, 0.500403642654419, 0.392098993062973, 0.5205111503601074]
[0.5519121885299683, 0.5568174719810486, 0.4000456631183624, 0.30469390749931335, 0.5667769908905029]
[0.461216539144516, 0.5359066724777222, 0.4753034710884094, 0.34880784153938293, 0.528386116027832]
[0.5492415428161621, 0.5182979702949524, 0.4914494752883911, 0.3922145664691925, 0.5406394600868225]
[0.5283907651901245, 0.5662636756896973, 0.4077860414981842, 0.287823885679245, 0.5507388710975647]
[0.3684229254722595, 0.4940144717693329, 0.5323144793510437, 0.45963314175605774, 0.46203431487083435]
[0.4711138606071472, 0.5728561282157898, 0.44126948714256287, 0.3243167996406555, 0.4581851661205292]
[0.5382533669471741, 0.5637179613113403, 0.4163193702697754, 0.2467370629310608, 0.5283154845237732]
[0.5247761011123657, 0.5471559166908264, 0.434441477060318, 0.2931572198867798, 0.5514795184135437]
[0.549691379070282, 0.5871497988700867, 0.4130420386791229, 0.26551756262779236, 0.5281603336334229]
[0.40367940068244934, 0.5411961674690247, 0.46321526169776917, 0.320855975151062, 0.4427894949913025]
[0.5426197648048401, 0.5455445051193237, 0.42121651768684387, 0.3252176344394684, 0.5637704133987427]
[0.5175274014472961, 0.5883963108062744, 0.4337974190711975, 0.29337525367736816, 0.548749566078186]
[0.4132537543773651, 0.555203378200531, 0.44936132431030273, 0.31868886947631836, 0.4685177505016327]
[0.4843209981918335, 0.5232036709785461, 0.4940241575241089, 0.39021337032318115, 0.5204970240592957]
[0.5061311721801758, 0.5928016304969788, 0.41544124484062195, 0.27396634221076965, 0.5462008714675903]
