0
【女子喝3年自磨豆浆后查出癌症 雌性激素超数倍】宁波一45岁女士，非常讲究养生，每天早上自磨豆浆坚持了三年，竟查出乳房癌。检查显示，这位女士的雌性激素是常人的几倍。医生提醒：适量喝豆浆确实是好的，但对于本身雌性激素就偏高的女性来说，则不宜过量饮用。
[0.48231345415115356, 0.5154058337211609, 0.5470357537269592, 0.4421371817588806, 0.5413838028907776]
[0.4861604869365692, 0.567060112953186, 0.4400828182697296, 0.2924596071243286, 0.5023782849311829]
[0.518470048904419, 0.5806388854980469, 0.45895054936408997, 0.3121778666973114, 0.5406285524368286]
[0.4846108555793762, 0.5181387066841125, 0.4475739002227783, 0.3208991289138794, 0.5005204081535339]
[0.4522230923175812, 0.5455783009529114, 0.47559288144111633, 0.3358718752861023, 0.5048847198486328]
[0.49918094277381897, 0.5733193159103394, 0.4468114972114563, 0.2918444275856018, 0.5502312183380127]
[0.489834725856781, 0.5564846992492676, 0.4372134506702423, 0.2994436025619507, 0.5045815706253052]
[0.5736172199249268, 0.5693467259407043, 0.41243183612823486, 0.2633014917373657, 0.5557037591934204]
[0.4215078353881836, 0.5693250894546509, 0.4586227536201477, 0.3448081910610199, 0.46774187684059143]
[0.494402140378952, 0.5696704983711243, 0.4193475842475891, 0.31528186798095703, 0.5248478651046753]
[0.48231345415115356, 0.5154058337211609, 0.5470357537269592, 0.4421371817588806, 0.5413838028907776]
[0.4922672510147095, 0.5603618025779724, 0.4339491128921509, 0.31687432527542114, 0.5134270787239075]
[0.49819183349609375, 0.5695810914039612, 0.4092336595058441, 0.28381651639938354, 0.5330636501312256]
[0.4771883189678192, 0.5648983120918274, 0.4373907148838043, 0.3045324981212616, 0.4949536919593811]
[0.5454674363136292, 0.5756046772003174, 0.41113048791885376, 0.2744300663471222, 0.5455999374389648]
[0.49028244614601135, 0.5327448844909668, 0.45712727308273315, 0.31611761450767517, 0.5315062999725342]
[0.46187108755111694, 0.5893198847770691, 0.44806113839149475, 0.297460675239563, 0.4884728193283081]
[0.3601253628730774, 0.5588699579238892, 0.4370354115962982, 0.2802875339984894, 0.4537184536457062]
[0.43268701434135437, 0.555304765701294, 0.4766297936439514, 0.3594458997249603, 0.48801982402801514]
[0.4404073655605316, 0.5558265447616577, 0.45546990633010864, 0.30996212363243103, 0.4945583641529083]
[0.4534379839897156, 0.5790040493011475, 0.4381980299949646, 0.283696711063385, 0.4770350456237793]
[0.5409368276596069, 0.5759856104850769, 0.4296942353248596, 0.2762644588947296, 0.5711988210678101]
[0.5298077464103699, 0.5928977727890015, 0.4256591498851776, 0.28714707493782043, 0.5272103548049927]
[0.5234204530715942, 0.5555747747421265, 0.4567507207393646, 0.30000293254852295, 0.5533240437507629]
[0.5025920867919922, 0.6057512760162354, 0.4429684579372406, 0.27023521065711975, 0.5143806338310242]
[0.5080630779266357, 0.5585070848464966, 0.48084884881973267, 0.33889278769493103, 0.533458948135376]
[0.5977795124053955, 0.5040892958641052, 0.4653552770614624, 0.35013264417648315, 0.6015744209289551]
[0.44728678464889526, 0.5732755661010742, 0.455963671207428, 0.3101072907447815, 0.48985612392425537]
[0.4063621163368225, 0.526528537273407, 0.47550466656684875, 0.37723207473754883, 0.4693204164505005]
[0.511255145072937, 0.5555015802383423, 0.44553065299987793, 0.29960352182388306, 0.5322266817092896]
[0.5069038271903992, 0.5364404320716858, 0.46340125799179077, 0.35467028617858887, 0.5421021580696106]
[0.5003835558891296, 0.5466932058334351, 0.4549272954463959, 0.2832370102405548, 0.5196231007575989]
[0.5251603126525879, 0.5286557674407959, 0.43191444873809814, 0.3268641233444214, 0.5338385105133057]
[0.4939080774784088, 0.5531716346740723, 0.45104533433914185, 0.2812131643295288, 0.4830075204372406]
[0.5218967199325562, 0.5808945894241333, 0.42724597454071045, 0.3015515208244324, 0.5239031314849854]
[0.4817040264606476, 0.5299369692802429, 0.5161593556404114, 0.3990820050239563, 0.5319657325744629]
[0.44084441661834717, 0.5264295339584351, 0.47040098905563354, 0.3145025968551636, 0.5145573019981384]
[0.5144988298416138, 0.5676557421684265, 0.42637544870376587, 0.2733124792575836, 0.5442105531692505]
[0.41841715574264526, 0.5391759276390076, 0.46249812841415405, 0.3305303454399109, 0.44062313437461853]
[0.3862681984901428, 0.5439765453338623, 0.4717104434967041, 0.36325132846832275, 0.4717668890953064]
[0.3695208728313446, 0.5368940830230713, 0.4601691663265228, 0.3262382447719574, 0.43625691533088684]
[0.47191768884658813, 0.5474952459335327, 0.4501374363899231, 0.3277450501918793, 0.47349822521209717]
[0.4353152811527252, 0.5621770620346069, 0.4501539468765259, 0.30208778381347656, 0.47298914194107056]
[0.48441261053085327, 0.5580665469169617, 0.4241972863674164, 0.2787414491176605, 0.48225802183151245]
[0.4939294755458832, 0.5786819458007812, 0.43118634819984436, 0.28639549016952515, 0.5461251139640808]
[0.5018309950828552, 0.5837090015411377, 0.4276469051837921, 0.28860318660736084, 0.519254207611084]
[0.4953228831291199, 0.5753241181373596, 0.43291598558425903, 0.28793105483055115, 0.534593403339386]
[0.5309109687805176, 0.5811468362808228, 0.41291460394859314, 0.2623717188835144, 0.5543279051780701]
[0.4663790166378021, 0.5743229389190674, 0.43290919065475464, 0.2853028178215027, 0.4949899911880493]
[0.5502533316612244, 0.5312448740005493, 0.41978147625923157, 0.28317323327064514, 0.554564893245697]
[0.49641740322113037, 0.5975603461265564, 0.4273298382759094, 0.2653079330921173, 0.5183342099189758]
[0.49769333004951477, 0.544499397277832, 0.3837123215198517, 0.24029196798801422, 0.5322815775871277]
[0.46453240513801575, 0.5513050556182861, 0.42480456829071045, 0.2833886444568634, 0.5018537044525146]
[0.5122897624969482, 0.563788890838623, 0.45149946212768555, 0.2840128242969513, 0.5378652811050415]
[0.45622602105140686, 0.5699686408042908, 0.4436710774898529, 0.29612869024276733, 0.5146656036376953]
[0.508054256439209, 0.5775254368782043, 0.4438551366329193, 0.2804885804653168, 0.5274667143821716]
[0.526609480381012, 0.6019211411476135, 0.4007711410522461, 0.25412195920944214, 0.5547598600387573]
[0.4683506488800049, 0.5867350697517395, 0.42813804745674133, 0.30154740810394287, 0.49120503664016724]
[0.5340313911437988, 0.6014569401741028, 0.41102421283721924, 0.2750585079193115, 0.5384939908981323]
[0.5990883111953735, 0.5512402057647705, 0.4175035357475281, 0.2683362662792206, 0.5783637166023254]
[0.5137057900428772, 0.5699979662895203, 0.42269784212112427, 0.29251888394355774, 0.5385422706604004]
[0.4395703375339508, 0.5259604454040527, 0.4704209268093109, 0.31074923276901245, 0.4968557357788086]
[0.4844406843185425, 0.559442400932312, 0.4515848755836487, 0.34392523765563965, 0.5077547430992126]
[0.4224090278148651, 0.5618475675582886, 0.46287399530410767, 0.3148394227027893, 0.48614799976348877]
[0.3866138756275177, 0.5353168845176697, 0.46839019656181335, 0.35817277431488037, 0.45961621403694153]
[0.4659712314605713, 0.5475680232048035, 0.45069706439971924, 0.33128392696380615, 0.49023035168647766]
[0.4902067482471466, 0.5764423608779907, 0.43061766028404236, 0.27903980016708374, 0.5199569463729858]
[0.45855945348739624, 0.56565260887146, 0.47378864884376526, 0.34296005964279175, 0.46099215745925903]
[0.46766719222068787, 0.5477029085159302, 0.4539577066898346, 0.3467027544975281, 0.49225735664367676]
[0.44628435373306274, 0.565588653087616, 0.4570377469062805, 0.31777286529541016, 0.5076217651367188]
[0.5418340563774109, 0.5613113045692444, 0.4239481985569, 0.276722252368927, 0.5590006113052368]
[0.4714227616786957, 0.579127848148346, 0.44720762968063354, 0.28632116317749023, 0.5061838030815125]
[0.5106407999992371, 0.5449402928352356, 0.4500676691532135, 0.29913103580474854, 0.5592488646507263]
[0.5427007079124451, 0.5812364816665649, 0.4238787591457367, 0.2600148618221283, 0.5645681023597717]
[0.4945223331451416, 0.5330786108970642, 0.48483291268348694, 0.3525039553642273, 0.5050013065338135]
[0.529776930809021, 0.5132785439491272, 0.47095659375190735, 0.3176659047603607, 0.5312341451644897]
[0.46791958808898926, 0.5419537425041199, 0.42542320489883423, 0.28565624356269836, 0.5160536170005798]
[0.5034229159355164, 0.5805166363716125, 0.43478924036026, 0.2991620600223541, 0.49711790680885315]
[0.5453611612319946, 0.5614629983901978, 0.4327354431152344, 0.275752454996109, 0.5697475075721741]
[0.5686118006706238, 0.5529171824455261, 0.418796181678772, 0.27988627552986145, 0.5334358215332031]
[0.5101500153541565, 0.5665479302406311, 0.42904460430145264, 0.28792306780815125, 0.5481418967247009]
[0.4720644950866699, 0.4943616986274719, 0.5709490776062012, 0.4756411015987396, 0.5554739236831665]
[0.5368074774742126, 0.5940186381340027, 0.4147719442844391, 0.2643170952796936, 0.562678873538971]
[0.48829787969589233, 0.5723097920417786, 0.4396377205848694, 0.2855429947376251, 0.537104606628418]
[0.362901896238327, 0.5706343054771423, 0.4863148331642151, 0.3440680205821991, 0.4154142439365387]
[0.49858981370925903, 0.5732135772705078, 0.42686063051223755, 0.2931228280067444, 0.5294896960258484]
[0.49385911226272583, 0.5241113901138306, 0.47465187311172485, 0.3287515938282013, 0.5400105714797974]
[0.5604419112205505, 0.5540498495101929, 0.4145715534687042, 0.30104169249534607, 0.5520368814468384]
[0.569085955619812, 0.5738596320152283, 0.4225752055644989, 0.26997536420822144, 0.5524844527244568]
[0.4297640919685364, 0.5622831583023071, 0.4466482400894165, 0.31099721789360046, 0.44785165786743164]
[0.5391601920127869, 0.539061427116394, 0.43888887763023376, 0.3117556571960449, 0.5469826459884644]
[0.5219772458076477, 0.5873788595199585, 0.4128667712211609, 0.2667549252510071, 0.5276853442192078]
[0.5281624794006348, 0.5851819515228271, 0.4162341356277466, 0.2521357238292694, 0.5446027517318726]
[0.3560417592525482, 0.5317626595497131, 0.5324881672859192, 0.39860349893569946, 0.4770428240299225]
[0.4734157621860504, 0.563291072845459, 0.4478721022605896, 0.28906309604644775, 0.5164951682090759]
[0.4888889491558075, 0.5593782067298889, 0.42240002751350403, 0.2623569965362549, 0.5434535145759583]
[0.46557068824768066, 0.5816637277603149, 0.44472813606262207, 0.2860667407512665, 0.49923139810562134]
[0.46222320199012756, 0.5397671461105347, 0.4845454692840576, 0.33989641070365906, 0.5096309781074524]
[0.5111844539642334, 0.5556060671806335, 0.4379390478134155, 0.28912028670310974, 0.5359094142913818]
[0.48379552364349365, 0.5937032699584961, 0.41920071840286255, 0.2830924987792969, 0.4925927221775055]
[0.5073549151420593, 0.5761719346046448, 0.4199988543987274, 0.27362048625946045, 0.5169898271560669]
