0
#涨姿势#【一起涨知识！文化知识100题】“大禹治水”治的是什么水？“一问三不知”是不知道哪三样？“弱冠”指的是男子多少岁？……戳图↓↓看文化知识100题，能不能考住你？和小伙伴一起来测测自己的传统文化功底吧！
[0.47985950112342834, 0.5610347986221313, 0.46688464283943176, 0.32496508955955505, 0.5096971392631531]
[0.558176577091217, 0.5837705731391907, 0.4205693006515503, 0.26933491230010986, 0.5672476291656494]
[0.37261706590652466, 0.5743075013160706, 0.45699432492256165, 0.296398788690567, 0.45108574628829956]
[0.5428680181503296, 0.5790722370147705, 0.4187805652618408, 0.2600475251674652, 0.5502006411552429]
[0.48730531334877014, 0.5764123797416687, 0.43291473388671875, 0.28972259163856506, 0.5232511758804321]
[0.535548985004425, 0.5743044018745422, 0.4219232201576233, 0.27131181955337524, 0.5345061421394348]
[0.3916622996330261, 0.5746942758560181, 0.4314709007740021, 0.2651236057281494, 0.4605911374092102]
[0.518643319606781, 0.5795661211013794, 0.43667668104171753, 0.2685704827308655, 0.5344675779342651]
[0.5592570900917053, 0.5852299928665161, 0.405796617269516, 0.2585097849369049, 0.5479423403739929]
[0.5248634219169617, 0.5261262059211731, 0.4713886082172394, 0.3040216267108917, 0.551539957523346]
[0.558176577091217, 0.5837705731391907, 0.4205693006515503, 0.26933491230010986, 0.5672476291656494]
[0.46645450592041016, 0.5912272930145264, 0.4482615888118744, 0.30128100514411926, 0.516436755657196]
[0.45728421211242676, 0.5271241664886475, 0.4680686295032501, 0.34636062383651733, 0.44282180070877075]
[0.4186204671859741, 0.5148418545722961, 0.5064582228660583, 0.3439796268939972, 0.4537513256072998]
[0.5975375771522522, 0.5803749561309814, 0.36947938799858093, 0.21858201920986176, 0.5998666286468506]
[0.4647112190723419, 0.5645760297775269, 0.4632718563079834, 0.3350585401058197, 0.4910092353820801]
[0.5070725679397583, 0.5795678496360779, 0.4309682846069336, 0.25872695446014404, 0.538472592830658]
[0.49901440739631653, 0.5841261148452759, 0.44172218441963196, 0.2800794839859009, 0.5229594707489014]
[0.5818206071853638, 0.5618444681167603, 0.41847288608551025, 0.25991401076316833, 0.5586861371994019]
[0.4996834695339203, 0.5840760469436646, 0.4458180069923401, 0.274971067905426, 0.5379238128662109]
[0.5681071877479553, 0.576798677444458, 0.40342333912849426, 0.2499087154865265, 0.5804563760757446]
[0.49393460154533386, 0.5753617882728577, 0.43176454305648804, 0.2822020351886749, 0.5095145106315613]
[0.5464209914207458, 0.6007418632507324, 0.4219210743904114, 0.2698492705821991, 0.542654275894165]
[0.558176577091217, 0.5837705731391907, 0.4205693006515503, 0.26933491230010986, 0.5672476291656494]
[0.5010198950767517, 0.5803277492523193, 0.44776418805122375, 0.2949030101299286, 0.5265817046165466]
[0.5477907061576843, 0.6024274230003357, 0.4269075095653534, 0.2644312381744385, 0.5524276494979858]
[0.38084888458251953, 0.5723817348480225, 0.4537689983844757, 0.2887296676635742, 0.4711882770061493]
[0.5464209914207458, 0.6007418632507324, 0.4219210743904114, 0.2698492705821991, 0.542654275894165]
[0.5563711524009705, 0.5437349081039429, 0.44127973914146423, 0.33146703243255615, 0.5479139685630798]
[0.379876047372818, 0.5602692365646362, 0.46740034222602844, 0.28812938928604126, 0.4359314441680908]
[0.5422658920288086, 0.5560721755027771, 0.4308268129825592, 0.2770299017429352, 0.5150023698806763]
[0.47140899300575256, 0.5582453608512878, 0.4280405640602112, 0.259843647480011, 0.4688342809677124]
[0.5160489678382874, 0.5655227303504944, 0.4237113296985626, 0.31068140268325806, 0.518277108669281]
[0.4971698224544525, 0.5527067184448242, 0.4443144202232361, 0.2844489514827728, 0.49084770679473877]
[0.49819183349609375, 0.5695810914039612, 0.4092336595058441, 0.28381651639938354, 0.5330636501312256]
[0.5442793965339661, 0.5781697630882263, 0.41329699754714966, 0.26798903942108154, 0.5653485655784607]
[0.558176577091217, 0.5837705731391907, 0.4205693006515503, 0.26933491230010986, 0.5672476291656494]
[0.49819183349609375, 0.5695810914039612, 0.4092336595058441, 0.28381651639938354, 0.5330636501312256]
[0.5166566371917725, 0.5536328554153442, 0.46265050768852234, 0.34432104229927063, 0.5076005458831787]
[0.5300263166427612, 0.5812479853630066, 0.41425544023513794, 0.2580432891845703, 0.5546272993087769]
[0.415930837392807, 0.5554540157318115, 0.4895244240760803, 0.3713126480579376, 0.4749598503112793]
[0.49586737155914307, 0.567272424697876, 0.45508483052253723, 0.29686206579208374, 0.5123968124389648]
[0.5300263166427612, 0.5812479853630066, 0.41425544023513794, 0.2580432891845703, 0.5546272993087769]
[0.5300263166427612, 0.5812479853630066, 0.41425544023513794, 0.2580432891845703, 0.5546272993087769]
[0.36732009053230286, 0.5611740946769714, 0.4423961639404297, 0.2842545509338379, 0.4558969736099243]
[0.48576298356056213, 0.5843645334243774, 0.4308512210845947, 0.29481014609336853, 0.514771044254303]
[0.41727396845817566, 0.5733065009117126, 0.44692856073379517, 0.32872772216796875, 0.4506652057170868]
[0.5173625946044922, 0.5836610794067383, 0.4274938404560089, 0.25851744413375854, 0.5487227439880371]
[0.43253642320632935, 0.5665754079818726, 0.4465431272983551, 0.29603898525238037, 0.4777713418006897]
[0.5300263166427612, 0.5812479853630066, 0.41425544023513794, 0.2580432891845703, 0.5546272993087769]
[0.5464209914207458, 0.6007418632507324, 0.4219210743904114, 0.2698492705821991, 0.542654275894165]
[0.4955621361732483, 0.5920056104660034, 0.4295900762081146, 0.27636879682540894, 0.5380821228027344]
[0.469078004360199, 0.5411251783370972, 0.4708893895149231, 0.3576451539993286, 0.4661356508731842]
[0.5549817681312561, 0.5214839577674866, 0.46304818987846375, 0.34584125876426697, 0.543114185333252]
[0.5464209914207458, 0.6007418632507324, 0.4219210743904114, 0.2698492705821991, 0.542654275894165]
[0.5105807781219482, 0.5391091704368591, 0.456008642911911, 0.29383352398872375, 0.49251654744148254]
[0.4992729425430298, 0.5778188109397888, 0.44439202547073364, 0.3163418471813202, 0.527769923210144]
[0.4443366229534149, 0.5474230051040649, 0.48117077350616455, 0.3292992115020752, 0.47235387563705444]
[0.48863619565963745, 0.5530306100845337, 0.44112297892570496, 0.31516167521476746, 0.5216673612594604]
[0.5464209914207458, 0.6007418632507324, 0.4219210743904114, 0.2698492705821991, 0.542654275894165]
[0.4443366229534149, 0.5474230051040649, 0.48117077350616455, 0.3292992115020752, 0.47235387563705444]
[0.5464209914207458, 0.6007418632507324, 0.4219210743904114, 0.2698492705821991, 0.542654275894165]
[0.5064732432365417, 0.575779139995575, 0.4321959614753723, 0.2949172854423523, 0.5269533395767212]
[0.4443366229534149, 0.5474230051040649, 0.48117077350616455, 0.3292992115020752, 0.47235387563705444]
[0.5464209914207458, 0.6007418632507324, 0.4219210743904114, 0.2698492705821991, 0.542654275894165]
[0.5464209914207458, 0.6007418632507324, 0.4219210743904114, 0.2698492705821991, 0.542654275894165]
[0.5464209914207458, 0.6007418632507324, 0.4219210743904114, 0.2698492705821991, 0.542654275894165]
[0.4443366229534149, 0.5474230051040649, 0.48117077350616455, 0.3292992115020752, 0.47235387563705444]
[0.474835067987442, 0.585129976272583, 0.43568482995033264, 0.2900458872318268, 0.5095977187156677]
[0.4443366229534149, 0.5474230051040649, 0.48117077350616455, 0.3292992115020752, 0.47235387563705444]
[0.5464209914207458, 0.6007418632507324, 0.4219210743904114, 0.2698492705821991, 0.542654275894165]
[0.4443366229534149, 0.5474230051040649, 0.48117077350616455, 0.3292992115020752, 0.47235387563705444]
[0.4443366229534149, 0.5474230051040649, 0.48117077350616455, 0.3292992115020752, 0.47235387563705444]
[0.4443366229534149, 0.5474230051040649, 0.48117077350616455, 0.3292992115020752, 0.47235387563705444]
[0.4443366229534149, 0.5474230051040649, 0.48117077350616455, 0.3292992115020752, 0.47235387563705444]
[0.559366762638092, 0.5565207004547119, 0.41645705699920654, 0.25720807909965515, 0.5786886215209961]
[0.4443366229534149, 0.5474230051040649, 0.48117077350616455, 0.3292992115020752, 0.47235387563705444]
[0.49819183349609375, 0.5695810914039612, 0.4092336595058441, 0.28381651639938354, 0.5330636501312256]
[0.4443366229534149, 0.5474230051040649, 0.48117077350616455, 0.3292992115020752, 0.47235387563705444]
[0.5592570900917053, 0.5852299928665161, 0.405796617269516, 0.2585097849369049, 0.5479423403739929]
[0.5082011818885803, 0.5446173548698425, 0.4293830692768097, 0.3247186839580536, 0.5601215362548828]
[0.49819183349609375, 0.5695810914039612, 0.4092336595058441, 0.28381651639938354, 0.5330636501312256]
[0.5368074774742126, 0.5940186381340027, 0.4147719442844391, 0.2643170952796936, 0.562678873538971]
[0.529776930809021, 0.5132785439491272, 0.47095659375190735, 0.3176659047603607, 0.5312341451644897]
[0.4980425238609314, 0.5948642492294312, 0.47061336040496826, 0.3169980049133301, 0.5248123407363892]
[0.5223280191421509, 0.5710197687149048, 0.42911016941070557, 0.29099664092063904, 0.5432698726654053]
[0.5196585655212402, 0.5349999070167542, 0.4146226942539215, 0.2896687686443329, 0.5606148838996887]
[0.45914486050605774, 0.5553573369979858, 0.4471626281738281, 0.31687188148498535, 0.46200060844421387]
[0.6184378862380981, 0.5534428358078003, 0.3690283000469208, 0.2339685708284378, 0.6053919792175293]
[0.4955621361732483, 0.5920056104660034, 0.4295900762081146, 0.27636879682540894, 0.5380821228027344]
