0
【多一次转发，多一份希望】眼瞅着烂在树上的红枣越来越多，果农一筹莫展。如果您有好的销路，请拨打热线：临县红枣产业局工作人员，0358-4427339。满地的枣子是他们一年的汗水和希望，帮扩，转起！
[0.5127200484275818, 0.5510217547416687, 0.455966591835022, 0.3428681790828705, 0.5209612250328064]
[0.4275378882884979, 0.5718470811843872, 0.44574612379074097, 0.29460960626602173, 0.4921588897705078]
[0.5541157126426697, 0.5802339315414429, 0.42991524934768677, 0.2562858462333679, 0.5471553206443787]
[0.47409674525260925, 0.545303463935852, 0.47985345125198364, 0.35671186447143555, 0.5205666422843933]
[0.5515138506889343, 0.5747750401496887, 0.4129287600517273, 0.2938103973865509, 0.5459060668945312]
[0.48500221967697144, 0.5576491355895996, 0.45797574520111084, 0.33975455164909363, 0.4926716685295105]
[0.48481979966163635, 0.5930529832839966, 0.42546895146369934, 0.27266812324523926, 0.5225622057914734]
[0.5127200484275818, 0.5510217547416687, 0.455966591835022, 0.3428681790828705, 0.5209612250328064]
[0.5253287553787231, 0.5786680579185486, 0.4139127731323242, 0.2957090139389038, 0.5589954853057861]
[0.4512592852115631, 0.5175060629844666, 0.47458264231681824, 0.3316996097564697, 0.479276567697525]
[0.5397805571556091, 0.5479991436004639, 0.4339492917060852, 0.30863505601882935, 0.5403124690055847]
[0.4902782440185547, 0.5460535287857056, 0.45449140667915344, 0.3169300854206085, 0.5074248909950256]
[0.45928090810775757, 0.5376033782958984, 0.4610254168510437, 0.3474178910255432, 0.4962224066257477]
[0.5125337839126587, 0.5530466437339783, 0.46893084049224854, 0.32593315839767456, 0.5316286683082581]
[0.3179534077644348, 0.5535973310470581, 0.45110636949539185, 0.3127938508987427, 0.4364778399467468]
[0.49407804012298584, 0.5529834628105164, 0.47760453820228577, 0.3381747305393219, 0.5170536041259766]
[0.5238616466522217, 0.5397142767906189, 0.4326328933238983, 0.28815603256225586, 0.5241010189056396]
[0.5328819155693054, 0.5866173505783081, 0.4204818606376648, 0.2753576934337616, 0.545409083366394]
[0.49974703788757324, 0.5623549818992615, 0.44716957211494446, 0.29103556275367737, 0.5372581481933594]
[0.4996466636657715, 0.5822010040283203, 0.4318154752254486, 0.28887996077537537, 0.5563217997550964]
[0.5058897137641907, 0.5832006335258484, 0.43435025215148926, 0.26824602484703064, 0.5498504638671875]
[0.5155208706855774, 0.5699082016944885, 0.4310709536075592, 0.30891838669776917, 0.549452006816864]
[0.5156474709510803, 0.5581414699554443, 0.4711979031562805, 0.34170594811439514, 0.5406412482261658]
[0.5032069087028503, 0.5911697149276733, 0.43466606736183167, 0.2767493426799774, 0.5261245965957642]
[0.49926626682281494, 0.5531259179115295, 0.46610215306282043, 0.3388109803199768, 0.5124226212501526]
[0.41013020277023315, 0.5198279023170471, 0.5270820260047913, 0.536988377571106, 0.47132983803749084]
[0.4663790166378021, 0.5743229389190674, 0.43290919065475464, 0.2853028178215027, 0.4949899911880493]
[0.49183258414268494, 0.5667566061019897, 0.41951677203178406, 0.2899826169013977, 0.4926515221595764]
[0.48481979966163635, 0.5930529832839966, 0.42546895146369934, 0.27266812324523926, 0.5225622057914734]
[0.45769667625427246, 0.5521460175514221, 0.45057156682014465, 0.363496869802475, 0.49010902643203735]
[0.46638035774230957, 0.5648683309555054, 0.4494856297969818, 0.3282828629016876, 0.4706222414970398]
[0.4281724691390991, 0.5983548164367676, 0.4368290901184082, 0.2996242940425873, 0.4972575306892395]
[0.5203359723091125, 0.5745809078216553, 0.4114213287830353, 0.27673542499542236, 0.5416044592857361]
[0.4232136011123657, 0.5398231744766235, 0.49056124687194824, 0.3453502655029297, 0.48578718304634094]
[0.5035759806632996, 0.5315678119659424, 0.4646918475627899, 0.3452190160751343, 0.5226767659187317]
[0.5127200484275818, 0.5510217547416687, 0.455966591835022, 0.3428681790828705, 0.5209612250328064]
[0.5196093916893005, 0.5764210224151611, 0.41797444224357605, 0.2798677086830139, 0.5257759094238281]
[0.529776930809021, 0.5132785439491272, 0.47095659375190735, 0.3176659047603607, 0.5312341451644897]
[0.48481979966163635, 0.5930529832839966, 0.42546895146369934, 0.27266812324523926, 0.5225622057914734]
[0.5079492926597595, 0.5554026365280151, 0.4352310597896576, 0.31878921389579773, 0.5100610256195068]
[0.5127200484275818, 0.5510217547416687, 0.455966591835022, 0.3428681790828705, 0.5209612250328064]
