0
【水电站员工发现遗体挟尸要价打捞费】少女失踪，家属四处寻找并报警。遗体被水电站员工发现，并没有第一时间报警，而是找到家属索要打捞费。家属看到尸体仅一条腿被一根麻绳拴起来，身体其余部分浸泡在渠水中。“耽误了警方的最佳破案时间。”张师傅说，邓某的行为就是挟尸要价。
[0.5018402934074402, 0.5248074531555176, 0.4968261122703552, 0.34272637963294983, 0.4855177104473114]
[0.5135837197303772, 0.5894712209701538, 0.44288814067840576, 0.3035860061645508, 0.5278021693229675]
[0.4951322674751282, 0.5697953701019287, 0.45835980772972107, 0.3249965310096741, 0.523881733417511]
[0.4908280670642853, 0.5766679644584656, 0.4250636696815491, 0.27671945095062256, 0.5227842330932617]
[0.521965503692627, 0.5492445230484009, 0.418446809053421, 0.30409005284309387, 0.5492904782295227]
[0.5330238342285156, 0.578122079372406, 0.41368168592453003, 0.2667312026023865, 0.5515555143356323]
[0.4908280670642853, 0.5766679644584656, 0.4250636696815491, 0.27671945095062256, 0.5227842330932617]
[0.4477544128894806, 0.5613657236099243, 0.4443085193634033, 0.2993827760219574, 0.4983350336551666]
[0.567260205745697, 0.6121981143951416, 0.4108421206474304, 0.2583886682987213, 0.5456157326698303]
[0.3072885572910309, 0.5462142825126648, 0.45011675357818604, 0.3187411427497864, 0.437751442193985]
[0.4762091040611267, 0.5375688076019287, 0.5076680779457092, 0.37316709756851196, 0.4892699718475342]
[0.4437237083911896, 0.5808864831924438, 0.43781134486198425, 0.27734535932540894, 0.47363385558128357]
[0.5289108753204346, 0.5635219216346741, 0.4201725125312805, 0.29701870679855347, 0.5365204215049744]
[0.4696716368198395, 0.5549660325050354, 0.4583151936531067, 0.33449068665504456, 0.5066695213317871]
[0.4653075933456421, 0.5354422926902771, 0.48162251710891724, 0.3661741316318512, 0.48757705092430115]
[0.5726377964019775, 0.5945078730583191, 0.4032699167728424, 0.25039970874786377, 0.5697941780090332]
[0.4908280670642853, 0.5766679644584656, 0.4250636696815491, 0.27671945095062256, 0.5227842330932617]
[0.37502437829971313, 0.5611242651939392, 0.48082104325294495, 0.29008737206459045, 0.46683892607688904]
[0.5287615060806274, 0.5769014954566956, 0.4109269976615906, 0.27030524611473083, 0.5450208783149719]
[0.5270894765853882, 0.5339969992637634, 0.46472129225730896, 0.3531803488731384, 0.5196170210838318]
[0.5187366008758545, 0.5649468898773193, 0.40715548396110535, 0.24573533236980438, 0.5634889602661133]
[0.31367141008377075, 0.5024363994598389, 0.5031917095184326, 0.3821595311164856, 0.4150889813899994]
[0.486380934715271, 0.5591713190078735, 0.47194892168045044, 0.3022618591785431, 0.5376671552658081]
[0.4696716368198395, 0.5549660325050354, 0.4583151936531067, 0.33449068665504456, 0.5066695213317871]
[0.465920090675354, 0.5224630236625671, 0.48042264580726624, 0.33594465255737305, 0.4813380837440491]
[0.5292931199073792, 0.5863452553749084, 0.4069826304912567, 0.26306408643722534, 0.548448383808136]
[0.5038161873817444, 0.5792936086654663, 0.4162904918193817, 0.2712332308292389, 0.5230708718299866]
[0.4521186351776123, 0.5494034886360168, 0.4417770802974701, 0.30218833684921265, 0.5020415782928467]
[0.45067715644836426, 0.5541494488716125, 0.45227155089378357, 0.32455116510391235, 0.4773249626159668]
[0.4764113426208496, 0.5631660223007202, 0.430133581161499, 0.3038442134857178, 0.5055626034736633]
[0.5441173911094666, 0.5760291814804077, 0.41293591260910034, 0.2539834678173065, 0.56787109375]
[0.49428269267082214, 0.5148581266403198, 0.47837430238723755, 0.3809299170970917, 0.5085183382034302]
[0.44287046790122986, 0.5507550239562988, 0.43182897567749023, 0.31581616401672363, 0.47823384404182434]
[0.5908893942832947, 0.5994924306869507, 0.3979022204875946, 0.2256365716457367, 0.5664651393890381]
[0.4497256875038147, 0.5613951086997986, 0.4561385214328766, 0.31773310899734497, 0.5117363929748535]
[0.542008638381958, 0.5734935998916626, 0.4178186357021332, 0.2716773748397827, 0.5533059239387512]
[0.5598198175430298, 0.5890407562255859, 0.39287808537483215, 0.2448706477880478, 0.5768116116523743]
[0.4840248227119446, 0.5581931471824646, 0.4485619068145752, 0.30479753017425537, 0.536749541759491]
[0.46579840779304504, 0.5343746542930603, 0.4622177481651306, 0.32881516218185425, 0.5001828074455261]
[0.5149213075637817, 0.5745115280151367, 0.4294396936893463, 0.2818833291530609, 0.5206738114356995]
[0.4747809171676636, 0.5364693999290466, 0.45788684487342834, 0.3563038408756256, 0.46714475750923157]
[0.48029497265815735, 0.5783863663673401, 0.4301031529903412, 0.29576992988586426, 0.5009608864784241]
[0.5664893984794617, 0.5876714587211609, 0.4169379472732544, 0.25832438468933105, 0.5511159896850586]
[0.5274561047554016, 0.5227242708206177, 0.5016500353813171, 0.38127270340919495, 0.5242712497711182]
[0.5392298102378845, 0.5765804648399353, 0.39110687375068665, 0.26980504393577576, 0.5543069243431091]
[0.5031249523162842, 0.5835800766944885, 0.44759735465049744, 0.28803518414497375, 0.5301607251167297]
[0.47909003496170044, 0.5724263787269592, 0.44229939579963684, 0.3034624457359314, 0.4967159330844879]
[0.43928033113479614, 0.5755216479301453, 0.43812182545661926, 0.28464990854263306, 0.4676651954650879]
[0.5449565052986145, 0.5861325860023499, 0.4129107892513275, 0.27066612243652344, 0.5593444108963013]
[0.5474276542663574, 0.584778904914856, 0.3869423568248749, 0.2555631399154663, 0.5551396608352661]
[0.4908280670642853, 0.5766679644584656, 0.4250636696815491, 0.27671945095062256, 0.5227842330932617]
[0.5267158150672913, 0.5970842242240906, 0.4182816445827484, 0.25705334544181824, 0.5629956722259521]
[0.5577318668365479, 0.5718006491661072, 0.41355958580970764, 0.2846372127532959, 0.5674663782119751]
[0.5070725679397583, 0.5795678496360779, 0.4309682846069336, 0.25872695446014404, 0.538472592830658]
[0.4630201458930969, 0.5659198760986328, 0.4705256223678589, 0.32357165217399597, 0.493617445230484]
[0.5585876107215881, 0.580578088760376, 0.40582549571990967, 0.272148460149765, 0.5730379223823547]
[0.5281322002410889, 0.571925938129425, 0.42471909523010254, 0.2862032949924469, 0.5477995276451111]
[0.47852998971939087, 0.5621502995491028, 0.4278840124607086, 0.25901612639427185, 0.5101984143257141]
[0.4355076849460602, 0.5158638954162598, 0.5046681761741638, 0.39821872115135193, 0.48928093910217285]
[0.4798668920993805, 0.5679158568382263, 0.4577740728855133, 0.30379799008369446, 0.4906252324581146]
[0.4663102626800537, 0.5387176275253296, 0.4908892512321472, 0.3965718746185303, 0.4721433222293854]
[0.6141263246536255, 0.5597902536392212, 0.37775081396102905, 0.2284380942583084, 0.5876419544219971]
[0.5699140429496765, 0.565395176410675, 0.39548519253730774, 0.27170872688293457, 0.5789620280265808]
[0.4758197069168091, 0.5243940949440002, 0.4847733974456787, 0.36191681027412415, 0.5184534192085266]
[0.4703446328639984, 0.5485199093818665, 0.49263763427734375, 0.3514990508556366, 0.5191747546195984]
[0.5804517269134521, 0.5464088320732117, 0.38062453269958496, 0.24038566648960114, 0.5595226287841797]
[0.4993869960308075, 0.5620197057723999, 0.4609840512275696, 0.31597384810447693, 0.5076984167098999]
[0.413279265165329, 0.5566044449806213, 0.470181405544281, 0.31838685274124146, 0.46041256189346313]
[0.5344899892807007, 0.5686236023902893, 0.4549931287765503, 0.27806317806243896, 0.5490659475326538]
[0.5133227109909058, 0.5794464349746704, 0.4150134027004242, 0.29122549295425415, 0.5223665237426758]
[0.4977068603038788, 0.5827429890632629, 0.4458491802215576, 0.2774009108543396, 0.5164338946342468]
[0.4265231490135193, 0.5339536070823669, 0.4968337118625641, 0.35093873739242554, 0.48710721731185913]
[0.5266144275665283, 0.5739452242851257, 0.4023740887641907, 0.247623011469841, 0.5483434200286865]
[0.43774041533470154, 0.5345368981361389, 0.47865620255470276, 0.37868961691856384, 0.4710083603858948]
[0.6582083702087402, 0.5179156064987183, 0.3926711976528168, 0.27383482456207275, 0.6135180592536926]
