0
#热点#【最高法罕见谈聂树斌案：要舆论监督 勿舆论审判】14日，山东高院第三次延长聂树斌案复查期限。最高法称，一些“拿正义说事”的评论，预设了聂案是冤案的前提，要求早日宣判聂树斌无罪，这是典型的舆论审判。舆论监督可以追问真相，但不应该对案件结果作出先入为主的判断。
[0.4947929084300995, 0.5156263113021851, 0.5112709999084473, 0.43313658237457275, 0.5244530439376831]
[0.385852575302124, 0.5593848824501038, 0.45914506912231445, 0.2989233136177063, 0.4251597821712494]
[0.4857376217842102, 0.5586811900138855, 0.4904097616672516, 0.3279191255569458, 0.5111829042434692]
[0.5590664148330688, 0.5558529496192932, 0.4193078279495239, 0.2762366831302643, 0.5834397673606873]
[0.48733916878700256, 0.5739020109176636, 0.42586496472358704, 0.2761390507221222, 0.4984787106513977]
[0.5153785347938538, 0.5706379413604736, 0.4439474046230316, 0.2759677469730377, 0.5320263504981995]
[0.5022434592247009, 0.5685746073722839, 0.44745615124702454, 0.3029414117336273, 0.5115152597427368]
[0.49471911787986755, 0.5366107225418091, 0.41556745767593384, 0.29493123292922974, 0.532524585723877]
[0.5339813232421875, 0.5796684622764587, 0.3985431492328644, 0.2617151737213135, 0.5533917546272278]
[0.3682872951030731, 0.5410106182098389, 0.43682804703712463, 0.29630130529403687, 0.4435845613479614]
[0.44083136320114136, 0.537589430809021, 0.5234022736549377, 0.4066524803638458, 0.4736941456794739]
[0.5723697543144226, 0.5431177616119385, 0.419670045375824, 0.28015533089637756, 0.5545021891593933]
[0.5031408071517944, 0.526949942111969, 0.4583638310432434, 0.32337814569473267, 0.5431094765663147]
[0.4708089232444763, 0.5784220099449158, 0.4470614790916443, 0.2904331088066101, 0.5256243944168091]
[0.5431079864501953, 0.5879817008972168, 0.4206201136112213, 0.26107126474380493, 0.5530266761779785]
[0.5739707946777344, 0.5625626444816589, 0.4055694043636322, 0.25513339042663574, 0.5558923482894897]
[0.48796191811561584, 0.5832350850105286, 0.4278097450733185, 0.26978734135627747, 0.5244330167770386]
[0.43201592564582825, 0.5085768699645996, 0.5035630464553833, 0.41725632548332214, 0.46920716762542725]
[0.5003290176391602, 0.5441949367523193, 0.4415332078933716, 0.2816363573074341, 0.49837663769721985]
[0.5485100746154785, 0.5548023581504822, 0.42863771319389343, 0.28476694226264954, 0.5371560454368591]
[0.43822699785232544, 0.531554102897644, 0.48705530166625977, 0.3965247571468353, 0.48130321502685547]
[0.43822699785232544, 0.531554102897644, 0.48705530166625977, 0.3965247571468353, 0.48130321502685547]
[0.5485100746154785, 0.5548023581504822, 0.42863771319389343, 0.28476694226264954, 0.5371560454368591]
[0.47694599628448486, 0.5707288980484009, 0.4301442503929138, 0.2884899973869324, 0.49586066603660583]
[0.4564164876937866, 0.5614577531814575, 0.4415087401866913, 0.30561909079551697, 0.4970422089099884]
[0.42969441413879395, 0.5631528496742249, 0.4294148087501526, 0.30355873703956604, 0.46747931838035583]
[0.4831467270851135, 0.5784282684326172, 0.44287076592445374, 0.2789541184902191, 0.4982694983482361]
[0.48155447840690613, 0.5803086757659912, 0.4489319622516632, 0.30717113614082336, 0.4995381236076355]
[0.5076504349708557, 0.5729110240936279, 0.43716323375701904, 0.30131784081459045, 0.5433545708656311]
[0.45998629927635193, 0.5484607815742493, 0.428871750831604, 0.2997056543827057, 0.4878072142601013]
[0.513798177242279, 0.5541041493415833, 0.4408361613750458, 0.2814348042011261, 0.520429790019989]
[0.5104960203170776, 0.5455848574638367, 0.42439180612564087, 0.2786199748516083, 0.5095798969268799]
[0.4695112407207489, 0.5695242881774902, 0.4309712052345276, 0.27761051058769226, 0.506702184677124]
[0.4463975429534912, 0.5100054144859314, 0.5063827037811279, 0.3737994432449341, 0.4565225839614868]
[0.38302403688430786, 0.5298413038253784, 0.4704861044883728, 0.35145053267478943, 0.4191610515117645]
[0.549696147441864, 0.5843705534934998, 0.40043726563453674, 0.2655196189880371, 0.5695567727088928]
[0.49776551127433777, 0.5689550042152405, 0.43919485807418823, 0.3124617338180542, 0.5007562637329102]
[0.4672415852546692, 0.5476452708244324, 0.42409849166870117, 0.29980698227882385, 0.5182700157165527]
[0.42619651556015015, 0.5246905088424683, 0.5207145810127258, 0.3934519588947296, 0.4650692343711853]
[0.4722580313682556, 0.5598931312561035, 0.4116256833076477, 0.28071627020835876, 0.5314730405807495]
[0.5419666767120361, 0.5778271555900574, 0.383948415517807, 0.2590830624103546, 0.5540586709976196]
[0.5635231137275696, 0.577660322189331, 0.39003127813339233, 0.2363106906414032, 0.5543562173843384]
[0.49724939465522766, 0.5534802079200745, 0.4596928656101227, 0.2830279469490051, 0.5151734352111816]
[0.3942256569862366, 0.5122068524360657, 0.45826029777526855, 0.3143535852432251, 0.4442282021045685]
[0.5441323518753052, 0.5710474252700806, 0.406002014875412, 0.2624207139015198, 0.5569413900375366]
[0.49724939465522766, 0.5534802079200745, 0.4596928656101227, 0.2830279469490051, 0.5151734352111816]
[0.4482665956020355, 0.5115679502487183, 0.46005257964134216, 0.3164104223251343, 0.47308462858200073]
[0.5300606489181519, 0.5663817524909973, 0.3951930105686188, 0.24282564222812653, 0.5372883677482605]
[0.47173091769218445, 0.5330292582511902, 0.45350387692451477, 0.3180316388607025, 0.527705192565918]
[0.42706772685050964, 0.5126259922981262, 0.4963485300540924, 0.3734115958213806, 0.4776338040828705]
[0.49430349469184875, 0.5855335593223572, 0.4337640404701233, 0.25959286093711853, 0.5268653035163879]
[0.5363406538963318, 0.6008608937263489, 0.4157363474369049, 0.2645694613456726, 0.5159626007080078]
[0.49612584710121155, 0.5477136373519897, 0.4617933928966522, 0.34221866726875305, 0.5203166604042053]
[0.3882067799568176, 0.5439102649688721, 0.48859867453575134, 0.3420918881893158, 0.4762823283672333]
[0.5060655474662781, 0.5510825514793396, 0.4302178621292114, 0.29784491658210754, 0.5251712203025818]
[0.4991058111190796, 0.5875363349914551, 0.4233757555484772, 0.27991145849227905, 0.5080686807632446]
[0.4347728490829468, 0.5267253518104553, 0.46307113766670227, 0.37307775020599365, 0.4851743280887604]
[0.5103796124458313, 0.5239092111587524, 0.464483380317688, 0.3468218445777893, 0.5181745886802673]
[0.5103796124458313, 0.5239092111587524, 0.464483380317688, 0.3468218445777893, 0.5181745886802673]
[0.5430113673210144, 0.5578033924102783, 0.4364953935146332, 0.3125980496406555, 0.549211323261261]
[0.5070725679397583, 0.5795678496360779, 0.4309682846069336, 0.25872695446014404, 0.538472592830658]
[0.4922087788581848, 0.5383778810501099, 0.4690565764904022, 0.35474056005477905, 0.534898579120636]
[0.5436082482337952, 0.5646742582321167, 0.4420238733291626, 0.2896634042263031, 0.5481064915657043]
[0.4869781732559204, 0.5689908862113953, 0.4290693700313568, 0.28768518567085266, 0.49246346950531006]
[0.5053547024726868, 0.5506459474563599, 0.47186148166656494, 0.3726213872432709, 0.5267150402069092]
[0.40939921140670776, 0.5032225251197815, 0.47965294122695923, 0.32066217064857483, 0.44979825615882874]
[0.5239847898483276, 0.574059247970581, 0.4058999717235565, 0.2963843047618866, 0.5524446368217468]
[0.5441323518753052, 0.5710474252700806, 0.406002014875412, 0.2624207139015198, 0.5569413900375366]
[0.45583927631378174, 0.5524896383285522, 0.44744378328323364, 0.301503449678421, 0.4802114963531494]
[0.4667150676250458, 0.5227755904197693, 0.4647924602031708, 0.3365243673324585, 0.5202403664588928]
[0.5233866572380066, 0.56171715259552, 0.40951618552207947, 0.2770211398601532, 0.5507599115371704]
[0.48445749282836914, 0.5607815384864807, 0.4450651705265045, 0.28556305170059204, 0.5047132968902588]
[0.48917752504348755, 0.5469464063644409, 0.4671485126018524, 0.3477123975753784, 0.5387465953826904]
[0.5200618505477905, 0.5923843383789062, 0.4176482856273651, 0.2727010250091553, 0.5366414785385132]
[0.47979268431663513, 0.5554856061935425, 0.43620574474334717, 0.32425007224082947, 0.5197216868400574]
[0.3175467848777771, 0.5195278525352478, 0.4653441905975342, 0.34253865480422974, 0.42731478810310364]
[0.49465611577033997, 0.5469532608985901, 0.5171083211898804, 0.40424612164497375, 0.5130864977836609]
[0.4546763598918915, 0.5741161108016968, 0.45188263058662415, 0.28243863582611084, 0.49096348881721497]
[0.4752258062362671, 0.5691908001899719, 0.4391210675239563, 0.3077876567840576, 0.4840574860572815]
[0.4752258062362671, 0.5691908001899719, 0.4391210675239563, 0.3077876567840576, 0.4840574860572815]
[0.4973598122596741, 0.5465872287750244, 0.4483439326286316, 0.33441177010536194, 0.5131973028182983]
[0.4973598122596741, 0.5465872287750244, 0.4483439326286316, 0.33441177010536194, 0.5131973028182983]
[0.4865834414958954, 0.5470659136772156, 0.42943674325942993, 0.2574252486228943, 0.5356394052505493]
[0.47986266016960144, 0.5880082249641418, 0.4293723404407501, 0.2743452191352844, 0.5044422149658203]
[0.5359213948249817, 0.5633556842803955, 0.42947179079055786, 0.2811504602432251, 0.5407143831253052]
[0.4739276170730591, 0.5211611390113831, 0.48631665110588074, 0.3939615786075592, 0.5178380608558655]
[0.4922528564929962, 0.5635388493537903, 0.42838239669799805, 0.2807512581348419, 0.48218005895614624]
[0.5126591920852661, 0.5759720802307129, 0.4152299463748932, 0.2810848355293274, 0.5174343585968018]
[0.49705150723457336, 0.5430738925933838, 0.4470672011375427, 0.3002304434776306, 0.5142179131507874]
[0.38868772983551025, 0.5208383798599243, 0.4937826693058014, 0.3953065872192383, 0.45069295167922974]
[0.501259982585907, 0.5330554842948914, 0.4202866852283478, 0.283409982919693, 0.5400943160057068]
[0.5285307765007019, 0.5544518232345581, 0.39421677589416504, 0.25427430868148804, 0.5658780336380005]
[0.45649218559265137, 0.5255134105682373, 0.4480224847793579, 0.3045946955680847, 0.4731349050998688]
[0.49822261929512024, 0.5705657005310059, 0.4156893491744995, 0.27716928720474243, 0.5332598686218262]
[0.48433372378349304, 0.5361073613166809, 0.471752792596817, 0.38052108883857727, 0.5390371084213257]
[0.5010538697242737, 0.5524869561195374, 0.4399901330471039, 0.3438856601715088, 0.5137581825256348]
[0.5326300859451294, 0.5612297058105469, 0.4012417197227478, 0.26527246832847595, 0.5552275776863098]
[0.47835955023765564, 0.5205791592597961, 0.4757256805896759, 0.3591546416282654, 0.48468175530433655]
[0.4610271155834198, 0.5923653841018677, 0.44840267300605774, 0.27120089530944824, 0.5124393105506897]
[0.5043799877166748, 0.5565621852874756, 0.41180184483528137, 0.2753470540046692, 0.5403505563735962]
[0.48977306485176086, 0.5493976473808289, 0.44871851801872253, 0.32153552770614624, 0.48880520462989807]
