0
【30本名著的最后一句话，你看过吗】看过那么多本名著，你是否都做到“有始有终”了呢？这些名著的最后一句话写了什么，你知道吗？真正的好作品，单单一句话就值得反复咀嚼，让人回味无穷。重温这些好书好句，也许能带给你新的体悟！转发收藏，周末，给自己的心灵做个沐浴吧！（人民日报）
[0.4598264694213867, 0.5656366348266602, 0.4646167457103729, 0.3103778064250946, 0.5259613990783691]
[0.375582218170166, 0.5576375126838684, 0.45008203387260437, 0.26970160007476807, 0.4614161252975464]
[0.5014330148696899, 0.598342776298523, 0.4388819634914398, 0.28699299693107605, 0.5582278966903687]
[0.3352242708206177, 0.5514780282974243, 0.4904477298259735, 0.3422589898109436, 0.44309383630752563]
[0.5109920501708984, 0.584955096244812, 0.425641804933548, 0.28093650937080383, 0.5421109199523926]
[0.4504721760749817, 0.529350757598877, 0.4730480909347534, 0.37593361735343933, 0.47299429774284363]
[0.49686020612716675, 0.5577365756034851, 0.4754769504070282, 0.3605116307735443, 0.5355652570724487]
[0.4903217554092407, 0.5743115544319153, 0.4527546763420105, 0.2799321115016937, 0.5028114914894104]
[0.5381425619125366, 0.580774188041687, 0.42580416798591614, 0.2685902416706085, 0.5499557256698608]
[0.4994548559188843, 0.5525755882263184, 0.4356323182582855, 0.3716478943824768, 0.4939161241054535]
[0.4994548559188843, 0.5525755882263184, 0.4356323182582855, 0.3716478943824768, 0.4939161241054535]
[0.4169449806213379, 0.5437257289886475, 0.49568066000938416, 0.39418527483940125, 0.45298391580581665]
[0.4533109962940216, 0.5604290962219238, 0.4470035433769226, 0.3209921419620514, 0.48128825426101685]
[0.4344732463359833, 0.5154719948768616, 0.5084244608879089, 0.43650028109550476, 0.4749409258365631]
[0.40324610471725464, 0.563686728477478, 0.4488445222377777, 0.2848917841911316, 0.44950708746910095]
[0.38363757729530334, 0.5437830090522766, 0.49017730355262756, 0.33013248443603516, 0.4478972256183624]
[0.42763760685920715, 0.5448083877563477, 0.46711987257003784, 0.3266620934009552, 0.4687795639038086]
[0.4740396738052368, 0.5802773833274841, 0.4260104298591614, 0.29502689838409424, 0.5066375732421875]
[0.4145800471305847, 0.5602164268493652, 0.4270014762878418, 0.2625711262226105, 0.4717119336128235]
[0.48690399527549744, 0.5690615773200989, 0.4279900789260864, 0.30078476667404175, 0.5262806415557861]
[0.5382137298583984, 0.5925149917602539, 0.46444466710090637, 0.3148670196533203, 0.5524293780326843]
[0.41542306542396545, 0.5444859266281128, 0.4886062443256378, 0.32024523615837097, 0.48284170031547546]
[0.45421066880226135, 0.5280883312225342, 0.4875577688217163, 0.313789427280426, 0.5209841728210449]
[0.5334781408309937, 0.5408657193183899, 0.4699886739253998, 0.3521309792995453, 0.5221676230430603]
[0.5403479337692261, 0.588286817073822, 0.4121856093406677, 0.2761087119579315, 0.5538765788078308]
[0.5412766933441162, 0.5861808061599731, 0.42228198051452637, 0.2693049907684326, 0.5714809894561768]
[0.5160905122756958, 0.5571146011352539, 0.4352594017982483, 0.293101966381073, 0.5283202528953552]
[0.4435643255710602, 0.5550543665885925, 0.4516739547252655, 0.34407657384872437, 0.45942777395248413]
[0.5110324025154114, 0.5661944150924683, 0.4312300682067871, 0.2837136685848236, 0.5370215773582458]
[0.518643319606781, 0.5795661211013794, 0.43667668104171753, 0.2685704827308655, 0.5344675779342651]
[0.4720154106616974, 0.5552521347999573, 0.4880971908569336, 0.3562001585960388, 0.4905985891819]
[0.4917066693305969, 0.5825051665306091, 0.44262710213661194, 0.28564703464508057, 0.5208768248558044]
[0.49819183349609375, 0.5695810914039612, 0.4092336595058441, 0.28381651639938354, 0.5330636501312256]
[0.4318223297595978, 0.5626360774040222, 0.46328991651535034, 0.2924359440803528, 0.510226309299469]
[0.5310868620872498, 0.577610194683075, 0.4191865026950836, 0.2488948255777359, 0.5686972141265869]
[0.520112931728363, 0.5901774168014526, 0.4304865002632141, 0.2806229293346405, 0.540928304195404]
[0.48379552364349365, 0.5937032699584961, 0.41920071840286255, 0.2830924987792969, 0.4925927221775055]
[0.5333315134048462, 0.5579179525375366, 0.44851431250572205, 0.30288591980934143, 0.5359246730804443]
[0.5232979655265808, 0.5641832947731018, 0.40011897683143616, 0.2542497217655182, 0.5690473914146423]
[0.49819183349609375, 0.5695810914039612, 0.4092336595058441, 0.28381651639938354, 0.5330636501312256]
[0.5725752711296082, 0.5419706106185913, 0.4148727357387543, 0.27152636647224426, 0.5547686815261841]
[0.49819183349609375, 0.5695810914039612, 0.4092336595058441, 0.28381651639938354, 0.5330636501312256]
[0.48555582761764526, 0.5693038702011108, 0.46666419506073, 0.3147921860218048, 0.5403919816017151]
[0.5500224232673645, 0.5483612418174744, 0.401785284280777, 0.27016136050224304, 0.5432965755462646]
[0.49819183349609375, 0.5695810914039612, 0.4092336595058441, 0.28381651639938354, 0.5330636501312256]
[0.5070725679397583, 0.5795678496360779, 0.4309682846069336, 0.25872695446014404, 0.538472592830658]
[0.467952698469162, 0.5581918954849243, 0.4123133718967438, 0.27887439727783203, 0.504521369934082]
[0.43949785828590393, 0.5655264258384705, 0.4493657946586609, 0.3317541778087616, 0.48322609066963196]
[0.48304322361946106, 0.5418010950088501, 0.4881269335746765, 0.40800487995147705, 0.50241619348526]
[0.49819183349609375, 0.5695810914039612, 0.4092336595058441, 0.28381651639938354, 0.5330636501312256]
[0.36341592669487, 0.5283766984939575, 0.4918592870235443, 0.38370129466056824, 0.4247806966304779]
[0.43631410598754883, 0.5208572149276733, 0.5563594698905945, 0.47833746671676636, 0.4662870168685913]
[0.532609224319458, 0.5719916224479675, 0.4364607632160187, 0.273886501789093, 0.548909068107605]
[0.5372194051742554, 0.5367193818092346, 0.4363555908203125, 0.30674266815185547, 0.5477126240730286]
[0.5310579538345337, 0.5712786912918091, 0.4524127244949341, 0.2958354651927948, 0.5191536545753479]
[0.5154221057891846, 0.5797045826911926, 0.4377647638320923, 0.31423550844192505, 0.5566043257713318]
[0.48730531334877014, 0.5764123797416687, 0.43291473388671875, 0.28972259163856506, 0.5232511758804321]
[0.47402361035346985, 0.5627040863037109, 0.42890799045562744, 0.2884754240512848, 0.5327982306480408]
[0.540380597114563, 0.573772132396698, 0.4129336178302765, 0.26325225830078125, 0.5444502234458923]
[0.5310942530632019, 0.5510156154632568, 0.4616717994213104, 0.34884580969810486, 0.5466333627700806]
[0.4633823037147522, 0.553510308265686, 0.4545414447784424, 0.3322456479072571, 0.5111833810806274]
[0.5336553454399109, 0.5740951895713806, 0.43803560733795166, 0.2723960876464844, 0.5178342461585999]
[0.4318223297595978, 0.5626360774040222, 0.46328991651535034, 0.2924359440803528, 0.510226309299469]
[0.4741399884223938, 0.5563517808914185, 0.4401799142360687, 0.30748045444488525, 0.4936794340610504]
[0.5005590915679932, 0.5513090491294861, 0.46097463369369507, 0.3379860520362854, 0.5310189723968506]
[0.4701877236366272, 0.5818636417388916, 0.4127238094806671, 0.2834276854991913, 0.5193461775779724]
[0.46884235739707947, 0.5541058778762817, 0.5146576166152954, 0.3795279562473297, 0.5319110751152039]
[0.5052235722541809, 0.5837340354919434, 0.45217978954315186, 0.2782589793205261, 0.564123272895813]
[0.49819183349609375, 0.5695810914039612, 0.4092336595058441, 0.28381651639938354, 0.5330636501312256]
[0.4969497323036194, 0.5654169917106628, 0.43221423029899597, 0.30820217728614807, 0.5093784332275391]
[0.4533469080924988, 0.5758682489395142, 0.45482200384140015, 0.29162347316741943, 0.49280837178230286]
[0.5359944701194763, 0.5825049877166748, 0.41244903206825256, 0.26725539565086365, 0.5338192582130432]
[0.49819183349609375, 0.5695810914039612, 0.4092336595058441, 0.28381651639938354, 0.5330636501312256]
[0.48730531334877014, 0.5764123797416687, 0.43291473388671875, 0.28972259163856506, 0.5232511758804321]
[0.49819183349609375, 0.5695810914039612, 0.4092336595058441, 0.28381651639938354, 0.5330636501312256]
[0.46884235739707947, 0.5541058778762817, 0.5146576166152954, 0.3795279562473297, 0.5319110751152039]
[0.5665788054466248, 0.5719867944717407, 0.42948076128959656, 0.2646225690841675, 0.565779983997345]
[0.5070725679397583, 0.5795678496360779, 0.4309682846069336, 0.25872695446014404, 0.538472592830658]
[0.49819183349609375, 0.5695810914039612, 0.4092336595058441, 0.28381651639938354, 0.5330636501312256]
[0.5641239881515503, 0.557704508304596, 0.4139566421508789, 0.2881947457790375, 0.561799943447113]
[0.49819183349609375, 0.5695810914039612, 0.4092336595058441, 0.28381651639938354, 0.5330636501312256]
[0.5088357925415039, 0.5478907227516174, 0.4576745927333832, 0.31153973937034607, 0.49878808856010437]
[0.556696355342865, 0.5907080173492432, 0.4101683795452118, 0.2504468560218811, 0.5788236856460571]
[0.5186887383460999, 0.5733761787414551, 0.3961303234100342, 0.24607297778129578, 0.5555227994918823]
[0.36732009053230286, 0.5611740946769714, 0.4423961639404297, 0.2842545509338379, 0.4558969736099243]
[0.5346789956092834, 0.5794398188591003, 0.4189966022968292, 0.27813586592674255, 0.5402774214744568]
[0.42048391699790955, 0.5395916104316711, 0.4466373026371002, 0.3435836136341095, 0.4503571391105652]
[0.5445654988288879, 0.5319897532463074, 0.44250378012657166, 0.2879360318183899, 0.5565078854560852]
[0.5175408720970154, 0.5814745426177979, 0.40767738223075867, 0.2879042625427246, 0.5282890200614929]
[0.49368390440940857, 0.568938672542572, 0.42472124099731445, 0.2848873436450958, 0.5284020900726318]
[0.4895690977573395, 0.5620226263999939, 0.4437527656555176, 0.2940182685852051, 0.5004685521125793]
[0.49393460154533386, 0.5753617882728577, 0.43176454305648804, 0.2822020351886749, 0.5095145106315613]
[0.4438413679599762, 0.569232702255249, 0.44825613498687744, 0.27963370084762573, 0.519323468208313]
[0.4855497479438782, 0.557621419429779, 0.4474359154701233, 0.31582164764404297, 0.5248710513114929]
[0.4598758816719055, 0.581083357334137, 0.42160147428512573, 0.28882262110710144, 0.49149414896965027]
[0.4704155921936035, 0.5717890858650208, 0.464010089635849, 0.32342657446861267, 0.4957906901836395]
[0.47950026392936707, 0.5686728954315186, 0.44361692667007446, 0.2813194990158081, 0.5073621869087219]
[0.4837275743484497, 0.5567784905433655, 0.47438979148864746, 0.3528718650341034, 0.5040909647941589]
[0.5539268851280212, 0.5891088843345642, 0.4333433210849762, 0.27158984541893005, 0.5576305389404297]
[0.4704155921936035, 0.5717890858650208, 0.464010089635849, 0.32342657446861267, 0.4957906901836395]
[0.5154221057891846, 0.5797045826911926, 0.4377647638320923, 0.31423550844192505, 0.5566043257713318]
