0
#万象#【男生校门口摆蜡烛表白 被看门阿姨用灭火器浇灭】昨晚， 门口上演浪漫一幕：一男生为了向心爱的女生表白，准备了蜡烛并摆成心形。然而不幸的是，女主还没等到，蜡烛就已被看门的阿姨用灭火器给浇灭了。 这真是一个悲伤的故事……
[0.5026172995567322, 0.5312176942825317, 0.506273090839386, 0.42171940207481384, 0.5626755356788635]
[0.5432052612304688, 0.5832296013832092, 0.397847443819046, 0.25913840532302856, 0.5391584038734436]
[0.532219409942627, 0.5796871185302734, 0.4230729639530182, 0.28443577885627747, 0.5285305380821228]
[0.5615060329437256, 0.5841159224510193, 0.39749354124069214, 0.27023908495903015, 0.5706154108047485]
[0.5380163788795471, 0.5659053325653076, 0.4078952968120575, 0.2778843939304352, 0.552729070186615]
[0.5422282814979553, 0.5863180160522461, 0.40551844239234924, 0.2753317654132843, 0.556081235408783]
[0.5210505723953247, 0.5804476737976074, 0.4093683660030365, 0.260789692401886, 0.560441792011261]
[0.48084068298339844, 0.5709426999092102, 0.43969178199768066, 0.30139783024787903, 0.5102766156196594]
[0.5578630566596985, 0.5819410681724548, 0.39593759179115295, 0.2714889645576477, 0.5701462030410767]
[0.5504789352416992, 0.5504522323608398, 0.46797049045562744, 0.3006422519683838, 0.5575739741325378]
[0.4585154354572296, 0.5824726223945618, 0.431184858083725, 0.27897778153419495, 0.49670103192329407]
[0.6262868642807007, 0.5661771297454834, 0.37708568572998047, 0.24329586327075958, 0.6054190397262573]
[0.4900693893432617, 0.5800686478614807, 0.42708468437194824, 0.31420639157295227, 0.5338367819786072]
[0.40039440989494324, 0.5605347156524658, 0.46252307295799255, 0.3326151371002197, 0.4631967544555664]
[0.4775215685367584, 0.5588836669921875, 0.4092268943786621, 0.2770841717720032, 0.5114119052886963]
[0.4749504327774048, 0.5695233941078186, 0.4438658356666565, 0.2872762680053711, 0.5301616191864014]
[0.47821933031082153, 0.568546712398529, 0.4386584758758545, 0.30358898639678955, 0.5069605708122253]
[0.42311719059944153, 0.5573950409889221, 0.4503830671310425, 0.3300999104976654, 0.48389649391174316]
[0.5035492181777954, 0.5684474110603333, 0.43110090494155884, 0.2885487675666809, 0.5493566393852234]
[0.49029970169067383, 0.586135983467102, 0.41699841618537903, 0.25333496928215027, 0.5173271894454956]
[0.5070725679397583, 0.5795678496360779, 0.4309682846069336, 0.25872695446014404, 0.538472592830658]
[0.4893319010734558, 0.5730206370353699, 0.42194288969039917, 0.2588694989681244, 0.5248550772666931]
[0.3814035952091217, 0.5320098400115967, 0.5156205892562866, 0.4336453676223755, 0.4630565941333771]
[0.5746166706085205, 0.5851467847824097, 0.41220542788505554, 0.24697905778884888, 0.5730215311050415]
[0.48231422901153564, 0.5714015364646912, 0.41810816526412964, 0.24393311142921448, 0.5251742601394653]
[0.5193629860877991, 0.5856478810310364, 0.41173920035362244, 0.282301664352417, 0.5441094636917114]
[0.5104399919509888, 0.5769481658935547, 0.45983994007110596, 0.31559985876083374, 0.5387281179428101]
[0.49553725123405457, 0.5857587456703186, 0.4599059820175171, 0.3085956275463104, 0.5294386148452759]
[0.5224592685699463, 0.5671750903129578, 0.4225896894931793, 0.30084553360939026, 0.5409812927246094]
[0.5151064991950989, 0.5747038125991821, 0.424662321805954, 0.28126558661460876, 0.5288636088371277]
[0.5552852153778076, 0.5857468843460083, 0.4001559317111969, 0.27149248123168945, 0.5646634697914124]
[0.5218237638473511, 0.5736082792282104, 0.40862640738487244, 0.2692035138607025, 0.5429894924163818]
[0.5009353756904602, 0.566058337688446, 0.4489421546459198, 0.2986425757408142, 0.5543594360351562]
[0.48006919026374817, 0.5547537803649902, 0.45656830072402954, 0.3130035698413849, 0.5167636871337891]
[0.532219409942627, 0.5796871185302734, 0.4230729639530182, 0.28443577885627747, 0.5285305380821228]
[0.5503686666488647, 0.5811167359352112, 0.438749223947525, 0.29238161444664, 0.5387469530105591]
[0.5819575786590576, 0.575979471206665, 0.40777134895324707, 0.25659218430519104, 0.5748972296714783]
[0.45662835240364075, 0.5563538670539856, 0.4746299088001251, 0.36203402280807495, 0.5146684050559998]
[0.46019360423088074, 0.578003466129303, 0.4356233477592468, 0.3207995891571045, 0.48460653424263]
[0.5476617813110352, 0.5522644519805908, 0.45955246686935425, 0.29875752329826355, 0.5538380742073059]
[0.4685731828212738, 0.5553833842277527, 0.44875434041023254, 0.32182928919792175, 0.503581166267395]
[0.3678256869316101, 0.52238929271698, 0.5101155042648315, 0.4320741295814514, 0.42821523547172546]
[0.547888457775116, 0.5758780837059021, 0.398764967918396, 0.23198775947093964, 0.5756182670593262]
[0.4850861430168152, 0.572237491607666, 0.4679645895957947, 0.2917177379131317, 0.5274374485015869]
[0.5369400978088379, 0.5586212277412415, 0.4188087284564972, 0.27232080698013306, 0.563096284866333]
[0.4911364018917084, 0.5691585540771484, 0.4424879550933838, 0.2910292446613312, 0.532934308052063]
[0.48346951603889465, 0.5437000393867493, 0.48476800322532654, 0.341486394405365, 0.518692672252655]
[0.532219409942627, 0.5796871185302734, 0.4230729639530182, 0.28443577885627747, 0.5285305380821228]
[0.5708310604095459, 0.5752333402633667, 0.4075639843940735, 0.2709615230560303, 0.5647355318069458]
[0.49987009167671204, 0.5756644010543823, 0.46330726146698, 0.3270406126976013, 0.5386328101158142]
[0.4756002724170685, 0.5256982445716858, 0.4935886263847351, 0.44911977648735046, 0.47023633122444153]
[0.5552852153778076, 0.5857468843460083, 0.4001559317111969, 0.27149248123168945, 0.5646634697914124]
[0.5335503220558167, 0.5799157619476318, 0.41599559783935547, 0.2886731028556824, 0.5485513806343079]
[0.49020296335220337, 0.5660239458084106, 0.41646912693977356, 0.28462469577789307, 0.5124427676200867]
[0.4215722382068634, 0.5175948143005371, 0.5058282017707825, 0.3971862494945526, 0.45260685682296753]
[0.4853891134262085, 0.5726066827774048, 0.42628154158592224, 0.29043951630592346, 0.5055696368217468]
[0.5215809941291809, 0.5774285197257996, 0.4197784662246704, 0.2657725214958191, 0.5360844731330872]
[0.4413362145423889, 0.558298647403717, 0.44980087876319885, 0.3200813829898834, 0.5038175582885742]
[0.4901573061943054, 0.5691057443618774, 0.44213882088661194, 0.3244679570198059, 0.5469524264335632]
[0.5299949049949646, 0.5920977592468262, 0.4421875774860382, 0.2633434236049652, 0.5678882002830505]
[0.5159958600997925, 0.587539792060852, 0.4064553678035736, 0.27738943696022034, 0.542119026184082]
[0.5009431838989258, 0.5814093947410583, 0.4363771080970764, 0.2825695872306824, 0.5378251075744629]
[0.6003115177154541, 0.5062925219535828, 0.5101067423820496, 0.4020041227340698, 0.6075953841209412]
[0.470657616853714, 0.5707122087478638, 0.46495261788368225, 0.3308825194835663, 0.513630211353302]
[0.5386278629302979, 0.5676200985908508, 0.428558349609375, 0.2858608365058899, 0.5603929162025452]
[0.47821933031082153, 0.568546712398529, 0.4386584758758545, 0.30358898639678955, 0.5069605708122253]
[0.5500097274780273, 0.571600079536438, 0.40389132499694824, 0.26812323927879333, 0.5750402808189392]
[0.5413205027580261, 0.5780262351036072, 0.43587037920951843, 0.27032873034477234, 0.5300872921943665]
[0.49153921008110046, 0.5668687224388123, 0.42804470658302307, 0.30400189757347107, 0.4863806962966919]
[0.47821933031082153, 0.568546712398529, 0.4386584758758545, 0.30358898639678955, 0.5069605708122253]
[0.47821933031082153, 0.568546712398529, 0.4386584758758545, 0.30358898639678955, 0.5069605708122253]
[0.5297871828079224, 0.5652480721473694, 0.4418306052684784, 0.28438252210617065, 0.5500733852386475]
[0.5211750864982605, 0.5707500576972961, 0.4551583230495453, 0.3019059896469116, 0.5239841938018799]
[0.5411978363990784, 0.5540944337844849, 0.4131864905357361, 0.2743666172027588, 0.530319333076477]
[0.47809112071990967, 0.562450647354126, 0.4489955008029938, 0.33688288927078247, 0.48158296942710876]
[0.532219409942627, 0.5796871185302734, 0.4230729639530182, 0.28443577885627747, 0.5285305380821228]
[0.5378023386001587, 0.5459022521972656, 0.4491931200027466, 0.30615177750587463, 0.5405130982398987]
[0.42311719059944153, 0.5573950409889221, 0.4503830671310425, 0.3300999104976654, 0.48389649391174316]
[0.47247061133384705, 0.5333457589149475, 0.5204544067382812, 0.4112585783004761, 0.5366424918174744]
[0.6232807040214539, 0.5782052874565125, 0.36599957942962646, 0.2615821063518524, 0.595722496509552]
[0.46619394421577454, 0.5810491442680359, 0.4730657935142517, 0.3073800206184387, 0.5288406014442444]
[0.5766551494598389, 0.5754313468933105, 0.4023135006427765, 0.24900908768177032, 0.5839865803718567]
[0.6378988027572632, 0.5562968850135803, 0.38421615958213806, 0.25118815898895264, 0.6146308779716492]
[0.5193629860877991, 0.5856478810310364, 0.41173920035362244, 0.282301664352417, 0.5441094636917114]
[0.46601602435112, 0.5651649832725525, 0.4377492070198059, 0.2894585430622101, 0.48092910647392273]
[0.5237648487091064, 0.578921377658844, 0.4574381709098816, 0.3430943787097931, 0.5002075433731079]
[0.5040723085403442, 0.5684421062469482, 0.4228249192237854, 0.28171053528785706, 0.5346342921257019]
[0.42311719059944153, 0.5573950409889221, 0.4503830671310425, 0.3300999104976654, 0.48389649391174316]
[0.5552383661270142, 0.5594775080680847, 0.4206145107746124, 0.2515639066696167, 0.5419234037399292]
[0.5561257004737854, 0.5611409544944763, 0.44604045152664185, 0.3140809237957001, 0.5570279955863953]
[0.5050758123397827, 0.5776867866516113, 0.4130251109600067, 0.26619744300842285, 0.532869279384613]
[0.4893356263637543, 0.5754953026771545, 0.4523921310901642, 0.2966592609882355, 0.5070057511329651]
[0.5193629860877991, 0.5856478810310364, 0.41173920035362244, 0.282301664352417, 0.5441094636917114]
[0.4653729498386383, 0.5656397938728333, 0.46072641015052795, 0.3253408968448639, 0.532243549823761]
[0.4840322434902191, 0.5627413392066956, 0.4345480799674988, 0.2768954038619995, 0.5512051582336426]
[0.49121609330177307, 0.5368783473968506, 0.5018348097801208, 0.3825730085372925, 0.5004799962043762]
[0.514511227607727, 0.5441415309906006, 0.4200020134449005, 0.2881458103656769, 0.5673919320106506]
[0.5615060329437256, 0.5841159224510193, 0.39749354124069214, 0.27023908495903015, 0.5706154108047485]
[0.49229976534843445, 0.5674160122871399, 0.4466857314109802, 0.31567203998565674, 0.5199597477912903]
[0.42311719059944153, 0.5573950409889221, 0.4503830671310425, 0.3300999104976654, 0.48389649391174316]
[0.492026686668396, 0.5579449534416199, 0.447268009185791, 0.29369089007377625, 0.5447995066642761]
