0
#万象#【福建一公安副局长被指打砸夜总会】近日有网友爆料称，平潭森林公安局局长林庆标、东澳卫生院院长等人，在夜总会包厢聚众闹事，打砸毁坏包厢电视等设备，后扯着外套蒙头离开。当地纪委表示已接到举报，正进行调查。今年7月一份任免通知显示，林庆标为森林公安局副局长。
[0.5410717129707336, 0.49285587668418884, 0.5148209929466248, 0.427580326795578, 0.53944993019104]
[0.5023937225341797, 0.5376529097557068, 0.4638586938381195, 0.3689192533493042, 0.560909628868103]
[0.4582274258136749, 0.5031734704971313, 0.48515576124191284, 0.37529340386390686, 0.46817919611930847]
[0.4959997832775116, 0.5744557976722717, 0.46255505084991455, 0.2986816465854645, 0.5369438529014587]
[0.4934651851654053, 0.5789380669593811, 0.4169941842556, 0.2893117070198059, 0.5205594897270203]
[0.4907926917076111, 0.5637834668159485, 0.4414612948894501, 0.2947947084903717, 0.49108949303627014]
[0.4559375047683716, 0.5419124364852905, 0.4636509120464325, 0.30414801836013794, 0.48585572838783264]
[0.5088532567024231, 0.540666401386261, 0.44213080406188965, 0.3293043076992035, 0.5313155055046082]
[0.35586875677108765, 0.5340011715888977, 0.4561157524585724, 0.30044499039649963, 0.4388118386268616]
[0.41873621940612793, 0.550578773021698, 0.476938396692276, 0.3831194043159485, 0.454987496137619]
[0.4819023907184601, 0.5700960755348206, 0.4381822347640991, 0.2772255837917328, 0.5247058868408203]
[0.5267913937568665, 0.5577832460403442, 0.4160011410713196, 0.30458754301071167, 0.5409327149391174]
[0.49322667717933655, 0.5884823799133301, 0.4412919580936432, 0.2788396179676056, 0.5143292546272278]
[0.5327121019363403, 0.5655801296234131, 0.4278911054134369, 0.27923384308815, 0.5333879590034485]
[0.5240285992622375, 0.5735651850700378, 0.435043603181839, 0.29372724890708923, 0.5189302563667297]
[0.4621126055717468, 0.5873095393180847, 0.4441916048526764, 0.301715612411499, 0.50673907995224]
[0.4266630709171295, 0.5256925821304321, 0.4771694242954254, 0.3498232364654541, 0.45360177755355835]
[0.5198666453361511, 0.5621326565742493, 0.41508951783180237, 0.2567160725593567, 0.5263352990150452]
[0.4565589725971222, 0.5499743819236755, 0.43817269802093506, 0.3076268136501312, 0.48898181319236755]
[0.5588917136192322, 0.5414240956306458, 0.42330318689346313, 0.3018103241920471, 0.5316908359527588]
[0.5448795557022095, 0.5634823441505432, 0.408601313829422, 0.28261977434158325, 0.5666239857673645]
[0.5040227174758911, 0.569081723690033, 0.40819987654685974, 0.2802863121032715, 0.5236838459968567]
[0.4909764230251312, 0.5653420686721802, 0.43663540482521057, 0.30881646275520325, 0.5066694617271423]
[0.4846441149711609, 0.575350284576416, 0.4236503839492798, 0.2781960666179657, 0.5273703336715698]
[0.523034930229187, 0.5216913819313049, 0.46324023604393005, 0.32165366411209106, 0.533754289150238]
[0.4922458827495575, 0.5348778367042542, 0.4657979905605316, 0.3418084383010864, 0.5182509422302246]
[0.44217824935913086, 0.538011908531189, 0.5203312635421753, 0.41966575384140015, 0.4799547493457794]
[0.5085573792457581, 0.5355249047279358, 0.5300197005271912, 0.41081205010414124, 0.5473390221595764]
[0.5139316916465759, 0.5360172390937805, 0.4586692750453949, 0.32654207944869995, 0.5204218626022339]
[0.4804667830467224, 0.5588191747665405, 0.464837908744812, 0.3164448142051697, 0.4980325996875763]
[0.5588020086288452, 0.5705996751785278, 0.42287957668304443, 0.2657622694969177, 0.5504258871078491]
[0.5685545206069946, 0.5849971175193787, 0.41444888710975647, 0.2504642605781555, 0.570083498954773]
[0.46338528394699097, 0.538835346698761, 0.4914829730987549, 0.37707024812698364, 0.49512583017349243]
[0.35543546080589294, 0.522583544254303, 0.4826867878437042, 0.33274519443511963, 0.41286998987197876]
[0.48691508173942566, 0.5928220748901367, 0.45585334300994873, 0.3001303970813751, 0.5108706951141357]
[0.38703402876853943, 0.5135231614112854, 0.5653961896896362, 0.4315507113933563, 0.442599356174469]
[0.5513083934783936, 0.5618889927864075, 0.41774073243141174, 0.2820448875427246, 0.5462193489074707]
[0.4685468077659607, 0.5141045451164246, 0.501557469367981, 0.4049443304538727, 0.5265386700630188]
[0.43932974338531494, 0.5470386743545532, 0.4557502269744873, 0.32767122983932495, 0.5088671445846558]
[0.507218599319458, 0.5694956183433533, 0.4299536943435669, 0.28630331158638, 0.5041826963424683]
[0.5111280083656311, 0.5809993743896484, 0.41831183433532715, 0.2866121232509613, 0.5287275314331055]
[0.41366589069366455, 0.5355396866798401, 0.46997424960136414, 0.31869226694107056, 0.4999876022338867]
[0.45376646518707275, 0.5518798828125, 0.4574752151966095, 0.3387981057167053, 0.4881313145160675]
[0.5222227573394775, 0.572238028049469, 0.424521803855896, 0.2568598687648773, 0.5394622683525085]
[0.530773937702179, 0.5818465948104858, 0.40061846375465393, 0.25528326630592346, 0.5484081506729126]
[0.46208176016807556, 0.5582919120788574, 0.47222474217414856, 0.3266235888004303, 0.4779278039932251]
[0.5182701349258423, 0.574185848236084, 0.4272557497024536, 0.31530991196632385, 0.5367488265037537]
[0.5182701349258423, 0.574185848236084, 0.4272557497024536, 0.31530991196632385, 0.5367488265037537]
[0.5064218044281006, 0.5284408926963806, 0.44472837448120117, 0.33529147505760193, 0.5111286044120789]
[0.5511848330497742, 0.5644239187240601, 0.4006986916065216, 0.22525984048843384, 0.5591394901275635]
[0.3525565266609192, 0.5549966096878052, 0.4557444751262665, 0.29298844933509827, 0.43208077549934387]
[0.5545702576637268, 0.5881085991859436, 0.40470895171165466, 0.27121567726135254, 0.5304434895515442]
[0.5570031404495239, 0.5926124453544617, 0.3975205719470978, 0.24465450644493103, 0.5746036171913147]
[0.5064218044281006, 0.5284408926963806, 0.44472837448120117, 0.33529147505760193, 0.5111286044120789]
[0.5217762589454651, 0.5329707860946655, 0.4561593532562256, 0.34506890177726746, 0.5522316098213196]
[0.5064218044281006, 0.5284408926963806, 0.44472837448120117, 0.33529147505760193, 0.5111286044120789]
[0.46865957975387573, 0.5357718467712402, 0.49145132303237915, 0.3959844708442688, 0.5008588433265686]
[0.530773937702179, 0.5818465948104858, 0.40061846375465393, 0.25528326630592346, 0.5484081506729126]
[0.5570031404495239, 0.5926124453544617, 0.3975205719470978, 0.24465450644493103, 0.5746036171913147]
[0.485756516456604, 0.5629498958587646, 0.4533025622367859, 0.3157972991466522, 0.5214220285415649]
[0.5354970097541809, 0.5626233220100403, 0.4062637686729431, 0.2674570083618164, 0.5586276054382324]
[0.485756516456604, 0.5629498958587646, 0.4533025622367859, 0.3157972991466522, 0.5214220285415649]
[0.4133857488632202, 0.526970624923706, 0.48420026898384094, 0.39141154289245605, 0.4807654023170471]
[0.4532914161682129, 0.5656609535217285, 0.44157809019088745, 0.3208931088447571, 0.49440935254096985]
[0.5206131339073181, 0.5679364800453186, 0.42056572437286377, 0.2856716215610504, 0.5102773308753967]
[0.5570031404495239, 0.5926124453544617, 0.3975205719470978, 0.24465450644493103, 0.5746036171913147]
[0.4926478862762451, 0.5772874355316162, 0.4499395489692688, 0.2881453335285187, 0.5023747086524963]
[0.5182701349258423, 0.574185848236084, 0.4272557497024536, 0.31530991196632385, 0.5367488265037537]
[0.4729647636413574, 0.5755544304847717, 0.44322511553764343, 0.28339260816574097, 0.5325452089309692]
[0.47054722905158997, 0.5727794170379639, 0.4722972810268402, 0.2930513620376587, 0.5037950277328491]
[0.5423740744590759, 0.5826009511947632, 0.42254334688186646, 0.27549391984939575, 0.5664851069450378]
[0.5176467299461365, 0.5610846877098083, 0.44264551997184753, 0.3122045397758484, 0.5427228212356567]
[0.47520309686660767, 0.5781712532043457, 0.434662401676178, 0.2800522446632385, 0.48979881405830383]
[0.5513083934783936, 0.5618889927864075, 0.41774073243141174, 0.2820448875427246, 0.5462193489074707]
[0.5139316916465759, 0.5360172390937805, 0.4586692750453949, 0.32654207944869995, 0.5204218626022339]
[0.4133857488632202, 0.526970624923706, 0.48420026898384094, 0.39141154289245605, 0.4807654023170471]
[0.46431756019592285, 0.5281406044960022, 0.4904194474220276, 0.3989960253238678, 0.4798473119735718]
[0.41366589069366455, 0.5355396866798401, 0.46997424960136414, 0.31869226694107056, 0.4999876022338867]
[0.45986080169677734, 0.535632312297821, 0.5281715989112854, 0.4068702459335327, 0.5033904314041138]
[0.430772989988327, 0.5656229853630066, 0.4467505216598511, 0.3252665102481842, 0.44116899371147156]
[0.46865957975387573, 0.5357718467712402, 0.49145132303237915, 0.3959844708442688, 0.5008588433265686]
[0.507487952709198, 0.5566717386245728, 0.4712587893009186, 0.3360552489757538, 0.5552099943161011]
[0.42343854904174805, 0.558310329914093, 0.44373369216918945, 0.28320950269699097, 0.44907453656196594]
[0.4935894012451172, 0.5352010130882263, 0.46522799134254456, 0.3451434075832367, 0.5054565072059631]
[0.39904260635375977, 0.5598675012588501, 0.4512679874897003, 0.3045414984226227, 0.46758484840393066]
[0.5094221830368042, 0.5860374569892883, 0.4253186881542206, 0.2687024176120758, 0.5273275375366211]
[0.49235084652900696, 0.5583922863006592, 0.44164448976516724, 0.31233540177345276, 0.491444855928421]
[0.5217762589454651, 0.5329707860946655, 0.4561593532562256, 0.34506890177726746, 0.5522316098213196]
[0.42343854904174805, 0.558310329914093, 0.44373369216918945, 0.28320950269699097, 0.44907453656196594]
[0.5626005530357361, 0.5721018314361572, 0.4092603921890259, 0.2762366533279419, 0.5534844994544983]
[0.475666880607605, 0.5774742960929871, 0.4169332981109619, 0.29575812816619873, 0.5170166492462158]
[0.42343854904174805, 0.558310329914093, 0.44373369216918945, 0.28320950269699097, 0.44907453656196594]
[0.5067535638809204, 0.5962961316108704, 0.41018155217170715, 0.25474223494529724, 0.5455000996589661]
[0.5300576686859131, 0.5500858426094055, 0.42262041568756104, 0.2891702651977539, 0.5493032932281494]
[0.5414249300956726, 0.5628256797790527, 0.43933457136154175, 0.26962465047836304, 0.5530669689178467]
[0.6076676845550537, 0.5658327341079712, 0.37406814098358154, 0.2127847969532013, 0.6084988713264465]
[0.42379334568977356, 0.520190954208374, 0.5053350329399109, 0.3351120054721832, 0.4326733946800232]
[0.48481521010398865, 0.5272722840309143, 0.47173357009887695, 0.3430008888244629, 0.477614164352417]
[0.5462916493415833, 0.570292592048645, 0.421169251203537, 0.2884608507156372, 0.5583965182304382]
[0.458792507648468, 0.5715233087539673, 0.44137924909591675, 0.31123319268226624, 0.49670496582984924]
[0.5079439282417297, 0.5517773628234863, 0.46281781792640686, 0.32911455631256104, 0.5405936241149902]
