0
【Oh，NO！新版百元人民币上有错字？】《咬文嚼字》主编郝铭鉴指出，新版一百元人民币上有错字，“壹佰圆”的“圆”字系错用。“《银行法》规定，人民币单位是元，辅币是角、分。规范用字是元。过去用圆是历史原因，现在用圆字有根据吗？”
[0.48130255937576294, 0.5255376100540161, 0.5118168592453003, 0.38385242223739624, 0.51799476146698]
[0.4699338674545288, 0.5634918212890625, 0.43424227833747864, 0.3103020191192627, 0.5077412724494934]
[0.41622093319892883, 0.576816976070404, 0.4402475953102112, 0.28921186923980713, 0.4688005745410919]
[0.49525555968284607, 0.5502117276191711, 0.42975756525993347, 0.27529463171958923, 0.5154674053192139]
[0.4145596921443939, 0.5573099851608276, 0.48761308193206787, 0.352675199508667, 0.4447605013847351]
[0.4917965829372406, 0.5642513632774353, 0.44473153352737427, 0.292820006608963, 0.504958987236023]
[0.5505971312522888, 0.5703699588775635, 0.3997790217399597, 0.26636701822280884, 0.5483548045158386]
[0.5466164350509644, 0.5711078643798828, 0.40182992815971375, 0.2670588791370392, 0.5322285294532776]
[0.5337474346160889, 0.5726942420005798, 0.4270698130130768, 0.28057315945625305, 0.5424546003341675]
[0.46584123373031616, 0.560444712638855, 0.458199143409729, 0.3257036507129669, 0.4959135055541992]
[0.47753310203552246, 0.5607368350028992, 0.4346497356891632, 0.297861248254776, 0.5316754579544067]
[0.5387541055679321, 0.5871586203575134, 0.43807828426361084, 0.3089447319507599, 0.5485256314277649]
[0.42876845598220825, 0.577375590801239, 0.45838505029678345, 0.30207616090774536, 0.4825420677661896]
[0.5217626094818115, 0.5462222099304199, 0.44449982047080994, 0.2755810618400574, 0.5544744729995728]
[0.49819183349609375, 0.5695810914039612, 0.4092336595058441, 0.28381651639938354, 0.5330636501312256]
[0.5430348515510559, 0.5978683829307556, 0.4088783860206604, 0.24731814861297607, 0.5545564293861389]
[0.5217626094818115, 0.5462222099304199, 0.44449982047080994, 0.2755810618400574, 0.5544744729995728]
[0.5283342599868774, 0.5643672347068787, 0.4227765202522278, 0.24747732281684875, 0.5697069764137268]
[0.4848361611366272, 0.5563768148422241, 0.4926449954509735, 0.34783491492271423, 0.5209884643554688]
[0.5560429692268372, 0.5738961696624756, 0.4305104911327362, 0.3003026247024536, 0.5415374040603638]
[0.43227389454841614, 0.5471208095550537, 0.47348839044570923, 0.32891854643821716, 0.4731414020061493]
[0.4516336917877197, 0.5131638050079346, 0.4829517900943756, 0.4070624113082886, 0.46220797300338745]
[0.5387292504310608, 0.5767026543617249, 0.4276680648326874, 0.27821463346481323, 0.5260531902313232]
[0.5857803821563721, 0.5638728141784668, 0.39908474683761597, 0.25862807035446167, 0.5618806481361389]
[0.482437402009964, 0.5770504474639893, 0.413318008184433, 0.2712961733341217, 0.5357328653335571]
[0.4324359893798828, 0.5526026487350464, 0.46472254395484924, 0.36257821321487427, 0.4647473990917206]
[0.5040035247802734, 0.5719863772392273, 0.43091994524002075, 0.27657848596572876, 0.5261465907096863]
[0.4363270699977875, 0.5489397644996643, 0.4696824848651886, 0.3392791152000427, 0.46545785665512085]
[0.4628365933895111, 0.5843275189399719, 0.4278923273086548, 0.2861112654209137, 0.513670027256012]
[0.5229416489601135, 0.5731711983680725, 0.4112967550754547, 0.24665449559688568, 0.5507007241249084]
[0.4790402054786682, 0.5449295043945312, 0.46909865736961365, 0.32275596261024475, 0.5567569732666016]
[0.5266035199165344, 0.5632486343383789, 0.41438961029052734, 0.2926099896430969, 0.5615704655647278]
[0.514769434928894, 0.557016909122467, 0.4479360580444336, 0.2940089702606201, 0.5645912885665894]
[0.4575824737548828, 0.5351799130439758, 0.46490973234176636, 0.33218327164649963, 0.4850907325744629]
[0.4952225089073181, 0.5689707398414612, 0.4462294280529022, 0.3335297703742981, 0.5015450716018677]
[0.5376175045967102, 0.5740001201629639, 0.44323503971099854, 0.29787907004356384, 0.5510183572769165]
[0.5086805820465088, 0.5559375286102295, 0.43616577982902527, 0.29794344305992126, 0.5302526950836182]
[0.5237013101577759, 0.5702089071273804, 0.43580010533332825, 0.31371819972991943, 0.5186769366264343]
[0.5262349247932434, 0.5979787707328796, 0.4181597828865051, 0.25812092423439026, 0.5566964149475098]
[0.5313073992729187, 0.5223539471626282, 0.44997483491897583, 0.37406352162361145, 0.5205559134483337]
[0.48719221353530884, 0.5689321160316467, 0.4426087439060211, 0.2979631721973419, 0.4922100007534027]
[0.4578263759613037, 0.5669408440589905, 0.43418657779693604, 0.27104976773262024, 0.5230521559715271]
[0.4693949520587921, 0.5798235535621643, 0.43366268277168274, 0.31934481859207153, 0.48802754282951355]
[0.5193735361099243, 0.5800697803497314, 0.4185756742954254, 0.2813268005847931, 0.5619734525680542]
[0.4901058077812195, 0.5809999108314514, 0.43543773889541626, 0.28769782185554504, 0.536540687084198]
[0.5316625833511353, 0.5671320557594299, 0.4205436110496521, 0.2941451072692871, 0.5405163764953613]
[0.3973315358161926, 0.5404201745986938, 0.46924540400505066, 0.3640982508659363, 0.46548646688461304]
[0.535921037197113, 0.5964357852935791, 0.4199274182319641, 0.27324655652046204, 0.5504410862922668]
[0.49932220578193665, 0.5850750803947449, 0.4297650158405304, 0.27918243408203125, 0.5404767394065857]
[0.4533151090145111, 0.554563045501709, 0.4444325864315033, 0.32826653122901917, 0.45886486768722534]
[0.5101686120033264, 0.5918516516685486, 0.41545194387435913, 0.2596491873264313, 0.5531973838806152]
[0.5104156732559204, 0.5671923160552979, 0.4295731484889984, 0.30798178911209106, 0.5276225805282593]
[0.49740469455718994, 0.5731561183929443, 0.4294988811016083, 0.3126637637615204, 0.5333366990089417]
[0.5001251697540283, 0.551688015460968, 0.43350329995155334, 0.3310544788837433, 0.5263026356697083]
[0.46849557757377625, 0.5831220149993896, 0.44214871525764465, 0.2878264784812927, 0.5007388591766357]
[0.5346719026565552, 0.5577227473258972, 0.45902127027511597, 0.3093591630458832, 0.5388525724411011]
[0.4844624102115631, 0.565645158290863, 0.4426007568836212, 0.28636276721954346, 0.49281105399131775]
[0.5022680759429932, 0.5836183428764343, 0.4377187192440033, 0.273513525724411, 0.5394149422645569]
[0.479276180267334, 0.5677488446235657, 0.4688701331615448, 0.31735941767692566, 0.4973287880420685]
