0
【32岁博士后身亡 母亲卖蛋供其上学】据悉，死者系清华大学理学院化学系博士后孟祥见。孟是安徽萧县人，家中长子，有一弟一妹，弟弟也是博士，父母均为农民。孟的朋友说，孟一路苦读，刚进清华做博士后1年，下周就要到南京签约任教。目前事故原因正在调查中。
[0.5085815191268921, 0.531165599822998, 0.5311760306358337, 0.3886350393295288, 0.5057785511016846]
[0.5070725679397583, 0.5795678496360779, 0.4309682846069336, 0.25872695446014404, 0.538472592830658]
[0.5149213075637817, 0.5745115280151367, 0.4294396936893463, 0.2818833291530609, 0.5206738114356995]
[0.5354865789413452, 0.5888907313346863, 0.41922876238822937, 0.2605830132961273, 0.5253303050994873]
[0.4616810083389282, 0.579323947429657, 0.4225335717201233, 0.27259358763694763, 0.5143418312072754]
[0.5219506621360779, 0.5963723659515381, 0.4347440004348755, 0.2857113182544708, 0.5417931079864502]
[0.3788812756538391, 0.5530025362968445, 0.44277262687683105, 0.303897887468338, 0.4585331976413727]
[0.4244002401828766, 0.5602114796638489, 0.45694175362586975, 0.33474844694137573, 0.48668861389160156]
[0.47784581780433655, 0.5678450465202332, 0.479440301656723, 0.3243759572505951, 0.5242477059364319]
[0.5169260501861572, 0.5626659393310547, 0.42968904972076416, 0.3027692437171936, 0.5074447393417358]
[0.5354865789413452, 0.5888907313346863, 0.41922876238822937, 0.2605830132961273, 0.5253303050994873]
[0.549691379070282, 0.5871497988700867, 0.4130420386791229, 0.26551756262779236, 0.5281603336334229]
[0.4728544354438782, 0.5787555575370789, 0.4367905855178833, 0.28335604071617126, 0.5417325496673584]
[0.5219506621360779, 0.5963723659515381, 0.4347440004348755, 0.2857113182544708, 0.5417931079864502]
[0.5234131217002869, 0.5681189298629761, 0.41367632150650024, 0.2813490629196167, 0.543984591960907]
[0.42537638545036316, 0.5651323199272156, 0.4463982582092285, 0.34172511100769043, 0.4985072612762451]
[0.5067232847213745, 0.577314019203186, 0.43833139538764954, 0.2866474688053131, 0.5272039771080017]
[0.5364153385162354, 0.5557273030281067, 0.4350774884223938, 0.27242550253868103, 0.5657694339752197]
[0.5310060977935791, 0.5422172546386719, 0.47086718678474426, 0.27461469173431396, 0.5194868445396423]
[0.5413965582847595, 0.5913143157958984, 0.4050649404525757, 0.25012362003326416, 0.5627120733261108]
[0.5462220907211304, 0.5965338349342346, 0.43912139534950256, 0.2695907950401306, 0.5685463547706604]
[0.4908095598220825, 0.5471493601799011, 0.45503970980644226, 0.3308325409889221, 0.5032433271408081]
[0.42463889718055725, 0.5503725409507751, 0.4547376334667206, 0.3369756042957306, 0.4815789461135864]
[0.5140223503112793, 0.5629905462265015, 0.41217586398124695, 0.2528029978275299, 0.5729514360427856]
[0.5070725679397583, 0.5795678496360779, 0.4309682846069336, 0.25872695446014404, 0.538472592830658]
[0.3793490529060364, 0.562171459197998, 0.4758181869983673, 0.3593035340309143, 0.467779278755188]
[0.3894641697406769, 0.5552330017089844, 0.4969422519207001, 0.341586172580719, 0.46602046489715576]
[0.505967915058136, 0.586347222328186, 0.4529242515563965, 0.2967294454574585, 0.5274961590766907]
[0.4735264480113983, 0.552789032459259, 0.432795912027359, 0.31391385197639465, 0.4883968234062195]
[0.5231349468231201, 0.486553817987442, 0.5533589720726013, 0.45746445655822754, 0.5019538998603821]
[0.4792746305465698, 0.5665481686592102, 0.4365578889846802, 0.3111228942871094, 0.5147513151168823]
[0.516524076461792, 0.5620924830436707, 0.4636659324169159, 0.3342641592025757, 0.5048723816871643]
[0.5656821131706238, 0.5802942514419556, 0.3943675458431244, 0.2445809245109558, 0.5748018622398376]
[0.42846161127090454, 0.4781179428100586, 0.5677152276039124, 0.4995412230491638, 0.4565335214138031]
[0.4244002401828766, 0.5602114796638489, 0.45694175362586975, 0.33474844694137573, 0.48668861389160156]
[0.47737744450569153, 0.5319302678108215, 0.4999207854270935, 0.3981212079524994, 0.5171452760696411]
[0.537272036075592, 0.5887752175331116, 0.4071476459503174, 0.2596084177494049, 0.5493714213371277]
[0.5064617991447449, 0.5360808968544006, 0.4950963854789734, 0.33986762166023254, 0.5018758773803711]
[0.5515781044960022, 0.5805850028991699, 0.4116292893886566, 0.2641826570034027, 0.575292706489563]
[0.514570951461792, 0.5906093120574951, 0.41345149278640747, 0.2721238136291504, 0.547555685043335]
[0.5149213075637817, 0.5745115280151367, 0.4294396936893463, 0.2818833291530609, 0.5206738114356995]
[0.5481715202331543, 0.5872486233711243, 0.4261842370033264, 0.2791517674922943, 0.5614392161369324]
[0.5708593726158142, 0.5666177272796631, 0.40925121307373047, 0.2809031307697296, 0.5418026447296143]
[0.41925451159477234, 0.5672967433929443, 0.43470388650894165, 0.29972872138023376, 0.46071305871009827]
[0.47629648447036743, 0.5459929704666138, 0.4746938943862915, 0.36550840735435486, 0.4876929819583893]
[0.5491306185722351, 0.5799252390861511, 0.4431864321231842, 0.27842915058135986, 0.5480136871337891]
[0.5582610964775085, 0.573749303817749, 0.4042593538761139, 0.25881895422935486, 0.5599260330200195]
[0.3788812756538391, 0.5530025362968445, 0.44277262687683105, 0.303897887468338, 0.4585331976413727]
[0.434775173664093, 0.5632504820823669, 0.44006139039993286, 0.32842519879341125, 0.4956887364387512]
[0.5190994739532471, 0.5875342488288879, 0.42760783433914185, 0.29006990790367126, 0.5513371825218201]
[0.5085815191268921, 0.531165599822998, 0.5311760306358337, 0.3886350393295288, 0.5057785511016846]
[0.5340568423271179, 0.5611334443092346, 0.44742658734321594, 0.2839924991130829, 0.5154549479484558]
[0.4696716368198395, 0.5549660325050354, 0.4583151936531067, 0.33449068665504456, 0.5066695213317871]
[0.5249328017234802, 0.5910364389419556, 0.4134911000728607, 0.2675403654575348, 0.5428435206413269]
[0.5063800811767578, 0.56673663854599, 0.440470427274704, 0.285311222076416, 0.5634673833847046]
[0.5701391100883484, 0.5770501494407654, 0.4095187485218048, 0.2650989294052124, 0.5697070360183716]
[0.5078967809677124, 0.5761333107948303, 0.4140339493751526, 0.2513108551502228, 0.5394136905670166]
[0.4053380489349365, 0.5585933327674866, 0.46312597393989563, 0.3610176742076874, 0.4812747836112976]
[0.45425042510032654, 0.5872078537940979, 0.4146127700805664, 0.2469232827425003, 0.4992388188838959]
[0.5754271745681763, 0.5733190774917603, 0.4172315001487732, 0.2578984797000885, 0.5468172430992126]
[0.3785761594772339, 0.5384424328804016, 0.471335768699646, 0.37906795740127563, 0.4655340015888214]
[0.518677294254303, 0.5513843894004822, 0.4623931050300598, 0.32460835576057434, 0.549734354019165]
[0.4951838254928589, 0.5854551196098328, 0.41927123069763184, 0.2784034311771393, 0.5045780539512634]
[0.5139283537864685, 0.5142645835876465, 0.5348303318023682, 0.39735186100006104, 0.4853990375995636]
[0.4973962604999542, 0.5621650815010071, 0.46903806924819946, 0.34346431493759155, 0.5183140635490417]
[0.5085815191268921, 0.531165599822998, 0.5311760306358337, 0.3886350393295288, 0.5057785511016846]
[0.3788812756538391, 0.5530025362968445, 0.44277262687683105, 0.303897887468338, 0.4585331976413727]
[0.547824501991272, 0.5848469138145447, 0.42167454957962036, 0.28678345680236816, 0.555004894733429]
[0.47110486030578613, 0.5251400470733643, 0.4707862138748169, 0.35587844252586365, 0.5293172597885132]
[0.4337110221385956, 0.541058361530304, 0.4934156537055969, 0.3591749966144562, 0.48649680614471436]
[0.523749828338623, 0.5838896632194519, 0.44902583956718445, 0.3177960515022278, 0.5207759141921997]
[0.5621575117111206, 0.5856571793556213, 0.4093182682991028, 0.25215083360671997, 0.570976197719574]
[0.5354865789413452, 0.5888907313346863, 0.41922876238822937, 0.2605830132961273, 0.5253303050994873]
[0.3788812756538391, 0.5530025362968445, 0.44277262687683105, 0.303897887468338, 0.4585331976413727]
[0.5414854288101196, 0.5903384685516357, 0.4078253209590912, 0.25659623742103577, 0.5413288474082947]
[0.417036771774292, 0.5530186891555786, 0.45852988958358765, 0.33550894260406494, 0.4716440439224243]
[0.4896031618118286, 0.5378342866897583, 0.45530393719673157, 0.32344815135002136, 0.5171628594398499]
[0.43704843521118164, 0.4807180166244507, 0.5590738654136658, 0.5285710096359253, 0.4449177384376526]
[0.3684351444244385, 0.5400618314743042, 0.4702693223953247, 0.32135695219039917, 0.423909455537796]
[0.5015972852706909, 0.5630143880844116, 0.4261068105697632, 0.28621649742126465, 0.541130781173706]
[0.4710962772369385, 0.548862874507904, 0.475839227437973, 0.3403512239456177, 0.5026247501373291]
[0.3846001923084259, 0.5604209899902344, 0.437310129404068, 0.31063228845596313, 0.46695971488952637]
[0.41925451159477234, 0.5672967433929443, 0.43470388650894165, 0.29972872138023376, 0.46071305871009827]
[0.5404360890388489, 0.5660536885261536, 0.4354361593723297, 0.279060959815979, 0.5556007623672485]
[0.5337488651275635, 0.589595377445221, 0.399512380361557, 0.2456403225660324, 0.5708073973655701]
[0.3360428810119629, 0.5300920009613037, 0.482168972492218, 0.3734995722770691, 0.4314933717250824]
[0.5396272540092468, 0.5829648971557617, 0.4237045645713806, 0.2727932929992676, 0.5242964625358582]
[0.5365970730781555, 0.5454359650611877, 0.42282116413116455, 0.2820475399494171, 0.540823221206665]
[0.3691176474094391, 0.5577020049095154, 0.4801052212715149, 0.3616735339164734, 0.4709865152835846]
[0.3998512923717499, 0.5343813896179199, 0.48394691944122314, 0.3987736105918884, 0.45339593291282654]
[0.43913987278938293, 0.526035487651825, 0.5372803807258606, 0.45297589898109436, 0.48200350999832153]
[0.5866073369979858, 0.578766405582428, 0.406750351190567, 0.2401846945285797, 0.581321120262146]
[0.41925451159477234, 0.5672967433929443, 0.43470388650894165, 0.29972872138023376, 0.46071305871009827]
[0.299699991941452, 0.5357517004013062, 0.46393805742263794, 0.3387625217437744, 0.4280739426612854]
[0.5219506621360779, 0.5963723659515381, 0.4347440004348755, 0.2857113182544708, 0.5417931079864502]
[0.4735264480113983, 0.552789032459259, 0.432795912027359, 0.31391385197639465, 0.4883968234062195]
[0.545647144317627, 0.5818406343460083, 0.3917030990123749, 0.2724676728248596, 0.5631706714630127]
[0.43926212191581726, 0.546238362789154, 0.47200337052345276, 0.3563319742679596, 0.48518887162208557]
[0.5309262871742249, 0.5984715223312378, 0.40652987360954285, 0.272919237613678, 0.5509284734725952]
[0.527774453163147, 0.5821956396102905, 0.42581453919410706, 0.2890215218067169, 0.5578796863555908]
[0.5085815191268921, 0.531165599822998, 0.5311760306358337, 0.3886350393295288, 0.5057785511016846]
