0
期待
[0.5462360382080078, 0.5881468653678894, 0.4231009781360626, 0.28235965967178345, 0.539649486541748]
[0.535921037197113, 0.5964357852935791, 0.4199274182319641, 0.27324655652046204, 0.5504410862922668]
[0.5336558818817139, 0.5591450929641724, 0.4368813633918762, 0.3107382655143738, 0.5368324518203735]
[0.5326045155525208, 0.5651604533195496, 0.46818190813064575, 0.3151175081729889, 0.5596842765808105]
[0.5118153095245361, 0.567453145980835, 0.43930351734161377, 0.2884925305843353, 0.542595386505127]
[0.4910563826560974, 0.5915875434875488, 0.43144625425338745, 0.2694550156593323, 0.5365188717842102]
[0.47609221935272217, 0.5532140731811523, 0.428709477186203, 0.27074411511421204, 0.4851132333278656]
[0.5486164689064026, 0.5592548251152039, 0.4082859456539154, 0.2523916959762573, 0.5622867941856384]
[0.5442522764205933, 0.5759410262107849, 0.40576159954071045, 0.22449272871017456, 0.5542556047439575]
[0.4963248670101166, 0.5921871662139893, 0.4310464859008789, 0.2635329067707062, 0.5530195236206055]
[0.5491703152656555, 0.5945277214050293, 0.41214561462402344, 0.2542797327041626, 0.5476269125938416]
[0.5143511891365051, 0.5704357028007507, 0.44475793838500977, 0.3008337914943695, 0.5312434434890747]
[0.3682872951030731, 0.5410106182098389, 0.43682804703712463, 0.29630130529403687, 0.4435845613479614]
[0.4483843743801117, 0.5548387169837952, 0.48102322220802307, 0.3284619450569153, 0.4831509590148926]
[0.4679701328277588, 0.5690340399742126, 0.4485740661621094, 0.327778160572052, 0.5292971730232239]
[0.547201931476593, 0.5826160907745361, 0.4302169382572174, 0.2565612196922302, 0.5476312637329102]
[0.4638576805591583, 0.5592817664146423, 0.4567817151546478, 0.2859940230846405, 0.5084697604179382]
[0.4459648132324219, 0.553485631942749, 0.450333833694458, 0.32977765798568726, 0.5075112581253052]
[0.6274232268333435, 0.5725248456001282, 0.3939300775527954, 0.23135565221309662, 0.6099650859832764]
[0.5199973583221436, 0.5463472604751587, 0.44287121295928955, 0.3166014850139618, 0.5371291041374207]
[0.506269633769989, 0.5209372043609619, 0.45613592863082886, 0.35803988575935364, 0.5143113136291504]
[0.5533722639083862, 0.5969866514205933, 0.4151158630847931, 0.2692719101905823, 0.5499799847602844]
[0.5247035026550293, 0.5375581979751587, 0.49706098437309265, 0.3689464330673218, 0.5334351658821106]
[0.526328980922699, 0.5520390868186951, 0.4327338635921478, 0.31726834177970886, 0.5155895948410034]
[0.4956877529621124, 0.559065580368042, 0.4409244954586029, 0.3156484067440033, 0.5316078662872314]
[0.5846033692359924, 0.5893936157226562, 0.3935528099536896, 0.24539057910442352, 0.5650643706321716]
[0.5002234578132629, 0.5274708867073059, 0.46852245926856995, 0.36846184730529785, 0.4952071011066437]
[0.5570269823074341, 0.561676025390625, 0.4166043996810913, 0.28820329904556274, 0.548204243183136]
[0.4051229953765869, 0.5660396218299866, 0.4301072061061859, 0.3098231256008148, 0.4514714777469635]
[0.46382057666778564, 0.5251031517982483, 0.464301735162735, 0.3368033170700073, 0.4879908859729767]
[0.5480037331581116, 0.5942091345787048, 0.4054723381996155, 0.27268147468566895, 0.5742542743682861]
[0.5491901636123657, 0.572036862373352, 0.39192864298820496, 0.2481400966644287, 0.5658552050590515]
[0.4930650293827057, 0.5520152449607849, 0.4498802721500397, 0.31739455461502075, 0.5060405135154724]
[0.4596133828163147, 0.5582111477851868, 0.4739489257335663, 0.32672807574272156, 0.48534971475601196]
[0.43479424715042114, 0.5475180149078369, 0.46029263734817505, 0.32420822978019714, 0.4477723240852356]
[0.5164056420326233, 0.5856020450592041, 0.443761944770813, 0.27668872475624084, 0.5420963168144226]
[0.5243579745292664, 0.5860616564750671, 0.41754481196403503, 0.2658577263355255, 0.5478681921958923]
[0.5142824649810791, 0.540607750415802, 0.4634787142276764, 0.3164007365703583, 0.514202892780304]
[0.5528942942619324, 0.5443621873855591, 0.480369508266449, 0.36080291867256165, 0.5538809895515442]
[0.5606189966201782, 0.5895147919654846, 0.4181467592716217, 0.26198673248291016, 0.5411309003829956]
[0.46303480863571167, 0.5536519289016724, 0.46389275789260864, 0.2909471392631531, 0.5046250224113464]
[0.5136147141456604, 0.558883547782898, 0.4661427438259125, 0.34601113200187683, 0.5273380279541016]
[0.5223610401153564, 0.5553845167160034, 0.43723738193511963, 0.3068859279155731, 0.5212201476097107]
[0.46809422969818115, 0.5658913254737854, 0.44840723276138306, 0.3490687608718872, 0.48150834441185]
[0.5220192670822144, 0.5623024106025696, 0.43972060084342957, 0.2830869257450104, 0.5380745530128479]
[0.46679890155792236, 0.5720598101615906, 0.46480438113212585, 0.32677721977233887, 0.5126906037330627]
[0.5265074968338013, 0.5710647106170654, 0.42892634868621826, 0.28386908769607544, 0.5259171724319458]
[0.5042940378189087, 0.560640811920166, 0.46402639150619507, 0.3392552137374878, 0.5268360376358032]
[0.5478252172470093, 0.5774762034416199, 0.42187854647636414, 0.28621166944503784, 0.5449382662773132]
[0.496719092130661, 0.5271341800689697, 0.4750697612762451, 0.362615704536438, 0.5079025030136108]
[0.5530268549919128, 0.5765950679779053, 0.4149319529533386, 0.28394100069999695, 0.5348528623580933]
[0.5344104170799255, 0.5826608538627625, 0.4248219430446625, 0.29985034465789795, 0.5451876521110535]
[0.46822088956832886, 0.5688345432281494, 0.45014688372612, 0.3144243061542511, 0.5054503083229065]
[0.46494486927986145, 0.568075954914093, 0.4439223110675812, 0.294060081243515, 0.5164651870727539]
[0.5282801985740662, 0.5866754055023193, 0.4394690990447998, 0.2949451506137848, 0.5370542407035828]
[0.5504789352416992, 0.5504522323608398, 0.46797049045562744, 0.3006422519683838, 0.5575739741325378]
[0.4705653786659241, 0.5365848541259766, 0.4634424149990082, 0.31915783882141113, 0.47555017471313477]
[0.4876750707626343, 0.5098963379859924, 0.5313805937767029, 0.4519132971763611, 0.5300604104995728]
[0.4584023952484131, 0.5714500546455383, 0.4236568808555603, 0.29673686623573303, 0.4837772250175476]
[0.46125328540802, 0.5573598742485046, 0.46741175651550293, 0.3507871627807617, 0.5035800933837891]
[0.5192432999610901, 0.5326060652732849, 0.43494731187820435, 0.3641480505466461, 0.528682291507721]
[0.5391947031021118, 0.5999648571014404, 0.44301193952560425, 0.27739134430885315, 0.5315919518470764]
[0.5162789821624756, 0.5476914644241333, 0.4564681351184845, 0.3347513675689697, 0.5473657250404358]
[0.4940633177757263, 0.5270610451698303, 0.4543706774711609, 0.3024868071079254, 0.516394853591919]
[0.5488792061805725, 0.5496942400932312, 0.4082784056663513, 0.2824335992336273, 0.5366067886352539]
[0.3938148617744446, 0.5637679696083069, 0.45933905243873596, 0.314659059047699, 0.4593518376350403]
[0.5009220242500305, 0.5672221183776855, 0.4220968782901764, 0.2719660997390747, 0.5254611968994141]
[0.5728164315223694, 0.5909895300865173, 0.4221571087837219, 0.25820639729499817, 0.5820233225822449]
[0.5120323896408081, 0.5477432012557983, 0.45440033078193665, 0.3186989426612854, 0.5272195935249329]
[0.5196327567100525, 0.5848984122276306, 0.40457260608673096, 0.28902220726013184, 0.5296584963798523]
