0
#微感动#【爸爸在哪家就在哪
[0.505954921245575, 0.526554524898529, 0.4421041011810303, 0.3326317369937897, 0.5228168964385986]
[0.5116938352584839, 0.5942668318748474, 0.43459779024124146, 0.28457143902778625, 0.5415536761283875]
[0.4907926917076111, 0.5637834668159485, 0.4414612948894501, 0.2947947084903717, 0.49108949303627014]
[0.5070725679397583, 0.5795678496360779, 0.4309682846069336, 0.25872695446014404, 0.538472592830658]
[0.5160136818885803, 0.5838555097579956, 0.44194459915161133, 0.2836109697818756, 0.5329794883728027]
[0.579638659954071, 0.5645111203193665, 0.4187588691711426, 0.25596165657043457, 0.5810143351554871]
[0.48624852299690247, 0.5730695128440857, 0.47081246972084045, 0.28968513011932373, 0.49629637598991394]
[0.5477578639984131, 0.5576844811439514, 0.419155091047287, 0.27681076526641846, 0.5141447186470032]
[0.44597819447517395, 0.5756267309188843, 0.45048078894615173, 0.29002469778060913, 0.48397842049598694]
[0.45847344398498535, 0.5748605132102966, 0.4321816563606262, 0.3187239468097687, 0.5066081285476685]
[0.6000707149505615, 0.5337573289871216, 0.47871658205986023, 0.3712497651576996, 0.5988777875900269]
[0.5604093074798584, 0.5988282561302185, 0.41459694504737854, 0.2463545799255371, 0.5625867247581482]
[0.5632481575012207, 0.5968255996704102, 0.41925615072250366, 0.26301252841949463, 0.5685796141624451]
[0.5325873494148254, 0.5880876183509827, 0.42129048705101013, 0.2533036768436432, 0.5475322008132935]
[0.43869975209236145, 0.5493468046188354, 0.48974746465682983, 0.36728987097740173, 0.4840419590473175]
[0.4650244116783142, 0.5768699049949646, 0.4432328939437866, 0.2886543273925781, 0.5188762545585632]
[0.48618394136428833, 0.559119462966919, 0.4419844150543213, 0.3041554391384125, 0.5040002465248108]
[0.4952138662338257, 0.5785738229751587, 0.42351195216178894, 0.2817390263080597, 0.5381345152854919]
[0.48276445269584656, 0.5517677068710327, 0.46828633546829224, 0.29109248518943787, 0.47545647621154785]
[0.4252414107322693, 0.5518724918365479, 0.4249042570590973, 0.314939945936203, 0.5039020776748657]
[0.437892884016037, 0.5520878434181213, 0.4701053202152252, 0.32624974846839905, 0.5275697708129883]
[0.556496798992157, 0.5792599320411682, 0.4132629930973053, 0.27417388558387756, 0.5367212891578674]
[0.5347743034362793, 0.5569103956222534, 0.4356546103954315, 0.2732764482498169, 0.5591232776641846]
[0.4671914279460907, 0.5790963768959045, 0.4346652328968048, 0.28854551911354065, 0.5168706774711609]
[0.5162076950073242, 0.5602840781211853, 0.4479164481163025, 0.27956873178482056, 0.5079523324966431]
[0.5555647611618042, 0.5965560674667358, 0.41892075538635254, 0.2654671370983124, 0.5561412572860718]
[0.5171246528625488, 0.5077582001686096, 0.5411859750747681, 0.4174995422363281, 0.5181733965873718]
[0.48037654161453247, 0.5535221695899963, 0.5349434018135071, 0.4559093415737152, 0.5312414765357971]
[0.483004629611969, 0.578224241733551, 0.42108356952667236, 0.2875770628452301, 0.5206601023674011]
[0.385852575302124, 0.5593848824501038, 0.45914506912231445, 0.2989233136177063, 0.4251597821712494]
[0.46803775429725647, 0.5598880648612976, 0.45033687353134155, 0.30987951159477234, 0.4866209328174591]
[0.48438411951065063, 0.5452714562416077, 0.42053860425949097, 0.30306002497673035, 0.5249642729759216]
[0.48497214913368225, 0.581631064414978, 0.44560855627059937, 0.2792831063270569, 0.5488344430923462]
[0.4201423227787018, 0.5609777569770813, 0.46432217955589294, 0.29095688462257385, 0.47741106152534485]
[0.4603700041770935, 0.5341058969497681, 0.5319303870201111, 0.4433225691318512, 0.4875414967536926]
[0.46285781264305115, 0.5935757160186768, 0.43815746903419495, 0.28131362795829773, 0.5050604343414307]
[0.535509467124939, 0.5807133316993713, 0.4047080874443054, 0.26782071590423584, 0.5697078704833984]
[0.5621080994606018, 0.5496326088905334, 0.41570669412612915, 0.2745249569416046, 0.5583921074867249]
[0.5286596417427063, 0.5913402438163757, 0.4406730532646179, 0.2950659394264221, 0.5422549247741699]
[0.48606905341148376, 0.5653390884399414, 0.42291659116744995, 0.2744303345680237, 0.5293554067611694]
[0.5070725679397583, 0.5795678496360779, 0.4309682846069336, 0.25872695446014404, 0.538472592830658]
[0.5070725679397583, 0.5795678496360779, 0.4309682846069336, 0.25872695446014404, 0.538472592830658]
[0.57916659116745, 0.5556483864784241, 0.4126044511795044, 0.2572060525417328, 0.5882831811904907]
[0.5189236402511597, 0.5697654485702515, 0.424190878868103, 0.26953211426734924, 0.5569272041320801]
[0.4619627594947815, 0.5803213119506836, 0.4452136158943176, 0.30743879079818726, 0.5106938481330872]
[0.4042438864707947, 0.5344613194465637, 0.5674552917480469, 0.5142231583595276, 0.4327123463153839]
[0.46285781264305115, 0.5935757160186768, 0.43815746903419495, 0.28131362795829773, 0.5050604343414307]
[0.40286877751350403, 0.5407741665840149, 0.4989805817604065, 0.37868037819862366, 0.4610992968082428]
[0.4470462203025818, 0.5494387149810791, 0.4569479823112488, 0.31773608922958374, 0.4556673467159271]
[0.5059511065483093, 0.5523988008499146, 0.4057222604751587, 0.2583656907081604, 0.5607156753540039]
[0.5358850359916687, 0.5935895442962646, 0.41367805004119873, 0.2764138877391815, 0.560492217540741]
[0.4673295319080353, 0.5625982284545898, 0.44204890727996826, 0.32851532101631165, 0.4997641444206238]
[0.4775690734386444, 0.5772536396980286, 0.426881343126297, 0.2709727883338928, 0.524222195148468]
[0.5786168575286865, 0.5773903131484985, 0.40939411520957947, 0.2561287581920624, 0.5661324858665466]
[0.48744383454322815, 0.5718149542808533, 0.44239190220832825, 0.307218998670578, 0.5271324515342712]
[0.4790285527706146, 0.5849575400352478, 0.43058550357818604, 0.3008290231227875, 0.5197647213935852]
[0.5449289083480835, 0.576941192150116, 0.4256889522075653, 0.26878443360328674, 0.5529954433441162]
[0.5820369124412537, 0.5954450964927673, 0.4090774655342102, 0.23800061643123627, 0.586703896522522]
[0.5220838189125061, 0.5690870881080627, 0.3982883095741272, 0.25805243849754333, 0.5521827340126038]
[0.5245234370231628, 0.57707679271698, 0.40802305936813354, 0.2612707018852234, 0.5566906929016113]
[0.49776673316955566, 0.5817064046859741, 0.4299885928630829, 0.28164124488830566, 0.5166130661964417]
[0.5495597124099731, 0.5803185701370239, 0.407360702753067, 0.27757054567337036, 0.5531077980995178]
[0.5759886503219604, 0.5807939767837524, 0.4198235273361206, 0.2839745581150055, 0.585635244846344]
[0.5245234370231628, 0.57707679271698, 0.40802305936813354, 0.2612707018852234, 0.5566906929016113]
[0.361480712890625, 0.5862221717834473, 0.4518420100212097, 0.29598894715309143, 0.4571874141693115]
[0.49091556668281555, 0.5741568803787231, 0.44080400466918945, 0.2744789719581604, 0.520173192024231]
[0.5550212264060974, 0.5679180026054382, 0.44358596205711365, 0.3133213520050049, 0.5626582503318787]
[0.4953252077102661, 0.5650978684425354, 0.4424374997615814, 0.29403364658355713, 0.523737907409668]
[0.505954921245575, 0.526554524898529, 0.4421041011810303, 0.3326317369937897, 0.5228168964385986]
[0.4889276623725891, 0.5763530135154724, 0.44762226939201355, 0.29198238253593445, 0.521316647529602]
[0.49776673316955566, 0.5817064046859741, 0.4299885928630829, 0.28164124488830566, 0.5166130661964417]
[0.44509804248809814, 0.5166800022125244, 0.48909252882003784, 0.415733277797699, 0.4774927496910095]
[0.5179683566093445, 0.5761947631835938, 0.43448320031166077, 0.28166648745536804, 0.5387653708457947]
[0.4067901372909546, 0.5744426846504211, 0.5086616277694702, 0.33884677290916443, 0.46834662556648254]
[0.5645275115966797, 0.5743483304977417, 0.4005739092826843, 0.26220983266830444, 0.5586835741996765]
[0.45226335525512695, 0.5637078285217285, 0.4495244324207306, 0.31890952587127686, 0.5017504096031189]
[0.5210171937942505, 0.5357234477996826, 0.504605770111084, 0.413281112909317, 0.5791181325912476]
[0.5070725679397583, 0.5795678496360779, 0.4309682846069336, 0.25872695446014404, 0.538472592830658]
[0.5179683566093445, 0.5761947631835938, 0.43448320031166077, 0.28166648745536804, 0.5387653708457947]
[0.45589587092399597, 0.5540586709976196, 0.42612171173095703, 0.3069416284561157, 0.5096981525421143]
[0.46285781264305115, 0.5935757160186768, 0.43815746903419495, 0.28131362795829773, 0.5050604343414307]
[0.5713937878608704, 0.578834593296051, 0.4044871926307678, 0.28084951639175415, 0.5785417556762695]
[0.3525565266609192, 0.5549966096878052, 0.4557444751262665, 0.29298844933509827, 0.43208077549934387]
[0.47640836238861084, 0.5733089447021484, 0.44535404443740845, 0.26287850737571716, 0.4930541217327118]
[0.43869975209236145, 0.5493468046188354, 0.48974746465682983, 0.36728987097740173, 0.4840419590473175]
[0.42167726159095764, 0.5635251402854919, 0.45500752329826355, 0.32521727681159973, 0.4814511835575104]
[0.44937846064567566, 0.552496612071991, 0.4497375786304474, 0.3329771161079407, 0.469946026802063]
[0.481256902217865, 0.5622024536132812, 0.48430705070495605, 0.34048476815223694, 0.49854880571365356]
[0.49986496567726135, 0.5935881733894348, 0.4431763291358948, 0.28354257345199585, 0.5157736539840698]
[0.4434778094291687, 0.5506642460823059, 0.456319659948349, 0.27052438259124756, 0.47962868213653564]
[0.5904331207275391, 0.549010694026947, 0.4011778235435486, 0.28954315185546875, 0.5814892649650574]
[0.5358850359916687, 0.5935895442962646, 0.41367805004119873, 0.2764138877391815, 0.560492217540741]
[0.5144776105880737, 0.5382372736930847, 0.5006231665611267, 0.46177375316619873, 0.5559548139572144]
[0.4345349669456482, 0.5780808329582214, 0.4299038052558899, 0.2879905104637146, 0.4939495027065277]
[0.44979599118232727, 0.5697099566459656, 0.421523779630661, 0.27154240012168884, 0.48234808444976807]
[0.5713937878608704, 0.578834593296051, 0.4044871926307678, 0.28084951639175415, 0.5785417556762695]
[0.43928033113479614, 0.5755216479301453, 0.43812182545661926, 0.28464990854263306, 0.4676651954650879]
[0.5455898642539978, 0.5402162671089172, 0.4526216387748718, 0.28596997261047363, 0.5748262405395508]
[0.5072462558746338, 0.5553401708602905, 0.42953863739967346, 0.2527414858341217, 0.5094493627548218]
[0.5519118309020996, 0.5508475303649902, 0.4416598379611969, 0.340301513671875, 0.5350536108016968]
[0.5962556004524231, 0.5545066595077515, 0.4386749267578125, 0.29342541098594666, 0.5833438038825989]
