0
#那年今日#【杨绛忆钱钟书】“见面时，他第一句话就是‘我没有订婚’，我则紧张地回答‘我也没男朋友’。于是开始鸿雁往来，越写越勤，一天一封。他放假回家，我难受了多时。冷静下来觉得不好，这是fall in love了……”1998年的今天，钱钟书离世。杨绛叹：“我们失散了。”怀念钱老，为世界留下智言。
[0.5264257788658142, 0.5282543897628784, 0.4891437590122223, 0.3701092600822449, 0.5615039467811584]
[0.49819183349609375, 0.5695810914039612, 0.4092336595058441, 0.28381651639938354, 0.5330636501312256]
[0.49819183349609375, 0.5695810914039612, 0.4092336595058441, 0.28381651639938354, 0.5330636501312256]
[0.5131556987762451, 0.5862746238708496, 0.4261339604854584, 0.28130021691322327, 0.5466357469558716]
[0.4969657063484192, 0.5733881592750549, 0.4374794065952301, 0.2726668119430542, 0.5160481929779053]
[0.47674691677093506, 0.5442351698875427, 0.44705548882484436, 0.29705873131752014, 0.5031978487968445]
[0.49216195940971375, 0.5906689167022705, 0.43925797939300537, 0.2860266864299774, 0.5127426981925964]
[0.5036914944648743, 0.5795542001724243, 0.42778071761131287, 0.2739828824996948, 0.5426799058914185]
[0.4990663230419159, 0.5655390024185181, 0.4458857774734497, 0.29896944761276245, 0.5190334916114807]
[0.49819183349609375, 0.5695810914039612, 0.4092336595058441, 0.28381651639938354, 0.5330636501312256]
[0.5070725679397583, 0.5795678496360779, 0.4309682846069336, 0.25872695446014404, 0.538472592830658]
[0.4859740436077118, 0.5738193988800049, 0.4689675271511078, 0.3366735577583313, 0.5094365477561951]
[0.5262740850448608, 0.564025342464447, 0.4024309813976288, 0.27999863028526306, 0.5353594422340393]
[0.5523754954338074, 0.5710067749023438, 0.4030904769897461, 0.27391865849494934, 0.5704757571220398]
[0.5504789352416992, 0.5504522323608398, 0.46797049045562744, 0.3006422519683838, 0.5575739741325378]
[0.5270588994026184, 0.5518821477890015, 0.4106752574443817, 0.2938232421875, 0.5258060097694397]
[0.5295623540878296, 0.5540573000907898, 0.43424564599990845, 0.333828330039978, 0.5511211156845093]
[0.4766113758087158, 0.5731459856033325, 0.46656671166419983, 0.3017353117465973, 0.5281296372413635]
[0.503737211227417, 0.565567135810852, 0.4345037639141083, 0.307206392288208, 0.5482689738273621]
[0.5287545323371887, 0.5739323496818542, 0.40537238121032715, 0.25351765751838684, 0.5817427039146423]
[0.5157917141914368, 0.5656707286834717, 0.4376378059387207, 0.2939266860485077, 0.5196471214294434]
[0.4499204754829407, 0.5569232702255249, 0.43329140543937683, 0.2557087242603302, 0.4826611876487732]
[0.4444059729576111, 0.5764294862747192, 0.44992032647132874, 0.30929142236709595, 0.5215432047843933]
[0.4913886785507202, 0.546997606754303, 0.4838387668132782, 0.3413878381252289, 0.48377084732055664]
[0.48717188835144043, 0.5797533392906189, 0.4457269608974457, 0.297430157661438, 0.5089973211288452]
[0.4917965829372406, 0.5642513632774353, 0.44473153352737427, 0.292820006608963, 0.504958987236023]
[0.5289389491081238, 0.5567527413368225, 0.43051716685295105, 0.29316750168800354, 0.5435695648193359]
[0.5241172313690186, 0.5849148631095886, 0.4210233986377716, 0.265076220035553, 0.5400421023368835]
[0.5070725679397583, 0.5795678496360779, 0.4309682846069336, 0.25872695446014404, 0.538472592830658]
[0.5463338494300842, 0.5762514472007751, 0.4166349470615387, 0.27664804458618164, 0.561045229434967]
[0.48060691356658936, 0.5836504101753235, 0.4359470009803772, 0.27468162775039673, 0.5234268307685852]
[0.562921404838562, 0.5886433720588684, 0.4095627963542938, 0.27366945147514343, 0.5484826564788818]
[0.5655205249786377, 0.5747044682502747, 0.41738396883010864, 0.2560679316520691, 0.5396974682807922]
[0.5289619565010071, 0.5845335125923157, 0.42568692564964294, 0.27028539776802063, 0.5209930539131165]
[0.5323793888092041, 0.5829126834869385, 0.43597590923309326, 0.3118365705013275, 0.5490957498550415]
[0.48190146684646606, 0.5514078736305237, 0.4471905529499054, 0.3166726231575012, 0.5183184146881104]
[0.5572163462638855, 0.5851698517799377, 0.41942739486694336, 0.26740679144859314, 0.5677614808082581]
[0.45236578583717346, 0.5649623870849609, 0.46591129899024963, 0.29542508721351624, 0.5141541361808777]
[0.4914388656616211, 0.5436163544654846, 0.48357999324798584, 0.3541879951953888, 0.5037761330604553]
[0.5288412570953369, 0.5705151557922363, 0.4173579812049866, 0.2496805638074875, 0.5431588888168335]
[0.46984779834747314, 0.5648339986801147, 0.4527892768383026, 0.32908740639686584, 0.4982258081436157]
[0.5650440454483032, 0.5607739090919495, 0.4221929907798767, 0.28285178542137146, 0.5053496956825256]
[0.5090821385383606, 0.5840469598770142, 0.41946306824684143, 0.2618348002433777, 0.5556629300117493]
[0.5230644941329956, 0.593233048915863, 0.42922818660736084, 0.2881224751472473, 0.5396323800086975]
[0.4473086893558502, 0.562073826789856, 0.41728508472442627, 0.29798993468284607, 0.50347900390625]
[0.4293612539768219, 0.5218198299407959, 0.5367068648338318, 0.4554959237575531, 0.507968544960022]
[0.5528578162193298, 0.584112286567688, 0.4005744755268097, 0.26266515254974365, 0.5500484704971313]
[0.4937596917152405, 0.5392757654190063, 0.44973325729370117, 0.3237020969390869, 0.508744478225708]
[0.49819183349609375, 0.5695810914039612, 0.4092336595058441, 0.28381651639938354, 0.5330636501312256]
[0.49819183349609375, 0.5695810914039612, 0.4092336595058441, 0.28381651639938354, 0.5330636501312256]
[0.4798649847507477, 0.5437745451927185, 0.4858573377132416, 0.3616718351840973, 0.5034125447273254]
[0.4449554979801178, 0.5378288626670837, 0.46567556262016296, 0.3072453439235687, 0.48328354954719543]
[0.4617270827293396, 0.5694071054458618, 0.45798763632774353, 0.2844363749027252, 0.4993147850036621]
[0.4875483214855194, 0.5513642430305481, 0.4417145848274231, 0.2923890948295593, 0.5283772945404053]
[0.5163082480430603, 0.535930871963501, 0.45284032821655273, 0.3208463191986084, 0.5506874918937683]
[0.5305643081665039, 0.5662359595298767, 0.43257710337638855, 0.27212828397750854, 0.5411096811294556]
[0.49819183349609375, 0.5695810914039612, 0.4092336595058441, 0.28381651639938354, 0.5330636501312256]
[0.49819183349609375, 0.5695810914039612, 0.4092336595058441, 0.28381651639938354, 0.5330636501312256]
[0.529482901096344, 0.5603496432304382, 0.42545971274375916, 0.3054847717285156, 0.5079529285430908]
[0.47929874062538147, 0.5504120588302612, 0.45569872856140137, 0.3387061357498169, 0.4770975112915039]
[0.447507381439209, 0.5760480165481567, 0.4297124743461609, 0.3092159926891327, 0.5012755393981934]
[0.490722119808197, 0.5609755516052246, 0.4520423710346222, 0.31821751594543457, 0.5154252052307129]
[0.5295623540878296, 0.5540573000907898, 0.43424564599990845, 0.333828330039978, 0.5511211156845093]
[0.5009410977363586, 0.5847321152687073, 0.42307016253471375, 0.2844153642654419, 0.5285155177116394]
[0.5099518895149231, 0.551847517490387, 0.417012095451355, 0.2657541036605835, 0.5112622976303101]
[0.4198164641857147, 0.5429510474205017, 0.45095086097717285, 0.3290592432022095, 0.44558632373809814]
[0.4695137143135071, 0.570422351360321, 0.43083998560905457, 0.32586774230003357, 0.4955816864967346]
[0.5392404198646545, 0.5939180254936218, 0.41276952624320984, 0.24902182817459106, 0.56426602602005]
[0.4429379105567932, 0.5537102818489075, 0.4678431749343872, 0.3044931888580322, 0.48907461762428284]
[0.5299875140190125, 0.5562698245048523, 0.45038461685180664, 0.34602415561676025, 0.5011323690414429]
[0.4921394884586334, 0.582680881023407, 0.4396083354949951, 0.290698379278183, 0.49428048729896545]
[0.477545827627182, 0.5363519191741943, 0.46553581953048706, 0.3634474277496338, 0.5083615779876709]
[0.43576714396476746, 0.516632080078125, 0.4673377573490143, 0.3547026813030243, 0.4561842381954193]
[0.4038029909133911, 0.566723644733429, 0.44245827198028564, 0.30045458674430847, 0.4706011116504669]
[0.48889145255088806, 0.552209198474884, 0.46763870120048523, 0.3132154643535614, 0.5088499188423157]
[0.5681071877479553, 0.576798677444458, 0.40342333912849426, 0.2499087154865265, 0.5804563760757446]
[0.41679197549819946, 0.5262107849121094, 0.538661777973175, 0.4194842576980591, 0.5070587396621704]
[0.5597823262214661, 0.5894942283630371, 0.4193037748336792, 0.2670420706272125, 0.5699244737625122]
[0.5070725679397583, 0.5795678496360779, 0.4309682846069336, 0.25872695446014404, 0.538472592830658]
[0.5128155946731567, 0.5804631114006042, 0.4495559632778168, 0.27538225054740906, 0.5055705904960632]
[0.49819183349609375, 0.5695810914039612, 0.4092336595058441, 0.28381651639938354, 0.5330636501312256]
[0.5325873494148254, 0.5880876183509827, 0.42129048705101013, 0.2533036768436432, 0.5475322008132935]
[0.511908769607544, 0.5854529738426208, 0.41987547278404236, 0.25342226028442383, 0.5299147367477417]
[0.5350214838981628, 0.58622145652771, 0.4366399645805359, 0.29797396063804626, 0.548137366771698]
[0.5481662750244141, 0.5557140111923218, 0.4661470949649811, 0.3723607361316681, 0.5294632315635681]
[0.47250521183013916, 0.5772039890289307, 0.4467410147190094, 0.2882012724876404, 0.4880748689174652]
[0.5383506417274475, 0.5960696339607239, 0.42075780034065247, 0.27500951290130615, 0.5500810742378235]
[0.4345061480998993, 0.5568930506706238, 0.44924604892730713, 0.3036644160747528, 0.4710766077041626]
[0.5070725679397583, 0.5795678496360779, 0.4309682846069336, 0.25872695446014404, 0.538472592830658]
[0.5264257788658142, 0.5282543897628784, 0.4891437590122223, 0.3701092600822449, 0.5615039467811584]
[0.5070725679397583, 0.5795678496360779, 0.4309682846069336, 0.25872695446014404, 0.538472592830658]
[0.4038029909133911, 0.566723644733429, 0.44245827198028564, 0.30045458674430847, 0.4706011116504669]
[0.511745035648346, 0.5818584561347961, 0.42891281843185425, 0.2648738622665405, 0.5170283317565918]
[0.5249072313308716, 0.5899013876914978, 0.4213384687900543, 0.27215245366096497, 0.5414325594902039]
[0.50583416223526, 0.5743255615234375, 0.4187561273574829, 0.26810315251350403, 0.539776623249054]
[0.5098838210105896, 0.5459024906158447, 0.4622844457626343, 0.2751466929912567, 0.519476592540741]
[0.5346668362617493, 0.589036762714386, 0.4209383726119995, 0.2636013329029083, 0.5732045769691467]
[0.49102261662483215, 0.5604491233825684, 0.4321742355823517, 0.29295864701271057, 0.526894211769104]
[0.5070725679397583, 0.5795678496360779, 0.4309682846069336, 0.25872695446014404, 0.538472592830658]
[0.46342653036117554, 0.5686083436012268, 0.4436715543270111, 0.29985883831977844, 0.5040183067321777]
[0.45801785588264465, 0.580088198184967, 0.445831835269928, 0.2702169716358185, 0.530387282371521]
