0
【转发送送这位善良的老人】韦老助学的善款，从90年代一次三四百，到现在的三四千。仅他家人简单整理的凭证，大大小小就有数十张。老人甚至还签了志愿表，愿捐赠遗体和所有可用器官。老人的家人说：“他过着苦行僧一样的生活，我们很多年轻人都很惭愧。”转发送送韦老……
[0.49795591831207275, 0.5374047160148621, 0.48672035336494446, 0.4051826000213623, 0.5435711741447449]
[0.5343832969665527, 0.5802587270736694, 0.4250352084636688, 0.28814104199409485, 0.5496314764022827]
[0.5648415684700012, 0.5929900407791138, 0.4064779281616211, 0.24855172634124756, 0.5723830461502075]
[0.4752258062362671, 0.5691908001899719, 0.4391210675239563, 0.3077876567840576, 0.4840574860572815]
[0.535487711429596, 0.5405941605567932, 0.4877522587776184, 0.40445980429649353, 0.5490650534629822]
[0.5648415684700012, 0.5929900407791138, 0.4064779281616211, 0.24855172634124756, 0.5723830461502075]
[0.5123940706253052, 0.5739644765853882, 0.4258195161819458, 0.2979898154735565, 0.5198386907577515]
[0.5070725679397583, 0.5795678496360779, 0.4309682846069336, 0.25872695446014404, 0.538472592830658]
[0.5343832969665527, 0.5802587270736694, 0.4250352084636688, 0.28814104199409485, 0.5496314764022827]
[0.6055775284767151, 0.5318122506141663, 0.4006847143173218, 0.31330403685569763, 0.5899018049240112]
[0.5372276306152344, 0.5858232378959656, 0.44186046719551086, 0.28723421692848206, 0.5404559373855591]
[0.6055775284767151, 0.5318122506141663, 0.4006847143173218, 0.31330403685569763, 0.5899018049240112]
[0.5070725679397583, 0.5795678496360779, 0.4309682846069336, 0.25872695446014404, 0.538472592830658]
[0.5355998277664185, 0.5974736213684082, 0.4167988896369934, 0.26813042163848877, 0.5452298521995544]
[0.5377908945083618, 0.5878285765647888, 0.40775197744369507, 0.26711413264274597, 0.5563853979110718]
[0.49795591831207275, 0.5374047160148621, 0.48672035336494446, 0.4051826000213623, 0.5435711741447449]
[0.526633620262146, 0.5706495046615601, 0.42540663480758667, 0.2952114939689636, 0.5246314406394958]
[0.5070725679397583, 0.5795678496360779, 0.4309682846069336, 0.25872695446014404, 0.538472592830658]
[0.4908747673034668, 0.5018120408058167, 0.5217368006706238, 0.4344935417175293, 0.5306057929992676]
[0.5479509830474854, 0.5699136257171631, 0.41375020146369934, 0.2922835350036621, 0.5672643780708313]
[0.5647226572036743, 0.5842422246932983, 0.3996996581554413, 0.2608722448348999, 0.54198157787323]
[0.4882045090198517, 0.5754185318946838, 0.4394184947013855, 0.28875499963760376, 0.5312129855155945]
[0.48222464323043823, 0.5591451525688171, 0.45295217633247375, 0.33131247758865356, 0.48824456334114075]
[0.5647226572036743, 0.5842422246932983, 0.3996996581554413, 0.2608722448348999, 0.54198157787323]
[0.5648415684700012, 0.5929900407791138, 0.4064779281616211, 0.24855172634124756, 0.5723830461502075]
[0.5189628601074219, 0.5800983309745789, 0.44237613677978516, 0.3092941343784332, 0.5354306101799011]
[0.5070725679397583, 0.5795678496360779, 0.4309682846069336, 0.25872695446014404, 0.538472592830658]
[0.5343832969665527, 0.5802587270736694, 0.4250352084636688, 0.28814104199409485, 0.5496314764022827]
[0.5306268334388733, 0.5765416026115417, 0.4365578889846802, 0.29033368825912476, 0.5460906624794006]
[0.49626779556274414, 0.5213813185691833, 0.5122966170310974, 0.42589709162712097, 0.5554919838905334]
[0.4788326621055603, 0.5447061061859131, 0.4586961567401886, 0.40411147475242615, 0.4892522692680359]
[0.5375000834465027, 0.5717819333076477, 0.427568644285202, 0.28586357831954956, 0.5414204597473145]
[0.5343832969665527, 0.5802587270736694, 0.4250352084636688, 0.28814104199409485, 0.5496314764022827]
[0.4254744350910187, 0.5616669058799744, 0.423931747674942, 0.2659308612346649, 0.49916091561317444]
[0.549691379070282, 0.5871497988700867, 0.4130420386791229, 0.26551756262779236, 0.5281603336334229]
[0.5089607238769531, 0.5734769105911255, 0.45470741391181946, 0.320631206035614, 0.547450065612793]
[0.43526995182037354, 0.5252496004104614, 0.4733528792858124, 0.33039557933807373, 0.49884629249572754]
[0.46043661236763, 0.5799716711044312, 0.4687121510505676, 0.3029787838459015, 0.5068783164024353]
[0.5471740961074829, 0.5983433127403259, 0.42180296778678894, 0.2680366635322571, 0.5576105713844299]
[0.5343832969665527, 0.5802587270736694, 0.4250352084636688, 0.28814104199409485, 0.5496314764022827]
[0.5202862024307251, 0.5810336470603943, 0.4101262390613556, 0.26850610971450806, 0.5348315834999084]
[0.46076518297195435, 0.5720700621604919, 0.4330468773841858, 0.29351791739463806, 0.48877382278442383]
[0.5119356513023376, 0.5823545455932617, 0.42684227228164673, 0.28019267320632935, 0.552101194858551]
[0.385852575302124, 0.5593848824501038, 0.45914506912231445, 0.2989233136177063, 0.4251597821712494]
[0.4617270827293396, 0.5694071054458618, 0.45798763632774353, 0.2844363749027252, 0.4993147850036621]
[0.46271300315856934, 0.5780441761016846, 0.4514137804508209, 0.31542807817459106, 0.4627656638622284]
[0.5408147573471069, 0.5800745487213135, 0.4286682903766632, 0.25859299302101135, 0.5547941327095032]
[0.49795591831207275, 0.5374047160148621, 0.48672035336494446, 0.4051826000213623, 0.5435711741447449]
[0.43516477942466736, 0.5425099730491638, 0.46693506836891174, 0.31348544359207153, 0.4897240102291107]
[0.5281538963317871, 0.5714386701583862, 0.4220810830593109, 0.2974608540534973, 0.5486992001533508]
[0.49948370456695557, 0.5319896936416626, 0.48553889989852905, 0.3961155116558075, 0.535767674446106]
[0.5450482964515686, 0.5926453471183777, 0.41122180223464966, 0.25864869356155396, 0.554063618183136]
[0.5648415684700012, 0.5929900407791138, 0.4064779281616211, 0.24855172634124756, 0.5723830461502075]
[0.5150654911994934, 0.587783694267273, 0.4461972713470459, 0.29546529054641724, 0.5416347980499268]
[0.49795591831207275, 0.5374047160148621, 0.48672035336494446, 0.4051826000213623, 0.5435711741447449]
[0.5539999008178711, 0.5907496809959412, 0.41408923268318176, 0.27103471755981445, 0.560905396938324]
[0.5123530626296997, 0.5714942216873169, 0.44813093543052673, 0.3185337483882904, 0.5319940447807312]
[0.5272282958030701, 0.5911569595336914, 0.4236869215965271, 0.26048794388771057, 0.5399125218391418]
[0.47309955954551697, 0.5656079053878784, 0.449240505695343, 0.3422432541847229, 0.4927244484424591]
[0.5343832969665527, 0.5802587270736694, 0.4250352084636688, 0.28814104199409485, 0.5496314764022827]
[0.4967330992221832, 0.583429753780365, 0.46789589524269104, 0.2910516560077667, 0.5214149951934814]
[0.49795591831207275, 0.5374047160148621, 0.48672035336494446, 0.4051826000213623, 0.5435711741447449]
[0.5343832969665527, 0.5802587270736694, 0.4250352084636688, 0.28814104199409485, 0.5496314764022827]
[0.47243282198905945, 0.5448874831199646, 0.48122090101242065, 0.33629941940307617, 0.4870312213897705]
[0.5648415684700012, 0.5929900407791138, 0.4064779281616211, 0.24855172634124756, 0.5723830461502075]
[0.5194165110588074, 0.5778951644897461, 0.4216737151145935, 0.3050631880760193, 0.5419298410415649]
[0.5123530626296997, 0.5714942216873169, 0.44813093543052673, 0.3185337483882904, 0.5319940447807312]
[0.550046980381012, 0.5818285942077637, 0.4267556667327881, 0.2632588744163513, 0.5471047163009644]
[0.5195378661155701, 0.59276282787323, 0.4318041503429413, 0.2819284200668335, 0.5501897931098938]
[0.5212610363960266, 0.5913869142532349, 0.40829217433929443, 0.25549668073654175, 0.5500032901763916]
[0.5070725679397583, 0.5795678496360779, 0.4309682846069336, 0.25872695446014404, 0.538472592830658]
[0.43837523460388184, 0.535011887550354, 0.4801436960697174, 0.4023047685623169, 0.49233636260032654]
[0.47309955954551697, 0.5656079053878784, 0.449240505695343, 0.3422432541847229, 0.4927244484424591]
[0.49795591831207275, 0.5374047160148621, 0.48672035336494446, 0.4051826000213623, 0.5435711741447449]
[0.5343832969665527, 0.5802587270736694, 0.4250352084636688, 0.28814104199409485, 0.5496314764022827]
[0.4913330674171448, 0.5771592259407043, 0.4150148928165436, 0.2873999774456024, 0.5233161449432373]
[0.5647226572036743, 0.5842422246932983, 0.3996996581554413, 0.2608722448348999, 0.54198157787323]
[0.5269030928611755, 0.5790490508079529, 0.42699575424194336, 0.2982725501060486, 0.5445697903633118]
[0.5238269567489624, 0.5756938457489014, 0.43178462982177734, 0.2660461962223053, 0.530784010887146]
[0.5720951557159424, 0.569155216217041, 0.4152933359146118, 0.2693248689174652, 0.5619205236434937]
[0.42653927206993103, 0.5737385749816895, 0.42159315943717957, 0.2814728021621704, 0.4679858386516571]
[0.5647226572036743, 0.5842422246932983, 0.3996996581554413, 0.2608722448348999, 0.54198157787323]
[0.5075729489326477, 0.5198336839675903, 0.4458266496658325, 0.321540892124176, 0.5495169162750244]
[0.5343832969665527, 0.5802587270736694, 0.4250352084636688, 0.28814104199409485, 0.5496314764022827]
[0.523141622543335, 0.5893611311912537, 0.4201321601867676, 0.2694281339645386, 0.5447506904602051]
[0.5647226572036743, 0.5842422246932983, 0.3996996581554413, 0.2608722448348999, 0.54198157787323]
[0.4978727400302887, 0.5844416618347168, 0.4193025231361389, 0.29001978039741516, 0.5228347778320312]
[0.4978727400302887, 0.5844416618347168, 0.4193025231361389, 0.29001978039741516, 0.5228347778320312]
[0.5070725679397583, 0.5795678496360779, 0.4309682846069336, 0.25872695446014404, 0.538472592830658]
[0.4705662727355957, 0.5290662050247192, 0.5290979743003845, 0.4583706259727478, 0.5337826013565063]
[0.5123530626296997, 0.5714942216873169, 0.44813093543052673, 0.3185337483882904, 0.5319940447807312]
[0.5228403806686401, 0.5973495244979858, 0.42885473370552063, 0.279874712228775, 0.5319363474845886]
[0.4935881793498993, 0.5705953240394592, 0.4186459481716156, 0.2844407856464386, 0.5304859280586243]
[0.5540820956230164, 0.57148277759552, 0.404228538274765, 0.2752513885498047, 0.5596941113471985]
[0.5391638875007629, 0.5841159820556641, 0.44309377670288086, 0.3053404688835144, 0.5564760565757751]
[0.5214606523513794, 0.567754864692688, 0.429293692111969, 0.28390470147132874, 0.5134283304214478]
[0.4261036217212677, 0.5521971583366394, 0.4910185933113098, 0.31956371665000916, 0.49355843663215637]
[0.5376906394958496, 0.5537015199661255, 0.4270343482494354, 0.318113774061203, 0.5568250417709351]
[0.5150366425514221, 0.5813973546028137, 0.4103834927082062, 0.28800565004348755, 0.5526047945022583]
[0.49795591831207275, 0.5374047160148621, 0.48672035336494446, 0.4051826000213623, 0.5435711741447449]
[0.44272544980049133, 0.5302324891090393, 0.46058645844459534, 0.348942369222641, 0.49011704325675964]
