0
【公安副局长在朋友圈批评一国两制被指妄议中央】吴某，某市公安局副局长，中共党员。浏览朋友圈时，他分享了关于一国两制文章，并罔顾一国两制政策出台背景与实际，发表评论大肆抨击、公然否定。吴某社会关系广，其观点被广泛转发影响恶劣
[0.4923408627510071, 0.5065702795982361, 0.5146784782409668, 0.3960466980934143, 0.5330411791801453]
[0.4752258062362671, 0.5691908001899719, 0.4391210675239563, 0.3077876567840576, 0.4840574860572815]
[0.47432971000671387, 0.5554496645927429, 0.46982431411743164, 0.3341992497444153, 0.503662109375]
[0.5578650236129761, 0.5771753787994385, 0.4079604148864746, 0.25317221879959106, 0.5448558926582336]
[0.4978102147579193, 0.5554373264312744, 0.44043222069740295, 0.30302730202674866, 0.5304678678512573]
[0.5404404401779175, 0.5644664168357849, 0.3993975818157196, 0.2817150950431824, 0.5608333945274353]
[0.5187511444091797, 0.5657637715339661, 0.4381132125854492, 0.2819228768348694, 0.518878698348999]
[0.49474796652793884, 0.557775616645813, 0.4332200586795807, 0.3101668059825897, 0.5052049160003662]
[0.43928033113479614, 0.5755216479301453, 0.43812182545661926, 0.28464990854263306, 0.4676651954650879]
[0.45639392733573914, 0.5704385638237, 0.4561004042625427, 0.28833338618278503, 0.49734625220298767]
[0.5003682971000671, 0.5853945016860962, 0.4318690001964569, 0.2772986888885498, 0.5276387929916382]
[0.4393683969974518, 0.5124475359916687, 0.4779706299304962, 0.37206822633743286, 0.4757654070854187]
[0.5924615859985352, 0.5867167115211487, 0.3763791024684906, 0.21736469864845276, 0.5921847224235535]
[0.3976641297340393, 0.5506575703620911, 0.4820047914981842, 0.34588077664375305, 0.45662134885787964]
[0.4995761513710022, 0.5794062614440918, 0.4502953588962555, 0.29621124267578125, 0.5362943410873413]
[0.45043113827705383, 0.5222500562667847, 0.4816528558731079, 0.3628147542476654, 0.4845678508281708]
[0.40524426102638245, 0.521880030632019, 0.5002461671829224, 0.37308555841445923, 0.47005873918533325]
[0.5404128432273865, 0.5823633670806885, 0.4184034764766693, 0.2794688045978546, 0.539771318435669]
[0.4224870502948761, 0.577319324016571, 0.44683507084846497, 0.2976398468017578, 0.49714624881744385]
[0.5038235187530518, 0.5419133901596069, 0.4507158398628235, 0.3028375804424286, 0.5084456205368042]
[0.512751579284668, 0.5736206769943237, 0.4192359149456024, 0.26687091588974, 0.5141755938529968]
[0.476044237613678, 0.5627162456512451, 0.4544216990470886, 0.29218149185180664, 0.5080483555793762]
[0.536870002746582, 0.5883198380470276, 0.40428242087364197, 0.2554958164691925, 0.5616582036018372]
[0.5185933113098145, 0.5886591672897339, 0.41420748829841614, 0.28358691930770874, 0.5321028828620911]
[0.4972400665283203, 0.5406962633132935, 0.47452449798583984, 0.3497787415981293, 0.5181934833526611]
[0.48502370715141296, 0.5214771032333374, 0.4639275074005127, 0.3432934284210205, 0.5098795294761658]
[0.5322042107582092, 0.5644780397415161, 0.43017858266830444, 0.3039957880973816, 0.5339721441268921]
[0.5461977124214172, 0.564960241317749, 0.40324074029922485, 0.26918914914131165, 0.5597899556159973]
[0.5044917464256287, 0.5667094588279724, 0.4138578772544861, 0.28773969411849976, 0.5159522891044617]
[0.4785444736480713, 0.5597229599952698, 0.43390360474586487, 0.29037314653396606, 0.4894725978374481]
[0.5072885751724243, 0.5530927181243896, 0.4344004988670349, 0.3295761048793793, 0.5158733129501343]
[0.5423632860183716, 0.5504682064056396, 0.4503227174282074, 0.34406396746635437, 0.562000572681427]
[0.5288512110710144, 0.5853770971298218, 0.41114920377731323, 0.25421398878097534, 0.5439620614051819]
[0.5632442831993103, 0.5576454997062683, 0.4833303391933441, 0.39349234104156494, 0.5896767377853394]
[0.4790410101413727, 0.564608097076416, 0.44051095843315125, 0.3053928017616272, 0.506763756275177]
[0.5289723873138428, 0.5946800112724304, 0.4355570375919342, 0.3041189908981323, 0.5188891887664795]
[0.45307180285453796, 0.5490496158599854, 0.4222228527069092, 0.2796643376350403, 0.4858030378818512]
[0.37049978971481323, 0.5023486614227295, 0.47590598464012146, 0.34238436818122864, 0.4035183787345886]
[0.49766042828559875, 0.5739005208015442, 0.43890008330345154, 0.27448713779449463, 0.5651770234107971]
[0.5263870358467102, 0.5407826900482178, 0.4482659697532654, 0.28850266337394714, 0.5272529125213623]
[0.5791585445404053, 0.5721773505210876, 0.38185054063796997, 0.2446204274892807, 0.5766565799713135]
[0.47443318367004395, 0.541540265083313, 0.44013598561286926, 0.33822354674339294, 0.4828930199146271]
[0.5289103984832764, 0.5717705488204956, 0.4280921518802643, 0.2759532630443573, 0.5668444633483887]
[0.5036777853965759, 0.5670501589775085, 0.4459002912044525, 0.3000366985797882, 0.5240686535835266]
[0.5402154326438904, 0.5575314164161682, 0.428796648979187, 0.3133930265903473, 0.5048952698707581]
[0.5504972338676453, 0.5588229298591614, 0.43334054946899414, 0.28714364767074585, 0.5558714866638184]
[0.48105472326278687, 0.5365423560142517, 0.462862491607666, 0.3283076882362366, 0.5283567309379578]
[0.572002112865448, 0.5577914118766785, 0.4143364727497101, 0.26852115988731384, 0.5743790864944458]
[0.4489404559135437, 0.5443916320800781, 0.45892441272735596, 0.33058497309684753, 0.5066520571708679]
[0.5441233515739441, 0.5401298403739929, 0.44526293873786926, 0.2922578752040863, 0.5574336051940918]
[0.5415449142456055, 0.5865585207939148, 0.42983999848365784, 0.2555984556674957, 0.5425910353660583]
[0.556496262550354, 0.5711753368377686, 0.39749690890312195, 0.2601350247859955, 0.5738246440887451]
[0.5564241409301758, 0.5237786173820496, 0.46085813641548157, 0.3678005337715149, 0.5647850036621094]
[0.5023053288459778, 0.573188841342926, 0.4089755415916443, 0.2829575836658478, 0.5355471968650818]
[0.5057521462440491, 0.568873405456543, 0.41385015845298767, 0.282803475856781, 0.5302993059158325]
[0.4561091959476471, 0.577769935131073, 0.4220905005931854, 0.2862444221973419, 0.48901230096817017]
[0.5660760402679443, 0.5561413168907166, 0.433158278465271, 0.32039040327072144, 0.5528549551963806]
[0.5539029836654663, 0.561152458190918, 0.3986504375934601, 0.27405041456222534, 0.5568848848342896]
[0.4917965829372406, 0.5642513632774353, 0.44473153352737427, 0.292820006608963, 0.504958987236023]
[0.5613911151885986, 0.5622422099113464, 0.39838916063308716, 0.2576175630092621, 0.5601111650466919]
[0.467825710773468, 0.5570462346076965, 0.47892504930496216, 0.34681421518325806, 0.5115627646446228]
[0.5316197872161865, 0.57627272605896, 0.39387959241867065, 0.24842962622642517, 0.5544572472572327]
[0.5160447955131531, 0.5526955723762512, 0.4641578495502472, 0.38371020555496216, 0.5385233163833618]
[0.5500717163085938, 0.5726304054260254, 0.40158215165138245, 0.26541033387184143, 0.5806455016136169]
[0.4902821481227875, 0.5901454091072083, 0.414213627576828, 0.2669735252857208, 0.5385273694992065]
