0
#早安中国#我生命里最大的突破之一，就是我不再为别人对我的看法而担忧。此后，我真的能自由地去做我认为对自己最好的事。只有在我们不需要外来的赞许时，才会变得自由。
[0.5345430970191956, 0.48972800374031067, 0.5430672764778137, 0.6467397809028625, 0.5163288116455078]
[0.5606805682182312, 0.5817533731460571, 0.41365936398506165, 0.26790469884872437, 0.5516749024391174]
[0.4917965829372406, 0.5642513632774353, 0.44473153352737427, 0.292820006608963, 0.504958987236023]
[0.5032421946525574, 0.5792936682701111, 0.4356139898300171, 0.27376216650009155, 0.5295259356498718]
[0.468093603849411, 0.5489448308944702, 0.47358423471450806, 0.3453538119792938, 0.4956090748310089]
[0.49441203474998474, 0.5787303447723389, 0.434940367937088, 0.2899707853794098, 0.5204011797904968]
[0.5063332319259644, 0.5542479157447815, 0.4298071563243866, 0.30126452445983887, 0.5363318920135498]
[0.5449982285499573, 0.5608591437339783, 0.4052235186100006, 0.2768840491771698, 0.5469627976417542]
[0.49819183349609375, 0.5695810914039612, 0.4092336595058441, 0.28381651639938354, 0.5330636501312256]
[0.49441203474998474, 0.5787303447723389, 0.434940367937088, 0.2899707853794098, 0.5204011797904968]
[0.49441203474998474, 0.5787303447723389, 0.434940367937088, 0.2899707853794098, 0.5204011797904968]
[0.5239410400390625, 0.5772950649261475, 0.431751012802124, 0.2888825535774231, 0.5270695090293884]
[0.4105808138847351, 0.5603485107421875, 0.44273173809051514, 0.30233508348464966, 0.46402281522750854]
[0.4969657063484192, 0.5733881592750549, 0.4374794065952301, 0.2726668119430542, 0.5160481929779053]
[0.48433971405029297, 0.5785054564476013, 0.4362952709197998, 0.2879442572593689, 0.5033360123634338]
[0.48431462049484253, 0.5607697367668152, 0.4406522214412689, 0.31297361850738525, 0.5022895336151123]
[0.4940972924232483, 0.5943034887313843, 0.43698346614837646, 0.2836415767669678, 0.5054374933242798]
[0.441927433013916, 0.5809020400047302, 0.42806991934776306, 0.2679166793823242, 0.48940277099609375]
[0.5325873494148254, 0.5880876183509827, 0.42129048705101013, 0.2533036768436432, 0.5475322008132935]
[0.4200073182582855, 0.5339251756668091, 0.46676400303840637, 0.3472175896167755, 0.4666549563407898]
[0.49441203474998474, 0.5787303447723389, 0.434940367937088, 0.2899707853794098, 0.5204011797904968]
[0.41680586338043213, 0.5619738698005676, 0.4690098464488983, 0.3533252775669098, 0.463198184967041]
[0.4713146388530731, 0.5565269589424133, 0.48399388790130615, 0.3519502580165863, 0.5320674180984497]
[0.5130869150161743, 0.5377317070960999, 0.4760722517967224, 0.3023873567581177, 0.5151920914649963]
[0.4844099283218384, 0.5682706832885742, 0.43688318133354187, 0.3088562488555908, 0.48752835392951965]
[0.567518413066864, 0.5899631977081299, 0.4037995934486389, 0.23672521114349365, 0.5694634318351746]
[0.5249303579330444, 0.521914005279541, 0.49929502606391907, 0.4398610591888428, 0.49937283992767334]
[0.47544968128204346, 0.5722174048423767, 0.4422840476036072, 0.3255405128002167, 0.47617223858833313]
[0.5318005681037903, 0.5728141665458679, 0.41875964403152466, 0.2732448875904083, 0.5561559200286865]
[0.5391624569892883, 0.5790917873382568, 0.4268307089805603, 0.27021324634552, 0.534077525138855]
[0.5464037656784058, 0.5294201970100403, 0.49127379059791565, 0.3879593014717102, 0.5711337327957153]
[0.4847370982170105, 0.5630499124526978, 0.418722927570343, 0.2972848415374756, 0.5124971270561218]
[0.49819183349609375, 0.5695810914039612, 0.4092336595058441, 0.28381651639938354, 0.5330636501312256]
[0.49819183349609375, 0.5695810914039612, 0.4092336595058441, 0.28381651639938354, 0.5330636501312256]
[0.4969657063484192, 0.5733881592750549, 0.4374794065952301, 0.2726668119430542, 0.5160481929779053]
[0.5249303579330444, 0.521914005279541, 0.49929502606391907, 0.4398610591888428, 0.49937283992767334]
[0.5473489761352539, 0.5391969084739685, 0.4275430738925934, 0.31584712862968445, 0.5439953804016113]
[0.5478243231773376, 0.5672036409378052, 0.43763670325279236, 0.29648590087890625, 0.5490783452987671]
[0.4969657063484192, 0.5733881592750549, 0.4374794065952301, 0.2726668119430542, 0.5160481929779053]
[0.4969657063484192, 0.5733881592750549, 0.4374794065952301, 0.2726668119430542, 0.5160481929779053]
[0.5088775753974915, 0.5766043066978455, 0.4716683328151703, 0.3062121272087097, 0.530090868473053]
[0.48432815074920654, 0.5547247529029846, 0.4178384244441986, 0.280967652797699, 0.5457481145858765]
[0.4745076298713684, 0.5660891532897949, 0.436539888381958, 0.3243904709815979, 0.4886479079723358]
[0.5345430970191956, 0.48972800374031067, 0.5430672764778137, 0.6467397809028625, 0.5163288116455078]
[0.4685415029525757, 0.5503348708152771, 0.46100929379463196, 0.36093124747276306, 0.4955509305000305]
[0.47694599628448486, 0.5707288980484009, 0.4301442503929138, 0.2884899973869324, 0.49586066603660583]
[0.49441203474998474, 0.5787303447723389, 0.434940367937088, 0.2899707853794098, 0.5204011797904968]
[0.5019439458847046, 0.5592172145843506, 0.4325466752052307, 0.3054535388946533, 0.5173216462135315]
[0.48379552364349365, 0.5937032699584961, 0.41920071840286255, 0.2830924987792969, 0.4925927221775055]
[0.5019828677177429, 0.5783012509346008, 0.43882450461387634, 0.2619606852531433, 0.5357320308685303]
[0.45084360241889954, 0.5350467562675476, 0.46821126341819763, 0.3492228388786316, 0.45861420035362244]
[0.4492044746875763, 0.5666481256484985, 0.4389358162879944, 0.29213911294937134, 0.48632532358169556]
[0.4911332428455353, 0.5474510192871094, 0.4483877420425415, 0.33121174573898315, 0.5116260647773743]
[0.5025636553764343, 0.5491327047348022, 0.4508306086063385, 0.31543874740600586, 0.5238044261932373]
[0.43372610211372375, 0.5344769954681396, 0.583511233329773, 0.5528932213783264, 0.4740426242351532]
[0.4800843596458435, 0.5518026947975159, 0.43188968300819397, 0.31916865706443787, 0.5051599144935608]
[0.48477843403816223, 0.5397834777832031, 0.4952031075954437, 0.40652817487716675, 0.5338191986083984]
[0.5070168972015381, 0.5335904955863953, 0.4656595289707184, 0.34198278188705444, 0.5396156311035156]
[0.5249844789505005, 0.5477850437164307, 0.41490551829338074, 0.33561596274375916, 0.4963110089302063]
[0.5113435983657837, 0.5661969780921936, 0.42106911540031433, 0.28825655579566956, 0.531785249710083]
[0.4267888367176056, 0.5482773780822754, 0.4430345594882965, 0.31560325622558594, 0.5059118866920471]
[0.5069630742073059, 0.562248945236206, 0.43371057510375977, 0.2966153025627136, 0.5274685025215149]
[0.5062949061393738, 0.5635751485824585, 0.4475444257259369, 0.320796936750412, 0.5131363868713379]
[0.4758692681789398, 0.5671343803405762, 0.4664519131183624, 0.3051452934741974, 0.4674079716205597]
[0.4856945872306824, 0.5530105233192444, 0.4515994191169739, 0.2976037561893463, 0.528310239315033]
[0.4776388108730316, 0.5476207733154297, 0.4460555911064148, 0.29673242568969727, 0.5370054244995117]
[0.5009268522262573, 0.5733404755592346, 0.4404086470603943, 0.3041815161705017, 0.5368090867996216]
[0.46449562907218933, 0.5478999614715576, 0.4652043581008911, 0.2976056635379791, 0.507066547870636]
[0.49819183349609375, 0.5695810914039612, 0.4092336595058441, 0.28381651639938354, 0.5330636501312256]
[0.5496253371238708, 0.5999736785888672, 0.40998852252960205, 0.25879472494125366, 0.5617735981941223]
[0.4695031940937042, 0.5801205635070801, 0.42703738808631897, 0.25284096598625183, 0.4961110055446625]
[0.5106183886528015, 0.5809834003448486, 0.42905911803245544, 0.28580328822135925, 0.5303648710250854]
[0.49555298686027527, 0.570673942565918, 0.4313119649887085, 0.2879068851470947, 0.5146951675415039]
[0.4233161509037018, 0.5544098615646362, 0.4650702476501465, 0.30493950843811035, 0.494475394487381]
[0.35009291768074036, 0.5128840804100037, 0.47695693373680115, 0.3809259831905365, 0.41918066143989563]
[0.4961487352848053, 0.5470950603485107, 0.45754021406173706, 0.37270480394363403, 0.5167444348335266]
[0.5192683935165405, 0.5469093918800354, 0.4471837878227234, 0.3671863079071045, 0.5170292258262634]
[0.49816781282424927, 0.5903697609901428, 0.4355020821094513, 0.3053315579891205, 0.49832335114479065]
[0.5173280835151672, 0.5607248544692993, 0.41182294487953186, 0.25406065583229065, 0.5509218573570251]
[0.44954052567481995, 0.5555831789970398, 0.43384894728660583, 0.2960422933101654, 0.4834367036819458]
[0.47821858525276184, 0.5378444790840149, 0.4512110948562622, 0.3422706127166748, 0.48044830560684204]
[0.4840616285800934, 0.5893576145172119, 0.43305984139442444, 0.278091698884964, 0.5230167508125305]
[0.5275953412055969, 0.5661738514900208, 0.40756306052207947, 0.2606140375137329, 0.537391185760498]
[0.49311697483062744, 0.5659260749816895, 0.44946250319480896, 0.2980680465698242, 0.5215108394622803]
[0.3749333620071411, 0.5488009452819824, 0.4830649793148041, 0.3516421616077423, 0.4312702715396881]
[0.4776765704154968, 0.5709314346313477, 0.4379759132862091, 0.32017427682876587, 0.47777292132377625]
[0.4969657063484192, 0.5733881592750549, 0.4374794065952301, 0.2726668119430542, 0.5160481929779053]
[0.4534050226211548, 0.5609881281852722, 0.41996195912361145, 0.30245304107666016, 0.4727601110935211]
[0.5062949061393738, 0.5635751485824585, 0.4475444257259369, 0.320796936750412, 0.5131363868713379]
[0.45284026861190796, 0.5490291714668274, 0.46718019247055054, 0.35535603761672974, 0.46186986565589905]
[0.527848482131958, 0.5435797572135925, 0.4572589695453644, 0.297646701335907, 0.5286344289779663]
[0.49441203474998474, 0.5787303447723389, 0.434940367937088, 0.2899707853794098, 0.5204011797904968]
[0.5062949061393738, 0.5635751485824585, 0.4475444257259369, 0.320796936750412, 0.5131363868713379]
[0.5519394874572754, 0.5594019889831543, 0.4111018180847168, 0.2702363133430481, 0.5524328947067261]
[0.5131267309188843, 0.570364773273468, 0.42955222725868225, 0.30831921100616455, 0.5026534795761108]
[0.5522107481956482, 0.5896191000938416, 0.44153618812561035, 0.29723992943763733, 0.5528672933578491]
[0.5369088053703308, 0.5861493945121765, 0.46305519342422485, 0.3534125089645386, 0.5593301057815552]
[0.4233161509037018, 0.5544098615646362, 0.4650702476501465, 0.30493950843811035, 0.494475394487381]
[0.5408962368965149, 0.5919529795646667, 0.414277046918869, 0.26878678798675537, 0.5367221832275391]
[0.4711476266384125, 0.5556520819664001, 0.44225943088531494, 0.3277960419654846, 0.5185625553131104]
[0.5622406601905823, 0.5768988132476807, 0.4140697717666626, 0.2638062834739685, 0.5637455582618713]
