0
【太恶心！竟有家长用餐馆饭碗给孩子接尿】近日，江苏一女子带孩子在餐厅吃饭，竟出惊人之举：监控中，她在收银处拿了个碗，回来让孩子尿在碗里，再把碗放到桌下。餐厅负责人说，女子既没求助服务员，也没问厕所在哪，“店开了七八年也没碰到过这种事！”如此家长，怎么教育孩子？
[0.49967166781425476, 0.5423697233200073, 0.5146641731262207, 0.3729649782180786, 0.5172139406204224]
[0.44445857405662537, 0.5780113339424133, 0.4479316771030426, 0.2683486342430115, 0.48063480854034424]
[0.5292931199073792, 0.5863452553749084, 0.4069826304912567, 0.26306408643722534, 0.548448383808136]
[0.48365727066993713, 0.5883915424346924, 0.4158823490142822, 0.27359604835510254, 0.5157485008239746]
[0.5051329731941223, 0.5899836421012878, 0.4247754216194153, 0.2757553160190582, 0.5170662999153137]
[0.5453020334243774, 0.5784295201301575, 0.4236646890640259, 0.2926737070083618, 0.5547783970832825]
[0.4861326515674591, 0.5217945575714111, 0.5013109445571899, 0.4105715751647949, 0.5336469411849976]
[0.5241474509239197, 0.5902760028839111, 0.44663873314857483, 0.2767096757888794, 0.5463466048240662]
[0.5040035247802734, 0.5719863772392273, 0.43091994524002075, 0.27657848596572876, 0.5261465907096863]
[0.37808266282081604, 0.5286022424697876, 0.478267103433609, 0.3608688712120056, 0.46554186940193176]
[0.49734100699424744, 0.587439239025116, 0.42522114515304565, 0.27689531445503235, 0.5185896754264832]
[0.39714327454566956, 0.5690487027168274, 0.4411719739437103, 0.2928756773471832, 0.46911072731018066]
[0.5502533316612244, 0.5312448740005493, 0.41978147625923157, 0.28317323327064514, 0.554564893245697]
[0.4594241976737976, 0.5533477663993835, 0.4583333730697632, 0.3574768900871277, 0.4822427034378052]
[0.5143882036209106, 0.5665510296821594, 0.4206709563732147, 0.2732522189617157, 0.5613836646080017]
[0.3673880398273468, 0.5125694870948792, 0.4794442653656006, 0.3778739273548126, 0.424593448638916]
[0.43738415837287903, 0.5719547271728516, 0.43069174885749817, 0.28993654251098633, 0.5091231465339661]
[0.5119738578796387, 0.5767773985862732, 0.420161634683609, 0.2886592149734497, 0.5166778564453125]
[0.532609224319458, 0.5719916224479675, 0.4364607632160187, 0.273886501789093, 0.548909068107605]
[0.3818497359752655, 0.5718848705291748, 0.44113823771476746, 0.29425156116485596, 0.4686536490917206]
[0.46759727597236633, 0.5781832933425903, 0.44714441895484924, 0.27730637788772583, 0.5216577649116516]
[0.3694538474082947, 0.517485499382019, 0.4951295256614685, 0.4345223307609558, 0.44058364629745483]
[0.5132638812065125, 0.5253297090530396, 0.4991545081138611, 0.40305036306381226, 0.5235860347747803]
[0.5067296028137207, 0.5583332777023315, 0.4448140561580658, 0.31587138772010803, 0.49646320939064026]
[0.5077800154685974, 0.5502179861068726, 0.42547398805618286, 0.2811523377895355, 0.49913346767425537]
[0.4915442168712616, 0.555289626121521, 0.43937548995018005, 0.2790433168411255, 0.50153648853302]
[0.4639146029949188, 0.5555030107498169, 0.4436652660369873, 0.309455931186676, 0.4851667582988739]
[0.5073690414428711, 0.5740153789520264, 0.42621713876724243, 0.311618834733963, 0.5178983807563782]
[0.5276771783828735, 0.5957578420639038, 0.4210401773452759, 0.2882539629936218, 0.5454383492469788]
[0.5014453530311584, 0.5599620938301086, 0.4549421966075897, 0.3328816294670105, 0.533475399017334]
[0.5373128652572632, 0.5821943283081055, 0.4103243947029114, 0.28926965594291687, 0.5446752905845642]
[0.5042030811309814, 0.5711789131164551, 0.4274662435054779, 0.2748987376689911, 0.5539225339889526]
[0.5555875897407532, 0.5738472938537598, 0.42107832431793213, 0.28558555245399475, 0.5613316893577576]
[0.5268816351890564, 0.5746033787727356, 0.45918670296669006, 0.2730390429496765, 0.5197311639785767]
[0.523212730884552, 0.5623036026954651, 0.43714410066604614, 0.30000483989715576, 0.539100170135498]
[0.4847117066383362, 0.5749468803405762, 0.44011425971984863, 0.29649901390075684, 0.541344940662384]
[0.44891244173049927, 0.5723958015441895, 0.4237058460712433, 0.28176718950271606, 0.4891674816608429]
[0.5460680723190308, 0.58805251121521, 0.4143259823322296, 0.2744644284248352, 0.5648857951164246]
[0.5279411673545837, 0.5531817078590393, 0.46792083978652954, 0.3146587908267975, 0.510870635509491]
[0.5347974300384521, 0.539054811000824, 0.44996869564056396, 0.3071943521499634, 0.5564142465591431]
[0.5611353516578674, 0.5791034698486328, 0.42874693870544434, 0.26123934984207153, 0.5517537593841553]
[0.44891244173049927, 0.5723958015441895, 0.4237058460712433, 0.28176718950271606, 0.4891674816608429]
[0.46957626938819885, 0.5145037174224854, 0.4902426600456238, 0.3677230775356293, 0.4904438257217407]
[0.3794010877609253, 0.5464920997619629, 0.43792757391929626, 0.31856992840766907, 0.47334837913513184]
[0.4594845771789551, 0.5524073839187622, 0.457867294549942, 0.30826157331466675, 0.52369624376297]
[0.4444626271724701, 0.5796604752540588, 0.42106014490127563, 0.27564737200737, 0.4757292568683624]
[0.43993109464645386, 0.5557011365890503, 0.4599206745624542, 0.32495203614234924, 0.47757649421691895]
[0.5545702576637268, 0.5881085991859436, 0.40470895171165466, 0.27121567726135254, 0.5304434895515442]
[0.5855311155319214, 0.5472162365913391, 0.4085482358932495, 0.2681977152824402, 0.5917465090751648]
[0.4784315228462219, 0.5247798562049866, 0.5191745162010193, 0.4224354326725006, 0.5320115685462952]
[0.4732027053833008, 0.566308319568634, 0.437290221452713, 0.3142448663711548, 0.5000914335250854]
[0.5747158527374268, 0.5687654614448547, 0.40679895877838135, 0.281289666891098, 0.5635342001914978]
[0.517235279083252, 0.5794529318809509, 0.45687028765678406, 0.2910204231739044, 0.5440878868103027]
[0.48410218954086304, 0.5889666080474854, 0.4365411400794983, 0.2908213138580322, 0.5051586627960205]
[0.43272438645362854, 0.5583342909812927, 0.4622741639614105, 0.3219952881336212, 0.48927557468414307]
[0.5119704008102417, 0.5453702807426453, 0.45689746737480164, 0.37968161702156067, 0.5124644637107849]
[0.4957806169986725, 0.5409501194953918, 0.44430992007255554, 0.31056874990463257, 0.524162769317627]
[0.5155842900276184, 0.5702093243598938, 0.42207053303718567, 0.3039037585258484, 0.5424065589904785]
[0.45870327949523926, 0.5599369406700134, 0.4424085319042206, 0.304917573928833, 0.46313127875328064]
[0.4412990212440491, 0.5662266612052917, 0.4661625325679779, 0.3165782392024994, 0.5023007988929749]
[0.49975526332855225, 0.5874056220054626, 0.4230498969554901, 0.27203112840652466, 0.5168728828430176]
[0.49024972319602966, 0.5882104635238647, 0.4241757392883301, 0.2765776813030243, 0.5193210244178772]
[0.5695630311965942, 0.5493335723876953, 0.4275529682636261, 0.3081928789615631, 0.546682596206665]
[0.5409994125366211, 0.5807999968528748, 0.4194168150424957, 0.2760753035545349, 0.5752808451652527]
[0.3778120279312134, 0.5435106754302979, 0.46285122632980347, 0.3654814064502716, 0.43135032057762146]
[0.5339351296424866, 0.5825600028038025, 0.42786672711372375, 0.2458728700876236, 0.541634202003479]
[0.5404128432273865, 0.5823633670806885, 0.4184034764766693, 0.2794688045978546, 0.539771318435669]
[0.4916607737541199, 0.5703345537185669, 0.4410005211830139, 0.28774309158325195, 0.5094678997993469]
[0.5225945115089417, 0.5786586403846741, 0.4169176518917084, 0.29084068536758423, 0.5196048021316528]
[0.45633018016815186, 0.560954749584198, 0.423147588968277, 0.28426727652549744, 0.5271868109703064]
[0.3868412971496582, 0.5513969659805298, 0.4773519039154053, 0.32456961274147034, 0.4578779935836792]
[0.5149213075637817, 0.5745115280151367, 0.4294396936893463, 0.2818833291530609, 0.5206738114356995]
[0.45176002383232117, 0.5735093951225281, 0.4375804364681244, 0.29380467534065247, 0.5191826224327087]
[0.41443970799446106, 0.5241153836250305, 0.5025790333747864, 0.400861918926239, 0.4644855856895447]
[0.4608849883079529, 0.5737989544868469, 0.42152178287506104, 0.2519894242286682, 0.49043625593185425]
[0.5760204195976257, 0.5691856741905212, 0.3948235511779785, 0.2644323408603668, 0.5887349247932434]
[0.51033616065979, 0.5533264875411987, 0.41941186785697937, 0.2764749825000763, 0.5407320261001587]
[0.515039324760437, 0.577570915222168, 0.42854437232017517, 0.2780945897102356, 0.5080845355987549]
[0.46001407504081726, 0.5636470317840576, 0.42774954438209534, 0.3046640455722809, 0.47873827815055847]
[0.500857949256897, 0.5700196623802185, 0.40937939286231995, 0.26961952447891235, 0.5343355536460876]
[0.5261459350585938, 0.5629258751869202, 0.45951226353645325, 0.3327977657318115, 0.5583330392837524]
[0.3888304531574249, 0.5650179386138916, 0.45283836126327515, 0.32081860303878784, 0.4393559396266937]
[0.45397627353668213, 0.5596297979354858, 0.42898234724998474, 0.28895339369773865, 0.5162291526794434]
[0.5565162897109985, 0.566572904586792, 0.4055338203907013, 0.2738003134727478, 0.5684252381324768]
[0.5236726999282837, 0.5560938119888306, 0.46791157126426697, 0.286016047000885, 0.5460603833198547]
[0.44559919834136963, 0.5568789839744568, 0.4529963433742523, 0.3115319311618805, 0.48662498593330383]
[0.4644602835178375, 0.5497182607650757, 0.45137959718704224, 0.29846903681755066, 0.5161294937133789]
[0.5197079181671143, 0.5749695301055908, 0.41280627250671387, 0.2836375832557678, 0.52324378490448]
[0.4322267174720764, 0.5417670011520386, 0.473970890045166, 0.3521217107772827, 0.4939591586589813]
[0.5463787317276001, 0.5896691679954529, 0.40893125534057617, 0.27432289719581604, 0.5447371602058411]
[0.5149213075637817, 0.5745115280151367, 0.4294396936893463, 0.2818833291530609, 0.5206738114356995]
[0.45429205894470215, 0.5695546269416809, 0.4523178040981293, 0.3003891408443451, 0.49320805072784424]
[0.39012426137924194, 0.5202114582061768, 0.4822380542755127, 0.3275315761566162, 0.4683467745780945]
[0.4877413511276245, 0.5329046249389648, 0.48684918880462646, 0.4031791388988495, 0.5332334041595459]
[0.5630781650543213, 0.5682428479194641, 0.4047890305519104, 0.2696853280067444, 0.5869290828704834]
[0.43738415837287903, 0.5719547271728516, 0.43069174885749817, 0.28993654251098633, 0.5091231465339661]
[0.5191898941993713, 0.5933727622032166, 0.42505979537963867, 0.26905179023742676, 0.526133120059967]
[0.47380319237709045, 0.5369370579719543, 0.47924765944480896, 0.3337666392326355, 0.5036622285842896]
[0.5229912400245667, 0.6008499264717102, 0.41615030169487, 0.2655794024467468, 0.5425016283988953]
[0.4696716368198395, 0.5549660325050354, 0.4583151936531067, 0.33449068665504456, 0.5066695213317871]
[0.46917158365249634, 0.5832571983337402, 0.4381759762763977, 0.2766890823841095, 0.48151060938835144]
