0
强烈推荐这个视频，Hans Rosling's 200 Countries, 200 Years, 4 Minutes - The Joy of Stats ， 一个动态图表可以看到过去200年各个国家全球的财富和生活水平是如何变化的，有中国的绝对和相对变化轨迹
[0.44757968187332153, 0.5416707396507263, 0.4706379175186157, 0.3038010597229004, 0.47122251987457275]
[0.4853483736515045, 0.5587102174758911, 0.43038153648376465, 0.26907074451446533, 0.5051846504211426]
[0.5034889578819275, 0.5290272831916809, 0.46627965569496155, 0.38908395171165466, 0.5019904375076294]
[0.48695194721221924, 0.5454496741294861, 0.4416504502296448, 0.2857225239276886, 0.49760884046554565]
[0.5551111102104187, 0.5922029614448547, 0.4119059145450592, 0.27280473709106445, 0.5399373173713684]
[0.4727843105792999, 0.5424148440361023, 0.45414409041404724, 0.3156372308731079, 0.507081151008606]
[0.5173959732055664, 0.529873251914978, 0.4611183702945709, 0.37444764375686646, 0.5016154050827026]
[0.42205023765563965, 0.5467496514320374, 0.4642689824104309, 0.36873140931129456, 0.4679165780544281]
[0.4727843105792999, 0.5424148440361023, 0.45414409041404724, 0.3156372308731079, 0.507081151008606]
[0.5554104447364807, 0.5264099836349487, 0.4220081865787506, 0.2880135178565979, 0.557819664478302]
[0.5146796107292175, 0.5716485977172852, 0.4349009096622467, 0.3058669865131378, 0.5276963114738464]
[0.3950347602367401, 0.5063832402229309, 0.4947899281978607, 0.39166539907455444, 0.47578105330467224]
[0.4882400333881378, 0.5707446932792664, 0.44044625759124756, 0.2854485809803009, 0.5003411769866943]
[0.45315372943878174, 0.552001416683197, 0.4649524986743927, 0.3076535165309906, 0.4768153727054596]
[0.4962138235569, 0.5490857362747192, 0.44145697355270386, 0.2918442487716675, 0.5221771597862244]
[0.44168952107429504, 0.5263170003890991, 0.5023122429847717, 0.392170250415802, 0.48895078897476196]
[0.515711784362793, 0.5621825456619263, 0.4522547721862793, 0.31529778242111206, 0.4987258017063141]
[0.5349593162536621, 0.5516470670700073, 0.4402554929256439, 0.28310397267341614, 0.5221843123435974]
[0.4653491973876953, 0.5498348474502563, 0.4537864327430725, 0.2902461588382721, 0.5076329708099365]
[0.3897232115268707, 0.553412675857544, 0.4558090269565582, 0.32082629203796387, 0.43659913539886475]
[0.524239182472229, 0.5353288054466248, 0.4583960473537445, 0.34453538060188293, 0.5384829640388489]
[0.5461390018463135, 0.553094744682312, 0.4541705548763275, 0.3244318664073944, 0.5031688213348389]
[0.4995051622390747, 0.563559353351593, 0.46349745988845825, 0.32913869619369507, 0.525420069694519]
[0.48598620295524597, 0.5461109280586243, 0.48261842131614685, 0.338029146194458, 0.51267009973526]
[0.5951523780822754, 0.5358114242553711, 0.41314294934272766, 0.27405163645744324, 0.5783251523971558]
[0.38661691546440125, 0.5557084679603577, 0.4731845557689667, 0.3266211450099945, 0.47379449009895325]
[0.44315922260284424, 0.5506387948989868, 0.4752795100212097, 0.34040436148643494, 0.47633522748947144]
[0.45252344012260437, 0.5513534545898438, 0.44059255719184875, 0.31316062808036804, 0.48289230465888977]
[0.5349390506744385, 0.546876072883606, 0.4430524408817291, 0.30233529210090637, 0.5322754383087158]
[0.31420883536338806, 0.5411451458930969, 0.460035115480423, 0.32426127791404724, 0.41900959610939026]
[0.4481256306171417, 0.5627069473266602, 0.46659088134765625, 0.2935521602630615, 0.4900704324245453]
[0.4906361401081085, 0.5639638304710388, 0.4635885953903198, 0.26438605785369873, 0.5150108337402344]
[0.43081220984458923, 0.5262221693992615, 0.5369948148727417, 0.4494790732860565, 0.48729419708251953]
[0.44844236969947815, 0.5535057783126831, 0.4380229413509369, 0.2528499662876129, 0.4845515191555023]
[0.553601861000061, 0.5807524919509888, 0.413960725069046, 0.2694970667362213, 0.5501376986503601]
[0.32210054993629456, 0.5452435612678528, 0.45042532682418823, 0.30940645933151245, 0.4222107529640198]
[0.4107362627983093, 0.564221203327179, 0.4363790452480316, 0.2916516661643982, 0.464824914932251]
[0.41632235050201416, 0.5401466488838196, 0.46637365221977234, 0.347405344247818, 0.4441460072994232]
[0.5093841552734375, 0.5304566025733948, 0.4936746060848236, 0.3888379633426666, 0.49881529808044434]
[0.3714999556541443, 0.5487914681434631, 0.42468851804733276, 0.2771134674549103, 0.4682239592075348]
[0.30475756525993347, 0.5552499890327454, 0.4564822316169739, 0.3025484085083008, 0.429808109998703]
[0.3841003477573395, 0.5318325757980347, 0.49983322620391846, 0.3871065676212311, 0.45708027482032776]
[0.4960162043571472, 0.5598001480102539, 0.44477614760398865, 0.2836220860481262, 0.5084041953086853]
