0
有消息称，沈阳电视台5月将与辽宁广播电视台合并，又称，年底辽宁省7个城市台都将合并到省台。这是什么模式，是否未来会形成有专家建议的“七大区”？
[0.5122137069702148, 0.5291099548339844, 0.4952014684677124, 0.35842037200927734, 0.49702906608581543]
[0.5034229159355164, 0.5805166363716125, 0.43478924036026, 0.2991620600223541, 0.49711790680885315]
[0.5298077464103699, 0.5928977727890015, 0.4256591498851776, 0.28714707493782043, 0.5272103548049927]
[0.48240378499031067, 0.5592474937438965, 0.4586354196071625, 0.31353679299354553, 0.4978289008140564]
[0.47161349654197693, 0.5733625292778015, 0.4539922773838043, 0.2795652151107788, 0.5041430592536926]
[0.46751508116722107, 0.5504247546195984, 0.46672192215919495, 0.32140499353408813, 0.5021963715553284]
[0.5258852243423462, 0.5634709000587463, 0.42866241931915283, 0.28306394815444946, 0.5445864796638489]
[0.4976913630962372, 0.5332947969436646, 0.48885396122932434, 0.3929275870323181, 0.5189917087554932]
[0.5180628895759583, 0.5623816847801208, 0.4399659037590027, 0.29961109161376953, 0.5361399054527283]
[0.5210680961608887, 0.5418913960456848, 0.45346590876579285, 0.32175230979919434, 0.5099144577980042]
[0.5272848010063171, 0.5785574316978455, 0.41972681879997253, 0.2833045721054077, 0.5322047472000122]
[0.5877304077148438, 0.5699518322944641, 0.4227035641670227, 0.26873621344566345, 0.5723770260810852]
[0.4603044092655182, 0.5451555848121643, 0.47860318422317505, 0.33600369095802307, 0.47595348954200745]
[0.5213547348976135, 0.5241117477416992, 0.4830707609653473, 0.4290057122707367, 0.548026442527771]
[0.518907368183136, 0.5810925364494324, 0.42585471272468567, 0.2663615643978119, 0.5320179462432861]
[0.5253519415855408, 0.5500612854957581, 0.4534699320793152, 0.29156479239463806, 0.5549646615982056]
[0.5600287914276123, 0.5519739985466003, 0.4201238453388214, 0.26350462436676025, 0.5781034231185913]
[0.5698056221008301, 0.5382645130157471, 0.42304712533950806, 0.2592964172363281, 0.5880570411682129]
[0.5207855105400085, 0.5617706179618835, 0.43314337730407715, 0.2812789976596832, 0.5405433773994446]
[0.4273359775543213, 0.5477619171142578, 0.4614787697792053, 0.29280179738998413, 0.45622071623802185]
[0.48996829986572266, 0.5419763326644897, 0.47463446855545044, 0.37104952335357666, 0.5200485587120056]
[0.4863623082637787, 0.5181710124015808, 0.4700910151004791, 0.3742308020591736, 0.5268537402153015]
[0.5348372459411621, 0.5549378991127014, 0.4431851804256439, 0.2963605225086212, 0.5490326881408691]
[0.56139075756073, 0.5552230477333069, 0.4357951283454895, 0.2734760046005249, 0.560386061668396]
[0.4513171911239624, 0.5436965227127075, 0.47229450941085815, 0.3695700168609619, 0.5010198950767517]
[0.5253530740737915, 0.5816290378570557, 0.40473809838294983, 0.27933111786842346, 0.5536783337593079]
[0.6193268895149231, 0.5125811100006104, 0.44372111558914185, 0.31063956022262573, 0.6070718765258789]
[0.5280923247337341, 0.538213312625885, 0.4279715120792389, 0.30230292677879333, 0.5534272789955139]
[0.5403194427490234, 0.543675422668457, 0.4702408015727997, 0.3451188802719116, 0.5398708581924438]
[0.4224105775356293, 0.5523134469985962, 0.5035238862037659, 0.3604097068309784, 0.45972421765327454]
[0.37578466534614563, 0.5547075271606445, 0.4545489549636841, 0.2907939553260803, 0.4571155905723572]
[0.47529345750808716, 0.5873873233795166, 0.4490579068660736, 0.28721317648887634, 0.5222038626670837]
[0.5464515089988708, 0.5800751447677612, 0.43055614829063416, 0.25460144877433777, 0.5734348297119141]
[0.46872571110725403, 0.55406254529953, 0.45418402552604675, 0.3305628299713135, 0.4942532777786255]
[0.5279978513717651, 0.5926966667175293, 0.4187659025192261, 0.2916368544101715, 0.5514127612113953]
[0.5040035247802734, 0.5719863772392273, 0.43091994524002075, 0.27657848596572876, 0.5261465907096863]
