1
《单身男女》据知情人称:其实大家看到的是删减版结局,因为导演不想得罪吴彦祖的粉丝而影响影片票房。真正的结局是：高圆圆在所有人离开后,对吴彦祖说:对不起,我不想骗你,其实我爱的是他,刚才太多人我不想你难堪.然后戴上古仔的戒指离去,在门口发现在一直在等的伤心的古仔,俩人相拥而泣。你觉得怎么样？
[0.39720481634140015, 0.49030542373657227, 0.5702069997787476, 0.6205627918243408, 0.5628678798675537]
[0.4959052503108978, 0.5727870464324951, 0.43887218832969666, 0.31724002957344055, 0.49034497141838074]
[0.5065985918045044, 0.5843149423599243, 0.4222601354122162, 0.27564847469329834, 0.5203279256820679]
[0.5089731812477112, 0.5408324003219604, 0.484397828578949, 0.3796781599521637, 0.5050007700920105]
[0.4917965829372406, 0.5642513632774353, 0.44473153352737427, 0.292820006608963, 0.504958987236023]
[0.49872884154319763, 0.5711345672607422, 0.4181331694126129, 0.29226046800613403, 0.5118911266326904]
[0.47376424074172974, 0.5590397119522095, 0.45413345098495483, 0.344063937664032, 0.5209779143333435]
[0.4973655939102173, 0.5408686399459839, 0.4448610544204712, 0.3052196204662323, 0.5108465552330017]
[0.5042364001274109, 0.5595338940620422, 0.45626306533813477, 0.34800150990486145, 0.51201331615448]
[0.5048105716705322, 0.5678883790969849, 0.439534068107605, 0.3174448311328888, 0.5157310366630554]
[0.5471596717834473, 0.5888485908508301, 0.41111046075820923, 0.26198655366897583, 0.5514018535614014]
[0.5136994123458862, 0.5326219201087952, 0.4584386646747589, 0.3526919484138489, 0.532455325126648]
[0.510506808757782, 0.569118857383728, 0.4271211326122284, 0.3048875331878662, 0.5265432000160217]
[0.45749229192733765, 0.5559151768684387, 0.43760135769844055, 0.3106553554534912, 0.47728773951530457]
[0.46609488129615784, 0.5223906636238098, 0.46233388781547546, 0.3425973951816559, 0.49430379271507263]
[0.4251875579357147, 0.5432817339897156, 0.4385097026824951, 0.3192806839942932, 0.4853997826576233]
[0.38871487975120544, 0.5585120320320129, 0.4424824118614197, 0.31921568512916565, 0.43711593747138977]
[0.497071236371994, 0.5297484397888184, 0.46681350469589233, 0.35691162943840027, 0.4794774651527405]
[0.4272163212299347, 0.578639805316925, 0.4649880826473236, 0.29797032475471497, 0.4680140018463135]
[0.4983598291873932, 0.5720123052597046, 0.4302767813205719, 0.27239957451820374, 0.4959447681903839]
[0.46621155738830566, 0.565950870513916, 0.4515804350376129, 0.30104565620422363, 0.4793204367160797]
[0.3432266116142273, 0.5182598233222961, 0.48710066080093384, 0.3934546113014221, 0.433910995721817]
[0.5512000918388367, 0.5913298726081848, 0.4218348562717438, 0.2554967999458313, 0.5552021265029907]
[0.531871497631073, 0.5626431107521057, 0.4180610775947571, 0.284219354391098, 0.5439750552177429]
[0.5891211628913879, 0.5969858765602112, 0.38473066687583923, 0.24504205584526062, 0.5961259603500366]
[0.5651703476905823, 0.601083517074585, 0.42607444524765015, 0.25491011142730713, 0.5655350685119629]
[0.45145004987716675, 0.5711175799369812, 0.42405325174331665, 0.30524715781211853, 0.5100642442703247]
[0.44211360812187195, 0.551537275314331, 0.44679564237594604, 0.32670819759368896, 0.4978947341442108]
[0.5131027102470398, 0.556459367275238, 0.4450966417789459, 0.33524930477142334, 0.5105774998664856]
[0.5230644941329956, 0.593233048915863, 0.42922818660736084, 0.2881224751472473, 0.5396323800086975]
[0.5366587042808533, 0.5845223665237427, 0.4177168309688568, 0.2584054470062256, 0.524159848690033]
[0.4520260989665985, 0.5927117466926575, 0.4509981870651245, 0.27461570501327515, 0.5131053924560547]
[0.4731295704841614, 0.5529789924621582, 0.4683454930782318, 0.32505136728286743, 0.5295749306678772]
[0.5100324153900146, 0.5479078888893127, 0.45168641209602356, 0.30268558859825134, 0.539754331111908]
[0.46003976464271545, 0.5818504691123962, 0.4326830506324768, 0.3071158230304718, 0.4882538914680481]
[0.5178398489952087, 0.5479815602302551, 0.48207375407218933, 0.3782337009906769, 0.5438514351844788]
[0.5304053425788879, 0.5822041630744934, 0.4123930037021637, 0.2835165858268738, 0.5440415740013123]
[0.4756457209587097, 0.5609711408615112, 0.42859601974487305, 0.2970404624938965, 0.472522497177124]
[0.5429158210754395, 0.5229756832122803, 0.4331956207752228, 0.3416016101837158, 0.5623044967651367]
[0.5260983109474182, 0.575805127620697, 0.4294263422489166, 0.29572123289108276, 0.5401214361190796]
[0.3940570652484894, 0.5173382759094238, 0.4996251165866852, 0.35119080543518066, 0.4484040141105652]
[0.5189595222473145, 0.5779649615287781, 0.4410383701324463, 0.29430049657821655, 0.529392421245575]
[0.4756881296634674, 0.5585415959358215, 0.4411099851131439, 0.3119255602359772, 0.5080596208572388]
[0.4877350628376007, 0.5842432379722595, 0.41013556718826294, 0.2797014117240906, 0.5147682428359985]
[0.5016825795173645, 0.5661085247993469, 0.4179985821247101, 0.31459131836891174, 0.5040334463119507]
[0.4877350628376007, 0.5842432379722595, 0.41013556718826294, 0.2797014117240906, 0.5147682428359985]
[0.49160245060920715, 0.5532749891281128, 0.4461589753627777, 0.3353920578956604, 0.5011860132217407]
[0.4640331268310547, 0.5667644739151001, 0.4355873763561249, 0.3003259301185608, 0.48548319935798645]
[0.49937570095062256, 0.5514107346534729, 0.46548905968666077, 0.36057248711586, 0.4966387450695038]
[0.3682872951030731, 0.5410106182098389, 0.43682804703712463, 0.29630130529403687, 0.4435845613479614]
[0.475434809923172, 0.5786176919937134, 0.44072985649108887, 0.2827468812465668, 0.5029791593551636]
[0.4675471782684326, 0.5374972820281982, 0.47334030270576477, 0.3692718744277954, 0.49665015935897827]
[0.5006391406059265, 0.5715324878692627, 0.45972663164138794, 0.35381487011909485, 0.506077229976654]
[0.5317316651344299, 0.5484187602996826, 0.4538949131965637, 0.2939625084400177, 0.5379754304885864]
[0.5114940404891968, 0.5842633843421936, 0.4101080596446991, 0.282659113407135, 0.5368726849555969]
[0.5501266717910767, 0.5821958780288696, 0.436050683259964, 0.2991359829902649, 0.5788142681121826]
[0.5963343381881714, 0.5580295324325562, 0.39867299795150757, 0.2397928535938263, 0.5973345041275024]
[0.46269527077674866, 0.5378829836845398, 0.47289273142814636, 0.3351287543773651, 0.48121172189712524]
[0.4421904683113098, 0.5640129446983337, 0.4407522678375244, 0.31410279870033264, 0.46556851267814636]
[0.48946717381477356, 0.5785614252090454, 0.4168989062309265, 0.2649182379245758, 0.49207445979118347]
[0.4993201196193695, 0.5904238820075989, 0.4185146987438202, 0.2819139361381531, 0.526679277420044]
[0.47315213084220886, 0.557140588760376, 0.4375441074371338, 0.3210032880306244, 0.497157484292984]
[0.5462405681610107, 0.5488256216049194, 0.4136078655719757, 0.29153868556022644, 0.5278257727622986]
[0.5350926518440247, 0.5704382061958313, 0.4381614029407501, 0.2940003275871277, 0.537589430809021]
[0.46601602435112, 0.5651649832725525, 0.4377492070198059, 0.2894585430622101, 0.48092910647392273]
[0.46382391452789307, 0.5521868467330933, 0.44833317399024963, 0.3349372148513794, 0.4913184344768524]
[0.5962440967559814, 0.5461535453796387, 0.4048164188861847, 0.25845053791999817, 0.594990074634552]
[0.4942663908004761, 0.5777688026428223, 0.4361778795719147, 0.31458598375320435, 0.5001658201217651]
[0.49234074354171753, 0.5360515117645264, 0.48615390062332153, 0.40942126512527466, 0.49635830521583557]
[0.4602881669998169, 0.5348712205886841, 0.44500312209129333, 0.301960825920105, 0.4856805205345154]
[0.43976661562919617, 0.5620810985565186, 0.46253323554992676, 0.3161020874977112, 0.4708273112773895]
[0.4878235459327698, 0.567237138748169, 0.4519573748111725, 0.3317912220954895, 0.5183244347572327]
[0.4785330593585968, 0.5791035890579224, 0.42828646302223206, 0.2991497218608856, 0.47314050793647766]
[0.5183916687965393, 0.5964052677154541, 0.42914116382598877, 0.2688087522983551, 0.4991484582424164]
[0.4954758286476135, 0.5516627430915833, 0.4617954194545746, 0.337027907371521, 0.4892122149467468]
[0.4811667799949646, 0.5900413990020752, 0.4338446259498596, 0.3063638508319855, 0.48924246430397034]
[0.49738752841949463, 0.5649552345275879, 0.43904978036880493, 0.33188045024871826, 0.5210438966751099]
[0.4877350628376007, 0.5842432379722595, 0.41013556718826294, 0.2797014117240906, 0.5147682428359985]
[0.4113008379936218, 0.5874296426773071, 0.4493573307991028, 0.29271313548088074, 0.4850918650627136]
[0.4244467318058014, 0.5608540177345276, 0.502213180065155, 0.3309600055217743, 0.4778096675872803]
[0.4461330771446228, 0.5373980402946472, 0.46888649463653564, 0.3850954473018646, 0.47573840618133545]
[0.5505994558334351, 0.563564658164978, 0.40649065375328064, 0.2624094784259796, 0.5463491678237915]
[0.5592738389968872, 0.5711734890937805, 0.42513081431388855, 0.2722630202770233, 0.5683789849281311]
[0.5604598522186279, 0.5825155377388, 0.40153899788856506, 0.24891500174999237, 0.576511025428772]
[0.47109851241111755, 0.5523329973220825, 0.48286205530166626, 0.36222147941589355, 0.49877017736434937]
[0.5082454085350037, 0.5830172300338745, 0.45325732231140137, 0.30290794372558594, 0.5035364627838135]
[0.46068915724754333, 0.5744287967681885, 0.4370356798171997, 0.31442782282829285, 0.49397051334381104]
[0.44703227281570435, 0.5280689597129822, 0.4820327162742615, 0.3771790862083435, 0.44541576504707336]
[0.5009438395500183, 0.5693623423576355, 0.42887359857559204, 0.2958723306655884, 0.5133541226387024]
[0.42185258865356445, 0.5530939102172852, 0.49760591983795166, 0.3946133553981781, 0.46043625473976135]
[0.4487622082233429, 0.5716210603713989, 0.4600348174571991, 0.3031274080276489, 0.45275557041168213]
[0.36714255809783936, 0.557540237903595, 0.4729870557785034, 0.3338170051574707, 0.42819079756736755]
[0.5341201424598694, 0.5561261177062988, 0.45312193036079407, 0.33353978395462036, 0.5672307014465332]
[0.5279547572135925, 0.573746383190155, 0.4486522972583771, 0.27346673607826233, 0.5012784600257874]
[0.5055854320526123, 0.5483149290084839, 0.47150617837905884, 0.3481515347957611, 0.5165377259254456]
[0.4463227391242981, 0.564463198184967, 0.4433862566947937, 0.3491480350494385, 0.4767704904079437]
[0.4366488754749298, 0.5793625712394714, 0.44044944643974304, 0.322752982378006, 0.4690849781036377]
[0.5556780695915222, 0.547208845615387, 0.4538322389125824, 0.2971979081630707, 0.5484924912452698]
[0.5179296135902405, 0.5499240756034851, 0.4606284499168396, 0.3263949453830719, 0.5233669877052307]
[0.4974137246608734, 0.5516838431358337, 0.44463950395584106, 0.30254364013671875, 0.5215546488761902]
[0.5046748518943787, 0.5410045385360718, 0.46858611702919006, 0.4010137617588043, 0.5095334649085999]
