1
【健康】请注意：男人啤酒喝多了会女性化：啤酒中含有植物雌激素已非新观点，最新研究指出，植物雌激素会抑制男性睾丸分泌睾丸酮。简单来讲，植物雌激素可能使男性肌肉力量减弱、体毛减少、胡须脱落、乳房和臀部发育等，这些变化将会使男人看上去越来越像女人。
[0.5760656595230103, 0.5380867123603821, 0.46453961730003357, 0.3306603729724884, 0.5608013272285461]
[0.5132416486740112, 0.5765411257743835, 0.4204089343547821, 0.2780870497226715, 0.5275075435638428]
[0.581934928894043, 0.5595224499702454, 0.4112812876701355, 0.2517637014389038, 0.593405544757843]
[0.5090717673301697, 0.534177303314209, 0.4753410220146179, 0.3303329646587372, 0.5376542210578918]
[0.47892430424690247, 0.5732529759407043, 0.427129328250885, 0.2904779016971588, 0.5210220217704773]
[0.539059042930603, 0.5792034268379211, 0.4148957431316376, 0.2942757308483124, 0.5631640553474426]
[0.4272163212299347, 0.578639805316925, 0.4649880826473236, 0.29797032475471497, 0.4680140018463135]
[0.5112373232841492, 0.5506511330604553, 0.4673674404621124, 0.34725815057754517, 0.540819525718689]
[0.44202718138694763, 0.5778164267539978, 0.44366517663002014, 0.2773480713367462, 0.49239015579223633]
[0.44064557552337646, 0.5591736435890198, 0.46323561668395996, 0.33811986446380615, 0.4782138168811798]
[0.45836472511291504, 0.556799054145813, 0.47202131152153015, 0.3481960594654083, 0.48610877990722656]
[0.5244839787483215, 0.5603882074356079, 0.4124619662761688, 0.2807301878929138, 0.5504305362701416]
[0.6261783838272095, 0.5606667399406433, 0.3796393871307373, 0.24957814812660217, 0.6046227216720581]
[0.4778938293457031, 0.5688773393630981, 0.43097537755966187, 0.29918357729911804, 0.5230914354324341]
[0.50045245885849, 0.5867844223976135, 0.4441947042942047, 0.2776993215084076, 0.537874698638916]
[0.4517011046409607, 0.5730355978012085, 0.444433331489563, 0.29511362314224243, 0.499240905046463]
[0.5185933113098145, 0.5886591672897339, 0.41420748829841614, 0.28358691930770874, 0.5321028828620911]
[0.49694421887397766, 0.5856258869171143, 0.4223591983318329, 0.30091556906700134, 0.5212526321411133]
[0.5502427220344543, 0.5859279036521912, 0.4207659065723419, 0.2827933728694916, 0.5425423383712769]
[0.5047224760055542, 0.5768722891807556, 0.43195751309394836, 0.2859721779823303, 0.5595279335975647]
[0.5068475604057312, 0.5843110084533691, 0.4501965641975403, 0.2929038405418396, 0.5366641879081726]
[0.5887085795402527, 0.5451066493988037, 0.4058159291744232, 0.26739054918289185, 0.5416902303695679]
[0.44879141449928284, 0.5492632985115051, 0.4748234450817108, 0.33707356452941895, 0.49912509322166443]
[0.4680861234664917, 0.5446113348007202, 0.44884222745895386, 0.3061813712120056, 0.5126877427101135]
[0.49824047088623047, 0.5406332015991211, 0.43082767724990845, 0.30199286341667175, 0.540980339050293]
[0.5354865789413452, 0.5888907313346863, 0.41922876238822937, 0.2605830132961273, 0.5253303050994873]
[0.5415752530097961, 0.5904726982116699, 0.4217134416103363, 0.2690126597881317, 0.5635683536529541]
[0.6050668358802795, 0.5770259499549866, 0.39599332213401794, 0.26260611414909363, 0.5793945789337158]
[0.4702833592891693, 0.534907341003418, 0.49833187460899353, 0.33953043818473816, 0.46780237555503845]
[0.43948838114738464, 0.5444092750549316, 0.4640641212463379, 0.3143269121646881, 0.5014131665229797]
[0.5374479293823242, 0.5795754194259644, 0.41506728529930115, 0.25449955463409424, 0.5408101081848145]
[0.5424787402153015, 0.562519371509552, 0.42814239859580994, 0.28315266966819763, 0.5477402806282043]
[0.5119701027870178, 0.5625509023666382, 0.42822739481925964, 0.282183438539505, 0.5174906253814697]
[0.45772606134414673, 0.5566293001174927, 0.4612891674041748, 0.33724212646484375, 0.4962518811225891]
[0.5308864712715149, 0.568915843963623, 0.4392632246017456, 0.2747046947479248, 0.5736519694328308]
[0.47017401456832886, 0.568727433681488, 0.47830474376678467, 0.3091108500957489, 0.5132021307945251]
[0.4594002366065979, 0.5477076172828674, 0.48893097043037415, 0.33399373292922974, 0.4998936355113983]
[0.49312901496887207, 0.5706303715705872, 0.40600132942199707, 0.2872256934642792, 0.535248875617981]
[0.5183016061782837, 0.5795114636421204, 0.4177643656730652, 0.26995453238487244, 0.5256019830703735]
[0.6378988027572632, 0.5562968850135803, 0.38421615958213806, 0.25118815898895264, 0.6146308779716492]
[0.5105732083320618, 0.5539419651031494, 0.44824665784835815, 0.3162250816822052, 0.5268363952636719]
[0.49577686190605164, 0.5832553505897522, 0.42610645294189453, 0.27595531940460205, 0.5108104348182678]
[0.5276718139648438, 0.5709428787231445, 0.4251401722431183, 0.2958693206310272, 0.5507940649986267]
[0.5327762961387634, 0.5594540238380432, 0.45066624879837036, 0.28808626532554626, 0.5147576928138733]
[0.4151949882507324, 0.5684161186218262, 0.4442581236362457, 0.2720898985862732, 0.45225849747657776]
[0.5089956521987915, 0.5879179239273071, 0.43433046340942383, 0.2958056330680847, 0.5332393646240234]
[0.48379552364349365, 0.5937032699584961, 0.41920071840286255, 0.2830924987792969, 0.4925927221775055]
[0.503052830696106, 0.557289183139801, 0.41796746850013733, 0.3066391348838806, 0.5154932737350464]
[0.5170575380325317, 0.5820177793502808, 0.4207915663719177, 0.2853798270225525, 0.5058578848838806]
[0.5506148934364319, 0.5475788712501526, 0.4232997000217438, 0.32754889130592346, 0.5326231122016907]
[0.4535715579986572, 0.5727460384368896, 0.4616263806819916, 0.33437421917915344, 0.5227294564247131]
[0.5463929176330566, 0.5916547179222107, 0.4025300443172455, 0.2478436678647995, 0.5655365586280823]
[0.48117777705192566, 0.5435963869094849, 0.4420802891254425, 0.3273075819015503, 0.47236281633377075]
[0.582291841506958, 0.5796892046928406, 0.40014684200286865, 0.25482770800590515, 0.5588782429695129]
[0.44167593121528625, 0.5553534030914307, 0.449821799993515, 0.30741339921951294, 0.4769239127635956]
[0.5034229159355164, 0.5805166363716125, 0.43478924036026, 0.2991620600223541, 0.49711790680885315]
[0.5578870177268982, 0.5599316358566284, 0.4127538502216339, 0.28870731592178345, 0.5589820742607117]
[0.49520328640937805, 0.5647621750831604, 0.4328436255455017, 0.3018880784511566, 0.5069761872291565]
[0.44925975799560547, 0.5800418257713318, 0.4349014163017273, 0.31064003705978394, 0.4858582019805908]
[0.5235055685043335, 0.5806278586387634, 0.4074332118034363, 0.28725287318229675, 0.5288695693016052]
[0.48414847254753113, 0.526207447052002, 0.47432073950767517, 0.3321550786495209, 0.5077248811721802]
[0.540589451789856, 0.5787807106971741, 0.4019256830215454, 0.2642078101634979, 0.5701990723609924]
[0.43950432538986206, 0.5781406164169312, 0.4427368640899658, 0.30064553022384644, 0.47692254185676575]
[0.4487622082233429, 0.5716210603713989, 0.4600348174571991, 0.3031274080276489, 0.45275557041168213]
[0.4487622082233429, 0.5716210603713989, 0.4600348174571991, 0.3031274080276489, 0.45275557041168213]
[0.5094703435897827, 0.562993049621582, 0.43499305844306946, 0.3183166980743408, 0.5426174402236938]
[0.4206409752368927, 0.5663825273513794, 0.44363081455230713, 0.31299784779548645, 0.46455761790275574]
[0.6407794952392578, 0.5526632070541382, 0.3897344768047333, 0.2576867640018463, 0.6169785261154175]
[0.5698843598365784, 0.5810135006904602, 0.42280709743499756, 0.28399530053138733, 0.5257916450500488]
[0.4894644320011139, 0.564581573009491, 0.4405251145362854, 0.2864218056201935, 0.5115661025047302]
[0.5367124080657959, 0.5865834355354309, 0.4089324176311493, 0.2692722678184509, 0.5279391407966614]
[0.567722737789154, 0.5703824758529663, 0.41182854771614075, 0.26152506470680237, 0.5786381959915161]
[0.5635203719139099, 0.5721458792686462, 0.40284428000450134, 0.27167046070098877, 0.5758569240570068]
[0.6402966380119324, 0.5274156332015991, 0.44718480110168457, 0.3230525553226471, 0.61305832862854]
[0.48554351925849915, 0.5369561314582825, 0.4314824938774109, 0.28653156757354736, 0.505370557308197]
[0.48844173550605774, 0.5324198007583618, 0.48914775252342224, 0.375791996717453, 0.5213751196861267]
[0.45174118876457214, 0.5608677268028259, 0.44692081212997437, 0.3256444036960602, 0.49117010831832886]
[0.44127753376960754, 0.54245525598526, 0.48140138387680054, 0.3807341754436493, 0.5011523962020874]
[0.5312349796295166, 0.5833579301834106, 0.42026036977767944, 0.27555492520332336, 0.5522699952125549]
[0.5337378978729248, 0.5734030604362488, 0.43170419335365295, 0.28550493717193604, 0.5641076564788818]
[0.4806593954563141, 0.5499452352523804, 0.44833338260650635, 0.3245213031768799, 0.5210992693901062]
[0.5302789807319641, 0.5776738524436951, 0.40678149461746216, 0.2802581787109375, 0.5358227491378784]
[0.6325455904006958, 0.49022334814071655, 0.47812196612358093, 0.3721523880958557, 0.6277565360069275]
[0.5148700475692749, 0.5518023371696472, 0.4494593143463135, 0.3226272761821747, 0.5283054113388062]
[0.5151239037513733, 0.5843400359153748, 0.425112783908844, 0.2738625705242157, 0.5419214367866516]
[0.5296728014945984, 0.5830933451652527, 0.426969975233078, 0.2678752541542053, 0.5562654137611389]
[0.414570689201355, 0.5475492477416992, 0.4490727484226227, 0.32119202613830566, 0.4838973879814148]
[0.5210551023483276, 0.5742776393890381, 0.430185467004776, 0.27951499819755554, 0.565093457698822]
[0.5474033951759338, 0.5556060075759888, 0.41073545813560486, 0.27270573377609253, 0.5660268664360046]
[0.4323718547821045, 0.5541470646858215, 0.45862826704978943, 0.3559589385986328, 0.46437519788742065]
[0.47178250551223755, 0.5491173267364502, 0.45062801241874695, 0.3023131191730499, 0.48161110281944275]
[0.5654910206794739, 0.5499270558357239, 0.4314652979373932, 0.2846481204032898, 0.562910258769989]
[0.47740328311920166, 0.5616278052330017, 0.38990145921707153, 0.22933675348758698, 0.5509653687477112]
[0.525340735912323, 0.5577686429023743, 0.4228162169456482, 0.308001309633255, 0.5025365948677063]
[0.5261298418045044, 0.5540661811828613, 0.4272629916667938, 0.26539501547813416, 0.5307214260101318]
[0.48566246032714844, 0.5640796422958374, 0.43613892793655396, 0.293996125459671, 0.5161529779434204]
[0.46572938561439514, 0.5618959665298462, 0.4427543580532074, 0.2916695773601532, 0.5152109861373901]
[0.5183975696563721, 0.5086038112640381, 0.4851072132587433, 0.349031925201416, 0.5159060955047607]
[0.40501973032951355, 0.5591164827346802, 0.4454978108406067, 0.35310012102127075, 0.4526613652706146]
[0.5387662053108215, 0.5743754506111145, 0.43732357025146484, 0.28279009461402893, 0.5346344709396362]
[0.5257331728935242, 0.5442401170730591, 0.41113346815109253, 0.2775826156139374, 0.5558642745018005]
