1
摸奶节是中国云南双柏县鄂家镇彝族传统文化的庆典就是农历的7月14日、15日与16日这三天，包括外来的游人,如果在街上遇见喜欢的女子，都可以摸一摸女子的胸部。姑娘们表面躲躲闪闪，但决无责怪之意因为这是他们这个地区的百姓延续了1000多年的风俗。小伙子以摸到奶为吉祥，姑娘们以被摸奶为幸运和祝福!
[0.39883387088775635, 0.5343669056892395, 0.5153940320014954, 0.5618994235992432, 0.5202600359916687]
[0.49064743518829346, 0.5747367143630981, 0.4492235481739044, 0.293739378452301, 0.5116398930549622]
[0.4930941164493561, 0.5787659287452698, 0.45159682631492615, 0.28751346468925476, 0.5187228918075562]
[0.4869639277458191, 0.5462646484375, 0.4568384289741516, 0.32805684208869934, 0.5124605298042297]
[0.47441768646240234, 0.5345659852027893, 0.4978298842906952, 0.4071893095970154, 0.4553217887878418]
[0.46847379207611084, 0.5731263756752014, 0.46195247769355774, 0.31666064262390137, 0.49623098969459534]
[0.5139308571815491, 0.5519080758094788, 0.4417915940284729, 0.2887461185455322, 0.5092395544052124]
[0.5022587180137634, 0.5893831849098206, 0.43394553661346436, 0.2810955047607422, 0.5039961934089661]
[0.5015509724617004, 0.566725492477417, 0.42280492186546326, 0.2702828645706177, 0.5432080626487732]
[0.5421803593635559, 0.5895686149597168, 0.4028608798980713, 0.2542145848274231, 0.5684040784835815]
[0.6495225429534912, 0.5057379603385925, 0.48281875252723694, 0.36904868483543396, 0.6211718916893005]
[0.5615060329437256, 0.5841159224510193, 0.39749354124069214, 0.27023908495903015, 0.5706154108047485]
[0.5181610584259033, 0.5488247275352478, 0.44138386845588684, 0.29600727558135986, 0.49320724606513977]
[0.47686848044395447, 0.5569834113121033, 0.44445300102233887, 0.30211326479911804, 0.4836234748363495]
[0.5148544907569885, 0.5875616669654846, 0.4316694438457489, 0.28153157234191895, 0.5298974514007568]
[0.5204527974128723, 0.5998477339744568, 0.4441852569580078, 0.2539784908294678, 0.5317037105560303]
[0.4487622082233429, 0.5716210603713989, 0.4600348174571991, 0.3031274080276489, 0.45275557041168213]
[0.5193629860877991, 0.5856478810310364, 0.41173920035362244, 0.282301664352417, 0.5441094636917114]
[0.4919911324977875, 0.5480451583862305, 0.4373524785041809, 0.2992174029350281, 0.5472425222396851]
[0.513780415058136, 0.567764401435852, 0.4665001630783081, 0.33367690443992615, 0.5309895277023315]
[0.46494337916374207, 0.5420033931732178, 0.5057002902030945, 0.3662325441837311, 0.4616850018501282]
[0.4718703031539917, 0.5717563629150391, 0.4341452419757843, 0.3162824511528015, 0.5051127076148987]
[0.522600531578064, 0.5824478268623352, 0.43011850118637085, 0.28034552931785583, 0.5410582423210144]
[0.5043436288833618, 0.5751479268074036, 0.422923743724823, 0.30598554015159607, 0.5287411212921143]
[0.5169285535812378, 0.5274043679237366, 0.44668522477149963, 0.33818283677101135, 0.5416606664657593]
[0.5316703915596008, 0.5816144347190857, 0.4197019040584564, 0.27294042706489563, 0.5562825798988342]
[0.4910396933555603, 0.5611494779586792, 0.4326120913028717, 0.31930387020111084, 0.4923681318759918]
[0.5511146187782288, 0.5974866151809692, 0.41098493337631226, 0.26066064834594727, 0.5754883289337158]
[0.5066660642623901, 0.5314132571220398, 0.5192437767982483, 0.4612410366535187, 0.49461600184440613]
[0.3575606644153595, 0.5302096605300903, 0.45789095759391785, 0.3240150809288025, 0.43840059638023376]
[0.4419465661048889, 0.5402700901031494, 0.5093331933021545, 0.38083699345588684, 0.49183350801467896]
[0.47256675362586975, 0.5620361566543579, 0.4563998878002167, 0.29143598675727844, 0.5182639956474304]
[0.4868237376213074, 0.5867197513580322, 0.44784319400787354, 0.29273277521133423, 0.5141834616661072]
[0.55572110414505, 0.5812021493911743, 0.40521347522735596, 0.2654537856578827, 0.5827469229698181]
[0.5491366982460022, 0.5762852430343628, 0.4233977496623993, 0.28396904468536377, 0.5414884686470032]
[0.4955682158470154, 0.5613689422607422, 0.4674288034439087, 0.29885604977607727, 0.4567713737487793]
[0.6388455629348755, 0.5552787780761719, 0.3853241205215454, 0.25236955285072327, 0.6146718859672546]
[0.47425612807273865, 0.5785049200057983, 0.4397018551826477, 0.3021250367164612, 0.4918173551559448]
[0.4959917366504669, 0.5557356476783752, 0.4443678855895996, 0.30039194226264954, 0.49834585189819336]
[0.5053690671920776, 0.5770865082740784, 0.4234728217124939, 0.26742568612098694, 0.5389273762702942]
[0.46864333748817444, 0.5613172650337219, 0.4545547068119049, 0.36394941806793213, 0.47031036019325256]
[0.4729345142841339, 0.5554071664810181, 0.45000457763671875, 0.32239091396331787, 0.5128944516181946]
[0.4102034568786621, 0.5662556886672974, 0.4530644416809082, 0.3085872530937195, 0.44679564237594604]
[0.4657582938671112, 0.5792567729949951, 0.45190364122390747, 0.2934276759624481, 0.5202925801277161]
[0.5196858644485474, 0.5820861458778381, 0.4194784164428711, 0.28445252776145935, 0.5436866283416748]
[0.5268153548240662, 0.5554180145263672, 0.47451654076576233, 0.32760119438171387, 0.5108548402786255]
[0.49663281440734863, 0.5609655380249023, 0.4358520805835724, 0.3361992835998535, 0.48851218819618225]
[0.4775451123714447, 0.5457717776298523, 0.4645494520664215, 0.3447084426879883, 0.5008732676506042]
[0.522215723991394, 0.5829768776893616, 0.4440058469772339, 0.27241963148117065, 0.5456933975219727]
[0.5336710810661316, 0.5838186740875244, 0.4212622046470642, 0.2524828612804413, 0.5433022379875183]
[0.5227758884429932, 0.5290933847427368, 0.436909019947052, 0.2809638977050781, 0.48321112990379333]
[0.5127350091934204, 0.5805402398109436, 0.43478652834892273, 0.27610278129577637, 0.5042597055435181]
[0.4677373766899109, 0.5511597990989685, 0.46306124329566956, 0.35278281569480896, 0.5018593072891235]
[0.4375351369380951, 0.5263824462890625, 0.45628103613853455, 0.28995952010154724, 0.4579482972621918]
[0.5053690671920776, 0.5770865082740784, 0.4234728217124939, 0.26742568612098694, 0.5389273762702942]
[0.5466405749320984, 0.5832176804542542, 0.4173993468284607, 0.27797895669937134, 0.5481880307197571]
[0.5640413761138916, 0.5875416994094849, 0.41277483105659485, 0.28210213780403137, 0.557194709777832]
[0.49263137578964233, 0.5788934230804443, 0.44433125853538513, 0.2892967760562897, 0.5328865647315979]
[0.4993160665035248, 0.5760012269020081, 0.4181686043739319, 0.2701968848705292, 0.5111010074615479]
[0.4509662985801697, 0.5358129143714905, 0.4668424427509308, 0.3145420551300049, 0.4722275137901306]
[0.4750290811061859, 0.5194640159606934, 0.5298829078674316, 0.46792125701904297, 0.555345356464386]
[0.5896426439285278, 0.5682567358016968, 0.42083361744880676, 0.26304134726524353, 0.5699906945228577]
[0.5178890824317932, 0.5781651139259338, 0.42742905020713806, 0.2794574201107025, 0.544363260269165]
[0.5119373202323914, 0.5714253187179565, 0.40932777523994446, 0.2888439893722534, 0.5107925534248352]
[0.4375351369380951, 0.5263824462890625, 0.45628103613853455, 0.28995952010154724, 0.4579482972621918]
[0.5719056725502014, 0.5806834101676941, 0.4105111062526703, 0.2469388097524643, 0.5664001107215881]
[0.5088464617729187, 0.5728676319122314, 0.43519192934036255, 0.32158926129341125, 0.5170795917510986]
[0.5282228589057922, 0.5699176788330078, 0.4160066545009613, 0.30789804458618164, 0.5168886780738831]
[0.49233219027519226, 0.5406560897827148, 0.45886939764022827, 0.36850428581237793, 0.49420860409736633]
[0.4626238942146301, 0.5568142533302307, 0.4700968861579895, 0.32726117968559265, 0.507492184638977]
[0.4375351369380951, 0.5263824462890625, 0.45628103613853455, 0.28995952010154724, 0.4579482972621918]
[0.5451405048370361, 0.5799071192741394, 0.4316512644290924, 0.266661137342453, 0.5196403861045837]
[0.5143796801567078, 0.5731383562088013, 0.4661071002483368, 0.28343284130096436, 0.5323141813278198]
[0.4487622082233429, 0.5716210603713989, 0.4600348174571991, 0.3031274080276489, 0.45275557041168213]
[0.47680437564849854, 0.5772233009338379, 0.46208176016807556, 0.29985126852989197, 0.5124468207359314]
[0.5466405749320984, 0.5832176804542542, 0.4173993468284607, 0.27797895669937134, 0.5481880307197571]
[0.4279831647872925, 0.5649901628494263, 0.452785462141037, 0.3177315294742584, 0.481059730052948]
[0.5399494767189026, 0.5659878849983215, 0.4244134724140167, 0.2700372338294983, 0.5393006801605225]
[0.5139168500900269, 0.5880748629570007, 0.4134599566459656, 0.27409958839416504, 0.5190536975860596]
[0.5045610666275024, 0.5761390328407288, 0.43174222111701965, 0.2912748456001282, 0.5285192728042603]
[0.5099478960037231, 0.5233414769172668, 0.4483186602592468, 0.3210107982158661, 0.5487572550773621]
[0.44034886360168457, 0.5508295893669128, 0.4745885133743286, 0.3472543954849243, 0.5023728013038635]
[0.5421945452690125, 0.5637785792350769, 0.4306092858314514, 0.2907758057117462, 0.5222230553627014]
[0.5632404685020447, 0.5553961396217346, 0.440570205450058, 0.2925807237625122, 0.5304891467094421]
[0.5069271326065063, 0.583555281162262, 0.4450959265232086, 0.3110300898551941, 0.5082003474235535]
[0.41918015480041504, 0.5485579371452332, 0.44356292486190796, 0.2957676947116852, 0.4553735852241516]
[0.4509752094745636, 0.5584649443626404, 0.4426536560058594, 0.283151775598526, 0.5268575549125671]
[0.5108855962753296, 0.5755007266998291, 0.4274910092353821, 0.2859640419483185, 0.4980437159538269]
[0.47971299290657043, 0.5566110014915466, 0.4554332196712494, 0.32550758123397827, 0.46737930178642273]
[0.5066152215003967, 0.5720326900482178, 0.4454684853553772, 0.2842191159725189, 0.548292875289917]
[0.541203498840332, 0.5459526777267456, 0.4327657222747803, 0.31479912996292114, 0.5419901609420776]
[0.46183741092681885, 0.5619696974754333, 0.43866410851478577, 0.28923407196998596, 0.4841423034667969]
[0.4999277591705322, 0.5645927786827087, 0.4479049742221832, 0.2979702353477478, 0.5092583894729614]
[0.49493011832237244, 0.5669849514961243, 0.4621579051017761, 0.3046547770500183, 0.524956226348877]
[0.47750407457351685, 0.5625767707824707, 0.5015729069709778, 0.3449627459049225, 0.5467879772186279]
[0.4706445336341858, 0.5717484354972839, 0.44747814536094666, 0.31950798630714417, 0.5226150155067444]
[0.47795361280441284, 0.5461446642875671, 0.48471295833587646, 0.32391342520713806, 0.5141662359237671]
[0.5130506157875061, 0.535020112991333, 0.4425105154514313, 0.2908724248409271, 0.5407350659370422]
[0.5269737839698792, 0.5390971899032593, 0.4444330036640167, 0.30850234627723694, 0.49820852279663086]
[0.457950234413147, 0.5901573896408081, 0.4473746418952942, 0.29004713892936707, 0.49424949288368225]
[0.48923447728157043, 0.5751345157623291, 0.4380112886428833, 0.30712610483169556, 0.49085989594459534]
