1
【幼女遭老师强奸大出血３小时】如果 此案仍以嫖宿幼妓判处，你的心理底线会怎样：河南南阳宛城区红泥湾镇一7岁二年级女生明明(化名)放学后被班主任老师刘翔宇叫到办公室，１个小时后回到家神情异常，伴有下身大出血。自述班主任刘翔宇让她脱掉裤子... via
[0.5175251960754395, 0.5476524233818054, 0.47721970081329346, 0.3505561053752899, 0.5390843749046326]
[0.5213375091552734, 0.5694940090179443, 0.43977177143096924, 0.3222903609275818, 0.5308761596679688]
[0.4350755512714386, 0.5605834126472473, 0.4656066596508026, 0.33960577845573425, 0.4777280390262604]
[0.5330930352210999, 0.583351194858551, 0.4223942458629608, 0.27784669399261475, 0.5542905926704407]
[0.46958455443382263, 0.5953920483589172, 0.43604737520217896, 0.27536526322364807, 0.5132403373718262]
[0.5171793103218079, 0.5827243328094482, 0.4197450280189514, 0.28065457940101624, 0.5404092073440552]
[0.3955896496772766, 0.5434311032295227, 0.4849741756916046, 0.3752470016479492, 0.4671211838722229]
[0.48379552364349365, 0.5937032699584961, 0.41920071840286255, 0.2830924987792969, 0.4925927221775055]
[0.5024546980857849, 0.5466561317443848, 0.46758371591567993, 0.2845745384693146, 0.5364955067634583]
[0.45001447200775146, 0.577640950679779, 0.4405949115753174, 0.27710026502609253, 0.5237111449241638]
[0.5234497785568237, 0.5608175992965698, 0.42673584818840027, 0.2857668697834015, 0.5429396033287048]
[0.481239378452301, 0.5828627347946167, 0.4305877089500427, 0.2937420606613159, 0.5256267189979553]
[0.5122758150100708, 0.5747464895248413, 0.41646137833595276, 0.2713985741138458, 0.538103461265564]
[0.5096266269683838, 0.5811516046524048, 0.41493499279022217, 0.2775145471096039, 0.5242461562156677]
[0.5708661675453186, 0.5807855725288391, 0.41794317960739136, 0.2830037772655487, 0.5572357177734375]
[0.5454241633415222, 0.5848467350006104, 0.40179046988487244, 0.25977984070777893, 0.5643565654754639]
[0.5571348667144775, 0.5402626991271973, 0.41955211758613586, 0.32079729437828064, 0.5582514405250549]
[0.46970972418785095, 0.5064593553543091, 0.5122187733650208, 0.43669596314430237, 0.4855247437953949]
[0.46929702162742615, 0.5594896674156189, 0.4385378360748291, 0.2748086750507355, 0.5304470062255859]
[0.4676954448223114, 0.5481247901916504, 0.47865352034568787, 0.37529805302619934, 0.5289202332496643]
[0.5302886366844177, 0.5844852328300476, 0.4378177523612976, 0.28752753138542175, 0.5238721370697021]
[0.4846433699131012, 0.5850062966346741, 0.4509725570678711, 0.29987409710884094, 0.49324744939804077]
[0.5151205658912659, 0.5768736600875854, 0.444535493850708, 0.2710803151130676, 0.5454047918319702]
[0.46680977940559387, 0.5537616610527039, 0.47260582447052, 0.36702921986579895, 0.5304465293884277]
[0.4707350730895996, 0.5388532876968384, 0.4870677590370178, 0.3966054916381836, 0.4978935420513153]
[0.5243409872055054, 0.5737730860710144, 0.42840155959129333, 0.28020527958869934, 0.5509504079818726]
[0.552290678024292, 0.5591670870780945, 0.39701607823371887, 0.25488048791885376, 0.5763804912567139]
[0.5470994710922241, 0.6000454425811768, 0.423109769821167, 0.2657420039176941, 0.5360923409461975]
[0.4737526774406433, 0.5900851488113403, 0.4162161350250244, 0.2716446816921234, 0.5307612419128418]
[0.3978816866874695, 0.5683643817901611, 0.4505457282066345, 0.2896011471748352, 0.4818468689918518]
[0.5470994710922241, 0.6000454425811768, 0.423109769821167, 0.2657420039176941, 0.5360923409461975]
[0.4328209161758423, 0.5847628712654114, 0.4398055374622345, 0.30403581261634827, 0.4869525134563446]
[0.5336037278175354, 0.5876176357269287, 0.4067159593105316, 0.25478455424308777, 0.5479360818862915]
[0.38701537251472473, 0.5297421813011169, 0.45515260100364685, 0.3399913012981415, 0.47219645977020264]
[0.5435393452644348, 0.5876671671867371, 0.4417167901992798, 0.2848622500896454, 0.5441721081733704]
[0.45958176255226135, 0.558921754360199, 0.41456472873687744, 0.2671208083629608, 0.5162959098815918]
[0.4537743031978607, 0.5286475419998169, 0.5060260891914368, 0.42006319761276245, 0.46208277344703674]
[0.5108307600021362, 0.5333364605903625, 0.43839171528816223, 0.2961560785770416, 0.5469817519187927]
[0.45522961020469666, 0.5870183706283569, 0.43771204352378845, 0.280740886926651, 0.5057815909385681]
[0.48969313502311707, 0.5632648468017578, 0.4506566822528839, 0.30654972791671753, 0.5113615989685059]
[0.5062580108642578, 0.5437117218971252, 0.44191494584083557, 0.30690646171569824, 0.5243687629699707]
[0.4734920561313629, 0.5224795937538147, 0.49280908703804016, 0.4307067394256592, 0.5398908853530884]
[0.43926119804382324, 0.5464423894882202, 0.45000770688056946, 0.32290413975715637, 0.5024847388267517]
[0.5387706756591797, 0.5795927047729492, 0.4113862216472626, 0.2946094572544098, 0.5263705253601074]
[0.5055286288261414, 0.588202953338623, 0.45241352915763855, 0.2912440598011017, 0.5208028554916382]
[0.4750402271747589, 0.586164116859436, 0.46305590867996216, 0.2827155590057373, 0.5201820731163025]
[0.44759055972099304, 0.5509372353553772, 0.4609375, 0.3591172993183136, 0.4784807562828064]
[0.467070996761322, 0.5414380431175232, 0.4543451964855194, 0.3368823230266571, 0.501666784286499]
[0.4437237083911896, 0.5808864831924438, 0.43781134486198425, 0.27734535932540894, 0.47363385558128357]
[0.5189481973648071, 0.6011189818382263, 0.42040860652923584, 0.2632944881916046, 0.5258883237838745]
[0.5253802537918091, 0.5850070714950562, 0.42783308029174805, 0.2865045964717865, 0.5592696666717529]
[0.5903134346008301, 0.5526130795478821, 0.4009077548980713, 0.23550830781459808, 0.6022722721099854]
[0.5177786946296692, 0.5289562344551086, 0.4973446726799011, 0.37486153841018677, 0.520664393901825]
[0.5071437358856201, 0.5517879128456116, 0.4277329444885254, 0.3015187382698059, 0.524700403213501]
[0.3894713222980499, 0.5679463148117065, 0.42280787229537964, 0.2697911560535431, 0.4777946472167969]
[0.5514229536056519, 0.589118480682373, 0.41416841745376587, 0.2525023818016052, 0.5688425302505493]
[0.5149213075637817, 0.5745115280151367, 0.4294396936893463, 0.2818833291530609, 0.5206738114356995]
[0.4996684491634369, 0.5391203761100769, 0.4487367272377014, 0.33454567193984985, 0.5360194444656372]
[0.4862269461154938, 0.5402898788452148, 0.46571823954582214, 0.32981637120246887, 0.5214003324508667]
[0.4709106385707855, 0.555935263633728, 0.4551023244857788, 0.29283207654953003, 0.4935707449913025]
[0.5185933113098145, 0.5886591672897339, 0.41420748829841614, 0.28358691930770874, 0.5321028828620911]
[0.5463557243347168, 0.5884219408035278, 0.4173259139060974, 0.26314619183540344, 0.5482609868049622]
[0.5384990572929382, 0.5665914416313171, 0.4098081886768341, 0.24961382150650024, 0.5603919625282288]
[0.4853091835975647, 0.5862841010093689, 0.438523530960083, 0.29596343636512756, 0.5084654092788696]
[0.4538377523422241, 0.564530611038208, 0.433555543422699, 0.3227570056915283, 0.47689610719680786]
[0.5404128432273865, 0.5823633670806885, 0.4184034764766693, 0.2794688045978546, 0.539771318435669]
[0.43142271041870117, 0.5769894123077393, 0.46749719977378845, 0.317474901676178, 0.5049290060997009]
[0.46998435258865356, 0.5750041604042053, 0.4776008427143097, 0.3323346674442291, 0.48954567313194275]
[0.45500290393829346, 0.5834932327270508, 0.44780460000038147, 0.28775110840797424, 0.5105797052383423]
[0.5266537070274353, 0.5504019260406494, 0.4368577003479004, 0.30584603548049927, 0.5362012386322021]
[0.5766306519508362, 0.5436394810676575, 0.43003302812576294, 0.2879686653614044, 0.5777667164802551]
[0.4408321976661682, 0.5788702368736267, 0.45572468638420105, 0.32883498072624207, 0.4853411912918091]
[0.5111063718795776, 0.5838693976402283, 0.41421765089035034, 0.2656829357147217, 0.5490484237670898]
[0.5350639820098877, 0.5683778524398804, 0.4256041347980499, 0.2813420295715332, 0.522423505783081]
[0.5237194895744324, 0.548096776008606, 0.41734468936920166, 0.2650649845600128, 0.563995361328125]
[0.5156531929969788, 0.5998234748840332, 0.43232759833335876, 0.27465638518333435, 0.5497303605079651]
[0.43372195959091187, 0.5776039361953735, 0.4284563362598419, 0.27846717834472656, 0.47131162881851196]
[0.4955417513847351, 0.5701423287391663, 0.43263155221939087, 0.3084251582622528, 0.5086169838905334]
[0.4207346439361572, 0.573407769203186, 0.44316497445106506, 0.2810993790626526, 0.4718472361564636]
[0.3978816866874695, 0.5683643817901611, 0.4505457282066345, 0.2896011471748352, 0.4818468689918518]
[0.4910565912723541, 0.5732273459434509, 0.44781678915023804, 0.29734471440315247, 0.5116541385650635]
[0.44550666213035583, 0.5620287656784058, 0.4840361475944519, 0.32652395963668823, 0.46420133113861084]
[0.49035024642944336, 0.6078616976737976, 0.4383160471916199, 0.2875645160675049, 0.5154501795768738]
[0.5514229536056519, 0.589118480682373, 0.41416841745376587, 0.2525023818016052, 0.5688425302505493]
[0.47449490427970886, 0.5666136145591736, 0.46916908025741577, 0.3292171061038971, 0.5008577704429626]
[0.416271448135376, 0.5763152837753296, 0.4356174170970917, 0.290353387594223, 0.4663355350494385]
[0.565326452255249, 0.5799384117126465, 0.38622936606407166, 0.2709612250328064, 0.5605430603027344]
[0.5139617323875427, 0.5929368138313293, 0.41964560747146606, 0.23943687975406647, 0.5214974880218506]
[0.4852670729160309, 0.5836239457130432, 0.41853564977645874, 0.27727577090263367, 0.5033162236213684]
[0.4517436623573303, 0.5775317549705505, 0.4437563121318817, 0.29926958680152893, 0.4988066554069519]
[0.5132255554199219, 0.5376851558685303, 0.4411897361278534, 0.36394229531288147, 0.546690046787262]
[0.5176015496253967, 0.5437154769897461, 0.48473984003067017, 0.3816593289375305, 0.5536479353904724]
[0.4901045560836792, 0.5291132926940918, 0.4887472689151764, 0.39723142981529236, 0.5384261012077332]
[0.5740664601325989, 0.5604796409606934, 0.4001629054546356, 0.2728363871574402, 0.5477737188339233]
[0.5388488173484802, 0.5710774660110474, 0.42858439683914185, 0.2871292233467102, 0.5629302859306335]
[0.5064064860343933, 0.564084529876709, 0.42426568269729614, 0.3015380799770355, 0.5202190279960632]
[0.5061671137809753, 0.5358757972717285, 0.4100262522697449, 0.2747589349746704, 0.5611821413040161]
[0.5111615657806396, 0.6002752780914307, 0.4326893389225006, 0.2805446684360504, 0.5181685090065002]
[0.525541365146637, 0.5496228933334351, 0.47593384981155396, 0.3512120544910431, 0.5675550699234009]
[0.5593966245651245, 0.5937527418136597, 0.42471787333488464, 0.2590858042240143, 0.5608440041542053]
[0.4338485896587372, 0.5487638711929321, 0.4720827341079712, 0.3592173755168915, 0.48329758644104004]
