1
七旬老汉靠卖自己种的菜为生。从执法车上下来了一个年轻人，朝马路边摆地摊卖青菜的老汉走来连扇老汉几个耳光连推倒在地。老汉到处寻找执法者，只想告诉他，我从山里骑和烂单车到这里用了3个多小时只想卖点钱给生病卧床的老伴买药。如果你看到此图愤怒了，请团结起来，替老汉夺回公道！！！
[0.4810047745704651, 0.5218583941459656, 0.505702555179596, 0.48868224024772644, 0.5290206670761108]
[0.4928310811519623, 0.5587166547775269, 0.4095495343208313, 0.2948392927646637, 0.5083367824554443]
[0.426974356174469, 0.5164141058921814, 0.49713191390037537, 0.3508942425251007, 0.44083932042121887]
[0.5315740704536438, 0.5671141743659973, 0.398543119430542, 0.2575603723526001, 0.5680072903633118]
[0.38301724195480347, 0.5587038993835449, 0.46920162439346313, 0.3074505627155304, 0.43484097719192505]
[0.4637589752674103, 0.5752502083778381, 0.400399386882782, 0.2418757528066635, 0.5096950531005859]
[0.37316885590553284, 0.5559370517730713, 0.46682852506637573, 0.31630754470825195, 0.4736686944961548]
[0.47299835085868835, 0.5720470547676086, 0.4408057630062103, 0.29527658224105835, 0.49118220806121826]
[0.5029575824737549, 0.5951786041259766, 0.41454434394836426, 0.2691533863544464, 0.5407146215438843]
[0.5042619109153748, 0.5240433216094971, 0.49561816453933716, 0.41221854090690613, 0.5417194962501526]
[0.507612407207489, 0.5508055090904236, 0.46534764766693115, 0.3276671767234802, 0.49549245834350586]
[0.4802842438220978, 0.5778048634529114, 0.4256632626056671, 0.2882719337940216, 0.5043128132820129]
[0.49744725227355957, 0.5728721618652344, 0.45285773277282715, 0.2975112199783325, 0.5103244185447693]
[0.48379552364349365, 0.5937032699584961, 0.41920071840286255, 0.2830924987792969, 0.4925927221775055]
[0.5153112411499023, 0.5717865228652954, 0.46266970038414, 0.3143312633037567, 0.5515171885490417]
[0.5301393866539001, 0.5820232629776001, 0.42437830567359924, 0.29048416018486023, 0.5398605465888977]
[0.3804747462272644, 0.5616676807403564, 0.4387620687484741, 0.3059515953063965, 0.47133028507232666]
[0.5185750722885132, 0.5937942266464233, 0.44224968552589417, 0.28473687171936035, 0.5432983040809631]
[0.5043469667434692, 0.5494570732116699, 0.44794878363609314, 0.33413246273994446, 0.532562792301178]
[0.5515995025634766, 0.533276379108429, 0.47265851497650146, 0.37723544239997864, 0.5587785243988037]
[0.527653694152832, 0.5236092209815979, 0.4961684048175812, 0.4175582826137543, 0.5711239576339722]
[0.5453168749809265, 0.5748804211616516, 0.4332793056964874, 0.2672939896583557, 0.5349696278572083]
[0.5296574234962463, 0.5519114136695862, 0.46253618597984314, 0.346369206905365, 0.5657890439033508]
[0.5090930461883545, 0.5210495591163635, 0.4644549489021301, 0.34051012992858887, 0.5387923121452332]
[0.5525584816932678, 0.5883185267448425, 0.4140421450138092, 0.2667226493358612, 0.554099440574646]
[0.49002325534820557, 0.5455741286277771, 0.47417354583740234, 0.360863596200943, 0.5499909520149231]
[0.5319891571998596, 0.5655166506767273, 0.4442380666732788, 0.3173353374004364, 0.5639786720275879]
[0.4979686737060547, 0.5508552193641663, 0.4228421747684479, 0.2852238118648529, 0.5525828003883362]
[0.5275952816009521, 0.5510215759277344, 0.45699870586395264, 0.3242165744304657, 0.519212007522583]
[0.4810047745704651, 0.5218583941459656, 0.505702555179596, 0.48868224024772644, 0.5290206670761108]
[0.5319673418998718, 0.5757684707641602, 0.4126705229282379, 0.28171902894973755, 0.5466568470001221]
[0.4810047745704651, 0.5218583941459656, 0.505702555179596, 0.48868224024772644, 0.5290206670761108]
[0.47640717029571533, 0.539557933807373, 0.4771886467933655, 0.34900376200675964, 0.5115070343017578]
[0.4815213084220886, 0.5574454069137573, 0.4642943739891052, 0.34300369024276733, 0.4854191541671753]
[0.4810047745704651, 0.5218583941459656, 0.505702555179596, 0.48868224024772644, 0.5290206670761108]
[0.4951135516166687, 0.5766879320144653, 0.4206787943840027, 0.2687443792819977, 0.5306320190429688]
[0.4311833679676056, 0.5224951505661011, 0.5533254742622375, 0.4178487956523895, 0.4964827299118042]
[0.459603875875473, 0.5709491968154907, 0.44895032048225403, 0.2796538472175598, 0.5127943158149719]
[0.5641995072364807, 0.5767096281051636, 0.41198086738586426, 0.2793819010257721, 0.5669935941696167]
[0.5404128432273865, 0.5823633670806885, 0.4184034764766693, 0.2794688045978546, 0.539771318435669]
[0.4588564932346344, 0.5722131133079529, 0.4171504080295563, 0.2737966477870941, 0.5357525944709778]
[0.5202596783638, 0.5846285223960876, 0.41350674629211426, 0.27945682406425476, 0.5350062251091003]
[0.5122578144073486, 0.5740596652030945, 0.4622695744037628, 0.3249863386154175, 0.5410044193267822]
[0.4831804633140564, 0.5774238705635071, 0.43600013852119446, 0.29613834619522095, 0.5046530961990356]
[0.4810047745704651, 0.5218583941459656, 0.505702555179596, 0.48868224024772644, 0.5290206670761108]
[0.4802463948726654, 0.5527459383010864, 0.45716479420661926, 0.32885897159576416, 0.5102399587631226]
[0.4311833679676056, 0.5224951505661011, 0.5533254742622375, 0.4178487956523895, 0.4964827299118042]
[0.4520759880542755, 0.5786874294281006, 0.43411773443222046, 0.28887251019477844, 0.5115283131599426]
[0.46125102043151855, 0.5404344797134399, 0.4599226415157318, 0.3207826018333435, 0.512037456035614]
[0.3200090825557709, 0.5298972129821777, 0.4865194261074066, 0.3343156576156616, 0.41026613116264343]
[0.4983251392841339, 0.5334870219230652, 0.472284734249115, 0.3636748194694519, 0.5247600078582764]
[0.5028936862945557, 0.5628699660301208, 0.4500262439250946, 0.2910168468952179, 0.5529059171676636]
[0.4896577000617981, 0.5824235677719116, 0.43883511424064636, 0.2825835049152374, 0.525771975517273]
[0.4914476275444031, 0.5910311937332153, 0.4389372169971466, 0.2766493856906891, 0.5041027665138245]
[0.5146074891090393, 0.5692597031593323, 0.4548598825931549, 0.30979129672050476, 0.546573281288147]
[0.5125678777694702, 0.572101891040802, 0.42208021879196167, 0.2931616008281708, 0.5370323061943054]
[0.41238123178482056, 0.5116946697235107, 0.4594307243824005, 0.3322237432003021, 0.4888649582862854]
[0.46599122881889343, 0.5159273743629456, 0.5373563766479492, 0.515048623085022, 0.5475874543190002]
[0.47010114789009094, 0.5488252639770508, 0.46200937032699585, 0.31882593035697937, 0.4990272521972656]
[0.4916197955608368, 0.5571819543838501, 0.4569034278392792, 0.3244175612926483, 0.48300185799598694]
[0.4709284007549286, 0.5567389130592346, 0.4796867370605469, 0.3297634720802307, 0.5330967307090759]
[0.4660680592060089, 0.5534617304801941, 0.47819316387176514, 0.33410245180130005, 0.4980243146419525]
[0.49525001645088196, 0.560303807258606, 0.42486363649368286, 0.26797986030578613, 0.5505871176719666]
[0.5067607164382935, 0.5819416642189026, 0.4185640215873718, 0.28162404894828796, 0.5252562165260315]
[0.5385386943817139, 0.5813561677932739, 0.4149138033390045, 0.25142547488212585, 0.5554950833320618]
[0.47172531485557556, 0.5771894454956055, 0.45230647921562195, 0.30402761697769165, 0.5198848843574524]
[0.5478400588035583, 0.5607123374938965, 0.41568639874458313, 0.2776919901371002, 0.5297443270683289]
[0.5523126721382141, 0.5909832119941711, 0.4075804054737091, 0.2544762194156647, 0.5669475197792053]
[0.5803554654121399, 0.5349748730659485, 0.4126638174057007, 0.2911631464958191, 0.5771536827087402]
[0.5120065212249756, 0.5858696103096008, 0.41529813408851624, 0.2747747302055359, 0.5358218550682068]
[0.47122722864151, 0.5144293904304504, 0.514809250831604, 0.45645198225975037, 0.5540380477905273]
[0.5259702205657959, 0.5830310583114624, 0.46138131618499756, 0.3044121563434601, 0.5419835448265076]
[0.43285268545150757, 0.5568033456802368, 0.4732309877872467, 0.33026349544525146, 0.47735217213630676]
[0.5052461624145508, 0.5861597657203674, 0.42766308784484863, 0.3050844669342041, 0.5151360034942627]
[0.55662602186203, 0.5881357789039612, 0.41467079520225525, 0.2607882022857666, 0.5560340881347656]
[0.5258664488792419, 0.5852407813072205, 0.4203236699104309, 0.2855450212955475, 0.5310932397842407]
[0.5839513540267944, 0.5549948215484619, 0.4251103103160858, 0.2797311246395111, 0.5552998781204224]
[0.554931104183197, 0.5683976411819458, 0.4231979548931122, 0.2773338854312897, 0.5463265180587769]
[0.4776782989501953, 0.5342154502868652, 0.42619478702545166, 0.31574419140815735, 0.5050866603851318]
[0.4776782989501953, 0.5342154502868652, 0.42619478702545166, 0.31574419140815735, 0.5050866603851318]
[0.45586901903152466, 0.5627257823944092, 0.44928935170173645, 0.28580227494239807, 0.48924577236175537]
[0.5308347940444946, 0.5493654608726501, 0.4697909653186798, 0.3374860882759094, 0.543616533279419]
[0.5332040190696716, 0.5636509656906128, 0.4358363151550293, 0.28068676590919495, 0.5182244777679443]
[0.5225945115089417, 0.5786586403846741, 0.4169176518917084, 0.29084068536758423, 0.5196048021316528]
[0.530150294303894, 0.5950323343276978, 0.42778652906417847, 0.2573050856590271, 0.545524537563324]
[0.4778175950050354, 0.5660569667816162, 0.4701436758041382, 0.3217754065990448, 0.4975457787513733]
[0.45238444209098816, 0.5787882208824158, 0.449115127325058, 0.33298394083976746, 0.48444533348083496]
[0.49910467863082886, 0.5549049973487854, 0.4397449493408203, 0.3032588064670563, 0.5194422006607056]
[0.5428379774093628, 0.6089915633201599, 0.4224790930747986, 0.26654332876205444, 0.5514065027236938]
[0.406877726316452, 0.5225551128387451, 0.46492183208465576, 0.3263016939163208, 0.4639500677585602]
[0.44308358430862427, 0.5782977342605591, 0.4609396755695343, 0.3140638470649719, 0.47639474272727966]
[0.5294033288955688, 0.5688985586166382, 0.4331716299057007, 0.28614577651023865, 0.5591850280761719]
[0.49751096963882446, 0.5760007500648499, 0.4337840676307678, 0.2949337959289551, 0.5123721361160278]
[0.5894001126289368, 0.49198275804519653, 0.49441972374916077, 0.4356553852558136, 0.5898414850234985]
[0.45660489797592163, 0.5447743535041809, 0.46291783452033997, 0.34430596232414246, 0.506668210029602]
[0.4516580104827881, 0.5444754362106323, 0.4811447262763977, 0.325904905796051, 0.48363184928894043]
[0.48168063163757324, 0.5490648746490479, 0.452493280172348, 0.3466964066028595, 0.5330359935760498]
[0.44044989347457886, 0.543392539024353, 0.4736427962779999, 0.3384969234466553, 0.463017076253891]
[0.4712650775909424, 0.5122451186180115, 0.49640533328056335, 0.3956792652606964, 0.4807358682155609]
[0.4776782989501953, 0.5342154502868652, 0.42619478702545166, 0.31574419140815735, 0.5050866603851318]
[0.4619874954223633, 0.5800268054008484, 0.4057391285896301, 0.2741641104221344, 0.5144144296646118]
