1
河北大学放大招了！同班男女同学可住同一寝室。。(图片来源于网络)
[0.4845024049282074, 0.5170271396636963, 0.5142863392829895, 0.39897868037223816, 0.48945215344429016]
[0.4929104447364807, 0.5583365559577942, 0.4576512277126312, 0.31430527567863464, 0.5108850002288818]
[0.4527892470359802, 0.5532737970352173, 0.4774898290634155, 0.3217049539089203, 0.4943026602268219]
[0.5379343628883362, 0.5558792352676392, 0.46448811888694763, 0.34001925587654114, 0.49950671195983887]
[0.5550714731216431, 0.5840827226638794, 0.4075324237346649, 0.259038507938385, 0.5657137036323547]
[0.5419270992279053, 0.5380710959434509, 0.4548510015010834, 0.3123098909854889, 0.5424546003341675]
[0.5407180190086365, 0.5903021693229675, 0.4091787040233612, 0.26392507553100586, 0.5683786273002625]
[0.4834285080432892, 0.5775502324104309, 0.43442878127098083, 0.28988271951675415, 0.5084314942359924]
[0.4760547876358032, 0.561172366142273, 0.4509691894054413, 0.32225096225738525, 0.47913143038749695]
[0.5201967358589172, 0.5705636143684387, 0.4289567172527313, 0.28983789682388306, 0.5093337893486023]
[0.5330168008804321, 0.5426492691040039, 0.4442842900753021, 0.2971040904521942, 0.5275803208351135]
[0.4298417568206787, 0.5531427264213562, 0.4723898470401764, 0.3316320478916168, 0.4357011020183563]
[0.48379552364349365, 0.5937032699584961, 0.41920071840286255, 0.2830924987792969, 0.4925927221775055]
[0.42515829205513, 0.5414879322052002, 0.49030423164367676, 0.37760692834854126, 0.44792497158050537]
[0.5416731834411621, 0.5942814946174622, 0.41240358352661133, 0.25701361894607544, 0.5466065406799316]
[0.5240013599395752, 0.5697737336158752, 0.42723098397254944, 0.2672627866268158, 0.5224225521087646]
[0.5561572909355164, 0.5937171578407288, 0.41795048117637634, 0.2560843825340271, 0.5541695356369019]
[0.5128157734870911, 0.5665723085403442, 0.44123342633247375, 0.3191606402397156, 0.5076202154159546]
[0.43360602855682373, 0.5589808821678162, 0.4984961152076721, 0.41258713603019714, 0.45823442935943604]
[0.5343561768531799, 0.5580580234527588, 0.4371792674064636, 0.2948145866394043, 0.551579475402832]
[0.558032751083374, 0.5686529278755188, 0.4372921288013458, 0.28062164783477783, 0.534476101398468]
[0.5720207095146179, 0.5084226131439209, 0.5158751010894775, 0.45346200466156006, 0.5536733269691467]
[0.5245126485824585, 0.5829579830169678, 0.41528382897377014, 0.27598801255226135, 0.5443037152290344]
[0.4416382610797882, 0.5716187953948975, 0.4472489356994629, 0.2973754107952118, 0.48304906487464905]
[0.4189654290676117, 0.5514259934425354, 0.4876970052719116, 0.3570832908153534, 0.4546850919723511]
[0.4738521873950958, 0.5570242404937744, 0.4588886797428131, 0.31788861751556396, 0.5159697532653809]
[0.4497143030166626, 0.5621611475944519, 0.46133172512054443, 0.30841419100761414, 0.4584183692932129]
[0.48379552364349365, 0.5937032699584961, 0.41920071840286255, 0.2830924987792969, 0.4925927221775055]
[0.49791470170021057, 0.526226818561554, 0.507037341594696, 0.43401890993118286, 0.5578524470329285]
[0.45478397607803345, 0.5331478118896484, 0.49872368574142456, 0.33113911747932434, 0.4885100722312927]
[0.5032863020896912, 0.5200721025466919, 0.4960688650608063, 0.3429398834705353, 0.47232556343078613]
[0.47169575095176697, 0.5000633001327515, 0.49590054154396057, 0.32845449447631836, 0.4782216250896454]
[0.48791542649269104, 0.5852357149124146, 0.42352038621902466, 0.27820658683776855, 0.48621848225593567]
[0.481050580739975, 0.579388439655304, 0.4508171081542969, 0.2845809757709503, 0.5038608312606812]
[0.4870438873767853, 0.5655683279037476, 0.4292246699333191, 0.29708442091941833, 0.5140913128852844]
[0.5448386073112488, 0.5756630301475525, 0.4249858260154724, 0.2709176242351532, 0.5572704076766968]
[0.6471808552742004, 0.5103546977043152, 0.47156137228012085, 0.3550659418106079, 0.619821310043335]
[0.4995156526565552, 0.5734454393386841, 0.41299572587013245, 0.23879356682300568, 0.5298281908035278]
[0.5348899364471436, 0.5896161794662476, 0.41696247458457947, 0.267147958278656, 0.5431327223777771]
[0.5363406538963318, 0.6008608937263489, 0.4157363474369049, 0.2645694613456726, 0.5159626007080078]
[0.5692594051361084, 0.5925766229629517, 0.41261839866638184, 0.2615148425102234, 0.5429600477218628]
[0.5429807901382446, 0.5722840428352356, 0.4222993850708008, 0.27648019790649414, 0.5407119393348694]
[0.5307267904281616, 0.5642479062080383, 0.4205399453639984, 0.28356313705444336, 0.5074101686477661]
[0.5294352173805237, 0.5790753960609436, 0.4304312765598297, 0.27056193351745605, 0.5268200635910034]
[0.4487622082233429, 0.5716210603713989, 0.4600348174571991, 0.3031274080276489, 0.45275557041168213]
[0.44335681200027466, 0.5678433179855347, 0.4707367420196533, 0.3405061662197113, 0.4657711386680603]
[0.5410789847373962, 0.5693268775939941, 0.4176746606826782, 0.2892862856388092, 0.5146344900131226]
[0.5187613368034363, 0.5449097156524658, 0.45552897453308105, 0.32218649983406067, 0.5226739048957825]
[0.5070725679397583, 0.5795678496360779, 0.4309682846069336, 0.25872695446014404, 0.538472592830658]
[0.4830719530582428, 0.5611817836761475, 0.43588876724243164, 0.3257637321949005, 0.46468937397003174]
[0.4224158525466919, 0.5709162950515747, 0.4485587775707245, 0.30399250984191895, 0.5049884915351868]
[0.5407817959785461, 0.5897576808929443, 0.4290953576564789, 0.2789396643638611, 0.5162546038627625]
[0.48379552364349365, 0.5937032699584961, 0.41920071840286255, 0.2830924987792969, 0.4925927221775055]
[0.46839773654937744, 0.5451756119728088, 0.46595311164855957, 0.28720495104789734, 0.5001559853553772]
[0.48820245265960693, 0.5490071773529053, 0.4910382032394409, 0.40899884700775146, 0.5278655886650085]
[0.46598127484321594, 0.5724824070930481, 0.43203386664390564, 0.29541799426078796, 0.49913448095321655]
[0.49354833364486694, 0.5925453901290894, 0.4669087529182434, 0.34781864285469055, 0.4872382879257202]
[0.557374119758606, 0.5908057689666748, 0.42586737871170044, 0.2584240734577179, 0.5427029728889465]
[0.5365515351295471, 0.5584485530853271, 0.4660443365573883, 0.3213445246219635, 0.5242128372192383]
[0.5030286312103271, 0.5848752856254578, 0.4098091125488281, 0.2809028923511505, 0.5310276746749878]
[0.5335933566093445, 0.5899426341056824, 0.41758111119270325, 0.272700697183609, 0.5549014806747437]
[0.35005369782447815, 0.548804759979248, 0.45135074853897095, 0.3015742003917694, 0.4178348481655121]
[0.5136286616325378, 0.5613847374916077, 0.42901960015296936, 0.305703729391098, 0.518816351890564]
[0.4991302192211151, 0.5516943335533142, 0.4898478388786316, 0.34776702523231506, 0.516934871673584]
[0.4616411030292511, 0.5673878192901611, 0.44160088896751404, 0.316240519285202, 0.47704634070396423]
[0.527854323387146, 0.5857251286506653, 0.42558375000953674, 0.27191784977912903, 0.5264109373092651]
[0.42068731784820557, 0.5868016481399536, 0.4299198091030121, 0.31328824162483215, 0.46046552062034607]
[0.5703032612800598, 0.573082447052002, 0.4158261716365814, 0.26618692278862, 0.5556920170783997]
[0.5502533316612244, 0.5312448740005493, 0.41978147625923157, 0.28317323327064514, 0.554564893245697]
[0.5793071389198303, 0.5552514791488647, 0.4251197278499603, 0.28738364577293396, 0.5582072734832764]
[0.495655357837677, 0.5984415411949158, 0.446783185005188, 0.2807428538799286, 0.513014554977417]
[0.5142561197280884, 0.5452690720558167, 0.4382783770561218, 0.3363037109375, 0.565176248550415]
[0.4210309088230133, 0.5487151741981506, 0.5344130396842957, 0.4042012691497803, 0.4546026289463043]
[0.5315115451812744, 0.5855736136436462, 0.39861738681793213, 0.2707137167453766, 0.5307518839836121]
[0.5407834053039551, 0.5863849520683289, 0.4023686945438385, 0.24222326278686523, 0.5739560127258301]
[0.502369225025177, 0.572117030620575, 0.46457573771476746, 0.29461026191711426, 0.531273365020752]
[0.522585391998291, 0.563197910785675, 0.45183175802230835, 0.2987797260284424, 0.5160831212997437]
[0.41169020533561707, 0.5365036129951477, 0.49568668007850647, 0.3707863390445709, 0.4220993220806122]
[0.5076311826705933, 0.5520228743553162, 0.4283508360385895, 0.30585360527038574, 0.5077196359634399]
[0.450399786233902, 0.55022132396698, 0.46030521392822266, 0.3348488509654999, 0.4724771976470947]
[0.3437212109565735, 0.5336856842041016, 0.5478039383888245, 0.5598285794258118, 0.44311878085136414]
[0.47106242179870605, 0.593543291091919, 0.41842883825302124, 0.2757830321788788, 0.5148996710777283]
[0.4979143440723419, 0.5869189500808716, 0.4253878593444824, 0.27032768726348877, 0.529124915599823]
[0.4500437378883362, 0.5615885257720947, 0.43116915225982666, 0.27889981865882874, 0.48903563618659973]
[0.5325037837028503, 0.5360422134399414, 0.45884203910827637, 0.33266887068748474, 0.5575123429298401]
[0.3991043269634247, 0.5324240326881409, 0.4695967733860016, 0.3447125554084778, 0.4635862410068512]
[0.5003626942634583, 0.5625911355018616, 0.4433427155017853, 0.3144717216491699, 0.513624370098114]
[0.43125292658805847, 0.536555826663971, 0.4828868508338928, 0.3558271825313568, 0.4782216250896454]
[0.4685223698616028, 0.5548100471496582, 0.44641047716140747, 0.3194185197353363, 0.5148133039474487]
[0.369384229183197, 0.5151689052581787, 0.5236154198646545, 0.5672760605812073, 0.44448235630989075]
[0.558734118938446, 0.5566455125808716, 0.42132264375686646, 0.2524721026420593, 0.5544338226318359]
[0.564110517501831, 0.5867403745651245, 0.4088801443576813, 0.25268155336380005, 0.570624828338623]
[0.5728341341018677, 0.5575265288352966, 0.4462692141532898, 0.3088902533054352, 0.5525804162025452]
[0.4629749655723572, 0.5797064304351807, 0.42521193623542786, 0.30096960067749023, 0.509760856628418]
[0.477704256772995, 0.5348609089851379, 0.4592825174331665, 0.35413405299186707, 0.503835916519165]
[0.4855559170246124, 0.5682731866836548, 0.4632376730442047, 0.3367421627044678, 0.505020797252655]
[0.3717263340950012, 0.5506560802459717, 0.5204567909240723, 0.4913954734802246, 0.4752168655395508]
[0.47504571080207825, 0.561560332775116, 0.4396331310272217, 0.2857014536857605, 0.5174479484558105]
[0.44046229124069214, 0.5574255585670471, 0.5226346254348755, 0.35846200585365295, 0.4921568036079407]
[0.5664893984794617, 0.5876714587211609, 0.4169379472732544, 0.25832438468933105, 0.5511159896850586]
[0.4668315351009369, 0.5707451701164246, 0.4236532151699066, 0.25503548979759216, 0.4931734502315521]
