1
原来是真事啊 ？！ 新闻都报道了！！4岁成都男孩划伤宝马，宝马车主打了小孩儿一耳光，奶奶叫来6辆奔驰砸毁宝马！！！ 然后爸爸来了把车买下，并且砸烂！！！ 你地点睇？【日日猛料，关注 】
[0.5780830979347229, 0.5459676384925842, 0.42128998041152954, 0.28753912448883057, 0.5656538009643555]
[0.4879828691482544, 0.5866922736167908, 0.444342702627182, 0.30711621046066284, 0.47804373502731323]
[0.4675125777721405, 0.5404767394065857, 0.4548594355583191, 0.28839755058288574, 0.5299131274223328]
[0.5845391750335693, 0.5811562538146973, 0.4354016184806824, 0.30872467160224915, 0.5589737296104431]
[0.47117164731025696, 0.5525071620941162, 0.43600019812583923, 0.28921180963516235, 0.5091435313224792]
[0.4876571595668793, 0.5652903318405151, 0.4366949498653412, 0.2915746867656708, 0.5100082755088806]
[0.5442271828651428, 0.5809221863746643, 0.42009079456329346, 0.28563573956489563, 0.5583872199058533]
[0.5434432029724121, 0.583497941493988, 0.41214996576309204, 0.28223082423210144, 0.5535803437232971]
[0.5694950222969055, 0.5780120491981506, 0.4285361170768738, 0.28001683950424194, 0.5581029653549194]
[0.5949385166168213, 0.5849269032478333, 0.3972751498222351, 0.25303879380226135, 0.5585172176361084]
[0.3735632300376892, 0.5377631783485413, 0.45407167077064514, 0.326294481754303, 0.4600277543067932]
[0.5131798386573792, 0.5900744199752808, 0.42343002557754517, 0.2749992311000824, 0.5366612672805786]
[0.5166575908660889, 0.5720050930976868, 0.4118034839630127, 0.2875010073184967, 0.5455748438835144]
[0.5311226844787598, 0.5842277407646179, 0.42342978715896606, 0.2786187529563904, 0.5515469908714294]
[0.5539465546607971, 0.5643367767333984, 0.40103110671043396, 0.26269015669822693, 0.5762010812759399]
[0.5256345272064209, 0.5701939463615417, 0.4167002737522125, 0.27115586400032043, 0.5562688708305359]
[0.4563615024089813, 0.5824308395385742, 0.4346514940261841, 0.2697605788707733, 0.5293914675712585]
[0.5967680215835571, 0.5336081385612488, 0.41766121983528137, 0.27108266949653625, 0.5944481492042542]
[0.5407398343086243, 0.5819836258888245, 0.40868377685546875, 0.2856651246547699, 0.5361957550048828]
[0.5764755606651306, 0.5568613409996033, 0.38959330320358276, 0.26217958331108093, 0.583377480506897]
[0.5070029497146606, 0.5943256616592407, 0.4167025089263916, 0.29223304986953735, 0.5288010835647583]
[0.5377228260040283, 0.5958510637283325, 0.4156869649887085, 0.25722938776016235, 0.5663581490516663]
[0.5221094489097595, 0.5633813738822937, 0.4331583082675934, 0.3086661398410797, 0.5360673666000366]
[0.637858510017395, 0.5335432291030884, 0.44190457463264465, 0.31408005952835083, 0.6107595562934875]
[0.4976574778556824, 0.5475151538848877, 0.4413221776485443, 0.29630494117736816, 0.5087641477584839]
[0.5223718881607056, 0.5984727740287781, 0.40262719988822937, 0.2621660530567169, 0.516093373298645]
[0.5201276540756226, 0.5634723901748657, 0.44056177139282227, 0.3185936212539673, 0.5135470628738403]
[0.47603678703308105, 0.55874103307724, 0.44370922446250916, 0.3108424246311188, 0.5046729445457458]
[0.4417133331298828, 0.5636965036392212, 0.4435969293117523, 0.32065457105636597, 0.4771459698677063]
[0.4499273896217346, 0.562947154045105, 0.4428994655609131, 0.31239378452301025, 0.4578806459903717]
[0.5309754014015198, 0.5919243097305298, 0.41153642535209656, 0.2758270800113678, 0.5544812083244324]
[0.5505931377410889, 0.5288563370704651, 0.4213285744190216, 0.285421222448349, 0.5552038550376892]
[0.515845000743866, 0.5794987082481384, 0.4133565127849579, 0.2799861431121826, 0.5296230912208557]
[0.5593672394752502, 0.573995053768158, 0.40233996510505676, 0.2525729238986969, 0.5752452611923218]
[0.5077236890792847, 0.592607319355011, 0.41077008843421936, 0.2656853497028351, 0.5276355147361755]
[0.49957776069641113, 0.5705912113189697, 0.4268670082092285, 0.31117168068885803, 0.5038382411003113]
[0.44548457860946655, 0.528998613357544, 0.4653678834438324, 0.318225622177124, 0.5104571580886841]
[0.5074939727783203, 0.5920436978340149, 0.41787147521972656, 0.2719969153404236, 0.5445771813392639]
[0.5387569665908813, 0.5710777044296265, 0.4126231074333191, 0.29452577233314514, 0.5321687459945679]
[0.5102167129516602, 0.5682503581047058, 0.4303733706474304, 0.30247431993484497, 0.49544352293014526]
[0.5354865789413452, 0.5888907313346863, 0.41922876238822937, 0.2605830132961273, 0.5253303050994873]
[0.4791337251663208, 0.5755180716514587, 0.4241563379764557, 0.311941534280777, 0.5240229964256287]
[0.5120839476585388, 0.5716697573661804, 0.4617774188518524, 0.29195016622543335, 0.5250236988067627]
[0.5012589693069458, 0.5452959537506104, 0.471389502286911, 0.32325902581214905, 0.5120012760162354]
[0.4645500183105469, 0.5839232206344604, 0.45178908109664917, 0.29239019751548767, 0.5075134038925171]
[0.42498064041137695, 0.5815343260765076, 0.45572954416275024, 0.28758299350738525, 0.4913438856601715]
[0.5443074703216553, 0.5662656426429749, 0.4286655783653259, 0.2822021543979645, 0.5874300599098206]
[0.4363223612308502, 0.5336675643920898, 0.510858952999115, 0.40819618105888367, 0.4880671203136444]
[0.5636253952980042, 0.5939995050430298, 0.4170762598514557, 0.2580678462982178, 0.5506877899169922]
[0.5004821419715881, 0.5545364618301392, 0.4373597800731659, 0.27635449171066284, 0.5232022404670715]
[0.5636253952980042, 0.5939995050430298, 0.4170762598514557, 0.2580678462982178, 0.5506877899169922]
[0.46601602435112, 0.5651649832725525, 0.4377492070198059, 0.2894585430622101, 0.48092910647392273]
[0.5793539881706238, 0.5639569163322449, 0.40877828001976013, 0.2660875618457794, 0.5568282008171082]
[0.5348585844039917, 0.5723128914833069, 0.40687549114227295, 0.25001370906829834, 0.5818016529083252]
[0.4843756854534149, 0.5785109996795654, 0.44779297709465027, 0.2659589350223541, 0.5278673768043518]
[0.5380699038505554, 0.5835760235786438, 0.40515637397766113, 0.27396366000175476, 0.5301234126091003]
[0.5242419838905334, 0.5739977955818176, 0.41832444071769714, 0.273086279630661, 0.5352388620376587]
[0.5766897797584534, 0.5793020725250244, 0.40877875685691833, 0.2602044343948364, 0.5431579947471619]
[0.5309845209121704, 0.5897089242935181, 0.426408052444458, 0.2694692611694336, 0.5409523844718933]
[0.47421106696128845, 0.5418484807014465, 0.4733772277832031, 0.3542834222316742, 0.502992570400238]
[0.4284205436706543, 0.573061466217041, 0.4394366443157196, 0.2868841290473938, 0.4822785258293152]
[0.5391624569892883, 0.5790917873382568, 0.4268307089805603, 0.27021324634552, 0.534077525138855]
[0.537268877029419, 0.5374197363853455, 0.4424968659877777, 0.3179229199886322, 0.5356284379959106]
[0.500165581703186, 0.5547770261764526, 0.4377804100513458, 0.2823890447616577, 0.4952937066555023]
[0.5150243043899536, 0.5656483173370361, 0.42046087980270386, 0.26799020171165466, 0.5404964685440063]
[0.5545831322669983, 0.5539100766181946, 0.4350515305995941, 0.309756875038147, 0.5647544264793396]
[0.5597384572029114, 0.5711671710014343, 0.40275079011917114, 0.2762487828731537, 0.5659372210502625]
[0.49524855613708496, 0.5929843187332153, 0.4072905480861664, 0.27033528685569763, 0.5158505439758301]
[0.5668419599533081, 0.5880686044692993, 0.4172472655773163, 0.2678821384906769, 0.5666202902793884]
[0.4919353723526001, 0.5679688453674316, 0.43568456172943115, 0.29841557145118713, 0.4946271777153015]
[0.4036698341369629, 0.5357369780540466, 0.5032927393913269, 0.3663201928138733, 0.5028345584869385]
[0.4976183772087097, 0.5726810693740845, 0.4371075928211212, 0.30651476979255676, 0.5359644293785095]
[0.5923510789871216, 0.5082562565803528, 0.44516485929489136, 0.3230420649051666, 0.5787158012390137]
[0.5187511444091797, 0.5657637715339661, 0.4381132125854492, 0.2819228768348694, 0.518878698348999]
[0.4413509666919708, 0.5476995706558228, 0.4740060269832611, 0.3331960141658783, 0.4930533766746521]
[0.4269879162311554, 0.5643128156661987, 0.4684346616268158, 0.3513258099555969, 0.4447406232357025]
[0.5040035247802734, 0.5719863772392273, 0.43091994524002075, 0.27657848596572876, 0.5261465907096863]
[0.529312014579773, 0.5816479921340942, 0.4350244700908661, 0.28505322337150574, 0.5262598395347595]
[0.6234695315361023, 0.5554541945457458, 0.392463743686676, 0.24433082342147827, 0.5928224921226501]
[0.521691083908081, 0.5878927707672119, 0.4193263351917267, 0.279192179441452, 0.5255200266838074]
[0.509378969669342, 0.5682070851325989, 0.4241047501564026, 0.29234227538108826, 0.5395655035972595]
[0.3994487226009369, 0.5417059659957886, 0.48092955350875854, 0.3289775550365448, 0.42713284492492676]
[0.48379552364349365, 0.5937032699584961, 0.41920071840286255, 0.2830924987792969, 0.4925927221775055]
[0.3682872951030731, 0.5410106182098389, 0.43682804703712463, 0.29630130529403687, 0.4435845613479614]
[0.4978303015232086, 0.568757176399231, 0.41759368777275085, 0.2993967533111572, 0.5083913803100586]
[0.4995919167995453, 0.588869571685791, 0.41907593607902527, 0.2754434645175934, 0.5155342817306519]
[0.47769516706466675, 0.5689893960952759, 0.44731664657592773, 0.314470112323761, 0.5338131189346313]
[0.4953612685203552, 0.573777437210083, 0.46250054240226746, 0.2981785237789154, 0.502764105796814]
[0.4436752498149872, 0.5490284562110901, 0.49712130427360535, 0.37786316871643066, 0.46245431900024414]
[0.515434205532074, 0.5922403335571289, 0.4194585978984833, 0.25300201773643494, 0.5287054777145386]
[0.4969322979450226, 0.5547890663146973, 0.4302949905395508, 0.2971194088459015, 0.5213400721549988]
[0.39881178736686707, 0.5212069153785706, 0.48238447308540344, 0.3833704888820648, 0.43949180841445923]
[0.3308548331260681, 0.5265059471130371, 0.5072597861289978, 0.4601939022541046, 0.4495701193809509]
[0.49986520409584045, 0.5477599501609802, 0.4595502018928528, 0.3331301510334015, 0.5236128568649292]
[0.48330578207969666, 0.5802049040794373, 0.41315075755119324, 0.2744729518890381, 0.5158719420433044]
[0.462451308965683, 0.5538776516914368, 0.4501586854457855, 0.3137466013431549, 0.49222809076309204]
[0.518311083316803, 0.5667742490768433, 0.4430132210254669, 0.30465224385261536, 0.549550473690033]
[0.44082972407341003, 0.5556023716926575, 0.4420110583305359, 0.3008195161819458, 0.5147936344146729]
[0.49975526332855225, 0.5874056220054626, 0.4230498969554901, 0.27203112840652466, 0.5168728828430176]
[0.3934991955757141, 0.5400429368019104, 0.47305208444595337, 0.36579710245132446, 0.4567878842353821]
[0.48174214363098145, 0.5822790861129761, 0.4298758804798126, 0.2742377817630768, 0.5072784423828125]
