1
原来是真事啊 ？！！新闻都报道了！！4岁成都男孩划伤宝马，宝马车主打了小孩儿一耳光，奶奶叫来6辆奔驰砸毁宝 马！！！然后爸爸来了把车买下，并且砸烂。 【更多资讯关注
[0.5483161807060242, 0.5198701024055481, 0.4583947956562042, 0.34266501665115356, 0.5475866198539734]
[0.5453824996948242, 0.5913607478141785, 0.42336875200271606, 0.2623552978038788, 0.5600253939628601]
[0.4942842125892639, 0.5500056743621826, 0.44544899463653564, 0.30197274684906006, 0.5122318267822266]
[0.552592396736145, 0.582399845123291, 0.421105295419693, 0.27832233905792236, 0.5572481155395508]
[0.47399136424064636, 0.51657634973526, 0.5418866276741028, 0.44119444489479065, 0.4745848476886749]
[0.4850071370601654, 0.5661971569061279, 0.4547209143638611, 0.3107398450374603, 0.5171179175376892]
[0.5155638456344604, 0.5840762853622437, 0.4228143095970154, 0.2731045186519623, 0.5609366297721863]
[0.4937587082386017, 0.5181952118873596, 0.46823009848594666, 0.3390195667743683, 0.5304293632507324]
[0.57002854347229, 0.5897886753082275, 0.418941468000412, 0.24422909319400787, 0.5693637728691101]
[0.5052675008773804, 0.5842355489730835, 0.4384927451610565, 0.2653281092643738, 0.5346051454544067]
[0.4232817590236664, 0.5680536031723022, 0.4424857795238495, 0.2839662432670593, 0.47180411219596863]
[0.4481569826602936, 0.5584588050842285, 0.4302864968776703, 0.278983473777771, 0.5157328844070435]
[0.37466272711753845, 0.5349532961845398, 0.4870511591434479, 0.36438578367233276, 0.4332820475101471]
[0.45537206530570984, 0.566516637802124, 0.4402233958244324, 0.3165991008281708, 0.4865543842315674]
[0.4873920679092407, 0.550967812538147, 0.4670332670211792, 0.3422630727291107, 0.5034151673316956]
[0.5438950657844543, 0.5512487888336182, 0.422760009765625, 0.2894040644168854, 0.5445395112037659]
[0.5514947772026062, 0.5581202507019043, 0.41576623916625977, 0.2891046404838562, 0.5538797378540039]
[0.4595014154911041, 0.5437337756156921, 0.46279820799827576, 0.35129016637802124, 0.5017792582511902]
[0.48187255859375, 0.5688093304634094, 0.437295526266098, 0.2884904146194458, 0.5286241769790649]
[0.5091248154640198, 0.5747898817062378, 0.41752806305885315, 0.2716560661792755, 0.5421434044837952]
[0.46437910199165344, 0.5882863998413086, 0.4356253743171692, 0.26549890637397766, 0.5271559357643127]
[0.4435708522796631, 0.5427011847496033, 0.4856835603713989, 0.3714328110218048, 0.4949992597103119]
[0.491245836019516, 0.5537339448928833, 0.4518485367298126, 0.32357358932495117, 0.4915340840816498]
[0.46601602435112, 0.5651649832725525, 0.4377492070198059, 0.2894585430622101, 0.48092910647392273]
[0.5592007637023926, 0.5701413154602051, 0.423934668302536, 0.2841520607471466, 0.5853089094161987]
[0.5299002528190613, 0.5708502531051636, 0.4169718623161316, 0.29701337218284607, 0.5249930024147034]
[0.38683319091796875, 0.5472233295440674, 0.44375303387641907, 0.32081112265586853, 0.46851739287376404]
[0.5808430314064026, 0.5944718718528748, 0.4004276692867279, 0.2428627610206604, 0.5688697695732117]
[0.4972740709781647, 0.585502028465271, 0.43311572074890137, 0.27638813853263855, 0.5592548251152039]
[0.6100195646286011, 0.5893779993057251, 0.38602402806282043, 0.22669318318367004, 0.6020954251289368]
[0.49750635027885437, 0.5775116682052612, 0.44523799419403076, 0.3367464542388916, 0.49858081340789795]
[0.4924362301826477, 0.5152842998504639, 0.45577073097229004, 0.3464455008506775, 0.4971863627433777]
[0.5588533878326416, 0.5621128678321838, 0.4013310968875885, 0.2710525393486023, 0.548041045665741]
[0.348942369222641, 0.5492411255836487, 0.45032310485839844, 0.31773337721824646, 0.412229984998703]
[0.5024654269218445, 0.5426756739616394, 0.4505363702774048, 0.3638959527015686, 0.5051971077919006]
[0.37199297547340393, 0.5647244453430176, 0.4410509765148163, 0.3030582368373871, 0.45724034309387207]
[0.5870818495750427, 0.5644602179527283, 0.44733312726020813, 0.27890080213546753, 0.5427542924880981]
[0.5515354871749878, 0.5827168226242065, 0.44884413480758667, 0.2880968749523163, 0.5616030097007751]
[0.4468729496002197, 0.5730477571487427, 0.4355762004852295, 0.3177104592323303, 0.4648647904396057]
[0.4872598946094513, 0.5808934569358826, 0.44833552837371826, 0.3182744085788727, 0.5223935842514038]
[0.5454620718955994, 0.5506847500801086, 0.4937743544578552, 0.31534701585769653, 0.5122502446174622]
[0.4736826419830322, 0.5526478886604309, 0.4647865891456604, 0.31182077527046204, 0.5185848474502563]
[0.5044661164283752, 0.5706742405891418, 0.427619993686676, 0.28229820728302, 0.545657753944397]
[0.47151979804039, 0.578008770942688, 0.41498762369155884, 0.2585996687412262, 0.5274781584739685]
[0.4492717385292053, 0.5531376004219055, 0.4408559203147888, 0.3165411055088043, 0.48073282837867737]
[0.464287132024765, 0.5431596040725708, 0.4676123857498169, 0.3952772319316864, 0.5020751357078552]
[0.5573914051055908, 0.6009238362312317, 0.43346965312957764, 0.2776663899421692, 0.5470440983772278]
[0.5014657378196716, 0.5880683660507202, 0.44200411438941956, 0.288961797952652, 0.5476623773574829]
[0.5372697710990906, 0.5336851477622986, 0.4541272819042206, 0.3146721124649048, 0.5281714200973511]
[0.495181143283844, 0.5778952836990356, 0.4657633304595947, 0.2702142596244812, 0.5245977640151978]
[0.524726152420044, 0.5836871266365051, 0.4036616384983063, 0.26108211278915405, 0.5466628670692444]
[0.552308201789856, 0.5564571619033813, 0.4206111431121826, 0.2992057502269745, 0.5651742815971375]
[0.5404022336006165, 0.5744370818138123, 0.4347255527973175, 0.2753254175186157, 0.5472959280014038]
[0.49439874291419983, 0.5381181240081787, 0.44811227917671204, 0.3548431396484375, 0.49648818373680115]
[0.5289865136146545, 0.5644798874855042, 0.41224879026412964, 0.2989058196544647, 0.5606595873832703]
[0.48149943351745605, 0.5049468278884888, 0.499977171421051, 0.33826902508735657, 0.48220011591911316]
[0.4745831787586212, 0.5523073077201843, 0.435563325881958, 0.30238819122314453, 0.4854606091976166]
[0.4176372289657593, 0.5310357809066772, 0.49659958481788635, 0.38787588477134705, 0.47437700629234314]
[0.4486699402332306, 0.5461032390594482, 0.47258731722831726, 0.34536778926849365, 0.44969379901885986]
[0.5337682366371155, 0.5608222484588623, 0.42528796195983887, 0.330229252576828, 0.5598483085632324]
[0.5601152181625366, 0.5390931963920593, 0.4322666525840759, 0.2935676574707031, 0.5669110417366028]
[0.4772440791130066, 0.5681354403495789, 0.43055540323257446, 0.27293357253074646, 0.5250056982040405]
[0.5638223886489868, 0.5329753160476685, 0.43684759736061096, 0.3145958483219147, 0.5279675126075745]
[0.561775803565979, 0.5832312703132629, 0.4225637912750244, 0.2527208924293518, 0.5642151832580566]
[0.4468729496002197, 0.5730477571487427, 0.4355762004852295, 0.3177104592323303, 0.4648647904396057]
[0.48696866631507874, 0.5478723645210266, 0.4830408990383148, 0.3538856506347656, 0.4968436062335968]
[0.49975353479385376, 0.5517475605010986, 0.42068538069725037, 0.28510233759880066, 0.5298041105270386]
[0.538906455039978, 0.572191596031189, 0.40817466378211975, 0.28231894969940186, 0.5290611386299133]
[0.4649910032749176, 0.5737696290016174, 0.42693451046943665, 0.27051785588264465, 0.5425463914871216]
[0.4366624057292938, 0.5633712410926819, 0.4651538133621216, 0.32757848501205444, 0.49925723671913147]
[0.4601884186267853, 0.5521525740623474, 0.43795913457870483, 0.2716016173362732, 0.4793092608451843]
[0.5447990894317627, 0.588373601436615, 0.3855436444282532, 0.24770280718803406, 0.5608653426170349]
[0.3900589644908905, 0.5459395051002502, 0.4470166862010956, 0.30353844165802, 0.4607824981212616]
[0.5429578423500061, 0.5381796360015869, 0.49157559871673584, 0.4002528786659241, 0.5393975973129272]
[0.4591304361820221, 0.5631794333457947, 0.43633952736854553, 0.2973176836967468, 0.47992509603500366]
[0.5911415219306946, 0.5780647993087769, 0.39732369780540466, 0.2634323537349701, 0.5797070264816284]
[0.5398443341255188, 0.5432071089744568, 0.4535581171512604, 0.29918232560157776, 0.5528545379638672]
[0.5494270920753479, 0.5606565475463867, 0.481232613325119, 0.40048277378082275, 0.5773003697395325]
[0.5929003357887268, 0.5603689551353455, 0.39459332823753357, 0.25435972213745117, 0.5666471123695374]
[0.5396495461463928, 0.5849558711051941, 0.4087558090686798, 0.2596064805984497, 0.5525897741317749]
[0.5113986730575562, 0.592872142791748, 0.4264347553253174, 0.28340667486190796, 0.5477386116981506]
[0.5547114014625549, 0.5403777360916138, 0.4282503128051758, 0.30369430780410767, 0.5461307168006897]
[0.3888155221939087, 0.5453647375106812, 0.44797223806381226, 0.313497930765152, 0.44641774892807007]
[0.6100852489471436, 0.5798508524894714, 0.38449278473854065, 0.23695465922355652, 0.5971666574478149]
[0.6237675547599792, 0.5911921858787537, 0.3571757376194, 0.21812549233436584, 0.6017103791236877]
[0.48130735754966736, 0.5590142607688904, 0.44246411323547363, 0.2996199131011963, 0.5367453694343567]
[0.4739208221435547, 0.5598056316375732, 0.4494304060935974, 0.31723305583000183, 0.49965357780456543]
[0.5429520010948181, 0.5840562582015991, 0.4127165377140045, 0.2775953710079193, 0.5402995347976685]
[0.4050830900669098, 0.5578903555870056, 0.43990448117256165, 0.297820508480072, 0.46675345301628113]
[0.48584428429603577, 0.5827487111091614, 0.42257240414619446, 0.28611400723457336, 0.5023627877235413]
[0.5252479314804077, 0.5998339056968689, 0.4296496510505676, 0.2874200940132141, 0.5557692050933838]
[0.5205853581428528, 0.5497332215309143, 0.4786812365055084, 0.3172331750392914, 0.5071523189544678]
[0.4291835427284241, 0.5591002702713013, 0.43385058641433716, 0.29605013132095337, 0.46888062357902527]
[0.4159383475780487, 0.5457539558410645, 0.48578813672065735, 0.31417930126190186, 0.4851677119731903]
[0.395442396402359, 0.5313135385513306, 0.46437379717826843, 0.3636794984340668, 0.4633006155490875]
[0.42842209339141846, 0.5616671442985535, 0.43778738379478455, 0.30382826924324036, 0.48352479934692383]
[0.5701873898506165, 0.5798725485801697, 0.4134695827960968, 0.24679423868656158, 0.5652656555175781]
[0.5502587556838989, 0.5572105646133423, 0.44975724816322327, 0.3115459978580475, 0.5634722709655762]
[0.43885794281959534, 0.5607885122299194, 0.4511062204837799, 0.3151785731315613, 0.48008906841278076]
[0.5669167637825012, 0.5854619145393372, 0.41440442204475403, 0.2529390752315521, 0.5696243047714233]
[0.348942369222641, 0.5492411255836487, 0.45032310485839844, 0.31773337721824646, 0.412229984998703]
