1
向欧洲杯致敬！印度一妇女一次产下11胞胎，创世界记录 正好一只足球队！ （ 投稿）
[0.5342342257499695, 0.5354580879211426, 0.47678041458129883, 0.36544346809387207, 0.5287994742393494]
[0.5185933113098145, 0.5886591672897339, 0.41420748829841614, 0.28358691930770874, 0.5321028828620911]
[0.43372195959091187, 0.5776039361953735, 0.4284563362598419, 0.27846717834472656, 0.47131162881851196]
[0.52777099609375, 0.5749369859695435, 0.4504243731498718, 0.274231880903244, 0.5622520446777344]
[0.5034838914871216, 0.5739536285400391, 0.43127015233039856, 0.3106582760810852, 0.5318313241004944]
[0.5087323188781738, 0.584449291229248, 0.432859867811203, 0.27619263529777527, 0.5275717377662659]
[0.5653747320175171, 0.5958674550056458, 0.410073459148407, 0.2521335780620575, 0.5308053493499756]
[0.5052675008773804, 0.5842355489730835, 0.4384927451610565, 0.2653281092643738, 0.5346051454544067]
[0.4196116626262665, 0.5639960169792175, 0.4327666759490967, 0.29377350211143494, 0.4586649537086487]
[0.46204274892807007, 0.5503243803977966, 0.45084303617477417, 0.3153373599052429, 0.5091776251792908]
[0.5027862787246704, 0.580219566822052, 0.44054704904556274, 0.30075740814208984, 0.5252977013587952]
[0.4234780967235565, 0.5448660850524902, 0.48717930912971497, 0.3568255603313446, 0.4530537724494934]
[0.45521557331085205, 0.5396114587783813, 0.48216232657432556, 0.37570011615753174, 0.4989240765571594]
[0.5251534581184387, 0.5704175233840942, 0.414977103471756, 0.28275322914123535, 0.5172121524810791]
[0.4487622082233429, 0.5716210603713989, 0.4600348174571991, 0.3031274080276489, 0.45275557041168213]
[0.5150370597839355, 0.5389229655265808, 0.43773844838142395, 0.30428531765937805, 0.5112548470497131]
[0.5354865789413452, 0.5888907313346863, 0.41922876238822937, 0.2605830132961273, 0.5253303050994873]
[0.4487622082233429, 0.5716210603713989, 0.4600348174571991, 0.3031274080276489, 0.45275557041168213]
[0.54008549451828, 0.5987744927406311, 0.4528527557849884, 0.29625436663627625, 0.5569047331809998]
[0.5321894288063049, 0.5885859131813049, 0.42878222465515137, 0.27056601643562317, 0.5564768314361572]
[0.5579797029495239, 0.5927836298942566, 0.4143049418926239, 0.2598932981491089, 0.5469009280204773]
[0.5208012461662292, 0.5945326089859009, 0.41348710656166077, 0.27364060282707214, 0.5295900702476501]
[0.5442225933074951, 0.605510950088501, 0.42908555269241333, 0.2732070982456207, 0.5154107809066772]
[0.5203226208686829, 0.5635114908218384, 0.42706233263015747, 0.31702008843421936, 0.5270987153053284]
[0.5047655701637268, 0.5720614194869995, 0.42642417550086975, 0.28079453110694885, 0.5215767621994019]
[0.5040035247802734, 0.5719863772392273, 0.43091994524002075, 0.27657848596572876, 0.5261465907096863]
[0.4695280194282532, 0.5762432217597961, 0.44220077991485596, 0.3042099177837372, 0.5114966630935669]
[0.4180128276348114, 0.5878843069076538, 0.4587492048740387, 0.2878088355064392, 0.47076770663261414]
[0.47447168827056885, 0.5617842078208923, 0.4146600663661957, 0.28769248723983765, 0.4824863374233246]
[0.4415544867515564, 0.5514591336250305, 0.4496522843837738, 0.3003961145877838, 0.5022197365760803]
[0.526265025138855, 0.5831411480903625, 0.41332900524139404, 0.270704984664917, 0.5255643129348755]
[0.5285578370094299, 0.54634028673172, 0.42038390040397644, 0.2841593027114868, 0.48879101872444153]
[0.5354865789413452, 0.5888907313346863, 0.41922876238822937, 0.2605830132961273, 0.5253303050994873]
[0.4614872932434082, 0.5600374937057495, 0.4792461693286896, 0.3491612672805786, 0.4878291189670563]
[0.4780801236629486, 0.5683706998825073, 0.4247030019760132, 0.30434173345565796, 0.49894317984580994]
[0.3998466432094574, 0.5647312998771667, 0.4272741675376892, 0.29665273427963257, 0.4496627449989319]
[0.5578151345252991, 0.5671923160552979, 0.4211568832397461, 0.2617063820362091, 0.5497843623161316]
[0.5455304980278015, 0.565388560295105, 0.4171769320964813, 0.29063209891319275, 0.5326786041259766]
[0.4487622082233429, 0.5716210603713989, 0.4600348174571991, 0.3031274080276489, 0.45275557041168213]
[0.3980659246444702, 0.5676062703132629, 0.4500005543231964, 0.2906647026538849, 0.4348086714744568]
[0.5428767204284668, 0.5538138747215271, 0.4441620409488678, 0.3197063207626343, 0.5145346522331238]
[0.40472301840782166, 0.5335535407066345, 0.498595267534256, 0.38897597789764404, 0.4376155138015747]
[0.43630561232566833, 0.5739865899085999, 0.4222657382488251, 0.28702202439308167, 0.5123046636581421]
[0.5244597792625427, 0.5673940777778625, 0.42901942133903503, 0.28732484579086304, 0.508772611618042]
[0.4686191976070404, 0.5800954103469849, 0.4814341068267822, 0.31740602850914, 0.5080395936965942]
[0.4741983711719513, 0.5829935669898987, 0.4435359537601471, 0.3096913695335388, 0.48300251364707947]
[0.5327833890914917, 0.5621187090873718, 0.430484414100647, 0.2667650878429413, 0.5138362646102905]
[0.5024216175079346, 0.5689214468002319, 0.432063490152359, 0.2845629155635834, 0.5356587767601013]
[0.5452865958213806, 0.5817273259162903, 0.41692396998405457, 0.25852692127227783, 0.5380458235740662]
[0.45294809341430664, 0.5544100403785706, 0.4446461498737335, 0.31590163707733154, 0.46274182200431824]
[0.5225667357444763, 0.5545142889022827, 0.47197872400283813, 0.32865110039711, 0.4792701005935669]
[0.42718756198883057, 0.5457332134246826, 0.44906482100486755, 0.29108771681785583, 0.47022199630737305]
[0.3938088119029999, 0.5675663352012634, 0.4554024040699005, 0.29953742027282715, 0.4715234637260437]
[0.48891523480415344, 0.5986390709877014, 0.4251663088798523, 0.2733253836631775, 0.5165185332298279]
[0.4512273967266083, 0.5386813879013062, 0.46818429231643677, 0.35097721219062805, 0.4981708824634552]
[0.5527825951576233, 0.5518705248832703, 0.4514788091182709, 0.2789870500564575, 0.5445320010185242]
[0.4107362627983093, 0.564221203327179, 0.4363790452480316, 0.2916516661643982, 0.464824914932251]
[0.5054556131362915, 0.5642800331115723, 0.47674745321273804, 0.3227717876434326, 0.519564688205719]
[0.5087323188781738, 0.584449291229248, 0.432859867811203, 0.27619263529777527, 0.5275717377662659]
[0.516281247138977, 0.5400338172912598, 0.48339372873306274, 0.3351938724517822, 0.496576189994812]
[0.43724513053894043, 0.5384158492088318, 0.5244207382202148, 0.4398534893989563, 0.45764803886413574]
[0.4760547876358032, 0.561172366142273, 0.4509691894054413, 0.32225096225738525, 0.47913143038749695]
[0.49417898058891296, 0.5373657941818237, 0.4810463786125183, 0.33288443088531494, 0.5302340388298035]
[0.5447216629981995, 0.5693592429161072, 0.4364357590675354, 0.3150153160095215, 0.5474899411201477]
[0.5291121006011963, 0.5923258662223816, 0.415624737739563, 0.2743915021419525, 0.544005274772644]
[0.5429269671440125, 0.5855051279067993, 0.4290705919265747, 0.2537536025047302, 0.5486716032028198]
[0.5354865789413452, 0.5888907313346863, 0.41922876238822937, 0.2605830132961273, 0.5253303050994873]
[0.4287584125995636, 0.5588235259056091, 0.4512963593006134, 0.3056049048900604, 0.47973203659057617]
[0.45955798029899597, 0.5605957508087158, 0.45125871896743774, 0.3119511008262634, 0.46328240633010864]
[0.5148263573646545, 0.5686756372451782, 0.42311787605285645, 0.2879182696342468, 0.5013691782951355]
[0.33802616596221924, 0.5477312207221985, 0.4332015812397003, 0.30988144874572754, 0.41682955622673035]
[0.44003966450691223, 0.5949351191520691, 0.4559589624404907, 0.28632715344429016, 0.4949749708175659]
[0.5621859431266785, 0.6068032383918762, 0.41873934864997864, 0.26215094327926636, 0.5702495574951172]
[0.549691379070282, 0.5871497988700867, 0.4130420386791229, 0.26551756262779236, 0.5281603336334229]
[0.4465349018573761, 0.5464893579483032, 0.476172536611557, 0.33688193559646606, 0.49441519379615784]
[0.4472801685333252, 0.5767137408256531, 0.4543272852897644, 0.2978816330432892, 0.47461679577827454]
[0.5475501418113708, 0.5621183514595032, 0.4333255887031555, 0.2668406367301941, 0.5410342216491699]
[0.4897599220275879, 0.5694078803062439, 0.44935718178749084, 0.2868396043777466, 0.5122595429420471]
[0.5177729725837708, 0.5833643078804016, 0.40603089332580566, 0.2730325162410736, 0.5234096646308899]
[0.4519559442996979, 0.568544328212738, 0.4660220742225647, 0.31115782260894775, 0.48762890696525574]
[0.5035023093223572, 0.5485774278640747, 0.4718340337276459, 0.34083279967308044, 0.5090713500976562]
[0.3879772424697876, 0.5630448460578918, 0.4463376998901367, 0.29952916502952576, 0.45687445998191833]
[0.4711878299713135, 0.5719214081764221, 0.43947771191596985, 0.3017638921737671, 0.5324122309684753]
[0.47605061531066895, 0.5618581175804138, 0.45785707235336304, 0.35688233375549316, 0.5097798705101013]
[0.48111602663993835, 0.5576183795928955, 0.4329972565174103, 0.27825620770454407, 0.5384768843650818]
[0.5489742159843445, 0.5929713845252991, 0.4079751968383789, 0.2541031539440155, 0.5804117321968079]
[0.4910164773464203, 0.5751723647117615, 0.4338855445384979, 0.2726503014564514, 0.48884958028793335]
[0.5319116115570068, 0.5604022145271301, 0.42067256569862366, 0.2833864092826843, 0.5325143337249756]
[0.5185933113098145, 0.5886591672897339, 0.41420748829841614, 0.28358691930770874, 0.5321028828620911]
[0.5070725679397583, 0.5795678496360779, 0.4309682846069336, 0.25872695446014404, 0.538472592830658]
[0.542172372341156, 0.5743152499198914, 0.41695436835289, 0.282746285200119, 0.5259823799133301]
[0.4282255172729492, 0.5411045551300049, 0.4733867943286896, 0.3165697455406189, 0.48784199357032776]
[0.5354865789413452, 0.5888907313346863, 0.41922876238822937, 0.2605830132961273, 0.5253303050994873]
[0.5262980461120605, 0.5644081830978394, 0.4251500368118286, 0.2971026301383972, 0.5213688611984253]
[0.4929632544517517, 0.582230269908905, 0.42408737540245056, 0.27694275975227356, 0.5200573801994324]
[0.511255145072937, 0.5555015802383423, 0.44553065299987793, 0.29960352182388306, 0.5322266817092896]
[0.43843716382980347, 0.5501427054405212, 0.4584742486476898, 0.3142523765563965, 0.44327014684677124]
[0.49676546454429626, 0.5532655119895935, 0.47013017535209656, 0.3417806625366211, 0.5056584477424622]
[0.5726330280303955, 0.5718449950218201, 0.4096226394176483, 0.2676475942134857, 0.5524634122848511]
[0.49819302558898926, 0.5422890186309814, 0.44990432262420654, 0.29164010286331177, 0.4905693233013153]
[0.5223996639251709, 0.5573203563690186, 0.4235604405403137, 0.31308144330978394, 0.5394139885902405]
