1
摸奶节是云南双柏县鄂家镇彝族传统文化就是农历的7月14日、15日-16日三天，包括外来游人,如果在街上遇见喜欢的女子，都可以摸一摸女子的胸。姑娘们表面躲躲闪闪，但决无责怪之意因为这是他们这个地区的百姓延续了1000多年风俗。小伙以摸到奶为吉祥，姑娘以被摸奶为幸运和祝福!
[0.5275740623474121, 0.52106112241745, 0.49807897210121155, 0.3931255042552948, 0.561198353767395]
[0.5851165056228638, 0.5814757943153381, 0.3844008147716522, 0.23560212552547455, 0.5867310762405396]
[0.5462203621864319, 0.5491561889648438, 0.4310496747493744, 0.3076079785823822, 0.5333176255226135]
[0.5159856677055359, 0.5800700187683105, 0.39953911304473877, 0.2764870822429657, 0.5159780383110046]
[0.49434876441955566, 0.5648620128631592, 0.4430534839630127, 0.30392327904701233, 0.5282934904098511]
[0.5408856868743896, 0.5670046210289001, 0.4569156765937805, 0.31750237941741943, 0.5278404951095581]
[0.5349137187004089, 0.5584346652030945, 0.42208319902420044, 0.29166296124458313, 0.5369136333465576]
[0.34833723306655884, 0.5309127569198608, 0.5510885715484619, 0.5700315237045288, 0.4799887537956238]
[0.44711148738861084, 0.565449059009552, 0.46307826042175293, 0.307486355304718, 0.5011013746261597]
[0.4516373872756958, 0.5764108896255493, 0.4719887673854828, 0.30305376648902893, 0.4738595187664032]
[0.46711477637290955, 0.5657905340194702, 0.4407579302787781, 0.3013840913772583, 0.4914173483848572]
[0.39947304129600525, 0.5569890141487122, 0.46727752685546875, 0.3277978003025055, 0.4524482786655426]
[0.5010955929756165, 0.532139778137207, 0.4734587073326111, 0.3181750178337097, 0.49702146649360657]
[0.5103292465209961, 0.5762951970100403, 0.4441445469856262, 0.29020261764526367, 0.5291032791137695]
[0.42308083176612854, 0.5232685804367065, 0.4826425313949585, 0.463903546333313, 0.4626610279083252]
[0.5102550983428955, 0.5694633722305298, 0.4787858724594116, 0.32684680819511414, 0.5360416769981384]
[0.5123992562294006, 0.5973877310752869, 0.41747352480888367, 0.2705005705356598, 0.5546636581420898]
[0.5218573212623596, 0.5839772820472717, 0.4409518539905548, 0.3004794716835022, 0.5521477460861206]
[0.5101519227027893, 0.5928577184677124, 0.42704468965530396, 0.2744031250476837, 0.5432430505752563]
[0.5281661152839661, 0.5726965069770813, 0.42866250872612, 0.29075464606285095, 0.5590425729751587]
[0.4832364022731781, 0.5628888010978699, 0.43593937158584595, 0.30742570757865906, 0.5071171522140503]
[0.5275527238845825, 0.5882348418235779, 0.4201603829860687, 0.273393839597702, 0.5602033138275146]
[0.4344063997268677, 0.568328320980072, 0.460781991481781, 0.3347969949245453, 0.4703647494316101]
[0.5082776546478271, 0.56790691614151, 0.4071773290634155, 0.29488077759742737, 0.5207980871200562]
[0.45142224431037903, 0.5876802802085876, 0.4587950110435486, 0.31074854731559753, 0.4818918704986572]
[0.45605549216270447, 0.5733975172042847, 0.45128557085990906, 0.356879860162735, 0.48685789108276367]
[0.4312116205692291, 0.580863893032074, 0.4419049918651581, 0.2923917770385742, 0.4805264472961426]
[0.48073625564575195, 0.5692832469940186, 0.46513813734054565, 0.31492727994918823, 0.48533305525779724]
[0.4523993730545044, 0.5665050745010376, 0.4343113899230957, 0.29567015171051025, 0.5106144547462463]
[0.41180193424224854, 0.5423304438591003, 0.5064351558685303, 0.37232646346092224, 0.47775670886039734]
[0.43156781792640686, 0.49062636494636536, 0.4944192171096802, 0.391652375459671, 0.4630688428878784]
[0.4576255679130554, 0.5491699576377869, 0.46677330136299133, 0.3635835349559784, 0.5202494859695435]
[0.5611041188240051, 0.5681585669517517, 0.41619744896888733, 0.2709726095199585, 0.5535320043563843]
[0.47150108218193054, 0.5593056678771973, 0.4768795967102051, 0.36982086300849915, 0.5313467383384705]
[0.5119377970695496, 0.5851160287857056, 0.43061351776123047, 0.2879614233970642, 0.5033471584320068]
[0.4654039442539215, 0.5557751059532166, 0.4416467249393463, 0.31960663199424744, 0.4938149154186249]
[0.507265567779541, 0.5831275582313538, 0.4279983341693878, 0.3001086413860321, 0.4978397786617279]
[0.4594081938266754, 0.5565425753593445, 0.4690450429916382, 0.3223012089729309, 0.4688369929790497]
[0.5520237684249878, 0.5717880129814148, 0.40430623292922974, 0.2675097584724426, 0.5759390592575073]
[0.4838036596775055, 0.5408123731613159, 0.46259254217147827, 0.3066387474536896, 0.4946609139442444]
[0.44689956307411194, 0.5678656697273254, 0.45298969745635986, 0.2939826548099518, 0.4999174475669861]
[0.39716780185699463, 0.5512654185295105, 0.47648999094963074, 0.3544631898403168, 0.45380279421806335]
[0.45630761981010437, 0.5743923783302307, 0.4413122832775116, 0.2911463975906372, 0.5171310901641846]
[0.42803558707237244, 0.54897540807724, 0.45790424942970276, 0.3280015289783478, 0.4668039083480835]
[0.4616718888282776, 0.5661290287971497, 0.447859525680542, 0.31363797187805176, 0.4970335364341736]
[0.5479720830917358, 0.5784341096878052, 0.42626479268074036, 0.28084293007850647, 0.5609145164489746]
[0.49327901005744934, 0.4926566183567047, 0.49113768339157104, 0.3761182427406311, 0.5092966556549072]
[0.5394828915596008, 0.5636371374130249, 0.46226468682289124, 0.3153981864452362, 0.5389875173568726]
[0.5176944732666016, 0.5334619283676147, 0.4574087858200073, 0.30180469155311584, 0.5163697004318237]
[0.5225441455841064, 0.5395591259002686, 0.4339597225189209, 0.3150676488876343, 0.5227168798446655]
[0.490949809551239, 0.5953261852264404, 0.44673141837120056, 0.28734809160232544, 0.4994197189807892]
[0.5073021054267883, 0.5776550769805908, 0.4348840117454529, 0.29174065589904785, 0.5393728613853455]
[0.47192662954330444, 0.5597151517868042, 0.4460394084453583, 0.32907289266586304, 0.49429190158843994]
[0.5142035484313965, 0.5602310299873352, 0.4401657283306122, 0.3166143596172333, 0.5371208786964417]
[0.4907793700695038, 0.5841596722602844, 0.43866080045700073, 0.27837035059928894, 0.5171484351158142]
[0.5551114678382874, 0.5576127171516418, 0.4146946966648102, 0.2762216031551361, 0.5420317649841309]
[0.457950234413147, 0.5901573896408081, 0.4473746418952942, 0.29004713892936707, 0.49424949288368225]
[0.637858510017395, 0.5335432291030884, 0.44190457463264465, 0.31408005952835083, 0.6107595562934875]
[0.5581864714622498, 0.586881160736084, 0.41482964158058167, 0.2502492666244507, 0.571598470211029]
[0.4811147451400757, 0.5889333486557007, 0.44015631079673767, 0.28780120611190796, 0.5317255258560181]
[0.48451942205429077, 0.5486102104187012, 0.453998863697052, 0.34147390723228455, 0.4982752203941345]
[0.44061025977134705, 0.540498673915863, 0.4380183517932892, 0.2961704134941101, 0.48064491152763367]
[0.49401798844337463, 0.5697304010391235, 0.4490690529346466, 0.29411616921424866, 0.48313236236572266]
[0.5511376261711121, 0.5806243419647217, 0.4187072217464447, 0.27258968353271484, 0.558417797088623]
[0.47406908869743347, 0.5607646107673645, 0.432710200548172, 0.29964935779571533, 0.5341895222663879]
[0.4487622082233429, 0.5716210603713989, 0.4600348174571991, 0.3031274080276489, 0.45275557041168213]
