1
【见过么？10线合体成功】今天，上海地铁10号线发生故障，两车成功合体，真心恐怖。（拍摄： ）
[0.5511355996131897, 0.5450009703636169, 0.4300210475921631, 0.2996577024459839, 0.5676872134208679]
[0.4633071720600128, 0.5560949444770813, 0.4513740539550781, 0.32680726051330566, 0.4869019687175751]
[0.528643012046814, 0.5632266998291016, 0.4304090738296509, 0.2858051657676697, 0.5178846716880798]
[0.44078540802001953, 0.5494518280029297, 0.4669344425201416, 0.2996508479118347, 0.4852031171321869]
[0.5596057176589966, 0.5831357836723328, 0.41994431614875793, 0.2770789861679077, 0.5676155686378479]
[0.5065781474113464, 0.5696530938148499, 0.4314265549182892, 0.27289676666259766, 0.5342919230461121]
[0.4742858111858368, 0.5555459856987, 0.44557666778564453, 0.3060866594314575, 0.47527697682380676]
[0.5259284377098083, 0.5803787112236023, 0.416824609041214, 0.27641525864601135, 0.533548891544342]
[0.4487622082233429, 0.5716210603713989, 0.4600348174571991, 0.3031274080276489, 0.45275557041168213]
[0.49274250864982605, 0.5647034645080566, 0.4367941915988922, 0.29785647988319397, 0.5469836592674255]
[0.5413453578948975, 0.5679486989974976, 0.4389420449733734, 0.3188014626502991, 0.536666989326477]
[0.5170575380325317, 0.5820177793502808, 0.4207915663719177, 0.2853798270225525, 0.5058578848838806]
[0.3638130724430084, 0.5588915348052979, 0.48576146364212036, 0.3345688581466675, 0.46047523617744446]
[0.5302026271820068, 0.570599377155304, 0.44867244362831116, 0.30387890338897705, 0.5532788038253784]
[0.5305905342102051, 0.5852591395378113, 0.4138123095035553, 0.2740198075771332, 0.5168561339378357]
[0.5093541741371155, 0.5773798823356628, 0.4112388491630554, 0.2625647187232971, 0.5393437743186951]
[0.4598630368709564, 0.5767133831977844, 0.45485949516296387, 0.2754625678062439, 0.46968895196914673]
[0.5596588850021362, 0.5731066465377808, 0.4144097566604614, 0.2613905668258667, 0.5431807041168213]
[0.4852220416069031, 0.586556613445282, 0.42907020449638367, 0.29386141896247864, 0.5018356442451477]
[0.4598630368709564, 0.5767133831977844, 0.45485949516296387, 0.2754625678062439, 0.46968895196914673]
[0.513888955116272, 0.5726731419563293, 0.44777271151542664, 0.2780379056930542, 0.5529690980911255]
[0.47238388657569885, 0.5805298686027527, 0.43374261260032654, 0.27244171500205994, 0.5264564156532288]
[0.4978810250759125, 0.5446144938468933, 0.4400767683982849, 0.36192721128463745, 0.4726259708404541]
[0.47809112071990967, 0.562450647354126, 0.4489955008029938, 0.33688288927078247, 0.48158296942710876]
[0.6002007722854614, 0.5491457581520081, 0.4367799162864685, 0.2871134579181671, 0.5865822434425354]
[0.4523327648639679, 0.5680332183837891, 0.45314380526542664, 0.2953111529350281, 0.4937160015106201]
[0.49406370520591736, 0.5587278604507446, 0.4441511332988739, 0.3049446642398834, 0.49160683155059814]
[0.5016884803771973, 0.5545592904090881, 0.46261781454086304, 0.3445274829864502, 0.5250388979911804]
[0.3927099406719208, 0.5491917729377747, 0.4609473645687103, 0.3056141138076782, 0.4545383155345917]
[0.5223069190979004, 0.5603799819946289, 0.4355856478214264, 0.27167752385139465, 0.5125834345817566]
[0.5332427620887756, 0.5862101316452026, 0.4085381329059601, 0.2754177451133728, 0.5212525725364685]
[0.5347763895988464, 0.6072847843170166, 0.4367854595184326, 0.27831003069877625, 0.5178104043006897]
[0.5225974917411804, 0.5864943861961365, 0.4587707221508026, 0.2864927649497986, 0.5245307087898254]
[0.5306317210197449, 0.6074514985084534, 0.4270767867565155, 0.2711300849914551, 0.5435031652450562]
[0.49846312403678894, 0.5866029858589172, 0.4263652265071869, 0.26292914152145386, 0.5233675241470337]
[0.5467537641525269, 0.5949916839599609, 0.40532445907592773, 0.2557911276817322, 0.5488828420639038]
[0.36815333366394043, 0.514270544052124, 0.47869133949279785, 0.33823269605636597, 0.44624754786491394]
[0.5687941312789917, 0.5817800760269165, 0.4095343351364136, 0.24741216003894806, 0.5776633620262146]
[0.48379552364349365, 0.5937032699584961, 0.41920071840286255, 0.2830924987792969, 0.4925927221775055]
[0.46888670325279236, 0.5530346632003784, 0.4422411024570465, 0.32207033038139343, 0.48138365149497986]
[0.550497829914093, 0.5894595980644226, 0.423818439245224, 0.2772919535636902, 0.5474675893783569]
[0.4487622082233429, 0.5716210603713989, 0.4600348174571991, 0.3031274080276489, 0.45275557041168213]
[0.5001567006111145, 0.5693525671958923, 0.446281373500824, 0.2962402403354645, 0.5472787618637085]
[0.506811261177063, 0.577843189239502, 0.4233432710170746, 0.2940591275691986, 0.5254807472229004]
[0.4869781732559204, 0.5689908862113953, 0.4290693700313568, 0.28768518567085266, 0.49246346950531006]
[0.4487622082233429, 0.5716210603713989, 0.4600348174571991, 0.3031274080276489, 0.45275557041168213]
[0.4375351369380951, 0.5263824462890625, 0.45628103613853455, 0.28995952010154724, 0.4579482972621918]
[0.49645769596099854, 0.5596066117286682, 0.4237397611141205, 0.29930707812309265, 0.5289503931999207]
[0.5373854041099548, 0.583709180355072, 0.4313049912452698, 0.25370854139328003, 0.5311570763587952]
[0.47953230142593384, 0.5474207401275635, 0.45872676372528076, 0.32648879289627075, 0.4985302984714508]
[0.3322131633758545, 0.5452626347541809, 0.5026684999465942, 0.5010166168212891, 0.4839610457420349]
[0.5057804584503174, 0.5704668760299683, 0.4328214228153229, 0.2738944888114929, 0.5553285479545593]
[0.526663064956665, 0.5863057374954224, 0.4276973307132721, 0.2804701030254364, 0.5533328056335449]
[0.4653862714767456, 0.5732784271240234, 0.4356410801410675, 0.31767603754997253, 0.4791080057621002]
[0.5774304270744324, 0.6065936088562012, 0.41549786925315857, 0.2480234056711197, 0.5604559779167175]
[0.45348435640335083, 0.5544809699058533, 0.49042439460754395, 0.4173058569431305, 0.4871588945388794]
[0.5113906264305115, 0.5752763152122498, 0.4384419918060303, 0.28684327006340027, 0.5405888557434082]
[0.4533716142177582, 0.5320056676864624, 0.5226365327835083, 0.3638279438018799, 0.4483236074447632]
[0.5281617045402527, 0.5863147377967834, 0.41614100337028503, 0.27395865321159363, 0.5657334923744202]
[0.5467537641525269, 0.5949916839599609, 0.40532445907592773, 0.2557911276817322, 0.5488828420639038]
[0.4831530749797821, 0.5722095370292664, 0.4593311548233032, 0.2966523766517639, 0.5223049521446228]
[0.42633551359176636, 0.5412987470626831, 0.4563915431499481, 0.3551727533340454, 0.4644714891910553]
[0.4869781732559204, 0.5689908862113953, 0.4290693700313568, 0.28768518567085266, 0.49246346950531006]
[0.41790512204170227, 0.5531665682792664, 0.43966150283813477, 0.2745303213596344, 0.47326985001564026]
[0.49780207872390747, 0.5548287034034729, 0.4645729660987854, 0.31776976585388184, 0.5148308873176575]
[0.5653793215751648, 0.582434892654419, 0.39132294058799744, 0.2585252821445465, 0.5461805462837219]
[0.5451405048370361, 0.5799071192741394, 0.4316512644290924, 0.266661137342453, 0.5196403861045837]
[0.5266391038894653, 0.586578369140625, 0.4348461329936981, 0.27553993463516235, 0.5258998274803162]
[0.47973260283470154, 0.5583899021148682, 0.4580748677253723, 0.3262012004852295, 0.5063491463661194]
[0.5180603861808777, 0.5425622463226318, 0.4527229070663452, 0.3034202456474304, 0.4923691749572754]
[0.5015562176704407, 0.5525896549224854, 0.4624118506908417, 0.32998162508010864, 0.4978182017803192]
[0.40925613045692444, 0.5558120608329773, 0.47860032320022583, 0.3446900248527527, 0.47659534215927124]
[0.510368824005127, 0.570084810256958, 0.45492225885391235, 0.28794950246810913, 0.5354154706001282]
[0.5186380743980408, 0.5929087996482849, 0.40997281670570374, 0.2726670801639557, 0.5501580834388733]
[0.5467537641525269, 0.5949916839599609, 0.40532445907592773, 0.2557911276817322, 0.5488828420639038]
[0.4836675524711609, 0.5479637384414673, 0.46825167536735535, 0.36782586574554443, 0.5119714140892029]
[0.5451405048370361, 0.5799071192741394, 0.4316512644290924, 0.266661137342453, 0.5196403861045837]
[0.35078829526901245, 0.5649235844612122, 0.4878578782081604, 0.30516019463539124, 0.4510134756565094]
[0.5361857414245605, 0.5856298208236694, 0.4255085289478302, 0.2674957513809204, 0.5169959664344788]
[0.4588925838470459, 0.5891687273979187, 0.4547003209590912, 0.30043113231658936, 0.5046457648277283]
[0.47121474146842957, 0.5540974140167236, 0.4455275237560272, 0.2953225374221802, 0.47235962748527527]
[0.4977213144302368, 0.5856331586837769, 0.44652822613716125, 0.27891311049461365, 0.5057570934295654]
[0.49074772000312805, 0.5476508736610413, 0.4227820038795471, 0.275778204202652, 0.5349438190460205]
[0.5267303586006165, 0.5887314677238464, 0.4279431700706482, 0.28304195404052734, 0.5538180470466614]
[0.5493783950805664, 0.5619751811027527, 0.45147833228111267, 0.29870349168777466, 0.5505653023719788]
[0.45666512846946716, 0.5628907680511475, 0.4585823118686676, 0.3306925594806671, 0.46877726912498474]
[0.43767762184143066, 0.5525966882705688, 0.43604594469070435, 0.304585725069046, 0.47279804944992065]
[0.4658306837081909, 0.5743947625160217, 0.45388263463974, 0.29344502091407776, 0.5116497874259949]
[0.39134371280670166, 0.5690186619758606, 0.4435387849807739, 0.27507883310317993, 0.4393765926361084]
[0.5455276370048523, 0.5497294664382935, 0.4408433437347412, 0.3188251852989197, 0.5348494052886963]
[0.5070725679397583, 0.5795678496360779, 0.4309682846069336, 0.25872695446014404, 0.538472592830658]
[0.3902859389781952, 0.5459724068641663, 0.47547605633735657, 0.3770126700401306, 0.4551027715206146]
[0.4487622082233429, 0.5716210603713989, 0.4600348174571991, 0.3031274080276489, 0.45275557041168213]
[0.4929632544517517, 0.582230269908905, 0.42408737540245056, 0.27694275975227356, 0.5200573801994324]
[0.4904092848300934, 0.5823104381561279, 0.4417944848537445, 0.2908879816532135, 0.5055301189422607]
[0.5107245445251465, 0.5668240189552307, 0.4426266849040985, 0.29937827587127686, 0.5479120016098022]
[0.46833088994026184, 0.5174381136894226, 0.45169925689697266, 0.2888447344303131, 0.5202409625053406]
[0.4470321238040924, 0.5610651969909668, 0.45706772804260254, 0.30044934153556824, 0.49139800667762756]
[0.5256548523902893, 0.5417113304138184, 0.44819462299346924, 0.34721046686172485, 0.5569493770599365]
[0.48838579654693604, 0.5703690648078918, 0.4514375925064087, 0.2912326753139496, 0.5177804827690125]
[0.4679615795612335, 0.5705704689025879, 0.45569926500320435, 0.2755127251148224, 0.4798222780227661]
