1
《中国青年报》刊登评论员曹林文章：《“因言治罪”的网络邪气该清除》，。文中写道，“珍惜微博自由，从善待言论开始吧，“因言治罪”是微博最大的敌人。”新华网和人民网等官网都转载了。请全国各地的有关管理部门参阅和借鉴。
[0.48965129256248474, 0.5234225988388062, 0.4556860625743866, 0.26176655292510986, 0.5113921165466309]
[0.5249139070510864, 0.567288339138031, 0.4196474552154541, 0.2710860073566437, 0.5623815655708313]
[0.5903705954551697, 0.5677866339683533, 0.4051143527030945, 0.26352348923683167, 0.5870176553726196]
[0.49503666162490845, 0.5620318651199341, 0.44307345151901245, 0.2885271906852722, 0.5155090093612671]
[0.4458599388599396, 0.5549361705780029, 0.4672461152076721, 0.30901628732681274, 0.4696149528026581]
[0.5654703378677368, 0.5715593695640564, 0.38939687609672546, 0.24493499100208282, 0.5551971793174744]
[0.5547455549240112, 0.5719277858734131, 0.43532606959342957, 0.27795955538749695, 0.5576773285865784]
[0.473553866147995, 0.5697537660598755, 0.4301148056983948, 0.28880882263183594, 0.5151305794715881]
[0.4585570693016052, 0.5311447381973267, 0.47859007120132446, 0.36286699771881104, 0.47753286361694336]
[0.3536585867404938, 0.561711847782135, 0.4298149049282074, 0.27608194947242737, 0.44226711988449097]
[0.5036597847938538, 0.5705875754356384, 0.4183448851108551, 0.24401912093162537, 0.5385658740997314]
[0.42931196093559265, 0.5469306707382202, 0.4397139549255371, 0.28853437304496765, 0.47506293654441833]
[0.5377375483512878, 0.5603100657463074, 0.41320496797561646, 0.277843177318573, 0.5509108304977417]
[0.4811830222606659, 0.547510027885437, 0.43068453669548035, 0.27792948484420776, 0.4948829114437103]
[0.5079394578933716, 0.565324068069458, 0.4101989269256592, 0.28192442655563354, 0.5378805994987488]
[0.47159212827682495, 0.5672699809074402, 0.4280260503292084, 0.2862164080142975, 0.5248057246208191]
[0.5268141627311707, 0.5685098767280579, 0.4262706935405731, 0.2845442295074463, 0.5332451462745667]
[0.5192918181419373, 0.561189591884613, 0.39522916078567505, 0.2651204466819763, 0.5436268448829651]
[0.509818434715271, 0.5278913974761963, 0.4753323793411255, 0.371940940618515, 0.5310570597648621]
[0.4805757999420166, 0.5465677380561829, 0.4427039325237274, 0.3412810266017914, 0.5086957216262817]
[0.43971994519233704, 0.5628283619880676, 0.45097821950912476, 0.29855331778526306, 0.4699590802192688]
[0.5487613677978516, 0.565845251083374, 0.41014334559440613, 0.24458488821983337, 0.5462825894355774]
[0.5070915818214417, 0.5604642033576965, 0.4457213580608368, 0.2764192521572113, 0.5239183902740479]
[0.3584214746952057, 0.5487715601921082, 0.4370112717151642, 0.30469733476638794, 0.4265046715736389]
[0.5319191217422485, 0.5873347520828247, 0.4233012795448303, 0.2697106897830963, 0.5582927465438843]
[0.5034149289131165, 0.5382543802261353, 0.44363006949424744, 0.3053625524044037, 0.5372955203056335]
[0.40749645233154297, 0.5354227423667908, 0.4458048939704895, 0.3089301288127899, 0.45275193452835083]
[0.527107298374176, 0.5911399722099304, 0.43926718831062317, 0.2707236707210541, 0.5448592305183411]
[0.5524412393569946, 0.5580174922943115, 0.43602970242500305, 0.28173398971557617, 0.564218282699585]
[0.54184889793396, 0.5825191736221313, 0.40924590826034546, 0.2648397982120514, 0.5604610443115234]
[0.6023396253585815, 0.5551581978797913, 0.3935055136680603, 0.2485041320323944, 0.5749973654747009]
[0.46043670177459717, 0.5223961472511292, 0.4688918888568878, 0.3790191411972046, 0.4915379285812378]
[0.4669071137905121, 0.5352156162261963, 0.49561581015586853, 0.33608704805374146, 0.5034690499305725]
[0.4944252073764801, 0.5393879413604736, 0.41962260007858276, 0.268800288438797, 0.48452720046043396]
[0.5681071877479553, 0.576798677444458, 0.40342333912849426, 0.2499087154865265, 0.5804563760757446]
[0.351264089345932, 0.5413739085197449, 0.4929112493991852, 0.3872299790382385, 0.41818684339523315]
[0.49930787086486816, 0.5595673322677612, 0.4588905870914459, 0.3147605061531067, 0.5301591157913208]
[0.5116321444511414, 0.5848727226257324, 0.4313145875930786, 0.285755455493927, 0.5385329127311707]
[0.5606499314308167, 0.569631814956665, 0.43301209807395935, 0.2860619127750397, 0.5798122882843018]
[0.48642271757125854, 0.5768276453018188, 0.42842212319374084, 0.3054104149341583, 0.5302150845527649]
[0.523288905620575, 0.5439085364341736, 0.4279341399669647, 0.2803240716457367, 0.5523571968078613]
[0.3664727509021759, 0.554492712020874, 0.4789113998413086, 0.287409245967865, 0.4113079607486725]
[0.47016653418540955, 0.5871598124504089, 0.42924463748931885, 0.2866535186767578, 0.486788272857666]
[0.5413615107536316, 0.572897732257843, 0.4038284122943878, 0.27776002883911133, 0.5511863827705383]
[0.5367492437362671, 0.5711091160774231, 0.4241630434989929, 0.258348673582077, 0.5338347554206848]
[0.5275087952613831, 0.5786913633346558, 0.4161379933357239, 0.2836236357688904, 0.545588493347168]
[0.5011390447616577, 0.5575749278068542, 0.423766553401947, 0.271986186504364, 0.512966513633728]
[0.5241172313690186, 0.5849148631095886, 0.4210233986377716, 0.265076220035553, 0.5400421023368835]
[0.4682016670703888, 0.5882059335708618, 0.43352365493774414, 0.3223481774330139, 0.5118608474731445]
[0.4687376618385315, 0.5248277187347412, 0.4758515954017639, 0.33550068736076355, 0.5011064410209656]
[0.5313827991485596, 0.5408353805541992, 0.4139532148838043, 0.22842061519622803, 0.5458723306655884]
[0.49123868346214294, 0.5421875715255737, 0.4576772153377533, 0.29123347997665405, 0.4987678527832031]
[0.49629926681518555, 0.5523260235786438, 0.45835381746292114, 0.31181782484054565, 0.5190848112106323]
[0.5728633999824524, 0.5693687796592712, 0.38567546010017395, 0.2566094398498535, 0.5687625408172607]
[0.39686107635498047, 0.5322061777114868, 0.4729999005794525, 0.3033348321914673, 0.4484594464302063]
[0.4336489737033844, 0.5732830762863159, 0.4383200705051422, 0.26899269223213196, 0.4823754131793976]
[0.49167436361312866, 0.5042502284049988, 0.504088282585144, 0.3908098638057709, 0.4889323115348816]
[0.536373496055603, 0.5406680107116699, 0.430268257856369, 0.282368004322052, 0.5532891154289246]
[0.5325873494148254, 0.5880876183509827, 0.42129048705101013, 0.2533036768436432, 0.5475322008132935]
[0.4933282136917114, 0.5326716303825378, 0.4963168203830719, 0.4330122768878937, 0.5242847800254822]
[0.5355439186096191, 0.5715733766555786, 0.40809252858161926, 0.2341679483652115, 0.5722419619560242]
[0.2855283319950104, 0.5509593486785889, 0.4776183068752289, 0.34386563301086426, 0.4007376730442047]
[0.530883252620697, 0.5452346801757812, 0.4170275330543518, 0.27788934111595154, 0.5353444814682007]
[0.4980652928352356, 0.5543792843818665, 0.4354743957519531, 0.2997300922870636, 0.5145084857940674]
[0.4963851869106293, 0.5269964933395386, 0.5021713376045227, 0.41919589042663574, 0.507225751876831]
[0.47408223152160645, 0.5478294491767883, 0.47286415100097656, 0.3284313380718231, 0.4825126528739929]
[0.4838833808898926, 0.5534002184867859, 0.4560149312019348, 0.30026695132255554, 0.49219584465026855]
[0.43707776069641113, 0.5575962066650391, 0.4809477627277374, 0.33195552229881287, 0.44209837913513184]
[0.5073187947273254, 0.5462721586227417, 0.472572386264801, 0.3472258448600769, 0.5552135705947876]
[0.454553484916687, 0.5604867935180664, 0.4615340232849121, 0.31185659766197205, 0.5074332356452942]
[0.5253748893737793, 0.5936480760574341, 0.4463004469871521, 0.2850911021232605, 0.5469107627868652]
[0.5374428033828735, 0.5646571516990662, 0.4323200285434723, 0.26348650455474854, 0.5507748126983643]
[0.5132585167884827, 0.585497260093689, 0.4172247350215912, 0.31132709980010986, 0.5263468027114868]
[0.5854254961013794, 0.592943549156189, 0.39255064725875854, 0.23464220762252808, 0.5787299871444702]
[0.5405372381210327, 0.566145658493042, 0.43815672397613525, 0.29068732261657715, 0.5554593205451965]
[0.4892238676548004, 0.592334508895874, 0.4547126591205597, 0.279218852519989, 0.5249369740486145]
[0.4917965829372406, 0.5642513632774353, 0.44473153352737427, 0.292820006608963, 0.504958987236023]
[0.5008448958396912, 0.5677847862243652, 0.4364156126976013, 0.30575427412986755, 0.5319546461105347]
[0.5240397453308105, 0.5570478439331055, 0.422526091337204, 0.2863292992115021, 0.5246081352233887]
[0.48387080430984497, 0.5660260319709778, 0.44623056054115295, 0.299190491437912, 0.509543776512146]
[0.3525565266609192, 0.5549966096878052, 0.4557444751262665, 0.29298844933509827, 0.43208077549934387]
[0.3664727509021759, 0.554492712020874, 0.4789113998413086, 0.287409245967865, 0.4113079607486725]
[0.550466775894165, 0.546819806098938, 0.44267821311950684, 0.31741243600845337, 0.5501709580421448]
[0.5520078539848328, 0.5603596568107605, 0.40804019570350647, 0.24516624212265015, 0.5740894079208374]
[0.5394816398620605, 0.5460227131843567, 0.439235657453537, 0.3162698447704315, 0.5367622971534729]
[0.42698556184768677, 0.5651325583457947, 0.4298630952835083, 0.29483991861343384, 0.45308607816696167]
[0.3525565266609192, 0.5549966096878052, 0.4557444751262665, 0.29298844933509827, 0.43208077549934387]
[0.5133947730064392, 0.5821368098258972, 0.4309396743774414, 0.2846721410751343, 0.5094723701477051]
[0.48894521594047546, 0.543676495552063, 0.4418584406375885, 0.327438622713089, 0.5225672721862793]
[0.456786185503006, 0.5539665222167969, 0.42970582842826843, 0.2752046585083008, 0.4875548779964447]
[0.5263028144836426, 0.529952883720398, 0.4255495071411133, 0.2985144257545471, 0.5359536409378052]
[0.4298638701438904, 0.5244436860084534, 0.4868850111961365, 0.33850541710853577, 0.4964495301246643]
[0.44362255930900574, 0.5677010416984558, 0.4420451521873474, 0.2701721489429474, 0.48233017325401306]
[0.5925931930541992, 0.582293689250946, 0.38738998770713806, 0.24054288864135742, 0.5797587633132935]
[0.4642259180545807, 0.5190956592559814, 0.5038044452667236, 0.3402937352657318, 0.49189072847366333]
[0.3840909004211426, 0.5406045317649841, 0.4688507318496704, 0.356105774641037, 0.45861533284187317]
[0.5921496152877808, 0.5681031942367554, 0.4167376160621643, 0.27601614594459534, 0.5912424921989441]
[0.4513537585735321, 0.5391055941581726, 0.43565860390663147, 0.24095994234085083, 0.4997063875198364]
[0.5603486895561218, 0.5949174165725708, 0.40832510590553284, 0.2602827847003937, 0.568226158618927]
[0.4897710680961609, 0.5681009292602539, 0.4448224604129791, 0.27155986428260803, 0.5604639649391174]
[0.4140055179595947, 0.5169051289558411, 0.4978868067264557, 0.4018167555332184, 0.46466848254203796]
