1
假如本届伦敦奥运会结束时，中国代表队还能在金牌榜上排第一，现决定：参与转发本微博并关注 的一人送一台Iphone4s。法律公正，绝不食言。
[0.5653364658355713, 0.566713809967041, 0.43098294734954834, 0.2699340581893921, 0.5604305267333984]
[0.4487622082233429, 0.5716210603713989, 0.4600348174571991, 0.3031274080276489, 0.45275557041168213]
[0.4761710464954376, 0.531697154045105, 0.4888613820075989, 0.35842686891555786, 0.4588780403137207]
[0.49283352494239807, 0.5573545694351196, 0.4338958263397217, 0.308694988489151, 0.5126194953918457]
[0.49315106868743896, 0.5626175403594971, 0.44535118341445923, 0.3318884074687958, 0.4889879524707794]
[0.4932312071323395, 0.5569156408309937, 0.4549832344055176, 0.32153016328811646, 0.481598824262619]
[0.4485224783420563, 0.5599246621131897, 0.43700307607650757, 0.2978295385837555, 0.46842655539512634]
[0.4566810429096222, 0.5600582361221313, 0.4552672207355499, 0.32753077149391174, 0.4802468419075012]
[0.4758692681789398, 0.5671343803405762, 0.4664519131183624, 0.3051452934741974, 0.4674079716205597]
[0.4487622082233429, 0.5716210603713989, 0.4600348174571991, 0.3031274080276489, 0.45275557041168213]
[0.5341746807098389, 0.5854672789573669, 0.4272501766681671, 0.27702823281288147, 0.5357615351676941]
[0.5188823938369751, 0.5488295555114746, 0.45307424664497375, 0.3182016611099243, 0.5239251255989075]
[0.45593610405921936, 0.5495306849479675, 0.4830939769744873, 0.33729860186576843, 0.4992659091949463]
[0.3841068148612976, 0.5309089422225952, 0.48934367299079895, 0.38456183671951294, 0.45139873027801514]
[0.5046879053115845, 0.5682141780853271, 0.44533461332321167, 0.33052659034729004, 0.5104361176490784]
[0.5082647800445557, 0.5358092784881592, 0.4514405131340027, 0.32864445447921753, 0.5513614416122437]
[0.6061751246452332, 0.5619534850120544, 0.41749438643455505, 0.2841905951499939, 0.5873173475265503]
[0.4375828206539154, 0.5688768029212952, 0.42492803931236267, 0.27843260765075684, 0.5042245984077454]
[0.4896615147590637, 0.5468222498893738, 0.460235059261322, 0.3210682272911072, 0.52587890625]
[0.4650244116783142, 0.5768699049949646, 0.4432328939437866, 0.2886543273925781, 0.5188762545585632]
[0.4383215010166168, 0.5416411757469177, 0.48506614565849304, 0.344328910112381, 0.4690132737159729]
[0.47462910413742065, 0.562698483467102, 0.43475836515426636, 0.2985771894454956, 0.5125090479850769]
[0.4973893165588379, 0.5658584237098694, 0.43615520000457764, 0.3080257475376129, 0.5147654414176941]
[0.471964955329895, 0.5761330723762512, 0.4380781054496765, 0.2985976040363312, 0.51018887758255]
[0.5451405048370361, 0.5799071192741394, 0.4316512644290924, 0.266661137342453, 0.5196403861045837]
[0.4530867636203766, 0.577897846698761, 0.43070393800735474, 0.29351216554641724, 0.49327173829078674]
[0.5065532326698303, 0.5675090551376343, 0.4230091869831085, 0.29806676506996155, 0.547568678855896]
[0.4487622082233429, 0.5716210603713989, 0.4600348174571991, 0.3031274080276489, 0.45275557041168213]
[0.5082647800445557, 0.5358092784881592, 0.4514405131340027, 0.32864445447921753, 0.5513614416122437]
[0.610622763633728, 0.5806554555892944, 0.3794434368610382, 0.22608180344104767, 0.5962396860122681]
[0.5394075512886047, 0.5827392339706421, 0.4263225495815277, 0.2633562684059143, 0.5500452518463135]
[0.4602348208427429, 0.5518025755882263, 0.4483549892902374, 0.3370446264743805, 0.49125784635543823]
[0.48744791746139526, 0.5603917837142944, 0.42171284556388855, 0.2669921815395355, 0.48912766575813293]
[0.5234331488609314, 0.5681197643280029, 0.4102059304714203, 0.30135977268218994, 0.5470488667488098]
[0.5244210958480835, 0.5795039534568787, 0.4279419183731079, 0.29499998688697815, 0.5553393959999084]
[0.47257643938064575, 0.5931910276412964, 0.43067657947540283, 0.2938367426395416, 0.49070364236831665]
[0.5265464186668396, 0.588039755821228, 0.4049939811229706, 0.25091350078582764, 0.5337184071540833]
[0.568791389465332, 0.578464925289154, 0.4097575843334198, 0.23895132541656494, 0.5874776244163513]
[0.41079023480415344, 0.5209757089614868, 0.4819846749305725, 0.3811832070350647, 0.45960533618927]
[0.531680703163147, 0.5896697044372559, 0.44006937742233276, 0.27654168009757996, 0.552705705165863]
[0.42679551243782043, 0.5566606521606445, 0.4487236738204956, 0.33442187309265137, 0.48780301213264465]
[0.5082647800445557, 0.5358092784881592, 0.4514405131340027, 0.32864445447921753, 0.5513614416122437]
[0.5150780081748962, 0.5624659657478333, 0.4453156292438507, 0.31402263045310974, 0.5178439617156982]
[0.560509443283081, 0.5842172503471375, 0.41502153873443604, 0.2749340832233429, 0.5466329455375671]
[0.4487622082233429, 0.5716210603713989, 0.4600348174571991, 0.3031274080276489, 0.45275557041168213]
[0.45247629284858704, 0.562191367149353, 0.447289377450943, 0.29839837551116943, 0.4942145049571991]
[0.46846991777420044, 0.5616773962974548, 0.4798600375652313, 0.34283551573753357, 0.48719945549964905]
[0.47779643535614014, 0.5804898738861084, 0.4568656384944916, 0.305824339389801, 0.5139526724815369]
[0.46643131971359253, 0.5467038154602051, 0.46385833621025085, 0.3367420434951782, 0.4820517599582672]
[0.5007443428039551, 0.5445446372032166, 0.4729970395565033, 0.3574022352695465, 0.501964807510376]
[0.3609204590320587, 0.527701199054718, 0.47213226556777954, 0.35099464654922485, 0.4213542640209198]
[0.507462739944458, 0.5756762623786926, 0.4159296154975891, 0.28661400079727173, 0.5263615846633911]
[0.4209207594394684, 0.5260250568389893, 0.4842149615287781, 0.3547916114330292, 0.43141138553619385]
[0.4502499997615814, 0.5825034379959106, 0.44765836000442505, 0.29133114218711853, 0.48963648080825806]
[0.517754077911377, 0.5520409345626831, 0.4451529383659363, 0.2904874086380005, 0.4861137866973877]
[0.5092400312423706, 0.5752052664756775, 0.4305700957775116, 0.28185561299324036, 0.5349912643432617]
[0.4512956738471985, 0.5364174842834473, 0.4702318012714386, 0.37119245529174805, 0.46612969040870667]
[0.3480764329433441, 0.5472266674041748, 0.44087445735931396, 0.3213363289833069, 0.4376504421234131]
[0.5081700682640076, 0.5624598860740662, 0.4233449101448059, 0.26004651188850403, 0.508637547492981]
[0.4932633936405182, 0.5363414883613586, 0.42875877022743225, 0.31730929017066956, 0.5455396175384521]
