1
【激情奥运iPhone4S疯狂送】庆网报读者跨越4千万，现联合苹果(中国)分公司为中国队加油，本届伦敦奥运会结束时，中国代表队如果依旧能在金牌榜上排第一，每人送一部iPhone4S，颜色随机【人人有份 参与方法】㈠关注 3个好友。结束7天内请把地址电话姓名发私信至网报，过期不候
[0.4722054898738861, 0.510403573513031, 0.497267484664917, 0.3672578036785126, 0.4752688407897949]
[0.4018295407295227, 0.5309346318244934, 0.49808090925216675, 0.3860619068145752, 0.4700504541397095]
[0.4540185332298279, 0.5596147179603577, 0.4478992223739624, 0.31991973519325256, 0.47323909401893616]
[0.4946238696575165, 0.5803534388542175, 0.47472497820854187, 0.3312060534954071, 0.510944664478302]
[0.49473920464515686, 0.5637955665588379, 0.4508686661720276, 0.2900269627571106, 0.511904776096344]
[0.5649310350418091, 0.5759424567222595, 0.40999242663383484, 0.2562350630760193, 0.5713812708854675]
[0.44758129119873047, 0.5636703968048096, 0.4667508602142334, 0.34310123324394226, 0.4753062129020691]
[0.5427969694137573, 0.5141810774803162, 0.4684680998325348, 0.37566113471984863, 0.501114010810852]
[0.39968809485435486, 0.5287805795669556, 0.47096550464630127, 0.3222833275794983, 0.46774905920028687]
[0.4914973974227905, 0.5722286105155945, 0.40810826420783997, 0.26731789112091064, 0.5288840532302856]
[0.5151064991950989, 0.5747038125991821, 0.424662321805954, 0.28126558661460876, 0.5288636088371277]
[0.449550598859787, 0.5629928708076477, 0.4439830183982849, 0.34197306632995605, 0.47431522607803345]
[0.5131559371948242, 0.5730367302894592, 0.42842406034469604, 0.28663769364356995, 0.5116159319877625]
[0.4671820104122162, 0.5825937390327454, 0.4399481415748596, 0.2852170467376709, 0.5237208604812622]
[0.5169709920883179, 0.5520706176757812, 0.4399861991405487, 0.33219414949417114, 0.5200982093811035]
[0.4487622082233429, 0.5716210603713989, 0.4600348174571991, 0.3031274080276489, 0.45275557041168213]
[0.4375351369380951, 0.5263824462890625, 0.45628103613853455, 0.28995952010154724, 0.4579482972621918]
[0.5795546770095825, 0.5711926817893982, 0.4212498962879181, 0.2904157042503357, 0.5626187324523926]
[0.4273104667663574, 0.5793328285217285, 0.42604923248291016, 0.2691956162452698, 0.476846307516098]
[0.49806517362594604, 0.5743456482887268, 0.41973456740379333, 0.29226914048194885, 0.50484299659729]
[0.5091933608055115, 0.5453869700431824, 0.4733326733112335, 0.38001954555511475, 0.5187016725540161]
[0.535187840461731, 0.5703977942466736, 0.41901037096977234, 0.28366056084632874, 0.5408856868743896]
[0.43441101908683777, 0.5371044874191284, 0.4517134428024292, 0.3300127685070038, 0.4711931347846985]
[0.5202226638793945, 0.5611801147460938, 0.42197516560554504, 0.2510976791381836, 0.5366068482398987]
[0.5195668935775757, 0.5683162808418274, 0.41770684719085693, 0.283757746219635, 0.5482034683227539]
[0.43856534361839294, 0.5589730739593506, 0.45114922523498535, 0.3569796681404114, 0.4807310104370117]
[0.5009218454360962, 0.5400155186653137, 0.45773404836654663, 0.31004980206489563, 0.5319187045097351]
[0.433353066444397, 0.5749847888946533, 0.4415958523750305, 0.3176670968532562, 0.4609335958957672]
[0.4487622082233429, 0.5716210603713989, 0.4600348174571991, 0.3031274080276489, 0.45275557041168213]
[0.4566727876663208, 0.5637280941009521, 0.44739004969596863, 0.3192465603351593, 0.4599371552467346]
[0.45767709612846375, 0.5634986758232117, 0.4552527964115143, 0.2995576560497284, 0.5213701725006104]
[0.5193713307380676, 0.5840573906898499, 0.41296055912971497, 0.2561374008655548, 0.5515277981758118]
[0.43856534361839294, 0.5589730739593506, 0.45114922523498535, 0.3569796681404114, 0.4807310104370117]
[0.47425612807273865, 0.5785049200057983, 0.4397018551826477, 0.3021250367164612, 0.4918173551559448]
[0.49585551023483276, 0.5551360845565796, 0.4340583384037018, 0.2853372395038605, 0.5498437285423279]
[0.507845938205719, 0.5535579919815063, 0.4485347867012024, 0.3066957890987396, 0.4982040226459503]
[0.4933064877986908, 0.5559778809547424, 0.43875500559806824, 0.28888100385665894, 0.4894236624240875]
[0.507845938205719, 0.5535579919815063, 0.4485347867012024, 0.3066957890987396, 0.4982040226459503]
[0.5187511444091797, 0.5657637715339661, 0.4381132125854492, 0.2819228768348694, 0.518878698348999]
[0.43832337856292725, 0.5789656043052673, 0.4467068910598755, 0.2769209146499634, 0.47664570808410645]
[0.4847946763038635, 0.5438259840011597, 0.46282628178596497, 0.3495059609413147, 0.4912726879119873]
[0.43423470854759216, 0.5622599720954895, 0.4367022216320038, 0.28523021936416626, 0.4804474115371704]
[0.516821563243866, 0.5640146732330322, 0.4322105646133423, 0.2742900550365448, 0.5418641567230225]
[0.5143796801567078, 0.5569759607315063, 0.42087721824645996, 0.27465328574180603, 0.5495858788490295]
[0.5632174015045166, 0.5225593447685242, 0.4228326082229614, 0.29542163014411926, 0.5484480857849121]
[0.3682872951030731, 0.5410106182098389, 0.43682804703712463, 0.29630130529403687, 0.4435845613479614]
[0.5009101629257202, 0.5462663173675537, 0.45127925276756287, 0.31728532910346985, 0.5326610207557678]
[0.42441490292549133, 0.5676126480102539, 0.4618966281414032, 0.3119684159755707, 0.45158058404922485]
[0.43851524591445923, 0.5330834984779358, 0.5015906095504761, 0.3470838963985443, 0.4698350131511688]
[0.4366488754749298, 0.5793625712394714, 0.44044944643974304, 0.322752982378006, 0.4690849781036377]
[0.46267884969711304, 0.5775246620178223, 0.45099949836730957, 0.2707914412021637, 0.549746572971344]
[0.4487622082233429, 0.5716210603713989, 0.4600348174571991, 0.3031274080276489, 0.45275557041168213]
[0.544305145740509, 0.5729665756225586, 0.4241715371608734, 0.28814470767974854, 0.55540531873703]
[0.5333050489425659, 0.5876894593238831, 0.4082588851451874, 0.26571759581565857, 0.5579233765602112]
[0.5610575079917908, 0.5837311744689941, 0.41392502188682556, 0.2722039818763733, 0.5562193393707275]
[0.5111135840415955, 0.5891512632369995, 0.437758207321167, 0.28222599625587463, 0.5164814591407776]
[0.5286160707473755, 0.5846173763275146, 0.4040316641330719, 0.28157010674476624, 0.5402079820632935]
[0.5414727926254272, 0.5766679644584656, 0.3997735381126404, 0.25026869773864746, 0.5656741261482239]
[0.47680675983428955, 0.5217515826225281, 0.4888381361961365, 0.3489904999732971, 0.5070331692695618]
[0.5407817959785461, 0.5897576808929443, 0.4290953576564789, 0.2789396643638611, 0.5162546038627625]
[0.5277732014656067, 0.5668830275535583, 0.434652179479599, 0.2708621323108673, 0.5346760153770447]
[0.4582136571407318, 0.578663170337677, 0.4389509856700897, 0.29765382409095764, 0.48316147923469543]
[0.48696890473365784, 0.5520684123039246, 0.439197301864624, 0.318990558385849, 0.4866183400154114]
[0.44798892736434937, 0.5696893334388733, 0.4609767496585846, 0.32777711749076843, 0.49834302067756653]
[0.46601602435112, 0.5651649832725525, 0.4377492070198059, 0.2894585430622101, 0.48092910647392273]
[0.32847702503204346, 0.5251723527908325, 0.4356660544872284, 0.30526986718177795, 0.4288877546787262]
[0.4650244116783142, 0.5768699049949646, 0.4432328939437866, 0.2886543273925781, 0.5188762545585632]
[0.4036490023136139, 0.5482670664787292, 0.460175484418869, 0.3282824456691742, 0.4669891893863678]
[0.5372141599655151, 0.5693680047988892, 0.40773600339889526, 0.27113887667655945, 0.5507478713989258]
[0.5242948532104492, 0.5498173236846924, 0.4431573152542114, 0.30796605348587036, 0.5182626247406006]
[0.49463990330696106, 0.568540096282959, 0.4563939869403839, 0.30712783336639404, 0.5354989767074585]
[0.4750332236289978, 0.5331065058708191, 0.4538232982158661, 0.31905117630958557, 0.502590000629425]
[0.4807838499546051, 0.5608494877815247, 0.41326186060905457, 0.30136483907699585, 0.4880032539367676]
[0.4671820104122162, 0.5825937390327454, 0.4399481415748596, 0.2852170467376709, 0.5237208604812622]
[0.5265464186668396, 0.588039755821228, 0.4049939811229706, 0.25091350078582764, 0.5337184071540833]
[0.557774007320404, 0.560293972492218, 0.40554556250572205, 0.24360322952270508, 0.5875866413116455]
[0.49833887815475464, 0.5704967975616455, 0.4367559552192688, 0.28923583030700684, 0.5294389724731445]
[0.5080143213272095, 0.5352725386619568, 0.4163796603679657, 0.28921329975128174, 0.5541507005691528]
[0.5082647800445557, 0.5358092784881592, 0.4514405131340027, 0.32864445447921753, 0.5513614416122437]
[0.4540185332298279, 0.5596147179603577, 0.4478992223739624, 0.31991973519325256, 0.47323909401893616]
[0.4780069887638092, 0.5520720481872559, 0.436553955078125, 0.31727826595306396, 0.5145761966705322]
[0.5058897137641907, 0.5832006335258484, 0.43435025215148926, 0.26824602484703064, 0.5498504638671875]
[0.5054769515991211, 0.5743255615234375, 0.44334927201271057, 0.27974390983581543, 0.5461373925209045]
[0.4962046146392822, 0.5707194805145264, 0.4199613928794861, 0.2990606129169464, 0.5155664086341858]
[0.47425612807273865, 0.5785049200057983, 0.4397018551826477, 0.3021250367164612, 0.4918173551559448]
[0.5187974572181702, 0.5575270056724548, 0.4419552683830261, 0.3151335120201111, 0.5336623191833496]
[0.5413411855697632, 0.5761451125144958, 0.4258445203304291, 0.28927260637283325, 0.5223534107208252]
[0.5140626430511475, 0.5872648358345032, 0.4385073482990265, 0.2910063862800598, 0.5372710824012756]
[0.5058897137641907, 0.5832006335258484, 0.43435025215148926, 0.26824602484703064, 0.5498504638671875]
[0.5004763603210449, 0.5764415264129639, 0.4334995746612549, 0.3105087876319885, 0.498096227645874]
[0.5149477124214172, 0.5717148780822754, 0.41894593834877014, 0.2886497974395752, 0.5395249724388123]
[0.4960455298423767, 0.5356749296188354, 0.47169071435928345, 0.3124726116657257, 0.4931594133377075]
[0.48959624767303467, 0.5589101314544678, 0.4163275957107544, 0.2965012192726135, 0.515120267868042]
[0.5723769664764404, 0.5548866391181946, 0.4323290288448334, 0.2751500606536865, 0.5737006068229675]
[0.5413411855697632, 0.5761451125144958, 0.4258445203304291, 0.28927260637283325, 0.5223534107208252]
[0.5839859843254089, 0.5966265201568604, 0.40034154057502747, 0.2395133376121521, 0.5736384391784668]
[0.5032669901847839, 0.5488919019699097, 0.4400637447834015, 0.2949964106082916, 0.4496559202671051]
[0.5413411855697632, 0.5761451125144958, 0.4258445203304291, 0.28927260637283325, 0.5223534107208252]
[0.5032669901847839, 0.5488919019699097, 0.4400637447834015, 0.2949964106082916, 0.4496559202671051]
[0.5630462169647217, 0.5782421827316284, 0.40098726749420166, 0.2537177801132202, 0.5784519910812378]
[0.4134652614593506, 0.5480305552482605, 0.4791215658187866, 0.3181050419807434, 0.46136796474456787]
