1
假如本届伦敦奥运会结束时，中国代表队还能在金牌榜上排第一，现决定：参与转发本微博并关注 同时 5个好友的每人送一台iPhone5。（如果iPhone5没出就改送iPhone4s或三星 I9300 GALAXY SIII）电影动漫投资人，不差钱，绝不食言。
[0.544070303440094, 0.5273539423942566, 0.47582951188087463, 0.34835532307624817, 0.5470055341720581]
[0.5379932522773743, 0.5848034620285034, 0.4203154146671295, 0.25260162353515625, 0.5407345294952393]
[0.4787307679653168, 0.5243163108825684, 0.4507434070110321, 0.3435264527797699, 0.4882754981517792]
[0.5231212973594666, 0.5451520681381226, 0.41728365421295166, 0.30903106927871704, 0.5256668329238892]
[0.5594552755355835, 0.592714786529541, 0.4086652100086212, 0.2642187178134918, 0.5744771361351013]
[0.45636820793151855, 0.5383102297782898, 0.44295820593833923, 0.29851481318473816, 0.49109846353530884]
[0.41097816824913025, 0.5134947896003723, 0.4720400273799896, 0.3426513969898224, 0.44470837712287903]
[0.5083798170089722, 0.5437643527984619, 0.4345296025276184, 0.2969304919242859, 0.5372840166091919]
[0.40003353357315063, 0.5494058132171631, 0.451137900352478, 0.31354600191116333, 0.5050989389419556]
[0.5741896629333496, 0.5928956866264343, 0.4096674919128418, 0.26018762588500977, 0.5691772103309631]
[0.5778121948242188, 0.5663352608680725, 0.4140377938747406, 0.25100308656692505, 0.585249662399292]
[0.586318850517273, 0.5649610757827759, 0.3997012972831726, 0.2435721457004547, 0.5835632681846619]
[0.48648276925086975, 0.5656188130378723, 0.4409383237361908, 0.28885993361473083, 0.5425603985786438]
[0.42144110798835754, 0.5143815875053406, 0.518064022064209, 0.42426997423171997, 0.4652656614780426]
[0.46836063265800476, 0.5566683411598206, 0.47414594888687134, 0.29785317182540894, 0.5376026630401611]
[0.5634967088699341, 0.5670483112335205, 0.48012563586235046, 0.3850426971912384, 0.5393590331077576]
[0.4472503960132599, 0.5501558184623718, 0.45406678318977356, 0.3293963074684143, 0.48093369603157043]
[0.4596625566482544, 0.5292869210243225, 0.512733519077301, 0.4503047466278076, 0.4618701636791229]
[0.4887971580028534, 0.5581332445144653, 0.45546576380729675, 0.31818076968193054, 0.4816506505012512]
[0.47425612807273865, 0.5785049200057983, 0.4397018551826477, 0.3021250367164612, 0.4918173551559448]
[0.5082687735557556, 0.5827897787094116, 0.40208107233047485, 0.27771052718162537, 0.5266178250312805]
[0.48379552364349365, 0.5937032699584961, 0.41920071840286255, 0.2830924987792969, 0.4925927221775055]
[0.5849936008453369, 0.5760951042175293, 0.3922448754310608, 0.2624809741973877, 0.5572740435600281]
[0.5082647800445557, 0.5358092784881592, 0.4514405131340027, 0.32864445447921753, 0.5513614416122437]
[0.5216331481933594, 0.576571524143219, 0.42765480279922485, 0.2750934362411499, 0.569740891456604]
[0.538830041885376, 0.5663797855377197, 0.4448287785053253, 0.30567866563796997, 0.5634738802909851]
[0.496569961309433, 0.5537801384925842, 0.4451647996902466, 0.28079232573509216, 0.49615442752838135]
[0.5064822435379028, 0.572030246257782, 0.4321267008781433, 0.30996882915496826, 0.5303129553794861]
[0.5514311790466309, 0.5732709765434265, 0.41387712955474854, 0.27387017011642456, 0.5648400187492371]
[0.548738420009613, 0.5387336611747742, 0.4724663496017456, 0.34722787141799927, 0.5688183903694153]
[0.4977450668811798, 0.5538771748542786, 0.4539427161216736, 0.2679371237754822, 0.5207858681678772]
[0.4851580560207367, 0.5750022530555725, 0.45653942227363586, 0.32517868280410767, 0.5073279142379761]
[0.44212186336517334, 0.5698896646499634, 0.45455604791641235, 0.29342204332351685, 0.48170745372772217]
[0.5507643818855286, 0.5682375431060791, 0.4084692895412445, 0.26948532462120056, 0.5549696087837219]
[0.511255145072937, 0.5555015802383423, 0.44553065299987793, 0.29960352182388306, 0.5322266817092896]
[0.48648276925086975, 0.5656188130378723, 0.4409383237361908, 0.28885993361473083, 0.5425603985786438]
[0.48746734857559204, 0.5123046636581421, 0.5070828199386597, 0.3731280565261841, 0.5223516821861267]
[0.5832147002220154, 0.5749292969703674, 0.42068102955818176, 0.2919807732105255, 0.5838422179222107]
[0.4766119122505188, 0.5077673196792603, 0.5100361704826355, 0.38522136211395264, 0.496990442276001]
[0.5320466160774231, 0.584735631942749, 0.42644208669662476, 0.2817743420600891, 0.5664132833480835]
[0.4671820104122162, 0.5825937390327454, 0.4399481415748596, 0.2852170467376709, 0.5237208604812622]
[0.43329793214797974, 0.5434162020683289, 0.5089897513389587, 0.33973705768585205, 0.46850624680519104]
[0.42019137740135193, 0.566007673740387, 0.4425288438796997, 0.3338581621646881, 0.4487423300743103]
[0.4946645200252533, 0.5742431879043579, 0.404164582490921, 0.2843797206878662, 0.5010449886322021]
[0.48379552364349365, 0.5937032699584961, 0.41920071840286255, 0.2830924987792969, 0.4925927221775055]
[0.4751381576061249, 0.5666566491127014, 0.4135476052761078, 0.28926369547843933, 0.5192102789878845]
[0.4120267331600189, 0.5791844129562378, 0.4504493772983551, 0.3183757960796356, 0.45775845646858215]
[0.49534523487091064, 0.5298589468002319, 0.4852004945278168, 0.43405425548553467, 0.5093389749526978]
[0.46541228890419006, 0.5765098333358765, 0.4453377425670624, 0.2842625677585602, 0.5105109810829163]
[0.4809662699699402, 0.5711295008659363, 0.441353440284729, 0.3087114989757538, 0.4864637553691864]
[0.48967257142066956, 0.5720751881599426, 0.4243009388446808, 0.2734048664569855, 0.5115957260131836]
[0.45867079496383667, 0.5729361772537231, 0.4421747624874115, 0.3262382745742798, 0.48249244689941406]
[0.5469022393226624, 0.5764438509941101, 0.42669808864593506, 0.29103758931159973, 0.5360467433929443]
[0.43810465931892395, 0.5671743750572205, 0.4407578408718109, 0.29755401611328125, 0.4386126399040222]
[0.3698428273200989, 0.5436661839485168, 0.4319998323917389, 0.26707351207733154, 0.43440917134284973]
[0.5343726277351379, 0.5864092111587524, 0.4331839978694916, 0.26698794960975647, 0.5599857568740845]
[0.3790975511074066, 0.5636444687843323, 0.4532380700111389, 0.308803915977478, 0.47635534405708313]
[0.5712401270866394, 0.5618665218353271, 0.38916972279548645, 0.2343464195728302, 0.5894841551780701]
[0.462893009185791, 0.5534740686416626, 0.43854591250419617, 0.3289805054664612, 0.4879983067512512]
[0.4932312071323395, 0.5569156408309937, 0.4549832344055176, 0.32153016328811646, 0.481598824262619]
[0.4487622082233429, 0.5716210603713989, 0.4600348174571991, 0.3031274080276489, 0.45275557041168213]
[0.4596422016620636, 0.5559360384941101, 0.4409421980381012, 0.2941966652870178, 0.5167660117149353]
[0.4787992537021637, 0.5727390050888062, 0.4322325587272644, 0.318803995847702, 0.5116410255432129]
[0.47006094455718994, 0.555590033531189, 0.45313552021980286, 0.31186747550964355, 0.4991481602191925]
[0.5209887027740479, 0.5428431630134583, 0.4390195310115814, 0.3031291365623474, 0.5190965533256531]
[0.489612877368927, 0.5417996644973755, 0.4941246509552002, 0.3656691908836365, 0.4836346507072449]
[0.6270944476127625, 0.5392391681671143, 0.4134003818035126, 0.26702842116355896, 0.6210868954658508]
[0.54019695520401, 0.567750871181488, 0.4189910590648651, 0.2684335708618164, 0.525315523147583]
[0.5335524082183838, 0.5691660046577454, 0.4109959304332733, 0.2675381302833557, 0.5624473690986633]
[0.543385922908783, 0.5842025876045227, 0.4019784927368164, 0.26234471797943115, 0.5485674142837524]
[0.3664727509021759, 0.554492712020874, 0.4789113998413086, 0.287409245967865, 0.4113079607486725]
[0.5369443893432617, 0.5818859934806824, 0.4216904938220978, 0.2736588418483734, 0.5470074415206909]
[0.44872209429740906, 0.5618391036987305, 0.46781155467033386, 0.32206207513809204, 0.47798413038253784]
[0.4094257950782776, 0.5349688529968262, 0.4793436527252197, 0.3706861436367035, 0.43441182374954224]
[0.5476019382476807, 0.5948857069015503, 0.42486506700515747, 0.26103904843330383, 0.567459762096405]
[0.5072970390319824, 0.5942647457122803, 0.4590645730495453, 0.2752867341041565, 0.5396537184715271]
[0.4761856198310852, 0.5609850883483887, 0.4389943480491638, 0.3252570927143097, 0.4927445352077484]
[0.5058897137641907, 0.5832006335258484, 0.43435025215148926, 0.26824602484703064, 0.5498504638671875]
[0.4024306833744049, 0.5627965331077576, 0.4328514039516449, 0.32859018445014954, 0.4495813548564911]
[0.41977471113204956, 0.5487962961196899, 0.4659666121006012, 0.3955572247505188, 0.43795090913772583]
[0.5549543499946594, 0.5674999952316284, 0.4214240610599518, 0.29156652092933655, 0.5431064963340759]
[0.5373578667640686, 0.5743475556373596, 0.43383994698524475, 0.28770795464515686, 0.5206639766693115]
[0.3562951683998108, 0.5529215335845947, 0.4498574137687683, 0.2721990942955017, 0.43255022168159485]
[0.38574281334877014, 0.545865535736084, 0.47160807251930237, 0.2951052188873291, 0.48172396421432495]
[0.5470759272575378, 0.5857527256011963, 0.4264034628868103, 0.25554555654525757, 0.5366290807723999]
[0.5199815630912781, 0.574825644493103, 0.4230786859989166, 0.276924192905426, 0.5145865082740784]
[0.5233424305915833, 0.5713208317756653, 0.45029380917549133, 0.2856884002685547, 0.5273503065109253]
[0.5057653784751892, 0.5883768796920776, 0.43608835339546204, 0.29053834080696106, 0.5352371335029602]
[0.48921850323677063, 0.5844022631645203, 0.4311233162879944, 0.26862064003944397, 0.5065943598747253]
[0.5558590292930603, 0.5637075901031494, 0.4228375256061554, 0.3069552183151245, 0.5408072471618652]
[0.5558590292930603, 0.5637075901031494, 0.4228375256061554, 0.3069552183151245, 0.5408072471618652]
[0.4547485411167145, 0.5238436460494995, 0.4577086567878723, 0.34336328506469727, 0.46431204676628113]
[0.3920917510986328, 0.5446938276290894, 0.4670659899711609, 0.3525365889072418, 0.42646554112434387]
[0.4494840204715729, 0.5460433959960938, 0.45326364040374756, 0.31277790665626526, 0.47987130284309387]
[0.46282005310058594, 0.5677332878112793, 0.4421344995498657, 0.30162346363067627, 0.5046984553337097]
[0.4067467451095581, 0.5592730045318604, 0.45675456523895264, 0.3568841516971588, 0.4572293162345886]
[0.5430455207824707, 0.5808293223381042, 0.43503519892692566, 0.26767709851264954, 0.5119134187698364]
[0.4731762707233429, 0.5715776681900024, 0.44667232036590576, 0.30941978096961975, 0.4986059367656708]
[0.472467303276062, 0.582317590713501, 0.4240151047706604, 0.294126957654953, 0.4921211302280426]
[0.5536494851112366, 0.5684286952018738, 0.4264592230319977, 0.28106996417045593, 0.524756133556366]
[0.5115410089492798, 0.573689877986908, 0.43475669622421265, 0.2980227470397949, 0.528389036655426]
