1
【大妈！您太有才啦！】山东一位老大妈受够了汽车在她家门前斑马线呼啸而过，且当地相关部门又帮不上什么忙，让她十分恼怒。她灵机一动，把一个穿着性感薄纱內衣的充气娃娃绑在附近的一棵树上，果然引得司机们纷纷把车速慢下来看个究竟！门前飙车状况大幅改观！（都市快报）
[0.5482167601585388, 0.5424954295158386, 0.47117409110069275, 0.3584076166152954, 0.5553015470504761]
[0.4800904393196106, 0.5779784917831421, 0.46360501646995544, 0.2871391475200653, 0.5059446096420288]
[0.4694434106349945, 0.5550114512443542, 0.4734206795692444, 0.3672991096973419, 0.4852413535118103]
[0.5267984867095947, 0.5828782916069031, 0.4517988860607147, 0.28868818283081055, 0.5460319519042969]
[0.5048526525497437, 0.5658202171325684, 0.4287000000476837, 0.2952735424041748, 0.5004390478134155]
[0.4892702102661133, 0.5530546307563782, 0.462182879447937, 0.3098286986351013, 0.5124600529670715]
[0.5213950276374817, 0.5768529772758484, 0.4314254820346832, 0.29177889227867126, 0.5439531803131104]
[0.5138688087463379, 0.578604519367218, 0.4320204257965088, 0.2904622256755829, 0.5207723379135132]
[0.4959040582180023, 0.5512550473213196, 0.46472635865211487, 0.3252195417881012, 0.506519079208374]
[0.4879179298877716, 0.5443129539489746, 0.44705843925476074, 0.32928624749183655, 0.5057461857795715]
[0.4830416142940521, 0.5708587765693665, 0.47795096039772034, 0.32750290632247925, 0.5241077542304993]
[0.4899230897426605, 0.5632579326629639, 0.44324320554733276, 0.34065473079681396, 0.4983482360839844]
[0.5544873476028442, 0.5727744102478027, 0.41901999711990356, 0.2766851484775543, 0.5598136782646179]
[0.5017043352127075, 0.5771600604057312, 0.42284342646598816, 0.30067235231399536, 0.5162398815155029]
[0.49733129143714905, 0.5826816558837891, 0.42001235485076904, 0.28728094696998596, 0.5023945569992065]
[0.5505868196487427, 0.5916596055030823, 0.4106183648109436, 0.2768895924091339, 0.5539670586585999]
[0.4999431371688843, 0.5526220202445984, 0.41467466950416565, 0.27830103039741516, 0.5285782217979431]
[0.5427982211112976, 0.5812198519706726, 0.43508514761924744, 0.2856783866882324, 0.542590856552124]
[0.4322264790534973, 0.5725215077400208, 0.4477790594100952, 0.2844216525554657, 0.4772881269454956]
[0.444057434797287, 0.5725219249725342, 0.434417724609375, 0.3240077495574951, 0.46186304092407227]
[0.5201413035392761, 0.5653162002563477, 0.45116499066352844, 0.3177802264690399, 0.528647243976593]
[0.527793824672699, 0.5537838935852051, 0.4390799403190613, 0.2834659814834595, 0.5336673259735107]
[0.5386311411857605, 0.5620653033256531, 0.43813517689704895, 0.2917061150074005, 0.5441917181015015]
[0.49461400508880615, 0.5661464929580688, 0.43660786747932434, 0.2995346188545227, 0.4897731840610504]
[0.47591784596443176, 0.568945586681366, 0.48331430554389954, 0.3602600693702698, 0.4988979697227478]
[0.5132670402526855, 0.5934965014457703, 0.4420536458492279, 0.27757078409194946, 0.5219869613647461]
[0.48912203311920166, 0.5811642408370972, 0.43875932693481445, 0.2983967363834381, 0.4891382157802582]
[0.39745447039604187, 0.5381255149841309, 0.48273423314094543, 0.3125940263271332, 0.46482929587364197]
[0.5269249677658081, 0.5832987427711487, 0.43690675497055054, 0.3031161427497864, 0.5452717542648315]
[0.5293573141098022, 0.5450423359870911, 0.4648172855377197, 0.34483739733695984, 0.5388100743293762]
[0.4691821038722992, 0.5416877269744873, 0.47394099831581116, 0.3749150037765503, 0.4707644283771515]
[0.45894867181777954, 0.557762622833252, 0.4521651566028595, 0.31272974610328674, 0.49982279539108276]
[0.43313130736351013, 0.555718183517456, 0.43827757239341736, 0.30693238973617554, 0.4826267957687378]
[0.494868665933609, 0.5561489462852478, 0.4658322334289551, 0.34507662057876587, 0.5020037293434143]
[0.4377157688140869, 0.5757602453231812, 0.4403841495513916, 0.2763369381427765, 0.4869230389595032]
[0.4375801682472229, 0.5418875813484192, 0.47918012738227844, 0.30212339758872986, 0.48957139253616333]
[0.5379300117492676, 0.5839847326278687, 0.43938496708869934, 0.27870261669158936, 0.5562592148780823]
[0.4572737216949463, 0.5529454946517944, 0.44438472390174866, 0.2885957956314087, 0.48387283086776733]
[0.37821170687675476, 0.5363172888755798, 0.4906958341598511, 0.3816814124584198, 0.44785743951797485]
[0.49461400508880615, 0.5661464929580688, 0.43660786747932434, 0.2995346188545227, 0.4897731840610504]
[0.5546216368675232, 0.5934595465660095, 0.4217151701450348, 0.256540447473526, 0.563358724117279]
[0.46919047832489014, 0.5330345630645752, 0.5075504183769226, 0.36579254269599915, 0.49356260895729065]
[0.5420249700546265, 0.587730348110199, 0.4229499399662018, 0.27392807602882385, 0.5434688925743103]
[0.5020344853401184, 0.562080979347229, 0.4667861759662628, 0.3200913369655609, 0.5257088541984558]
[0.5025495886802673, 0.5273792743682861, 0.4773878753185272, 0.3860672414302826, 0.506123960018158]
[0.48011016845703125, 0.5699266791343689, 0.46578922867774963, 0.3025803565979004, 0.5310641527175903]
[0.3782167136669159, 0.5635257959365845, 0.44387757778167725, 0.2765674591064453, 0.4263913333415985]
[0.5143355131149292, 0.5724790096282959, 0.4428822696208954, 0.3067779839038849, 0.5359609723091125]
[0.5348677039146423, 0.5746603012084961, 0.43480384349823, 0.2751358151435852, 0.5237616896629333]
[0.47463473677635193, 0.5564665198326111, 0.4803638756275177, 0.3555167317390442, 0.5142002701759338]
[0.5397936105728149, 0.5659661889076233, 0.4261425733566284, 0.2997509241104126, 0.5272707939147949]
[0.4634316563606262, 0.5540758371353149, 0.44204315543174744, 0.31698718667030334, 0.5056734681129456]
[0.5427982211112976, 0.5812198519706726, 0.43508514761924744, 0.2856783866882324, 0.542590856552124]
[0.5188028812408447, 0.5858993530273438, 0.4274812936782837, 0.28427717089653015, 0.5176308155059814]
[0.5025495886802673, 0.5273792743682861, 0.4773878753185272, 0.3860672414302826, 0.506123960018158]
[0.5022776126861572, 0.5718777179718018, 0.444439172744751, 0.29858097434043884, 0.5266510844230652]
[0.5287953615188599, 0.5654123425483704, 0.44296327233314514, 0.3036506175994873, 0.5481700897216797]
[0.5236995816230774, 0.5746338367462158, 0.440190851688385, 0.30988121032714844, 0.5338500738143921]
[0.4800613820552826, 0.5767543911933899, 0.44502928853034973, 0.3100642263889313, 0.5343459248542786]
[0.5010221004486084, 0.5522097945213318, 0.44947734475135803, 0.32395872473716736, 0.5318315029144287]
[0.5563034415245056, 0.5810872316360474, 0.4056604206562042, 0.2596597373485565, 0.5634971261024475]
[0.4697737991809845, 0.5741565227508545, 0.45579540729522705, 0.28732794523239136, 0.5203790068626404]
[0.49461400508880615, 0.5661464929580688, 0.43660786747932434, 0.2995346188545227, 0.4897731840610504]
[0.49461400508880615, 0.5661464929580688, 0.43660786747932434, 0.2995346188545227, 0.4897731840610504]
[0.5232788324356079, 0.5972263216972351, 0.4205445945262909, 0.27180662751197815, 0.528302788734436]
[0.5638980865478516, 0.5499029755592346, 0.4067833423614502, 0.2644767761230469, 0.5755651593208313]
[0.5291714072227478, 0.5818864703178406, 0.4306657314300537, 0.2854909896850586, 0.5510236024856567]
[0.4765411913394928, 0.5557902455329895, 0.44636547565460205, 0.29966089129447937, 0.5171863436698914]
[0.5264794826507568, 0.5836048722267151, 0.4317847192287445, 0.28322649002075195, 0.5341674089431763]
[0.47922787070274353, 0.5555083155632019, 0.44959431886672974, 0.3134836256504059, 0.4786303639411926]
[0.41773098707199097, 0.5385956764221191, 0.4749799072742462, 0.3561646342277527, 0.4518689811229706]
[0.5242378115653992, 0.5545057058334351, 0.4610006809234619, 0.30077093839645386, 0.5104854702949524]
[0.537272036075592, 0.5887752175331116, 0.4071476459503174, 0.2596084177494049, 0.5493714213371277]
[0.5427982211112976, 0.5812198519706726, 0.43508514761924744, 0.2856783866882324, 0.542590856552124]
[0.5132082104682922, 0.558542013168335, 0.44407251477241516, 0.28962722420692444, 0.5303000807762146]
[0.5674864649772644, 0.5981448292732239, 0.42322543263435364, 0.2777079939842224, 0.5601171851158142]
[0.5084511041641235, 0.5726287961006165, 0.4240305423736572, 0.28648585081100464, 0.5340636372566223]
[0.5380243062973022, 0.5783450603485107, 0.42459234595298767, 0.28009408712387085, 0.547423779964447]
[0.5013905167579651, 0.5914591550827026, 0.4246785640716553, 0.274858295917511, 0.5391713976860046]
[0.46006712317466736, 0.5532897114753723, 0.46320241689682007, 0.36367470026016235, 0.5200634002685547]
[0.511255145072937, 0.5555015802383423, 0.44553065299987793, 0.29960352182388306, 0.5322266817092896]
[0.48598361015319824, 0.5728161931037903, 0.4456983506679535, 0.2888384163379669, 0.5273483395576477]
[0.5278099179267883, 0.5664256811141968, 0.4431643784046173, 0.3055817782878876, 0.5476909279823303]
[0.42436087131500244, 0.5657796859741211, 0.4485212564468384, 0.32017797231674194, 0.48972195386886597]
[0.43843716382980347, 0.5501427054405212, 0.4584742486476898, 0.3142523765563965, 0.44327014684677124]
[0.5405359864234924, 0.5780900716781616, 0.4217158854007721, 0.2701908349990845, 0.5310995578765869]
[0.5027177929878235, 0.5638850927352905, 0.44462451338768005, 0.30116525292396545, 0.493124395608902]
[0.5002651810646057, 0.5521215796470642, 0.48712703585624695, 0.33290085196495056, 0.538978099822998]
[0.5427982211112976, 0.5812198519706726, 0.43508514761924744, 0.2856783866882324, 0.542590856552124]
[0.5212877988815308, 0.5679641366004944, 0.44503533840179443, 0.2964200973510742, 0.5444973111152649]
[0.49461400508880615, 0.5661464929580688, 0.43660786747932434, 0.2995346188545227, 0.4897731840610504]
[0.49868348240852356, 0.5631643533706665, 0.4381161332130432, 0.2994409501552582, 0.5147790312767029]
[0.549148440361023, 0.5895341634750366, 0.4180636703968048, 0.28193190693855286, 0.560189962387085]
[0.5317044258117676, 0.5219771265983582, 0.4774007499217987, 0.34632375836372375, 0.5497132539749146]
[0.5440523028373718, 0.5728316903114319, 0.41847577691078186, 0.28010502457618713, 0.5687974095344543]
[0.43616336584091187, 0.5446820259094238, 0.45722758769989014, 0.309205025434494, 0.5098075866699219]
[0.47613564133644104, 0.5834672451019287, 0.42619189620018005, 0.274671345949173, 0.5373315811157227]
[0.4765411913394928, 0.5557902455329895, 0.44636547565460205, 0.29966089129447937, 0.5171863436698914]
[0.49417436122894287, 0.5483741760253906, 0.4836898446083069, 0.33777859807014465, 0.5133296847343445]
[0.539313018321991, 0.5682443380355835, 0.4267195463180542, 0.28778958320617676, 0.5013036131858826]
[0.5468299984931946, 0.5810045003890991, 0.4218963086605072, 0.2878020703792572, 0.5236740112304688]
