1
假如本届伦敦奥运会结束时，中国代表队还能在金牌榜上排第一，现决定：参与转发本微博并关注 并且
[0.5378968715667725, 0.5316460132598877, 0.48879334330558777, 0.35919180512428284, 0.53593510389328]
[0.5556672215461731, 0.5844307541847229, 0.4383446276187897, 0.28675514459609985, 0.5401012897491455]
[0.4907926917076111, 0.5637834668159485, 0.4414612948894501, 0.2947947084903717, 0.49108949303627014]
[0.3902602195739746, 0.530592679977417, 0.47788679599761963, 0.3648054599761963, 0.4687875509262085]
[0.5082647800445557, 0.5358092784881592, 0.4514405131340027, 0.32864445447921753, 0.5513614416122437]
[0.4610574245452881, 0.5540387630462646, 0.45503467321395874, 0.3124292194843292, 0.4554711580276489]
[0.49343743920326233, 0.5791327357292175, 0.4185344874858856, 0.29385706782341003, 0.5330674052238464]
[0.6475059390068054, 0.5089479088783264, 0.476657897233963, 0.3610661029815674, 0.6210196614265442]
[0.5176398754119873, 0.57526695728302, 0.4226458966732025, 0.31713593006134033, 0.5337646007537842]
[0.41977471113204956, 0.5487962961196899, 0.4659666121006012, 0.3955572247505188, 0.43795090913772583]
[0.5132286548614502, 0.5719624161720276, 0.4398573338985443, 0.2970151901245117, 0.5334592461585999]
[0.48827776312828064, 0.5500761866569519, 0.4543195962905884, 0.3395792841911316, 0.5014351010322571]
[0.49544915556907654, 0.5374912619590759, 0.466170996427536, 0.3464336395263672, 0.513419508934021]
[0.44438436627388, 0.5283145308494568, 0.4872271716594696, 0.36701545119285583, 0.4284532368183136]
[0.5107924342155457, 0.5350180268287659, 0.42963042855262756, 0.28650397062301636, 0.5311809778213501]
[0.4362383186817169, 0.5639076232910156, 0.438995361328125, 0.2829395532608032, 0.4576319456100464]
[0.4745917320251465, 0.5779228806495667, 0.4343392252922058, 0.3058307468891144, 0.5301541686058044]
[0.4610459804534912, 0.5332443118095398, 0.4768896996974945, 0.35008278489112854, 0.48203176259994507]
[0.43136951327323914, 0.5440346598625183, 0.5106332302093506, 0.414204865694046, 0.49636921286582947]
[0.4834704101085663, 0.5532099008560181, 0.45103344321250916, 0.3016374111175537, 0.4729936122894287]
[0.44438436627388, 0.5283145308494568, 0.4872271716594696, 0.36701545119285583, 0.4284532368183136]
[0.45002198219299316, 0.5628198981285095, 0.4459523856639862, 0.35676437616348267, 0.46269237995147705]
[0.5585512518882751, 0.5490400791168213, 0.4270439147949219, 0.255869060754776, 0.5201709270477295]
[0.5774304270744324, 0.6065936088562012, 0.41549786925315857, 0.2480234056711197, 0.5604559779167175]
[0.3828171491622925, 0.559198796749115, 0.4475862681865692, 0.29226037859916687, 0.4580143094062805]
[0.4798198640346527, 0.5649563074111938, 0.436729371547699, 0.28361186385154724, 0.45859241485595703]
[0.5331099629402161, 0.5701900720596313, 0.4275498390197754, 0.30322229862213135, 0.5246851444244385]
[0.46471068263053894, 0.5350301265716553, 0.4818008840084076, 0.3733767569065094, 0.4903614819049835]
[0.3774302005767822, 0.5315607786178589, 0.4824345111846924, 0.3803183436393738, 0.45296788215637207]
[0.5285866260528564, 0.560615062713623, 0.4295596182346344, 0.2991543710231781, 0.5210275650024414]
[0.4487622082233429, 0.5716210603713989, 0.4600348174571991, 0.3031274080276489, 0.45275557041168213]
[0.5014469623565674, 0.5736351609230042, 0.43894460797309875, 0.28135713934898376, 0.5294359922409058]
[0.4479530155658722, 0.5664442181587219, 0.4549153447151184, 0.3185862898826599, 0.5077141523361206]
[0.5544537901878357, 0.5540208220481873, 0.40361684560775757, 0.2883591651916504, 0.5660574436187744]
[0.36300885677337646, 0.5377577543258667, 0.473076730966568, 0.33899030089378357, 0.435236394405365]
[0.48164981603622437, 0.5859277248382568, 0.44360077381134033, 0.28668296337127686, 0.5047276616096497]
[0.5413411855697632, 0.5761451125144958, 0.4258445203304291, 0.28927260637283325, 0.5223534107208252]
[0.5286160707473755, 0.5846173763275146, 0.4040316641330719, 0.28157010674476624, 0.5402079820632935]
[0.4940865933895111, 0.5786744952201843, 0.40369242429733276, 0.28244858980178833, 0.546502411365509]
[0.4024306833744049, 0.5627965331077576, 0.4328514039516449, 0.32859018445014954, 0.4495813548564911]
[0.4728381931781769, 0.5697349905967712, 0.4314720630645752, 0.29760560393333435, 0.4895228147506714]
[0.44784730672836304, 0.5372862815856934, 0.47791191935539246, 0.36305370926856995, 0.46634331345558167]
[0.36288556456565857, 0.5691193342208862, 0.45145606994628906, 0.28959429264068604, 0.42856693267822266]
[0.34735897183418274, 0.5675443410873413, 0.45503148436546326, 0.289093017578125, 0.43133050203323364]
[0.5115847587585449, 0.5833983421325684, 0.44512420892715454, 0.31808021664619446, 0.5108630061149597]
[0.5034229159355164, 0.5805166363716125, 0.43478924036026, 0.2991620600223541, 0.49711790680885315]
[0.5286160707473755, 0.5846173763275146, 0.4040316641330719, 0.28157010674476624, 0.5402079820632935]
[0.5033472180366516, 0.5755216479301453, 0.4129231572151184, 0.27420932054519653, 0.5175886750221252]
[0.4810412526130676, 0.5632926821708679, 0.4420957565307617, 0.3084394931793213, 0.5114978551864624]
[0.5991928577423096, 0.5625354051589966, 0.3859289884567261, 0.2534601092338562, 0.6029770374298096]
[0.5616685152053833, 0.5294790863990784, 0.4255455732345581, 0.32577836513519287, 0.5660368800163269]
[0.5556081533432007, 0.5870584845542908, 0.40619608759880066, 0.2582828104496002, 0.5661493539810181]
[0.4671686887741089, 0.5241518020629883, 0.5146455764770508, 0.37753406167030334, 0.5347803831100464]
[0.4499036371707916, 0.516483724117279, 0.47806790471076965, 0.38991716504096985, 0.4488440454006195]
[0.48379552364349365, 0.5937032699584961, 0.41920071840286255, 0.2830924987792969, 0.4925927221775055]
[0.5565037727355957, 0.5856342315673828, 0.41706332564353943, 0.2571989595890045, 0.5614730715751648]
[0.5235537886619568, 0.5412459969520569, 0.446573406457901, 0.3313392400741577, 0.552559494972229]
[0.4869535267353058, 0.5681707859039307, 0.45673710107803345, 0.34175676107406616, 0.4914464056491852]
[0.5781751275062561, 0.6012881994247437, 0.41938358545303345, 0.2638106048107147, 0.5648492574691772]
[0.5162943005561829, 0.5857279896736145, 0.4295876622200012, 0.2803119122982025, 0.5249650478363037]
[0.535548985004425, 0.5743044018745422, 0.4219232201576233, 0.27131181955337524, 0.5345061421394348]
[0.4436747431755066, 0.5630642175674438, 0.4530871510505676, 0.29015979170799255, 0.4935486912727356]
[0.4809761047363281, 0.5566853880882263, 0.4506441354751587, 0.3211372196674347, 0.49969297647476196]
[0.44332948327064514, 0.5704247951507568, 0.44569769501686096, 0.31863799691200256, 0.48601821064949036]
[0.5104377269744873, 0.5854883790016174, 0.4048681855201721, 0.26700374484062195, 0.5328275561332703]
[0.49014487862586975, 0.5566427707672119, 0.43016040325164795, 0.3163359463214874, 0.5101785063743591]
[0.43251609802246094, 0.5398102402687073, 0.45083919167518616, 0.3315269649028778, 0.4547644555568695]
[0.5170621275901794, 0.5830689072608948, 0.4279955327510834, 0.2877393960952759, 0.5292463898658752]
[0.5409181118011475, 0.5705512762069702, 0.4135400950908661, 0.2766893208026886, 0.5628980398178101]
[0.5090954899787903, 0.5603371262550354, 0.4540533423423767, 0.28398630023002625, 0.51859450340271]
[0.610395073890686, 0.5648557543754578, 0.3843570649623871, 0.24818049371242523, 0.6045904755592346]
[0.44933849573135376, 0.5568012595176697, 0.4504169225692749, 0.33478352427482605, 0.4950571060180664]
[0.4215777814388275, 0.5405571460723877, 0.478017121553421, 0.3307735025882721, 0.43221747875213623]
[0.5223256349563599, 0.5600457191467285, 0.41271552443504333, 0.3126387894153595, 0.5186455845832825]
[0.5673124194145203, 0.5553396940231323, 0.4149794280529022, 0.2559846043586731, 0.581758975982666]
[0.4497270882129669, 0.5586567521095276, 0.42088836431503296, 0.28730764985084534, 0.4693637490272522]
[0.4664117693901062, 0.5620013475418091, 0.44696325063705444, 0.35201969742774963, 0.49885258078575134]
[0.5033659338951111, 0.5811890959739685, 0.42026814818382263, 0.2869057059288025, 0.5201246738433838]
[0.5622774958610535, 0.5691127181053162, 0.3970727324485779, 0.24501147866249084, 0.5879402756690979]
[0.5268635153770447, 0.5836277008056641, 0.4213144779205322, 0.2857367694377899, 0.5469483137130737]
[0.4780946671962738, 0.5670543909072876, 0.4168214201927185, 0.2868744730949402, 0.5003542304039001]
[0.5133247375488281, 0.5734794735908508, 0.4394804537296295, 0.2917110025882721, 0.522404134273529]
[0.5410690903663635, 0.5879424810409546, 0.4160483479499817, 0.27257147431373596, 0.5495368838310242]
[0.5238531827926636, 0.5737612843513489, 0.4248945415019989, 0.29543575644493103, 0.5300107002258301]
[0.5565387606620789, 0.538076639175415, 0.4143727719783783, 0.283181369304657, 0.593623697757721]
[0.44939136505126953, 0.5558343529701233, 0.4426535964012146, 0.30414849519729614, 0.4872581958770752]
[0.5037193298339844, 0.5718152523040771, 0.4369088113307953, 0.2834218740463257, 0.5131394267082214]
[0.5403954982757568, 0.5480157732963562, 0.4484105408191681, 0.2810863256454468, 0.5547360181808472]
[0.4851580560207367, 0.5750022530555725, 0.45653942227363586, 0.32517868280410767, 0.5073279142379761]
[0.5237951278686523, 0.5190302133560181, 0.45745477080345154, 0.3356388211250305, 0.5540252327919006]
[0.509793758392334, 0.5573147535324097, 0.43276965618133545, 0.3106136918067932, 0.5111081600189209]
[0.4973893165588379, 0.5658584237098694, 0.43615520000457764, 0.3080257475376129, 0.5147654414176941]
[0.567549467086792, 0.5698894262313843, 0.43078112602233887, 0.2652447521686554, 0.5659921169281006]
[0.449550598859787, 0.5629928708076477, 0.4439830183982849, 0.34197306632995605, 0.47431522607803345]
[0.44771048426628113, 0.5547022819519043, 0.44224223494529724, 0.34006065130233765, 0.4930777847766876]
[0.4923895299434662, 0.5639910101890564, 0.4743800163269043, 0.3715328276157379, 0.486794650554657]
[0.5037970542907715, 0.5870736837387085, 0.42040547728538513, 0.27306637167930603, 0.5568006038665771]
[0.41766077280044556, 0.5345513224601746, 0.4800785183906555, 0.3601774573326111, 0.47874629497528076]
[0.5075788497924805, 0.5730267763137817, 0.4491875469684601, 0.3068086802959442, 0.5268348455429077]
[0.5002994537353516, 0.5817887187004089, 0.4443327486515045, 0.293312132358551, 0.5273409485816956]
[0.4640251100063324, 0.5748979449272156, 0.44150441884994507, 0.2647877633571625, 0.4974929094314575]
