1
#狮子月助力刘翔夺冠#如果刘翔最终获得伦敦奥运会金牌，凡转发本微博并关注 的网友，所有人送一台三星 I9300 GALAXY SIII。记住，不是一个人，而是所有人。信誉保证，决不骗人，到期兑现！
[0.5321152806282043, 0.5076745748519897, 0.45858705043792725, 0.3842708468437195, 0.5564813613891602]
[0.4375351369380951, 0.5263824462890625, 0.45628103613853455, 0.28995952010154724, 0.4579482972621918]
[0.5717964172363281, 0.5653676390647888, 0.4198007881641388, 0.25891366600990295, 0.5429062247276306]
[0.4710947871208191, 0.5699667930603027, 0.4144633114337921, 0.31199586391448975, 0.4950566291809082]
[0.44110023975372314, 0.5653088688850403, 0.45348191261291504, 0.3589586615562439, 0.47971054911613464]
[0.47425612807273865, 0.5785049200057983, 0.4397018551826477, 0.3021250367164612, 0.4918173551559448]
[0.6446047425270081, 0.5146547555923462, 0.4659774601459503, 0.34582579135894775, 0.6181793212890625]
[0.5155604481697083, 0.5680125951766968, 0.42622631788253784, 0.27420684695243835, 0.5527012944221497]
[0.4831657111644745, 0.5665135979652405, 0.4382565915584564, 0.30012935400009155, 0.4945906102657318]
[0.5187511444091797, 0.5657637715339661, 0.4381132125854492, 0.2819228768348694, 0.518878698348999]
[0.4972776770591736, 0.555749773979187, 0.43438515067100525, 0.30988484621047974, 0.5437883734703064]
[0.4880632162094116, 0.5868604779243469, 0.43443185091018677, 0.27956467866897583, 0.5300235748291016]
[0.47591352462768555, 0.5815565586090088, 0.42858943343162537, 0.26563820242881775, 0.49271008372306824]
[0.4085690379142761, 0.5585788488388062, 0.4908311069011688, 0.3031858503818512, 0.46602973341941833]
[0.48829594254493713, 0.5780041813850403, 0.44916993379592896, 0.3007439970970154, 0.48039156198501587]
[0.5598894953727722, 0.5575629472732544, 0.4113018810749054, 0.25832468271255493, 0.598887026309967]
[0.552594006061554, 0.5194401144981384, 0.4554624855518341, 0.32837164402008057, 0.57032710313797]
[0.5774304270744324, 0.6065936088562012, 0.41549786925315857, 0.2480234056711197, 0.5604559779167175]
[0.46503549814224243, 0.5850885510444641, 0.4650757312774658, 0.30934298038482666, 0.5218855142593384]
[0.504214882850647, 0.5752171277999878, 0.4334239363670349, 0.2732682228088379, 0.5265092253684998]
[0.4711269736289978, 0.5784481167793274, 0.4260881543159485, 0.272518515586853, 0.5072909593582153]
[0.5016456842422485, 0.5798736214637756, 0.4456837475299835, 0.28194278478622437, 0.5024521946907043]
[0.5457680225372314, 0.5426878333091736, 0.4732982814311981, 0.3123301863670349, 0.5513419508934021]
[0.4487622082233429, 0.5716210603713989, 0.4600348174571991, 0.3031274080276489, 0.45275557041168213]
[0.6030434966087341, 0.5565422773361206, 0.39745694398880005, 0.26265251636505127, 0.595861554145813]
[0.5146713256835938, 0.5765286684036255, 0.4419281780719757, 0.291269987821579, 0.5395489931106567]
[0.4915529787540436, 0.5628769993782043, 0.4265749454498291, 0.2996726334095001, 0.5007638335227966]
[0.5163599252700806, 0.5792896151542664, 0.4035450220108032, 0.28570839762687683, 0.515978991985321]
[0.4770181179046631, 0.5606915354728699, 0.44385969638824463, 0.3335155248641968, 0.5008597373962402]
[0.4487622082233429, 0.5716210603713989, 0.4600348174571991, 0.3031274080276489, 0.45275557041168213]
[0.4475846290588379, 0.5689463019371033, 0.4389134645462036, 0.2980332672595978, 0.4827232360839844]
[0.43980368971824646, 0.5342438220977783, 0.4679745137691498, 0.3576761782169342, 0.47189879417419434]
[0.41976824402809143, 0.5417113900184631, 0.48010891675949097, 0.37951216101646423, 0.4830612540245056]
[0.5062518119812012, 0.5767890214920044, 0.4093092381954193, 0.2948455512523651, 0.5308206081390381]
[0.5869316458702087, 0.5762167572975159, 0.4142003655433655, 0.2551543414592743, 0.5748552083969116]
[0.5250974893569946, 0.5389372110366821, 0.4757973551750183, 0.3365837037563324, 0.539094865322113]
[0.5115208029747009, 0.5847296118736267, 0.4444403052330017, 0.29420849680900574, 0.5371538400650024]
[0.5637601017951965, 0.5971384644508362, 0.41548940539360046, 0.26418331265449524, 0.5651705265045166]
[0.46908828616142273, 0.5654868483543396, 0.47288066148757935, 0.3193097412586212, 0.49857231974601746]
[0.5051986575126648, 0.5911732912063599, 0.44268015027046204, 0.28918319940567017, 0.5339322686195374]
[0.4770004451274872, 0.5681434273719788, 0.43463075160980225, 0.30052369832992554, 0.5062251687049866]
[0.5316166281700134, 0.5864781141281128, 0.4273293614387512, 0.25184857845306396, 0.521260142326355]
[0.6133419275283813, 0.5893366932868958, 0.3832698166370392, 0.24489495158195496, 0.6025769114494324]
[0.4487622082233429, 0.5716210603713989, 0.4600348174571991, 0.3031274080276489, 0.45275557041168213]
[0.471849262714386, 0.5354070067405701, 0.49119049310684204, 0.359038770198822, 0.5041767358779907]
[0.4892939329147339, 0.5155141353607178, 0.5033048391342163, 0.36805370450019836, 0.5165731906890869]
[0.5973193049430847, 0.565078854560852, 0.39897796511650085, 0.2577018737792969, 0.5895231366157532]
[0.5582456588745117, 0.5968484282493591, 0.40686649084091187, 0.2640532851219177, 0.5710806846618652]
[0.39992937445640564, 0.5724923610687256, 0.44964835047721863, 0.2624112069606781, 0.4508208632469177]
[0.5315316915512085, 0.5740782618522644, 0.4267524480819702, 0.2695861756801605, 0.5374085903167725]
[0.5644704699516296, 0.5870748162269592, 0.4031311571598053, 0.2614372968673706, 0.5548209547996521]
[0.5342801809310913, 0.5613833069801331, 0.4140600264072418, 0.2655434012413025, 0.5402151346206665]
[0.5070725679397583, 0.5795678496360779, 0.4309682846069336, 0.25872695446014404, 0.538472592830658]
[0.5442849397659302, 0.5805840492248535, 0.41371676325798035, 0.2843393385410309, 0.5264883041381836]
[0.4275378882884979, 0.5718470811843872, 0.44574612379074097, 0.29460960626602173, 0.4921588897705078]
[0.43823617696762085, 0.5661367774009705, 0.4612661302089691, 0.3060121536254883, 0.4819818139076233]
[0.5626022815704346, 0.5565193295478821, 0.4275849461555481, 0.26368793845176697, 0.5800029635429382]
[0.584498405456543, 0.578546941280365, 0.38489705324172974, 0.2599693238735199, 0.5878810286521912]
[0.5058897137641907, 0.5832006335258484, 0.43435025215148926, 0.26824602484703064, 0.5498504638671875]
[0.5298271775245667, 0.5681642293930054, 0.4356735348701477, 0.28279536962509155, 0.5459721088409424]
[0.5034821033477783, 0.5602616667747498, 0.42640945315361023, 0.29625168442726135, 0.5459091663360596]
[0.4787859618663788, 0.5585454106330872, 0.44059276580810547, 0.3300298750400543, 0.49653634428977966]
[0.3249172270298004, 0.5331161618232727, 0.48370710015296936, 0.39879515767097473, 0.3851274847984314]
[0.5357670187950134, 0.594333827495575, 0.4151941239833832, 0.2558757960796356, 0.539924144744873]
[0.42147162556648254, 0.5495717525482178, 0.4562688171863556, 0.32556837797164917, 0.48651430010795593]
[0.4025348424911499, 0.5450939536094666, 0.4742353558540344, 0.35482272505760193, 0.46743056178092957]
[0.565980851650238, 0.5603532195091248, 0.4375583231449127, 0.2909274399280548, 0.5419565439224243]
[0.42426609992980957, 0.5635848641395569, 0.4517405927181244, 0.3463532030582428, 0.4480230510234833]
[0.41890424489974976, 0.5850306153297424, 0.4443127512931824, 0.2831730246543884, 0.47026100754737854]
[0.5265113711357117, 0.5805802345275879, 0.432147741317749, 0.2874051332473755, 0.5432745814323425]
[0.426079660654068, 0.560193657875061, 0.46181586384773254, 0.29050227999687195, 0.4846559762954712]
[0.4955712556838989, 0.5675473809242249, 0.4264555871486664, 0.3064201772212982, 0.5011096596717834]
[0.5231097340583801, 0.516817569732666, 0.46129199862480164, 0.3340226709842682, 0.5603695511817932]
[0.4449385404586792, 0.5597967505455017, 0.4281623363494873, 0.2911466658115387, 0.47961005568504333]
[0.5534065365791321, 0.5858807563781738, 0.41736653447151184, 0.27659568190574646, 0.5359324216842651]
[0.4491620659828186, 0.5486436486244202, 0.45482802391052246, 0.3190072178840637, 0.5079565644264221]
[0.5265397429466248, 0.5670000314712524, 0.45784687995910645, 0.3005272150039673, 0.5414239168167114]
[0.49376097321510315, 0.5784465670585632, 0.44961032271385193, 0.29777878522872925, 0.49398910999298096]
[0.40860211849212646, 0.5438799858093262, 0.4888420104980469, 0.3999446928501129, 0.46288514137268066]
[0.5048246383666992, 0.5488386750221252, 0.45304253697395325, 0.32872527837753296, 0.514765739440918]
[0.4603607654571533, 0.5715427994728088, 0.4450993835926056, 0.29594019055366516, 0.508845865726471]
[0.5025025010108948, 0.5358248949050903, 0.4489329159259796, 0.3185613453388214, 0.5375334620475769]
[0.5175802707672119, 0.5747088193893433, 0.4451017379760742, 0.3117603063583374, 0.5264936685562134]
[0.5140878558158875, 0.559697687625885, 0.4333939254283905, 0.29056021571159363, 0.5070456862449646]
[0.48143041133880615, 0.5816358327865601, 0.4339022636413574, 0.2886752188205719, 0.4806816875934601]
[0.4918334484100342, 0.5816215872764587, 0.4476701617240906, 0.2930254638195038, 0.48588329553604126]
[0.3309570550918579, 0.5475353598594666, 0.5236762762069702, 0.4542141556739807, 0.47552967071533203]
[0.5357670187950134, 0.594333827495575, 0.4151941239833832, 0.2558757960796356, 0.539924144744873]
[0.5978484749794006, 0.5862526297569275, 0.3987922668457031, 0.27542439103126526, 0.5568239092826843]
[0.5233174562454224, 0.5279924869537354, 0.47763678431510925, 0.3728052079677582, 0.5372334718704224]
[0.396774560213089, 0.5557560324668884, 0.4512990713119507, 0.3537507653236389, 0.4725050926208496]
[0.48873114585876465, 0.5214000344276428, 0.46968069672584534, 0.346492737531662, 0.5253314971923828]
[0.5322243571281433, 0.5810154676437378, 0.42952752113342285, 0.2865024507045746, 0.5551776885986328]
[0.5336099863052368, 0.5942113995552063, 0.41533946990966797, 0.26205652952194214, 0.560152530670166]
[0.5381019711494446, 0.5854855179786682, 0.43420401215553284, 0.30015164613723755, 0.5532428026199341]
[0.48717138171195984, 0.5825017690658569, 0.4140770435333252, 0.30910220742225647, 0.49095502495765686]
[0.48168036341667175, 0.5630955696105957, 0.43601754307746887, 0.3150864541530609, 0.4884693920612335]
[0.43406108021736145, 0.5670940279960632, 0.4543642997741699, 0.3227989971637726, 0.45423394441604614]
[0.4787338376045227, 0.5815352201461792, 0.43455928564071655, 0.2796984016895294, 0.5403920412063599]
[0.5220723152160645, 0.5671728253364563, 0.43449583649635315, 0.3116690516471863, 0.5167916417121887]
[0.4799572825431824, 0.5658846497535706, 0.42422860860824585, 0.3043743968009949, 0.4908171594142914]
