1
【加油！刘翔！！！】手术图，慎入。源自 转给 求证图片的真实性？？？
[0.5002381801605225, 0.5437004566192627, 0.4783063232898712, 0.31487447023391724, 0.49691641330718994]
[0.4814232885837555, 0.5608842372894287, 0.46341782808303833, 0.34998854994773865, 0.5160773396492004]
[0.4983566403388977, 0.5723216533660889, 0.4877912104129791, 0.35837554931640625, 0.5255123972892761]
[0.5167310833930969, 0.5773433446884155, 0.41747522354125977, 0.30048567056655884, 0.5267630815505981]
[0.45846623182296753, 0.5519465208053589, 0.4749849736690521, 0.317504346370697, 0.521831214427948]
[0.519693911075592, 0.5431891083717346, 0.4510297179222107, 0.3658108115196228, 0.5190471410751343]
[0.5000535845756531, 0.5945129990577698, 0.42791685461997986, 0.2716333568096161, 0.5278405547142029]
[0.5397323966026306, 0.5986484289169312, 0.42316994071006775, 0.2700996696949005, 0.5608393549919128]
[0.48697105050086975, 0.5534530282020569, 0.4733853340148926, 0.32367372512817383, 0.5047730803489685]
[0.530521810054779, 0.5771287679672241, 0.4268941283226013, 0.28752851486206055, 0.5522173643112183]
[0.5083076357841492, 0.5802401304244995, 0.42201218008995056, 0.2819534242153168, 0.5598759055137634]
[0.5381019711494446, 0.5854855179786682, 0.43420401215553284, 0.30015164613723755, 0.5532428026199341]
[0.4808329641819, 0.5891770720481873, 0.46051880717277527, 0.31322476267814636, 0.5242600440979004]
[0.5052323341369629, 0.5493199825286865, 0.4441535770893097, 0.3105589747428894, 0.5216993689537048]
[0.5519673824310303, 0.5846505165100098, 0.38874194025993347, 0.2514192461967468, 0.57698655128479]
[0.40029555559158325, 0.5611095428466797, 0.4607175588607788, 0.3276160657405853, 0.4391282796859741]
[0.4547151029109955, 0.5704560875892639, 0.45902156829833984, 0.3060590326786041, 0.5214611887931824]
[0.5322243571281433, 0.5810154676437378, 0.42952752113342285, 0.2865024507045746, 0.5551776885986328]
[0.5502533316612244, 0.5312448740005493, 0.41978147625923157, 0.28317323327064514, 0.554564893245697]
[0.5291121006011963, 0.5923258662223816, 0.415624737739563, 0.2743915021419525, 0.544005274772644]
[0.5469314455986023, 0.5892003774642944, 0.4375918507575989, 0.2766750156879425, 0.5524710416793823]
[0.5381019711494446, 0.5854855179786682, 0.43420401215553284, 0.30015164613723755, 0.5532428026199341]
[0.534210205078125, 0.5282676815986633, 0.49023059010505676, 0.418479323387146, 0.5565880537033081]
[0.5104655027389526, 0.5310457944869995, 0.451048344373703, 0.36351606249809265, 0.5046531558036804]
[0.5094384551048279, 0.5601214170455933, 0.43340960144996643, 0.29465577006340027, 0.5064614415168762]
[0.49068164825439453, 0.5362167954444885, 0.4508335590362549, 0.33599066734313965, 0.5347476005554199]
[0.549691379070282, 0.5871497988700867, 0.4130420386791229, 0.26551756262779236, 0.5281603336334229]
[0.47020190954208374, 0.524479866027832, 0.5128627419471741, 0.4114236831665039, 0.5138803720474243]
[0.5325873494148254, 0.5880876183509827, 0.42129048705101013, 0.2533036768436432, 0.5475322008132935]
[0.5149213075637817, 0.5745115280151367, 0.4294396936893463, 0.2818833291530609, 0.5206738114356995]
[0.44788774847984314, 0.556611180305481, 0.4671255052089691, 0.317950576543808, 0.4563257098197937]
[0.4451769292354584, 0.5745710730552673, 0.43400606513023376, 0.29688483476638794, 0.45899683237075806]
[0.559546947479248, 0.5708088278770447, 0.4223034679889679, 0.2816782593727112, 0.5535183548927307]
[0.48034167289733887, 0.5544360876083374, 0.48549485206604004, 0.32899385690689087, 0.5103945732116699]
[0.5413658022880554, 0.5815495252609253, 0.4196949303150177, 0.2773677706718445, 0.5196414589881897]
[0.4609232246875763, 0.551335334777832, 0.4280366003513336, 0.28943541646003723, 0.47130802273750305]
[0.532000720500946, 0.5275151133537292, 0.4943961203098297, 0.41587796807289124, 0.5852646827697754]
[0.4293869733810425, 0.5642498731613159, 0.45153313875198364, 0.300118625164032, 0.46935078501701355]
[0.5331363081932068, 0.5411655306816101, 0.4608725309371948, 0.37251147627830505, 0.5345409512519836]
[0.5025289058685303, 0.5670567750930786, 0.41945183277130127, 0.27559325098991394, 0.5369142889976501]
[0.40028730034828186, 0.5542773008346558, 0.43921971321105957, 0.3039751946926117, 0.4493953585624695]
[0.5983287692070007, 0.5894849896430969, 0.41595420241355896, 0.25527435541152954, 0.5926126837730408]
[0.5584551692008972, 0.5639088749885559, 0.4361998438835144, 0.2948475182056427, 0.5645200610160828]
[0.48815086483955383, 0.5746272802352905, 0.45666542649269104, 0.29708465933799744, 0.5403842926025391]
[0.5501230955123901, 0.530158519744873, 0.4709603488445282, 0.33193445205688477, 0.5722134709358215]
[0.531578779220581, 0.5868778228759766, 0.42939212918281555, 0.289978563785553, 0.554374098777771]
