1
为庆祝中国夺回第一的奥运金牌榜!作为一名爱国人士的我!现决定将我中福利彩票双色球的399万,中的一部分用来买了iphone4S送给大家!本来福利彩票就是运气得来的.如果转发量达到1000以上的话,所有转发并关注者,所有人送一台iphone4S!绝对真实,不是一个人,而是所有人!本人一定兑现!中国加油!中国好样的!
[0.5476891398429871, 0.521466076374054, 0.4739897549152374, 0.38817083835601807, 0.5253526568412781]
[0.5196769833564758, 0.5835250616073608, 0.4434506595134735, 0.26759228110313416, 0.5148494243621826]
[0.40777379274368286, 0.579463005065918, 0.43641388416290283, 0.29600417613983154, 0.48704060912132263]
[0.46188950538635254, 0.5894279479980469, 0.44042539596557617, 0.2856016457080841, 0.5036665201187134]
[0.44830289483070374, 0.5310336351394653, 0.46468546986579895, 0.31728440523147583, 0.5049392580986023]
[0.5075456500053406, 0.5472896099090576, 0.4343096613883972, 0.30993905663490295, 0.4982755184173584]
[0.38741403818130493, 0.558139979839325, 0.4334763288497925, 0.2695048451423645, 0.45514607429504395]
[0.5325873494148254, 0.5880876183509827, 0.42129048705101013, 0.2533036768436432, 0.5475322008132935]
[0.5325873494148254, 0.5880876183509827, 0.42129048705101013, 0.2533036768436432, 0.5475322008132935]
[0.4975619614124298, 0.5651091933250427, 0.45034506916999817, 0.3299237787723541, 0.5157828330993652]
[0.5192314982414246, 0.572213351726532, 0.4339043200016022, 0.31005609035491943, 0.5306908488273621]
[0.49542415142059326, 0.5441398620605469, 0.45568209886550903, 0.3383403718471527, 0.5154070258140564]
[0.5552852153778076, 0.5857468843460083, 0.4001559317111969, 0.27149248123168945, 0.5646634697914124]
[0.5097770094871521, 0.5550214648246765, 0.43987053632736206, 0.3189484477043152, 0.5354456305503845]
[0.42093127965927124, 0.5209265351295471, 0.46713903546333313, 0.3333112299442291, 0.46208328008651733]
[0.42207449674606323, 0.5822457671165466, 0.43093591928482056, 0.2727970778942108, 0.4784867763519287]
[0.5415788292884827, 0.5791516304016113, 0.41730931401252747, 0.28777316212654114, 0.5697506666183472]
[0.5343949198722839, 0.5708532929420471, 0.44919466972351074, 0.2939368188381195, 0.5502362251281738]
[0.43009352684020996, 0.5631107687950134, 0.47957220673561096, 0.2842939496040344, 0.4732150733470917]
[0.480640709400177, 0.5501313209533691, 0.44232794642448425, 0.3035050928592682, 0.4950045347213745]
[0.4279603362083435, 0.559814453125, 0.46045681834220886, 0.3445568382740021, 0.4550209641456604]
[0.4993792772293091, 0.584518313407898, 0.4443822503089905, 0.2670672535896301, 0.5410540103912354]
[0.5016456842422485, 0.5798736214637756, 0.4456837475299835, 0.28194278478622437, 0.5024521946907043]
[0.4487622082233429, 0.5716210603713989, 0.4600348174571991, 0.3031274080276489, 0.45275557041168213]
[0.5128296613693237, 0.5858436226844788, 0.4365345239639282, 0.27920880913734436, 0.5030511617660522]
[0.5225692987442017, 0.5923566222190857, 0.43795841932296753, 0.3031204044818878, 0.555049479007721]
[0.49424272775650024, 0.5689056515693665, 0.43337681889533997, 0.29941526055336, 0.5103346109390259]
[0.5291385650634766, 0.5183668732643127, 0.4522131383419037, 0.33406591415405273, 0.561336874961853]
[0.46209973096847534, 0.560062825679779, 0.42035165429115295, 0.27489611506462097, 0.4754510223865509]
[0.49471935629844666, 0.5807640552520752, 0.45596614480018616, 0.3076492249965668, 0.5165700316429138]
[0.4487622082233429, 0.5716210603713989, 0.4600348174571991, 0.3031274080276489, 0.45275557041168213]
[0.5116215944290161, 0.5831265449523926, 0.4447154104709625, 0.3075060248374939, 0.5040862560272217]
[0.5236319303512573, 0.5702424645423889, 0.4244898855686188, 0.2830379009246826, 0.5324888825416565]
[0.5035936832427979, 0.5494332909584045, 0.4272390604019165, 0.2950218617916107, 0.5245668292045593]
[0.4564328193664551, 0.5374223589897156, 0.45437321066856384, 0.34967494010925293, 0.48058316111564636]
[0.5410841107368469, 0.5742788314819336, 0.4361966550350189, 0.29123416543006897, 0.5468850135803223]
[0.5206316113471985, 0.5791252255439758, 0.4397676885128021, 0.27541300654411316, 0.5473576784133911]
[0.5214790105819702, 0.5671318173408508, 0.43503502011299133, 0.3116362690925598, 0.5316161513328552]
[0.5325385332107544, 0.5923272371292114, 0.4110006093978882, 0.2812792956829071, 0.5543320775032043]
[0.4898238778114319, 0.584688127040863, 0.438907265663147, 0.28969675302505493, 0.5279501080513]
[0.5591063499450684, 0.5817345976829529, 0.43607068061828613, 0.2799949645996094, 0.5580708980560303]
[0.4538385272026062, 0.5507088899612427, 0.4590874910354614, 0.351884663105011, 0.49096107482910156]
[0.42441490292549133, 0.5676126480102539, 0.4618966281414032, 0.3119684159755707, 0.45158058404922485]
[0.5342097878456116, 0.5752657651901245, 0.4426195025444031, 0.2730880379676819, 0.5460363030433655]
[0.5559787750244141, 0.5894535779953003, 0.4329978823661804, 0.2552793025970459, 0.572156548500061]
[0.4898238778114319, 0.584688127040863, 0.438907265663147, 0.28969675302505493, 0.5279501080513]
[0.4487622082233429, 0.5716210603713989, 0.4600348174571991, 0.3031274080276489, 0.45275557041168213]
[0.3836432993412018, 0.5302146673202515, 0.4503238797187805, 0.2982770502567291, 0.4226435422897339]
[0.5495254993438721, 0.5842652916908264, 0.41156840324401855, 0.2732943892478943, 0.5445157289505005]
[0.44082143902778625, 0.5521482825279236, 0.46162688732147217, 0.35896381735801697, 0.49285680055618286]
[0.520602285861969, 0.5922062993049622, 0.4009891748428345, 0.263202041387558, 0.5304512977600098]
[0.5562955737113953, 0.5782477855682373, 0.4241175353527069, 0.27214130759239197, 0.5323220491409302]
[0.49376097321510315, 0.5784465670585632, 0.44961032271385193, 0.29777878522872925, 0.49398910999298096]
[0.5392138957977295, 0.5823938250541687, 0.4261903762817383, 0.27492547035217285, 0.5122859477996826]
[0.3939438760280609, 0.5573022961616516, 0.4568706750869751, 0.2988418638706207, 0.45209771394729614]
[0.4727107584476471, 0.5608041882514954, 0.42269811034202576, 0.30485978722572327, 0.5223014950752258]
[0.43798530101776123, 0.584916889667511, 0.44163957238197327, 0.27557921409606934, 0.4982779026031494]
[0.5510371923446655, 0.5650910139083862, 0.44173464179039, 0.2850355803966522, 0.5588803887367249]
[0.3843848705291748, 0.5534524917602539, 0.4726477861404419, 0.3272612690925598, 0.480301171541214]
[0.5170621275901794, 0.5830689072608948, 0.4279955327510834, 0.2877393960952759, 0.5292463898658752]
[0.5325873494148254, 0.5880876183509827, 0.42129048705101013, 0.2533036768436432, 0.5475322008132935]
[0.42441490292549133, 0.5676126480102539, 0.4618966281414032, 0.3119684159755707, 0.45158058404922485]
[0.4767821431159973, 0.5757731795310974, 0.43947622179985046, 0.2894729673862457, 0.5323880910873413]
[0.5462360382080078, 0.5881468653678894, 0.4231009781360626, 0.28235965967178345, 0.539649486541748]
[0.566762387752533, 0.5700513124465942, 0.43035998940467834, 0.29247742891311646, 0.5509722828865051]
[0.43104320764541626, 0.5118719935417175, 0.5090149641036987, 0.43789294362068176, 0.4539925754070282]
[0.5585905909538269, 0.5812342166900635, 0.4099200367927551, 0.25882479548454285, 0.57010817527771]
[0.5131794810295105, 0.5797098278999329, 0.43374478816986084, 0.29429733753204346, 0.5392919182777405]
[0.49681711196899414, 0.5604934692382812, 0.44107481837272644, 0.31295716762542725, 0.5280829071998596]
[0.41423752903938293, 0.5490590333938599, 0.4689520597457886, 0.32655683159828186, 0.4700208008289337]
[0.5139168500900269, 0.5880748629570007, 0.4134599566459656, 0.27409958839416504, 0.5190536975860596]
[0.4362368583679199, 0.5552904605865479, 0.4626059830188751, 0.3267303705215454, 0.4924066364765167]
[0.500581681728363, 0.5379104614257812, 0.44950681924819946, 0.3147035241127014, 0.5124953389167786]
[0.5255932211875916, 0.5413070917129517, 0.4467105567455292, 0.32529395818710327, 0.4737151861190796]
[0.43997281789779663, 0.567802369594574, 0.45411065220832825, 0.3160842955112457, 0.48672962188720703]
[0.36546653509140015, 0.5310410261154175, 0.4666525721549988, 0.33652299642562866, 0.4527229070663452]
[0.45841291546821594, 0.5485315322875977, 0.459315687417984, 0.3151434361934662, 0.46331027150154114]
[0.5269855856895447, 0.5748321413993835, 0.4468003213405609, 0.30832570791244507, 0.5502088665962219]
[0.41637077927589417, 0.5237460136413574, 0.48281481862068176, 0.3876568078994751, 0.46373242139816284]
[0.5231689214706421, 0.5795489549636841, 0.42075395584106445, 0.2793238162994385, 0.5495778918266296]
[0.44331470131874084, 0.5337830781936646, 0.4588078558444977, 0.3593100607395172, 0.5126210451126099]
[0.49862536787986755, 0.5630002617835999, 0.43324416875839233, 0.2941133975982666, 0.5260829329490662]
[0.46070122718811035, 0.594709575176239, 0.4339847266674042, 0.27984368801116943, 0.4718729555606842]
[0.4773257076740265, 0.5649427771568298, 0.4277607798576355, 0.2862274944782257, 0.509145975112915]
[0.5082647800445557, 0.5358092784881592, 0.4514405131340027, 0.32864445447921753, 0.5513614416122437]
[0.5139168500900269, 0.5880748629570007, 0.4134599566459656, 0.27409958839416504, 0.5190536975860596]
[0.5609997510910034, 0.5902013182640076, 0.4104836583137512, 0.266926646232605, 0.5676416158676147]
[0.449550598859787, 0.5629928708076477, 0.4439830183982849, 0.34197306632995605, 0.47431522607803345]
[0.3536585867404938, 0.561711847782135, 0.4298149049282074, 0.27608194947242737, 0.44226711988449097]
[0.43959948420524597, 0.5411768555641174, 0.4559725522994995, 0.3272436857223511, 0.450620174407959]
[0.49624693393707275, 0.5661076307296753, 0.438615083694458, 0.3191654682159424, 0.5068287253379822]
[0.49490535259246826, 0.5780566334724426, 0.42119622230529785, 0.2816665470600128, 0.49283212423324585]
[0.48379552364349365, 0.5937032699584961, 0.41920071840286255, 0.2830924987792969, 0.4925927221775055]
[0.47290006279945374, 0.5753960609436035, 0.4401332139968872, 0.2858388125896454, 0.49947649240493774]
[0.47373074293136597, 0.5638422966003418, 0.4609728157520294, 0.29428401589393616, 0.5191553235054016]
[0.5211834907531738, 0.5858542323112488, 0.40837591886520386, 0.27145448327064514, 0.5493749380111694]
[0.5451839566230774, 0.5791710615158081, 0.42873167991638184, 0.26618048548698425, 0.5227841734886169]
[0.39772579073905945, 0.5597792863845825, 0.4491001069545746, 0.3095703721046448, 0.45255234837532043]
[0.566440224647522, 0.5897478461265564, 0.40480926632881165, 0.23926879465579987, 0.5660151839256287]
[0.5679290294647217, 0.5776939988136292, 0.39842140674591064, 0.2562602162361145, 0.5679084062576294]
[0.4490593373775482, 0.5651933550834656, 0.4390118718147278, 0.29493969678878784, 0.5223484635353088]
