1
刘翔的7步上篮法是针对起跑点到第一个高栏的距离13.72米，然而狗屎一样的英国人把第一个高栏改到了13.85米的距离所以刘翔第一脚就踩栏了，这也是导致最后小组有4个人踩栏摔倒，然而那个英国猪练的就是13.85米所以他没摔栏 英国人这么干就是为了自己国家的人拿金牌 CNM的英国猪！
[0.5185055732727051, 0.5322850346565247, 0.5028647780418396, 0.38202446699142456, 0.5334606170654297]
[0.5398750305175781, 0.5685833692550659, 0.3934502899646759, 0.27135252952575684, 0.5554274916648865]
[0.4955906867980957, 0.590248167514801, 0.43789705634117126, 0.27793923020362854, 0.520357608795166]
[0.5228648781776428, 0.5596238374710083, 0.460022509098053, 0.3248644173145294, 0.5390340089797974]
[0.49459195137023926, 0.5738341212272644, 0.4666751027107239, 0.3124215602874756, 0.5026512145996094]
[0.5566349625587463, 0.5811319947242737, 0.43885087966918945, 0.28032922744750977, 0.5588197708129883]
[0.37715014815330505, 0.5597628355026245, 0.4786476194858551, 0.36508017778396606, 0.4374748468399048]
[0.5180603861808777, 0.5564197897911072, 0.4564071297645569, 0.34543976187705994, 0.488461434841156]
[0.43928033113479614, 0.5755216479301453, 0.43812182545661926, 0.28464990854263306, 0.4676651954650879]
[0.40669506788253784, 0.5409138798713684, 0.4461134374141693, 0.32844167947769165, 0.47057682275772095]
[0.5527470111846924, 0.5752686858177185, 0.41183581948280334, 0.27701306343078613, 0.5420542359352112]
[0.5538529753684998, 0.5768037438392639, 0.40240898728370667, 0.2756415903568268, 0.5258963704109192]
[0.5239283442497253, 0.5732917785644531, 0.400357723236084, 0.26984572410583496, 0.5520216226577759]
[0.34256476163864136, 0.540793240070343, 0.49551382660865784, 0.42208853363990784, 0.4064682126045227]
[0.5489326119422913, 0.6022261381149292, 0.39657074213027954, 0.2443615347146988, 0.5555413961410522]
[0.46590933203697205, 0.5843561887741089, 0.42844900488853455, 0.28832748532295227, 0.5045626163482666]
[0.3953006863594055, 0.5627400875091553, 0.4590695798397064, 0.324092835187912, 0.44214189052581787]
[0.46979427337646484, 0.5694080591201782, 0.4299182593822479, 0.2846023142337799, 0.5036094784736633]
[0.5011894106864929, 0.5449100732803345, 0.43968456983566284, 0.3154427111148834, 0.48675164580345154]
[0.4934524595737457, 0.5561164617538452, 0.4341880977153778, 0.27317920327186584, 0.5058053135871887]
[0.5460825562477112, 0.550834059715271, 0.4152611792087555, 0.309113085269928, 0.5303419232368469]
[0.5618458390235901, 0.5822155475616455, 0.4201139211654663, 0.2695121169090271, 0.5447783470153809]
[0.516481339931488, 0.5917481184005737, 0.4435672461986542, 0.2787536084651947, 0.5294630527496338]
[0.4602554142475128, 0.5474013090133667, 0.4513760507106781, 0.2996666431427002, 0.4670787751674652]
[0.43666768074035645, 0.557889461517334, 0.4429101347923279, 0.26602232456207275, 0.46719709038734436]
[0.5026178359985352, 0.5473865270614624, 0.4512050747871399, 0.3212609887123108, 0.5195788145065308]
[0.4297603666782379, 0.5728356242179871, 0.4462796151638031, 0.3146374225616455, 0.4770263731479645]
[0.36714255809783936, 0.557540237903595, 0.4729870557785034, 0.3338170051574707, 0.42819079756736755]
[0.5491952300071716, 0.5918990969657898, 0.42066478729248047, 0.26386961340904236, 0.5615143775939941]
[0.4487622082233429, 0.5716210603713989, 0.4600348174571991, 0.3031274080276489, 0.45275557041168213]
[0.5446800589561462, 0.5870491862297058, 0.40596121549606323, 0.25745755434036255, 0.5548936724662781]
[0.4975889325141907, 0.5623257756233215, 0.450648695230484, 0.31855812668800354, 0.48107805848121643]
[0.48775753378868103, 0.5922735929489136, 0.4180211126804352, 0.2904522120952606, 0.5101441740989685]
[0.42761656641960144, 0.560981810092926, 0.445598304271698, 0.2838192582130432, 0.4767603576183319]
[0.4313662052154541, 0.5699930787086487, 0.45331791043281555, 0.33442726731300354, 0.4483080208301544]
[0.5580134987831116, 0.5867783427238464, 0.4139275550842285, 0.27382993698120117, 0.5523195266723633]
[0.5466013550758362, 0.5863925218582153, 0.42236414551734924, 0.262228786945343, 0.5357043743133545]
[0.42441490292549133, 0.5676126480102539, 0.4618966281414032, 0.3119684159755707, 0.45158058404922485]
[0.5132416486740112, 0.5765411257743835, 0.4204089343547821, 0.2780870497226715, 0.5275075435638428]
[0.42441490292549133, 0.5676126480102539, 0.4618966281414032, 0.3119684159755707, 0.45158058404922485]
[0.5491514205932617, 0.5946847796440125, 0.40690332651138306, 0.2577221095561981, 0.5345851182937622]
[0.484917551279068, 0.563396692276001, 0.43261757493019104, 0.2967144548892975, 0.5187703371047974]
[0.5128774046897888, 0.5534405708312988, 0.44963493943214417, 0.3049103617668152, 0.5171608924865723]
[0.4487622082233429, 0.5716210603713989, 0.4600348174571991, 0.3031274080276489, 0.45275557041168213]
[0.42441490292549133, 0.5676126480102539, 0.4618966281414032, 0.3119684159755707, 0.45158058404922485]
[0.5463123917579651, 0.5727131962776184, 0.40961429476737976, 0.269158273935318, 0.5557933449745178]
[0.4486471116542816, 0.5469461679458618, 0.4468424916267395, 0.3514595925807953, 0.505718469619751]
[0.5166950225830078, 0.5698198676109314, 0.4321231544017792, 0.29750916361808777, 0.5096327066421509]
[0.5502427220344543, 0.5859279036521912, 0.4207659065723419, 0.2827933728694916, 0.5425423383712769]
[0.5185332298278809, 0.5979981422424316, 0.4238531291484833, 0.2804935872554779, 0.5281396508216858]
[0.43251746892929077, 0.5749543309211731, 0.4584381580352783, 0.30347421765327454, 0.46593722701072693]
[0.4305853247642517, 0.5757640600204468, 0.44640684127807617, 0.30342257022857666, 0.4988963007926941]
[0.44719284772872925, 0.553631603717804, 0.45421725511550903, 0.33221518993377686, 0.4195484220981598]
[0.42463889718055725, 0.5503725409507751, 0.4547376334667206, 0.3369756042957306, 0.4815789461135864]
[0.518669843673706, 0.5849061608314514, 0.41762736439704895, 0.2578568160533905, 0.5325403809547424]
[0.43738415837287903, 0.5719547271728516, 0.43069174885749817, 0.28993654251098633, 0.5091231465339661]
[0.4375351369380951, 0.5263824462890625, 0.45628103613853455, 0.28995952010154724, 0.4579482972621918]
[0.5534477233886719, 0.6011147499084473, 0.402148574590683, 0.26273971796035767, 0.5491084456443787]
[0.5350311994552612, 0.5777554512023926, 0.4280584752559662, 0.28583383560180664, 0.576999306678772]
[0.4487622082233429, 0.5716210603713989, 0.4600348174571991, 0.3031274080276489, 0.45275557041168213]
[0.5484612584114075, 0.5887745022773743, 0.39548617601394653, 0.2651711702346802, 0.5718564987182617]
[0.5502533316612244, 0.5312448740005493, 0.41978147625923157, 0.28317323327064514, 0.554564893245697]
[0.5617619752883911, 0.5657830238342285, 0.4259784519672394, 0.28725647926330566, 0.5562558770179749]
[0.515039324760437, 0.577570915222168, 0.42854437232017517, 0.2780945897102356, 0.5080845355987549]
[0.39213255047798157, 0.5620205998420715, 0.4641587734222412, 0.29670584201812744, 0.44038063287734985]
[0.48024052381515503, 0.5910223126411438, 0.42673030495643616, 0.27856338024139404, 0.4901658892631531]
[0.4375351369380951, 0.5263824462890625, 0.45628103613853455, 0.28995952010154724, 0.4579482972621918]
[0.47298651933670044, 0.5552902221679688, 0.44315871596336365, 0.30083391070365906, 0.49576035141944885]
[0.5140872001647949, 0.5697365999221802, 0.45309579372406006, 0.3333665430545807, 0.5299155116081238]
[0.40061771869659424, 0.555221676826477, 0.47102031111717224, 0.32402125000953674, 0.45057716965675354]
[0.3798636496067047, 0.5497762560844421, 0.44033896923065186, 0.2883291244506836, 0.45899683237075806]
[0.4145433008670807, 0.558160662651062, 0.47062382102012634, 0.37640058994293213, 0.4384479820728302]
[0.47019606828689575, 0.5472189784049988, 0.45897847414016724, 0.2829698622226715, 0.5040072798728943]
[0.49899357557296753, 0.5738255977630615, 0.4478670060634613, 0.29939529299736023, 0.5234196782112122]
[0.5439902544021606, 0.5752210021018982, 0.42101484537124634, 0.279338538646698, 0.5293260216712952]
[0.5065572261810303, 0.5590659976005554, 0.42271915078163147, 0.2697545289993286, 0.5178003311157227]
[0.4242052137851715, 0.57694011926651, 0.43819934129714966, 0.29492947459220886, 0.4464019238948822]
[0.5698709487915039, 0.5726034045219421, 0.3990843594074249, 0.2541062533855438, 0.5538440346717834]
[0.4814441502094269, 0.5914497971534729, 0.43434998393058777, 0.2715618312358856, 0.5266098380088806]
[0.4933805465698242, 0.5744661688804626, 0.412295937538147, 0.2763817608356476, 0.51887047290802]
[0.4728652536869049, 0.571969211101532, 0.4431520700454712, 0.27509814500808716, 0.5418556332588196]
[0.49789851903915405, 0.5927419066429138, 0.4328073561191559, 0.2824307084083557, 0.5270996689796448]
[0.41558319330215454, 0.5342268943786621, 0.502670168876648, 0.3854796588420868, 0.4327470660209656]
[0.5038793683052063, 0.579979419708252, 0.41340118646621704, 0.27053019404411316, 0.5179759860038757]
[0.557357132434845, 0.5404442548751831, 0.42579492926597595, 0.2910742461681366, 0.5342631340026855]
[0.4487622082233429, 0.5716210603713989, 0.4600348174571991, 0.3031274080276489, 0.45275557041168213]
[0.4487622082233429, 0.5716210603713989, 0.4600348174571991, 0.3031274080276489, 0.45275557041168213]
[0.5527619123458862, 0.5603066682815552, 0.424450546503067, 0.2720234990119934, 0.5120986700057983]
[0.48904144763946533, 0.5705446004867554, 0.4396897554397583, 0.3018667995929718, 0.5041865110397339]
[0.4487622082233429, 0.5716210603713989, 0.4600348174571991, 0.3031274080276489, 0.45275557041168213]
[0.521691083908081, 0.5878927707672119, 0.4193263351917267, 0.279192179441452, 0.5255200266838074]
[0.4927574396133423, 0.5738922953605652, 0.42399799823760986, 0.28671038150787354, 0.5063623189926147]
[0.465630441904068, 0.5802246332168579, 0.4250298738479614, 0.27533185482025146, 0.48724836111068726]
[0.42154741287231445, 0.5658677220344543, 0.4898177981376648, 0.3379042446613312, 0.4453623294830322]
[0.47960856556892395, 0.536426305770874, 0.4384339153766632, 0.3107537627220154, 0.4876907765865326]
[0.5404128432273865, 0.5823633670806885, 0.4184034764766693, 0.2794688045978546, 0.539771318435669]
[0.42273908853530884, 0.5605553984642029, 0.4661203622817993, 0.29464107751846313, 0.5092841386795044]
[0.5013198256492615, 0.5542458295822144, 0.476583331823349, 0.34505409002304077, 0.5374426245689392]
[0.40753644704818726, 0.5520460605621338, 0.46468180418014526, 0.2977924644947052, 0.45626991987228394]
[0.4292029142379761, 0.5336450934410095, 0.4976408779621124, 0.3849393129348755, 0.46409210562705994]
[0.44993856549263, 0.5631079077720642, 0.4364876449108124, 0.28858184814453125, 0.4803110659122467]
