1
【网传刘翔退赛惊人内幕 伦敦粗心竟令栏间距增加！】刘翔的七步上栏法是针对从起跑点到第一个栏杆之间的距离13.72米，但是这次伦敦把这个距离增加到13.85米，这就不难理解刘翔在第一个栏就踩栏，也导致同组多名选手踩栏，而英国选手练的就是13.85米，所以顺利晋级！关注中，求真相帝！
[0.5508334636688232, 0.5259779095649719, 0.5016559362411499, 0.3535970449447632, 0.5240013599395752]
[0.39869484305381775, 0.5517668128013611, 0.4566636383533478, 0.30734771490097046, 0.4561193287372589]
[0.526962161064148, 0.5917417407035828, 0.4024435877799988, 0.26393193006515503, 0.5602583885192871]
[0.5132670402526855, 0.5934965014457703, 0.4420536458492279, 0.27757078409194946, 0.5219869613647461]
[0.4202689528465271, 0.5757107138633728, 0.4309403896331787, 0.27894097566604614, 0.466061532497406]
[0.47986266016960144, 0.5880082249641418, 0.4293723404407501, 0.2743452191352844, 0.5044422149658203]
[0.44484615325927734, 0.5734242796897888, 0.44252917170524597, 0.29817357659339905, 0.4737233519554138]
[0.543911874294281, 0.5724232196807861, 0.4197481870651245, 0.30088096857070923, 0.5586179494857788]
[0.49551358819007874, 0.5939169526100159, 0.4471259117126465, 0.2812156677246094, 0.5008152723312378]
[0.4487622082233429, 0.5716210603713989, 0.4600348174571991, 0.3031274080276489, 0.45275557041168213]
[0.4841490089893341, 0.497366726398468, 0.5181474089622498, 0.4196200668811798, 0.48881277441978455]
[0.5458921194076538, 0.5972828269004822, 0.41534316539764404, 0.24687950313091278, 0.5343910455703735]
[0.4202689528465271, 0.5757107138633728, 0.4309403896331787, 0.27894097566604614, 0.466061532497406]
[0.4272712469100952, 0.5646191835403442, 0.45852506160736084, 0.3256385624408722, 0.45936572551727295]
[0.50497967004776, 0.56355881690979, 0.4323054850101471, 0.30757465958595276, 0.4959176182746887]
[0.5007796883583069, 0.5765682458877563, 0.4105254113674164, 0.2803756594657898, 0.5252097249031067]
[0.5118556022644043, 0.5627905130386353, 0.4358825385570526, 0.32409775257110596, 0.5254148244857788]
[0.48302993178367615, 0.5552363991737366, 0.43307676911354065, 0.3057849109172821, 0.4811190962791443]
[0.4750761091709137, 0.5423257350921631, 0.44097253680229187, 0.2706410586833954, 0.5309263467788696]
[0.4202689528465271, 0.5757107138633728, 0.4309403896331787, 0.27894097566604614, 0.466061532497406]
[0.4395366609096527, 0.5821245312690735, 0.43710973858833313, 0.27540427446365356, 0.4894077181816101]
[0.41900157928466797, 0.5480272173881531, 0.4628782868385315, 0.34818384051322937, 0.4441109001636505]
[0.541987955570221, 0.5752721428871155, 0.40326449275016785, 0.26219433546066284, 0.5836014747619629]
[0.37879878282546997, 0.5407263040542603, 0.4758467972278595, 0.3502073884010315, 0.4534332752227783]
[0.4437237083911896, 0.5808864831924438, 0.43781134486198425, 0.27734535932540894, 0.47363385558128357]
[0.45552492141723633, 0.5652762651443481, 0.4560592472553253, 0.2719126343727112, 0.494484543800354]
[0.5211163759231567, 0.5281515121459961, 0.47284430265426636, 0.4038967192173004, 0.5424314737319946]
[0.6252049207687378, 0.5664670467376709, 0.3848070502281189, 0.27940240502357483, 0.5889196991920471]
[0.527854323387146, 0.5857251286506653, 0.42558375000953674, 0.27191784977912903, 0.5264109373092651]
[0.5236321687698364, 0.5810655355453491, 0.40749391913414, 0.28129416704177856, 0.5535936951637268]
[0.49326518177986145, 0.5698868036270142, 0.43109947443008423, 0.3025641143321991, 0.5146480202674866]
[0.48272785544395447, 0.5857939720153809, 0.44534674286842346, 0.273737370967865, 0.4929268956184387]
[0.5026320219039917, 0.5635674595832825, 0.4401211142539978, 0.2548341751098633, 0.478292852640152]
[0.5066679120063782, 0.5381460785865784, 0.48486945033073425, 0.3527008891105652, 0.5212604999542236]
[0.47041407227516174, 0.5706377029418945, 0.43267810344696045, 0.2970893681049347, 0.5142272710800171]
[0.48121359944343567, 0.5190127491950989, 0.5050581693649292, 0.4418492913246155, 0.47120213508605957]
[0.5132670402526855, 0.5934965014457703, 0.4420536458492279, 0.27757078409194946, 0.5219869613647461]
[0.4202689528465271, 0.5757107138633728, 0.4309403896331787, 0.27894097566604614, 0.466061532497406]
[0.5124017596244812, 0.5458342432975769, 0.5168060064315796, 0.44634538888931274, 0.5593566298484802]
[0.4202689528465271, 0.5757107138633728, 0.4309403896331787, 0.27894097566604614, 0.466061532497406]
[0.5343647003173828, 0.5791273713111877, 0.41712161898612976, 0.2805401682853699, 0.5218197703361511]
[0.4926213026046753, 0.5728225111961365, 0.41676461696624756, 0.27060192823410034, 0.5026953816413879]
[0.5442226529121399, 0.5707967281341553, 0.4250732362270355, 0.3026810586452484, 0.5123084783554077]
[0.5127463936805725, 0.5811585783958435, 0.45331108570098877, 0.3138597309589386, 0.5461105108261108]
[0.5631950497627258, 0.5740793347358704, 0.4291970431804657, 0.2909683883190155, 0.558525562286377]
[0.46053826808929443, 0.5753047466278076, 0.44027823209762573, 0.2875441610813141, 0.4984952211380005]
[0.4650523066520691, 0.5819291472434998, 0.4454706609249115, 0.3117963969707489, 0.48912474513053894]
[0.5055506825447083, 0.543103039264679, 0.44736218452453613, 0.3526581823825836, 0.5213029384613037]
[0.4336208999156952, 0.5442622303962708, 0.4462760388851166, 0.3301128149032593, 0.44198349118232727]
[0.5278083682060242, 0.5487378835678101, 0.4736083447933197, 0.33547621965408325, 0.5282535552978516]
[0.510180652141571, 0.5882735848426819, 0.4310181140899658, 0.29406583309173584, 0.5188341736793518]
[0.47060999274253845, 0.5287052989006042, 0.4633549749851227, 0.32982999086380005, 0.46409258246421814]
[0.460016667842865, 0.59180748462677, 0.446076899766922, 0.2866762578487396, 0.5191618204116821]
[0.5696683526039124, 0.5843953490257263, 0.4210917055606842, 0.2699418067932129, 0.5788199305534363]
[0.5158766508102417, 0.5273669362068176, 0.4959597587585449, 0.36321571469306946, 0.5021171569824219]
[0.3664727509021759, 0.554492712020874, 0.4789113998413086, 0.287409245967865, 0.4113079607486725]
[0.4975522756576538, 0.5980226397514343, 0.42671459913253784, 0.267557829618454, 0.5174409747123718]
[0.4487622082233429, 0.5716210603713989, 0.4600348174571991, 0.3031274080276489, 0.45275557041168213]
[0.4860110878944397, 0.5727086067199707, 0.4305817484855652, 0.26807576417922974, 0.523892343044281]
[0.5241740942001343, 0.5352033376693726, 0.43439602851867676, 0.3216981291770935, 0.5503774285316467]
[0.4742339253425598, 0.5709466338157654, 0.4310174882411957, 0.2845720648765564, 0.5072694420814514]
[0.5222648978233337, 0.5767360925674438, 0.42138469219207764, 0.28776586055755615, 0.5089354515075684]
[0.4527028799057007, 0.5633018612861633, 0.4864225685596466, 0.32169458270072937, 0.508362352848053]
[0.46435919404029846, 0.5608069896697998, 0.47241365909576416, 0.3937954306602478, 0.4635297954082489]
[0.5392138957977295, 0.5823938250541687, 0.4261903762817383, 0.27492547035217285, 0.5122859477996826]
[0.5221601128578186, 0.5642138719558716, 0.4312470853328705, 0.3075528144836426, 0.5524986982345581]
[0.4487622082233429, 0.5716210603713989, 0.4600348174571991, 0.3031274080276489, 0.45275557041168213]
[0.4728630781173706, 0.5680606365203857, 0.44574472308158875, 0.30486294627189636, 0.46865060925483704]
[0.3664727509021759, 0.554492712020874, 0.4789113998413086, 0.287409245967865, 0.4113079607486725]
[0.43842795491218567, 0.569407045841217, 0.4332871735095978, 0.30002135038375854, 0.47728681564331055]
[0.4915255010128021, 0.5886947512626648, 0.42455512285232544, 0.29936179518699646, 0.5263696312904358]
[0.4575660526752472, 0.5338056087493896, 0.45638081431388855, 0.3374992907047272, 0.4957141578197479]
[0.5112103223800659, 0.5824659466743469, 0.423628032207489, 0.28496843576431274, 0.5274790525436401]
[0.48451483249664307, 0.5812195539474487, 0.4391850233078003, 0.2940630316734314, 0.5124607682228088]
[0.4338224530220032, 0.5767889022827148, 0.45984548330307007, 0.30106183886528015, 0.4782596230506897]
[0.46861156821250916, 0.5781347751617432, 0.4609520435333252, 0.3074759840965271, 0.5136263370513916]
[0.5225333571434021, 0.5846824645996094, 0.42400506138801575, 0.28540465235710144, 0.5260041356086731]
[0.4887557625770569, 0.576887845993042, 0.4214811623096466, 0.2796679139137268, 0.5161381959915161]
[0.5332528948783875, 0.5613755583763123, 0.42473939061164856, 0.3071305751800537, 0.5277488231658936]
[0.48740920424461365, 0.5388596653938293, 0.4634556174278259, 0.3577391505241394, 0.4679231345653534]
[0.5046162605285645, 0.5625346899032593, 0.4346761107444763, 0.29464495182037354, 0.5246694087982178]
[0.4487622082233429, 0.5716210603713989, 0.4600348174571991, 0.3031274080276489, 0.45275557041168213]
[0.521691083908081, 0.5878927707672119, 0.4193263351917267, 0.279192179441452, 0.5255200266838074]
[0.4202689528465271, 0.5757107138633728, 0.4309403896331787, 0.27894097566604614, 0.466061532497406]
[0.5059509873390198, 0.541158139705658, 0.4827994108200073, 0.36734539270401, 0.522806704044342]
[0.5401571393013, 0.5904778838157654, 0.4414367377758026, 0.27049362659454346, 0.5505200028419495]
[0.5132670402526855, 0.5934965014457703, 0.4420536458492279, 0.27757078409194946, 0.5219869613647461]
[0.4365973174571991, 0.5423681139945984, 0.49006813764572144, 0.4047069251537323, 0.4719540774822235]
[0.4240148365497589, 0.5466473698616028, 0.44887518882751465, 0.3153442144393921, 0.4458298683166504]
[0.3664727509021759, 0.554492712020874, 0.4789113998413086, 0.287409245967865, 0.4113079607486725]
[0.46597370505332947, 0.5857192873954773, 0.4539944529533386, 0.2954077124595642, 0.5066856741905212]
[0.5022522211074829, 0.5322062969207764, 0.4818742573261261, 0.4038134813308716, 0.54263836145401]
[0.4668770730495453, 0.5774548649787903, 0.45624420046806335, 0.2960490882396698, 0.5057767629623413]
[0.540094256401062, 0.58757483959198, 0.4106653332710266, 0.2739422917366028, 0.5516172051429749]
[0.4202689528465271, 0.5757107138633728, 0.4309403896331787, 0.27894097566604614, 0.466061532497406]
[0.4487622082233429, 0.5716210603713989, 0.4600348174571991, 0.3031274080276489, 0.45275557041168213]
[0.4977678060531616, 0.601247251033783, 0.42598196864128113, 0.2630652189254761, 0.5286520719528198]
[0.461830198764801, 0.575680673122406, 0.4416545331478119, 0.29968851804733276, 0.4721795618534088]
[0.4617501199245453, 0.5585787892341614, 0.47267454862594604, 0.33513519167900085, 0.48137977719306946]
[0.5019158124923706, 0.5421745181083679, 0.43152615427970886, 0.31098514795303345, 0.502301812171936]
[0.53954017162323, 0.5789197683334351, 0.4105820953845978, 0.27107101678848267, 0.5663981437683105]
