1
【加油！刘翔！！！】手术图，慎入。
[0.5391406416893005, 0.5857088565826416, 0.4288081228733063, 0.2963610291481018, 0.5488993525505066]
[0.5381019711494446, 0.5854855179786682, 0.43420401215553284, 0.30015164613723755, 0.5532428026199341]
[0.5239611268043518, 0.5913594365119934, 0.4191100001335144, 0.28520724177360535, 0.528921902179718]
[0.381014883518219, 0.5430613160133362, 0.4745250344276428, 0.3578733503818512, 0.45198601484298706]
[0.5435028672218323, 0.6100228428840637, 0.4190452992916107, 0.2577299177646637, 0.5562605857849121]
[0.4552735388278961, 0.5518926978111267, 0.4266638457775116, 0.2861694097518921, 0.49500054121017456]
[0.55038982629776, 0.592902421951294, 0.41898050904273987, 0.2710011899471283, 0.5630639791488647]
[0.5617486834526062, 0.5245630741119385, 0.4471926689147949, 0.3098921775817871, 0.5738213062286377]
[0.5330391526222229, 0.5387617349624634, 0.4403528869152069, 0.3063054084777832, 0.5782965421676636]
[0.41911381483078003, 0.5549055337905884, 0.4258001148700714, 0.2922121286392212, 0.5046179294586182]
[0.5053190588951111, 0.583740770816803, 0.41383233666419983, 0.28492897748947144, 0.539771318435669]
[0.377202570438385, 0.5675201416015625, 0.4594901204109192, 0.2993837594985962, 0.4692065417766571]
[0.45380699634552, 0.5454103350639343, 0.4738111197948456, 0.368725448846817, 0.498323529958725]
[0.5133833289146423, 0.5416210293769836, 0.41357409954071045, 0.28451627492904663, 0.526213526725769]
[0.44204771518707275, 0.5676562786102295, 0.444225937128067, 0.2874445617198944, 0.511907696723938]
[0.5049856305122375, 0.5762165784835815, 0.43529263138771057, 0.30075308680534363, 0.5354732275009155]
[0.4650244116783142, 0.5768699049949646, 0.4432328939437866, 0.2886543273925781, 0.5188762545585632]
[0.5154504776000977, 0.6052247285842896, 0.435238242149353, 0.26955997943878174, 0.5506736040115356]
[0.5397422313690186, 0.5172558426856995, 0.45147404074668884, 0.3089810609817505, 0.5649996995925903]
[0.4650244116783142, 0.5768699049949646, 0.4432328939437866, 0.2886543273925781, 0.5188762545585632]
[0.47332045435905457, 0.5619440078735352, 0.44207409024238586, 0.30714067816734314, 0.5093987584114075]
[0.5848050713539124, 0.5500829815864563, 0.42728492617607117, 0.285027414560318, 0.5752697587013245]
[0.5189388990402222, 0.5933861136436462, 0.40765896439552307, 0.2832224667072296, 0.5377748608589172]
[0.5364747047424316, 0.5660446286201477, 0.42820999026298523, 0.3137417733669281, 0.539064347743988]
[0.5718582272529602, 0.5590597987174988, 0.4185205399990082, 0.2860352098941803, 0.5565536618232727]
[0.4561450481414795, 0.5302454233169556, 0.4941612780094147, 0.4015090763568878, 0.5229257941246033]
[0.5381019711494446, 0.5854855179786682, 0.43420401215553284, 0.30015164613723755, 0.5532428026199341]
[0.46876662969589233, 0.518486499786377, 0.4535282850265503, 0.3761102259159088, 0.5197992324829102]
[0.4650244116783142, 0.5768699049949646, 0.4432328939437866, 0.2886543273925781, 0.5188762545585632]
[0.4752053916454315, 0.5620807409286499, 0.411419153213501, 0.3026730716228485, 0.5315713286399841]
[0.4873809516429901, 0.5803310871124268, 0.43889105319976807, 0.28215140104293823, 0.5280646681785583]
[0.377202570438385, 0.5675201416015625, 0.4594901204109192, 0.2993837594985962, 0.4692065417766571]
[0.4487622082233429, 0.5716210603713989, 0.4600348174571991, 0.3031274080276489, 0.45275557041168213]
[0.455583393573761, 0.5934392213821411, 0.4216293692588806, 0.26353564858436584, 0.5179004669189453]
[0.5559536814689636, 0.586334228515625, 0.41737085580825806, 0.27951017022132874, 0.5702366828918457]
[0.5114769339561462, 0.5890622735023499, 0.43882349133491516, 0.2657358646392822, 0.5191547870635986]
[0.5751716494560242, 0.5717588663101196, 0.4205361604690552, 0.26811960339546204, 0.5604745745658875]
[0.4261355698108673, 0.5654863119125366, 0.4474318027496338, 0.2962726950645447, 0.4395417273044586]
[0.4912682771682739, 0.5869794487953186, 0.4443478286266327, 0.3042764663696289, 0.5298535227775574]
[0.4487622082233429, 0.5716210603713989, 0.4600348174571991, 0.3031274080276489, 0.45275557041168213]
[0.5209481120109558, 0.580654501914978, 0.42819780111312866, 0.3013949990272522, 0.5155808329582214]
[0.5270827412605286, 0.5967831015586853, 0.41281893849372864, 0.26888126134872437, 0.5519604086875916]
[0.44023263454437256, 0.5601994395256042, 0.44769299030303955, 0.29766780138015747, 0.5017785429954529]
[0.5262224078178406, 0.5997490882873535, 0.41775673627853394, 0.25579312443733215, 0.5406642556190491]
[0.5044575333595276, 0.5727593898773193, 0.4351450204849243, 0.3006373941898346, 0.5388323664665222]
[0.46861696243286133, 0.5857391953468323, 0.43610432744026184, 0.29286327958106995, 0.49320486187934875]
[0.41844287514686584, 0.5445473194122314, 0.5082437992095947, 0.38738083839416504, 0.4756901264190674]
[0.49202990531921387, 0.554510772228241, 0.45928755402565, 0.34264492988586426, 0.5076269507408142]
[0.5429022312164307, 0.5728456377983093, 0.4288129508495331, 0.2923213839530945, 0.5642647743225098]
[0.5280645489692688, 0.574853241443634, 0.4545878469944, 0.2851210832595825, 0.5306450128555298]
[0.5036754012107849, 0.5677791237831116, 0.43737849593162537, 0.30016010999679565, 0.5297192335128784]
[0.5110196471214294, 0.5230936408042908, 0.5206639170646667, 0.3799675703048706, 0.5036273002624512]
[0.5391406416893005, 0.5857088565826416, 0.4288081228733063, 0.2963610291481018, 0.5488993525505066]
[0.4160030484199524, 0.5493624210357666, 0.43458545207977295, 0.3007882833480835, 0.4683142602443695]
[0.5332213044166565, 0.5871968865394592, 0.41422343254089355, 0.2784249186515808, 0.556399405002594]
[0.41849973797798157, 0.5612044334411621, 0.46019572019577026, 0.2981313169002533, 0.4846053719520569]
[0.4740944504737854, 0.5474730134010315, 0.4401639699935913, 0.324534147977829, 0.49860259890556335]
[0.5282526016235352, 0.5663878917694092, 0.419805109500885, 0.28634271025657654, 0.5344071388244629]
[0.49726441502571106, 0.5868384838104248, 0.42432764172554016, 0.2904662489891052, 0.5139601230621338]
[0.49847638607025146, 0.5778915882110596, 0.43303945660591125, 0.30564701557159424, 0.5271728038787842]
[0.559546947479248, 0.5708088278770447, 0.4223034679889679, 0.2816782593727112, 0.5535183548927307]
[0.5891236066818237, 0.5905395150184631, 0.4073934853076935, 0.24121931195259094, 0.5617680549621582]
[0.49360746145248413, 0.5723616480827332, 0.4663439989089966, 0.3182031810283661, 0.5268304944038391]
[0.5294269323348999, 0.5697412490844727, 0.4151325821876526, 0.28659892082214355, 0.5553284883499146]
[0.5565236806869507, 0.5543575286865234, 0.4003134071826935, 0.278037428855896, 0.587740957736969]
[0.5150102972984314, 0.5589241981506348, 0.4180508255958557, 0.3140676021575928, 0.5308437943458557]
[0.39684703946113586, 0.5653483867645264, 0.44241341948509216, 0.30521824955940247, 0.46071523427963257]
[0.5175220370292664, 0.5446279644966125, 0.42169833183288574, 0.2611515522003174, 0.5528446435928345]
[0.506381094455719, 0.5740282535552979, 0.43026918172836304, 0.2794923484325409, 0.541060209274292]
[0.48379552364349365, 0.5937032699584961, 0.41920071840286255, 0.2830924987792969, 0.4925927221775055]
[0.43576034903526306, 0.5592265129089355, 0.4596715569496155, 0.3137591779232025, 0.5081249475479126]
[0.4852990210056305, 0.5777585506439209, 0.4140032231807709, 0.2823229730129242, 0.5097575783729553]
[0.4403664469718933, 0.5539273619651794, 0.4827186167240143, 0.36408376693725586, 0.5020660758018494]
[0.5397786498069763, 0.5914421677589417, 0.406308650970459, 0.2543407380580902, 0.5726657509803772]
[0.4294778108596802, 0.5469852089881897, 0.44849544763565063, 0.30419978499412537, 0.49166053533554077]
[0.5354865789413452, 0.5888907313346863, 0.41922876238822937, 0.2605830132961273, 0.5253303050994873]
[0.5159868597984314, 0.5884208083152771, 0.46495890617370605, 0.30696094036102295, 0.5166669487953186]
[0.4859768748283386, 0.5830990076065063, 0.4439445734024048, 0.2790984511375427, 0.5309460759162903]
[0.5646204948425293, 0.5731421709060669, 0.3985246419906616, 0.26141050457954407, 0.5805498361587524]
[0.377202570438385, 0.5675201416015625, 0.4594901204109192, 0.2993837594985962, 0.4692065417766571]
[0.4650244116783142, 0.5768699049949646, 0.4432328939437866, 0.2886543273925781, 0.5188762545585632]
[0.44325894117355347, 0.5365332365036011, 0.4687579274177551, 0.34084540605545044, 0.48656368255615234]
[0.5065405964851379, 0.5717741250991821, 0.43714118003845215, 0.29725852608680725, 0.5347816348075867]
[0.48848646879196167, 0.599216878414154, 0.4466498792171478, 0.28537923097610474, 0.5164616107940674]
[0.3309570550918579, 0.5475353598594666, 0.5236762762069702, 0.4542141556739807, 0.47552967071533203]
[0.44226133823394775, 0.5423470735549927, 0.4617035686969757, 0.2898551821708679, 0.4997793138027191]
[0.5118181705474854, 0.5905980467796326, 0.404599130153656, 0.27576056122779846, 0.5503923296928406]
[0.5381019711494446, 0.5854855179786682, 0.43420401215553284, 0.30015164613723755, 0.5532428026199341]
[0.5129057168960571, 0.564728319644928, 0.4370454251766205, 0.2822873890399933, 0.5391148924827576]
[0.46008729934692383, 0.5489897131919861, 0.45246368646621704, 0.3098197281360626, 0.48630017042160034]
[0.5354865789413452, 0.5888907313346863, 0.41922876238822937, 0.2605830132961273, 0.5253303050994873]
[0.5833439826965332, 0.5917271971702576, 0.40874335169792175, 0.27314040064811707, 0.5807490348815918]
[0.5333666205406189, 0.5924639105796814, 0.4277332127094269, 0.2723124623298645, 0.5652133226394653]
[0.5561572909355164, 0.5937171578407288, 0.41795048117637634, 0.2560843825340271, 0.5541695356369019]
[0.5288554430007935, 0.5903410911560059, 0.4088123142719269, 0.2769944965839386, 0.5426831841468811]
[0.46709761023521423, 0.5813425779342651, 0.44591963291168213, 0.2965674102306366, 0.5128095746040344]
[0.3861103653907776, 0.5626804232597351, 0.42905399203300476, 0.2910979092121124, 0.48848703503608704]
[0.4650244116783142, 0.5768699049949646, 0.4432328939437866, 0.2886543273925781, 0.5188762545585632]
[0.4837978780269623, 0.5544638633728027, 0.4503384232521057, 0.3097307085990906, 0.5138316750526428]
[0.5322243571281433, 0.5810154676437378, 0.42952752113342285, 0.2865024507045746, 0.5551776885986328]
[0.46661731600761414, 0.5693291425704956, 0.4626963436603546, 0.32534053921699524, 0.5279630422592163]
