1
脚伤照片出来了，不多说了，刘翔，英雄。 质疑刘翔作秀的人，请闭嘴！！！！胆小的MM建议不要看图！
[0.5650327205657959, 0.5778937339782715, 0.39846670627593994, 0.27173739671707153, 0.5564988255500793]
[0.5250537395477295, 0.5779762268066406, 0.4149998724460602, 0.2794678509235382, 0.5270940065383911]
[0.5650327205657959, 0.5778937339782715, 0.39846670627593994, 0.27173739671707153, 0.5564988255500793]
[0.5040035247802734, 0.5719863772392273, 0.43091994524002075, 0.27657848596572876, 0.5261465907096863]
[0.5479734539985657, 0.5754544734954834, 0.4401172399520874, 0.29101234674453735, 0.5548577308654785]
[0.5705435872077942, 0.5948575139045715, 0.4188186824321747, 0.2668987810611725, 0.555791437625885]
[0.5516617298126221, 0.562898576259613, 0.3914061486721039, 0.28287288546562195, 0.5521327257156372]
[0.4215899407863617, 0.5427441000938416, 0.477708101272583, 0.3436879515647888, 0.475189208984375]
[0.4894876778125763, 0.5470174551010132, 0.45301127433776855, 0.2971946597099304, 0.47173669934272766]
[0.5525134801864624, 0.5780112147331238, 0.4327167868614197, 0.28513821959495544, 0.5576105117797852]
[0.5184630751609802, 0.5956060290336609, 0.4229637682437897, 0.26709315180778503, 0.5315142869949341]
[0.5456640720367432, 0.574420154094696, 0.4152125120162964, 0.28278806805610657, 0.5503028631210327]
[0.5932484865188599, 0.5688793063163757, 0.3969411849975586, 0.220402792096138, 0.5913113951683044]
[0.48046034574508667, 0.5742545127868652, 0.4534864127635956, 0.31683430075645447, 0.5207929611206055]
[0.48413604497909546, 0.594496488571167, 0.4225616157054901, 0.2874050438404083, 0.5132110118865967]
[0.523606538772583, 0.5401264429092407, 0.42781251668930054, 0.27789178490638733, 0.5249559879302979]
[0.5139113664627075, 0.569612443447113, 0.4989267885684967, 0.3260270655155182, 0.4772335886955261]
[0.3841257095336914, 0.5701013207435608, 0.44020453095436096, 0.28740236163139343, 0.473023384809494]
[0.5222047567367554, 0.48783445358276367, 0.524536669254303, 0.5050457715988159, 0.5099617838859558]
[0.45921802520751953, 0.5734741687774658, 0.4320487380027771, 0.2864810824394226, 0.4771445691585541]
[0.48117467761039734, 0.5706607103347778, 0.412800669670105, 0.29624536633491516, 0.5103434920310974]
[0.5210213661193848, 0.545571506023407, 0.45850661396980286, 0.31702253222465515, 0.5383168458938599]
[0.4403148293495178, 0.5734681487083435, 0.42903441190719604, 0.283765584230423, 0.4820663332939148]
[0.5354865789413452, 0.5888907313346863, 0.41922876238822937, 0.2605830132961273, 0.5253303050994873]
[0.5417775511741638, 0.579075813293457, 0.4417564272880554, 0.2858739197254181, 0.5411704778671265]
[0.43367308378219604, 0.5751603841781616, 0.42855405807495117, 0.2720431387424469, 0.4828472137451172]
[0.535548985004425, 0.5743044018745422, 0.4219232201576233, 0.27131181955337524, 0.5345061421394348]
[0.49605420231819153, 0.5711051225662231, 0.4285310208797455, 0.3089546859264374, 0.4797268211841583]
[0.5995245575904846, 0.5441311001777649, 0.38657066226005554, 0.25250881910324097, 0.5924263596534729]
[0.5386051535606384, 0.5976372361183167, 0.42222344875335693, 0.26107466220855713, 0.5684272050857544]
[0.5170808434486389, 0.5785786509513855, 0.41952618956565857, 0.293740451335907, 0.5471975207328796]
[0.5346627831459045, 0.5792973637580872, 0.42271411418914795, 0.26507583260536194, 0.5332802534103394]
[0.4418953061103821, 0.5176395773887634, 0.4567125737667084, 0.3307742476463318, 0.46438607573509216]
[0.5040531158447266, 0.5601302981376648, 0.47426995635032654, 0.31070035696029663, 0.5121632218360901]
[0.4437237083911896, 0.5808864831924438, 0.43781134486198425, 0.27734535932540894, 0.47363385558128357]
