1
假如本届伦敦奥运会结束时，中国代表队还能在金牌榜上排第一，现决定：关注 并转发本微博的，每个人送一台iPhone4S，绝不食言。 （不玩文字游戏，绝对的每个人送一部！本公司大量库存，见图）
[0.557332456111908, 0.5265610814094543, 0.4585396647453308, 0.3351065218448639, 0.5673731565475464]
[0.5290395617485046, 0.5894042253494263, 0.42583945393562317, 0.26929599046707153, 0.5579638481140137]
[0.5082647800445557, 0.5358092784881592, 0.4514405131340027, 0.32864445447921753, 0.5513614416122437]
[0.4833039939403534, 0.5694131255149841, 0.43210747838020325, 0.2879422903060913, 0.5277264714241028]
[0.5577284097671509, 0.5839803814888, 0.41635602712631226, 0.2695556581020355, 0.5593014359474182]
[0.441626638174057, 0.5478236079216003, 0.5112595558166504, 0.4304048717021942, 0.4797939360141754]
[0.5020679235458374, 0.5597316026687622, 0.4471648037433624, 0.31422773003578186, 0.5490373969078064]
[0.4799762964248657, 0.5602841377258301, 0.43233293294906616, 0.3279949128627777, 0.5205447673797607]
[0.4487622082233429, 0.5716210603713989, 0.4600348174571991, 0.3031274080276489, 0.45275557041168213]
[0.4738714098930359, 0.5226981043815613, 0.49293139576911926, 0.3610311448574066, 0.4753384292125702]
[0.40220576524734497, 0.5421139001846313, 0.4585401117801666, 0.31399276852607727, 0.4429085850715637]
[0.5044817924499512, 0.5712515115737915, 0.4217280447483063, 0.2913629412651062, 0.49073854088783264]
[0.45854371786117554, 0.5522702932357788, 0.41901177167892456, 0.2800547182559967, 0.5045259594917297]
[0.5082647800445557, 0.5358092784881592, 0.4514405131340027, 0.32864445447921753, 0.5513614416122437]
[0.4939514696598053, 0.5702791810035706, 0.43895989656448364, 0.28411179780960083, 0.5209161043167114]
[0.428360253572464, 0.5585364699363708, 0.4476504623889923, 0.33995160460472107, 0.44435903429985046]
[0.5016940832138062, 0.5704689621925354, 0.4512248635292053, 0.29802411794662476, 0.5241976380348206]
[0.4907061457633972, 0.5652678608894348, 0.42119064927101135, 0.29046693444252014, 0.4908868372440338]
[0.5766979455947876, 0.5587384700775146, 0.3927743136882782, 0.27293267846107483, 0.5777148008346558]
[0.3525565266609192, 0.5549966096878052, 0.4557444751262665, 0.29298844933509827, 0.43208077549934387]
[0.5462360382080078, 0.5881468653678894, 0.4231009781360626, 0.28235965967178345, 0.539649486541748]
[0.4620979428291321, 0.557319164276123, 0.4560399055480957, 0.3332824110984802, 0.4930601716041565]
[0.43505045771598816, 0.5668210983276367, 0.45487961173057556, 0.280550092458725, 0.4802647829055786]
[0.5080143213272095, 0.5352725386619568, 0.4163796603679657, 0.28921329975128174, 0.5541507005691528]
[0.5175361633300781, 0.5617729425430298, 0.4401291310787201, 0.3049684166908264, 0.5019100904464722]
[0.5239614844322205, 0.6007249355316162, 0.42685964703559875, 0.27150774002075195, 0.5454275608062744]
[0.5191478729248047, 0.5799169540405273, 0.4384170174598694, 0.2869862914085388, 0.532744288444519]
[0.44643959403038025, 0.5691046714782715, 0.4561973512172699, 0.3063884675502777, 0.47210898995399475]
[0.5273061394691467, 0.5765705704689026, 0.400839239358902, 0.28059571981430054, 0.5409002900123596]
[0.5217447876930237, 0.5772979855537415, 0.4279271066188812, 0.28420087695121765, 0.532067060470581]
[0.5371659398078918, 0.5661665797233582, 0.4222997725009918, 0.29338499903678894, 0.5164971351623535]
[0.5250893235206604, 0.5254601836204529, 0.43260860443115234, 0.2884466350078583, 0.5392001867294312]
[0.5082647800445557, 0.5358092784881592, 0.4514405131340027, 0.32864445447921753, 0.5513614416122437]
[0.43928033113479614, 0.5755216479301453, 0.43812182545661926, 0.28464990854263306, 0.4676651954650879]
[0.5011408925056458, 0.5812583565711975, 0.4151788353919983, 0.2719908654689789, 0.49172067642211914]
[0.5024324655532837, 0.5349273085594177, 0.46407225728034973, 0.3341294527053833, 0.49858513474464417]
[0.49155694246292114, 0.588996946811676, 0.44392842054367065, 0.27699553966522217, 0.5280768275260925]
[0.42805323004722595, 0.5558568835258484, 0.47055327892303467, 0.3175632059574127, 0.48465263843536377]
[0.49380549788475037, 0.5864652991294861, 0.4270673096179962, 0.2769460678100586, 0.5340947508811951]
[0.4973893165588379, 0.5658584237098694, 0.43615520000457764, 0.3080257475376129, 0.5147654414176941]
[0.5510600805282593, 0.5907062292098999, 0.3874821960926056, 0.250845342874527, 0.5721284747123718]
[0.5325873494148254, 0.5880876183509827, 0.42129048705101013, 0.2533036768436432, 0.5475322008132935]
[0.44253242015838623, 0.5764195322990417, 0.44837436079978943, 0.2990621030330658, 0.4961850643157959]
[0.4685509502887726, 0.5629700422286987, 0.455078661441803, 0.3197302222251892, 0.4666956663131714]
[0.5398131012916565, 0.530609667301178, 0.46377530694007874, 0.3595072329044342, 0.5567246079444885]
[0.4487622082233429, 0.5716210603713989, 0.4600348174571991, 0.3031274080276489, 0.45275557041168213]
[0.4851580560207367, 0.5750022530555725, 0.45653942227363586, 0.32517868280410767, 0.5073279142379761]
[0.48521721363067627, 0.5883957147598267, 0.4389716684818268, 0.2933821976184845, 0.523744523525238]
[0.5215317010879517, 0.5341605544090271, 0.433605432510376, 0.3378448486328125, 0.5375140905380249]
[0.4487622082233429, 0.5716210603713989, 0.4600348174571991, 0.3031274080276489, 0.45275557041168213]
[0.5264497995376587, 0.5813826322555542, 0.40486660599708557, 0.2720179259777069, 0.530237078666687]
[0.5312179327011108, 0.583070695400238, 0.4142923951148987, 0.25005796551704407, 0.5328344702720642]
[0.5042157769203186, 0.5705239772796631, 0.42843806743621826, 0.30219727754592896, 0.5376319289207458]
[0.4487622082233429, 0.5716210603713989, 0.4600348174571991, 0.3031274080276489, 0.45275557041168213]
[0.5353521704673767, 0.5871042609214783, 0.45527738332748413, 0.31313273310661316, 0.5379698276519775]
[0.4932312071323395, 0.5569156408309937, 0.4549832344055176, 0.32153016328811646, 0.481598824262619]
[0.4934166967868805, 0.5868629217147827, 0.4470164477825165, 0.28823122382164, 0.4850083887577057]
[0.4487622082233429, 0.5716210603713989, 0.4600348174571991, 0.3031274080276489, 0.45275557041168213]
[0.3872818350791931, 0.5658924579620361, 0.45854803919792175, 0.2931976616382599, 0.4526635408401489]
[0.4487622082233429, 0.5716210603713989, 0.4600348174571991, 0.3031274080276489, 0.45275557041168213]
[0.5040035247802734, 0.5719863772392273, 0.43091994524002075, 0.27657848596572876, 0.5261465907096863]
[0.4089055061340332, 0.5784577131271362, 0.45308005809783936, 0.2784103751182556, 0.48602575063705444]
[0.5317573547363281, 0.570501446723938, 0.4220593273639679, 0.29401594400405884, 0.5288135409355164]
[0.5297050476074219, 0.5618799328804016, 0.44458746910095215, 0.31031885743141174, 0.5535622239112854]
[0.4880632162094116, 0.5868604779243469, 0.43443185091018677, 0.27956467866897583, 0.5300235748291016]
[0.5202590227127075, 0.5916535258293152, 0.42591843008995056, 0.26821714639663696, 0.5464126467704773]
[0.42911359667778015, 0.5583806037902832, 0.4441983699798584, 0.3178548216819763, 0.47514215111732483]
[0.39805352687835693, 0.5526705384254456, 0.45347240567207336, 0.36536118388175964, 0.4631149172782898]
[0.4231036305427551, 0.5587877035140991, 0.45780423283576965, 0.29264822602272034, 0.49300244450569153]
[0.5118396282196045, 0.5588855147361755, 0.44246411323547363, 0.31173449754714966, 0.49868547916412354]
[0.5238040089607239, 0.5680487751960754, 0.41716063022613525, 0.27777373790740967, 0.5321838855743408]
[0.4514324963092804, 0.5575992465019226, 0.45350131392478943, 0.340752512216568, 0.48385897278785706]
[0.5325873494148254, 0.5880876183509827, 0.42129048705101013, 0.2533036768436432, 0.5475322008132935]
[0.4851580560207367, 0.5750022530555725, 0.45653942227363586, 0.32517868280410767, 0.5073279142379761]
[0.49305957555770874, 0.5621182918548584, 0.44370657205581665, 0.3066142499446869, 0.49891743063926697]
[0.4821072220802307, 0.5569581985473633, 0.4543965458869934, 0.2738552987575531, 0.5188585519790649]
[0.3395443558692932, 0.5590869188308716, 0.44247865676879883, 0.2883996069431305, 0.4316255450248718]
[0.4650244116783142, 0.5768699049949646, 0.4432328939437866, 0.2886543273925781, 0.5188762545585632]
[0.43181970715522766, 0.5611816048622131, 0.45270776748657227, 0.2940084636211395, 0.4738197922706604]
[0.5330058336257935, 0.5194938778877258, 0.44433027505874634, 0.32362914085388184, 0.560180127620697]
[0.557332456111908, 0.5265610814094543, 0.4585396647453308, 0.3351065218448639, 0.5673731565475464]
[0.43928033113479614, 0.5755216479301453, 0.43812182545661926, 0.28464990854263306, 0.4676651954650879]
[0.4899827241897583, 0.5891762375831604, 0.4305815100669861, 0.27821263670921326, 0.5306439995765686]
[0.5717044472694397, 0.5755185484886169, 0.42058077454566956, 0.2660309076309204, 0.5704326629638672]
[0.5386655330657959, 0.5828520059585571, 0.4344719350337982, 0.2907119393348694, 0.5247735381126404]
[0.5651268362998962, 0.5349521636962891, 0.4317096769809723, 0.29654446244239807, 0.565344512462616]
[0.4677687883377075, 0.5377716422080994, 0.46338436007499695, 0.38467735052108765, 0.47692885994911194]
[0.5337427258491516, 0.5722317695617676, 0.41771966218948364, 0.2872155010700226, 0.524648904800415]
[0.5423752665519714, 0.5602195262908936, 0.4083753824234009, 0.26187217235565186, 0.5627017021179199]
[0.5300589799880981, 0.5896108150482178, 0.4183662533760071, 0.24736639857292175, 0.5576911568641663]
[0.4749852418899536, 0.5844650864601135, 0.433318555355072, 0.28282874822616577, 0.49558836221694946]
[0.5414398908615112, 0.5718187689781189, 0.39952319860458374, 0.25457414984703064, 0.5772090554237366]
[0.5146110653877258, 0.5546494722366333, 0.4464004933834076, 0.32654058933258057, 0.4821559488773346]
[0.49684903025627136, 0.5674837231636047, 0.43884870409965515, 0.2859640121459961, 0.5372592806816101]
[0.5613988041877747, 0.5932641625404358, 0.4236918091773987, 0.2567906081676483, 0.5587010979652405]
[0.4487622082233429, 0.5716210603713989, 0.4600348174571991, 0.3031274080276489, 0.45275557041168213]
[0.46646779775619507, 0.5525760054588318, 0.4996181130409241, 0.3913528621196747, 0.5033923983573914]
[0.349319189786911, 0.5441678166389465, 0.43470028042793274, 0.3107178509235382, 0.42888814210891724]
[0.481065034866333, 0.5534172654151917, 0.4583718776702881, 0.31214314699172974, 0.5266788005828857]
[0.4272163212299347, 0.578639805316925, 0.4649880826473236, 0.29797032475471497, 0.4680140018463135]
[0.5329893231391907, 0.5375269651412964, 0.47098857164382935, 0.3480249345302582, 0.5564590692520142]
