1
【司机朋友请注意！！！】： 如果晚上驾驶汽车经过漆黑路段时，受到鸡蛋攻击，千万不要启动喷水功能和开动雨刷。因为鸡蛋参水后将呈现白色，阻挡视线高达92.5％，你将被迫停在路边而成为劫匪的囊中物，这是歹徒最新技俩，应迅速驰离危险区域再做处理。转给自己身边的朋友亲人！
[0.5027339458465576, 0.5050461292266846, 0.5210932493209839, 0.45946404337882996, 0.5745955109596252]
[0.4843192994594574, 0.5683218836784363, 0.4245873987674713, 0.28582435846328735, 0.5234612226486206]
[0.4400685131549835, 0.5710997581481934, 0.45068737864494324, 0.32685214281082153, 0.469879686832428]
[0.4985644519329071, 0.5687465667724609, 0.44211989641189575, 0.306534081697464, 0.5137212872505188]
[0.5298077464103699, 0.5928977727890015, 0.4256591498851776, 0.28714707493782043, 0.5272103548049927]
[0.45338600873947144, 0.5603285431861877, 0.45726361870765686, 0.36403417587280273, 0.4780748784542084]
[0.5653747320175171, 0.5958674550056458, 0.410073459148407, 0.2521335780620575, 0.5308053493499756]
[0.5028661489486694, 0.5205175876617432, 0.4724572002887726, 0.3684200048446655, 0.5241307020187378]
[0.5330605506896973, 0.5885763764381409, 0.43313461542129517, 0.2780517637729645, 0.5529278516769409]
[0.4987574815750122, 0.5647995471954346, 0.4558408260345459, 0.33112603425979614, 0.5122790932655334]
[0.577720046043396, 0.5807169675827026, 0.4005813002586365, 0.2596460282802582, 0.5714297294616699]
[0.44847920536994934, 0.5881069302558899, 0.4489934742450714, 0.2855404019355774, 0.48291492462158203]
[0.5687373876571655, 0.5694904327392578, 0.42742156982421875, 0.2884906828403473, 0.5509855151176453]
[0.4665418863296509, 0.569556474685669, 0.4426991939544678, 0.3080161213874817, 0.49955692887306213]
[0.42046844959259033, 0.5374939441680908, 0.5128468871116638, 0.419971227645874, 0.5088086128234863]
[0.44526177644729614, 0.5782157182693481, 0.43330898880958557, 0.3055168688297272, 0.4906873404979706]
[0.3139108121395111, 0.56053626537323, 0.4509721100330353, 0.2867964208126068, 0.4229436218738556]
[0.4960739314556122, 0.5433194041252136, 0.4384518563747406, 0.2928631603717804, 0.5028740167617798]
[0.5267243981361389, 0.5710918307304382, 0.4285720884799957, 0.2896422743797302, 0.5419387221336365]
[0.43398594856262207, 0.5692685842514038, 0.4507209360599518, 0.2903500497341156, 0.5018542408943176]
[0.4731450378894806, 0.562315821647644, 0.4345300495624542, 0.2929595410823822, 0.49083903431892395]
[0.5662489533424377, 0.5669764876365662, 0.40159815549850464, 0.25450456142425537, 0.5703895092010498]
[0.44148460030555725, 0.545536458492279, 0.4930739402770996, 0.3475499153137207, 0.5067506432533264]
[0.5260953903198242, 0.5588135719299316, 0.4293440282344818, 0.2921585738658905, 0.532982587814331]
[0.49091631174087524, 0.5866967439651489, 0.4481782615184784, 0.2963792383670807, 0.5011689066886902]
[0.5043014883995056, 0.5738751888275146, 0.41968128085136414, 0.30129724740982056, 0.5014499425888062]
[0.5331129431724548, 0.5710146427154541, 0.4344698488712311, 0.3030906915664673, 0.5508020520210266]
[0.48716187477111816, 0.585250973701477, 0.4232970178127289, 0.2700643539428711, 0.49718955159187317]
[0.4731450378894806, 0.562315821647644, 0.4345300495624542, 0.2929595410823822, 0.49083903431892395]
[0.545879065990448, 0.5625580549240112, 0.41333308815956116, 0.2675793468952179, 0.5692950487136841]
[0.4562634527683258, 0.5741657614707947, 0.4621082842350006, 0.2985086143016815, 0.5149931311607361]
[0.5055640339851379, 0.577068030834198, 0.43475833535194397, 0.3031744360923767, 0.5238848924636841]
[0.4731450378894806, 0.562315821647644, 0.4345300495624542, 0.2929595410823822, 0.49083903431892395]
[0.5624362826347351, 0.5704976916313171, 0.40835198760032654, 0.26594769954681396, 0.567448616027832]
[0.5438017845153809, 0.5942021012306213, 0.41521143913269043, 0.26803213357925415, 0.5571514964103699]
[0.3601253628730774, 0.5588699579238892, 0.4370354115962982, 0.2802875339984894, 0.4537184536457062]
[0.4731450378894806, 0.562315821647644, 0.4345300495624542, 0.2929595410823822, 0.49083903431892395]
[0.4822836220264435, 0.5628333687782288, 0.4930436313152313, 0.3805203437805176, 0.5030225515365601]
[0.4731450378894806, 0.562315821647644, 0.4345300495624542, 0.2929595410823822, 0.49083903431892395]
[0.4602385461330414, 0.5889264941215515, 0.4611278772354126, 0.28861430287361145, 0.5030232667922974]
[0.4536033868789673, 0.5902352333068848, 0.42786499857902527, 0.2693879008293152, 0.5087438821792603]
[0.5325883626937866, 0.5772815346717834, 0.41025882959365845, 0.27981680631637573, 0.5175735354423523]
[0.6156781315803528, 0.533596932888031, 0.4013558328151703, 0.27241793274879456, 0.5954268574714661]
[0.478424996137619, 0.5371002554893494, 0.46884885430336, 0.3616733253002167, 0.5003145337104797]
[0.5438017845153809, 0.5942021012306213, 0.41521143913269043, 0.26803213357925415, 0.5571514964103699]
[0.4907061457633972, 0.5652678608894348, 0.42119064927101135, 0.29046693444252014, 0.4908868372440338]
[0.5138245224952698, 0.5827553868293762, 0.41376179456710815, 0.2914446294307709, 0.5102149844169617]
[0.4731450378894806, 0.562315821647644, 0.4345300495624542, 0.2929595410823822, 0.49083903431892395]
[0.5115107893943787, 0.544398844242096, 0.4944959878921509, 0.38721349835395813, 0.5412372946739197]
[0.5281259417533875, 0.55506831407547, 0.4351601302623749, 0.28592050075531006, 0.5475359559059143]
[0.38101521134376526, 0.5573957562446594, 0.4597431719303131, 0.312932550907135, 0.45788124203681946]
[0.4731450378894806, 0.562315821647644, 0.4345300495624542, 0.2929595410823822, 0.49083903431892395]
[0.4731450378894806, 0.562315821647644, 0.4345300495624542, 0.2929595410823822, 0.49083903431892395]
[0.47137451171875, 0.555326521396637, 0.4440275728702545, 0.2854083180427551, 0.5239112377166748]
[0.47987815737724304, 0.5520157217979431, 0.43080198764801025, 0.2832743227481842, 0.5281111001968384]
[0.523984432220459, 0.5515697598457336, 0.4268844723701477, 0.27553418278694153, 0.5329593420028687]
[0.4257410764694214, 0.5595804452896118, 0.45951399207115173, 0.3302778899669647, 0.46682801842689514]
[0.4575982093811035, 0.5853033661842346, 0.4313928782939911, 0.2760189473628998, 0.5220043659210205]
[0.44575831294059753, 0.5634053945541382, 0.4592891037464142, 0.31677573919296265, 0.4741491973400116]
[0.4793395400047302, 0.5671106576919556, 0.4396307170391083, 0.30775293707847595, 0.4873259663581848]
[0.41614794731140137, 0.551322877407074, 0.48514920473098755, 0.358047753572464, 0.47788572311401367]
[0.5022088289260864, 0.5728121399879456, 0.4218664765357971, 0.2953641712665558, 0.506952702999115]
[0.48499104380607605, 0.5145052671432495, 0.49508562684059143, 0.42483651638031006, 0.5352407097816467]
[0.529313325881958, 0.5630906224250793, 0.428467720746994, 0.28007176518440247, 0.5396167635917664]
[0.4198755621910095, 0.5850405693054199, 0.46436402201652527, 0.29488620162010193, 0.4896300137042999]
[0.46460676193237305, 0.5342462658882141, 0.47502344846725464, 0.339752197265625, 0.4852735698223114]
[0.44677281379699707, 0.5843774676322937, 0.43852972984313965, 0.28930193185806274, 0.5062927603721619]
[0.5044736862182617, 0.5731227993965149, 0.4242037236690521, 0.2968814969062805, 0.5074496865272522]
[0.4944741725921631, 0.5612704157829285, 0.43527185916900635, 0.30108708143234253, 0.4977458417415619]
[0.49685466289520264, 0.5724868774414062, 0.42439359426498413, 0.29268866777420044, 0.4889020621776581]
[0.47316980361938477, 0.5560994148254395, 0.41804826259613037, 0.27218207716941833, 0.5168302655220032]
[0.5224952101707458, 0.5816651582717896, 0.4243382513523102, 0.2783691883087158, 0.5590615272521973]
[0.5259047150611877, 0.5843453407287598, 0.4179695248603821, 0.28406715393066406, 0.5438671708106995]
[0.3525565266609192, 0.5549966096878052, 0.4557444751262665, 0.29298844933509827, 0.43208077549934387]
[0.4814680814743042, 0.5697919130325317, 0.43434178829193115, 0.30170610547065735, 0.5231837630271912]
[0.5212295055389404, 0.5534069538116455, 0.4251299500465393, 0.2836761176586151, 0.5509316325187683]
[0.5408362746238708, 0.5750728249549866, 0.4252481460571289, 0.2732279896736145, 0.5380270481109619]
[0.4944741725921631, 0.5612704157829285, 0.43527185916900635, 0.30108708143234253, 0.4977458417415619]
[0.4479588270187378, 0.5566148161888123, 0.4441475570201874, 0.3177889585494995, 0.4626711905002594]
[0.5626627206802368, 0.556706428527832, 0.4053918123245239, 0.2831000089645386, 0.5540056228637695]
[0.5438017845153809, 0.5942021012306213, 0.41521143913269043, 0.26803213357925415, 0.5571514964103699]
[0.46712175011634827, 0.5577430725097656, 0.4727212190628052, 0.36210379004478455, 0.5008378028869629]
[0.44575831294059753, 0.5634053945541382, 0.4592891037464142, 0.31677573919296265, 0.4741491973400116]
[0.43950432538986206, 0.5781406164169312, 0.4427368640899658, 0.30064553022384644, 0.47692254185676575]
[0.4944741725921631, 0.5612704157829285, 0.43527185916900635, 0.30108708143234253, 0.4977458417415619]
[0.5164243578910828, 0.5768992900848389, 0.45101198554039, 0.3300834596157074, 0.5222221612930298]
[0.5462082028388977, 0.592681884765625, 0.4091360569000244, 0.2556793689727783, 0.5683415532112122]
[0.4944741725921631, 0.5612704157829285, 0.43527185916900635, 0.30108708143234253, 0.4977458417415619]
[0.4944741725921631, 0.5612704157829285, 0.43527185916900635, 0.30108708143234253, 0.4977458417415619]
[0.5607025027275085, 0.5967831015586853, 0.40381425619125366, 0.2474936693906784, 0.5622585415840149]
[0.4944741725921631, 0.5612704157829285, 0.43527185916900635, 0.30108708143234253, 0.4977458417415619]
[0.48716187477111816, 0.585250973701477, 0.4232970178127289, 0.2700643539428711, 0.49718955159187317]
[0.4886096119880676, 0.5792063474655151, 0.4273422956466675, 0.2719643712043762, 0.5429180264472961]
[0.416271448135376, 0.5763152837753296, 0.4356174170970917, 0.290353387594223, 0.4663355350494385]
[0.5022088289260864, 0.5728121399879456, 0.4218664765357971, 0.2953641712665558, 0.506952702999115]
[0.5056649446487427, 0.589733362197876, 0.4067099094390869, 0.2731408476829529, 0.5367302894592285]
[0.4940192997455597, 0.5547353625297546, 0.4919784367084503, 0.35274356603622437, 0.5043625235557556]
[0.6087846159934998, 0.5751829743385315, 0.36547723412513733, 0.23802676796913147, 0.600652277469635]
[0.5223137140274048, 0.5727672576904297, 0.409976065158844, 0.26939281821250916, 0.5575225949287415]
[0.416271448135376, 0.5763152837753296, 0.4356174170970917, 0.290353387594223, 0.4663355350494385]
[0.5013856887817383, 0.5761014223098755, 0.42359116673469543, 0.2943170368671417, 0.523131787776947]
