1
周克华已经在歌乐山脚下被捕，自杀未成，大腿被特警打伤。被捕时候藏在一溪水的水草深处，一年经的特警发现了其中的一只脚掌，顺而激战捕获。
[0.5346774458885193, 0.5532463192939758, 0.44965311884880066, 0.27396368980407715, 0.5445346236228943]
[0.554594874382019, 0.5877807140350342, 0.4298587739467621, 0.27799513936042786, 0.5379198789596558]
[0.550561785697937, 0.58016437292099, 0.42918694019317627, 0.2871701717376709, 0.556050717830658]
[0.5249218344688416, 0.5312566161155701, 0.451904833316803, 0.37763094902038574, 0.4989555776119232]
[0.5076426267623901, 0.5791442394256592, 0.41524529457092285, 0.3007926940917969, 0.506682276725769]
[0.5016219019889832, 0.5665939450263977, 0.42510658502578735, 0.2756273150444031, 0.5076674818992615]
[0.4366488754749298, 0.5793625712394714, 0.44044944643974304, 0.322752982378006, 0.4690849781036377]
[0.5005075931549072, 0.5733388066291809, 0.4394795000553131, 0.28667500615119934, 0.5126408934593201]
[0.5087766647338867, 0.5255773067474365, 0.462018221616745, 0.3355306088924408, 0.47562485933303833]
[0.5148956775665283, 0.5794572830200195, 0.41901734471321106, 0.3079439103603363, 0.5180847644805908]
[0.5011047124862671, 0.5566815733909607, 0.46059247851371765, 0.3733651638031006, 0.5091965794563293]
[0.5384219884872437, 0.573769748210907, 0.4491100609302521, 0.2817460298538208, 0.5564587712287903]
[0.5151172876358032, 0.5568075180053711, 0.4580260217189789, 0.3453044891357422, 0.5208849310874939]
[0.5181610584259033, 0.5488247275352478, 0.44138386845588684, 0.29600727558135986, 0.49320724606513977]
[0.4198288321495056, 0.566719114780426, 0.43897202610969543, 0.28065863251686096, 0.46184179186820984]
[0.449550598859787, 0.5629928708076477, 0.4439830183982849, 0.34197306632995605, 0.47431522607803345]
[0.4986855983734131, 0.5626440644264221, 0.43520116806030273, 0.3111523985862732, 0.5143694281578064]
[0.47425612807273865, 0.5785049200057983, 0.4397018551826477, 0.3021250367164612, 0.4918173551559448]
[0.47480037808418274, 0.5068737864494324, 0.5134108662605286, 0.4363398849964142, 0.5188651084899902]
[0.4738868176937103, 0.5688562393188477, 0.4373481273651123, 0.3137250542640686, 0.5079861283302307]
[0.5429955124855042, 0.5461819171905518, 0.4461769759654999, 0.31602784991264343, 0.5424193143844604]
[0.5044347643852234, 0.5097231864929199, 0.5013031959533691, 0.41076457500457764, 0.5054534077644348]
[0.49994635581970215, 0.560011625289917, 0.461884468793869, 0.3157512843608856, 0.5190468430519104]
[0.540685772895813, 0.5915644764900208, 0.42892754077911377, 0.28064286708831787, 0.5521284341812134]
[0.41179850697517395, 0.5558798313140869, 0.47445011138916016, 0.36411604285240173, 0.4409915804862976]
[0.5034664869308472, 0.5716089606285095, 0.4280009865760803, 0.2925630509853363, 0.5318375825881958]
[0.5430226922035217, 0.5750043988227844, 0.4470071792602539, 0.27458643913269043, 0.5529085397720337]
[0.5168145298957825, 0.5110533237457275, 0.48704099655151367, 0.40752559900283813, 0.5310937762260437]
[0.5061528086662292, 0.5793235301971436, 0.42584463953971863, 0.27961966395378113, 0.5189689993858337]
[0.4907926917076111, 0.5637834668159485, 0.4414612948894501, 0.2947947084903717, 0.49108949303627014]
[0.42415764927864075, 0.5351667404174805, 0.4646637439727783, 0.3530592918395996, 0.4534625709056854]
[0.4487622082233429, 0.5716210603713989, 0.4600348174571991, 0.3031274080276489, 0.45275557041168213]
[0.5439070463180542, 0.523639440536499, 0.4817812740802765, 0.38614892959594727, 0.5404782891273499]
[0.49569880962371826, 0.5666956305503845, 0.4254165291786194, 0.27531689405441284, 0.5449413657188416]
[0.49510765075683594, 0.547817587852478, 0.46959975361824036, 0.29627150297164917, 0.5256937146186829]
[0.5080143213272095, 0.5352725386619568, 0.4163796603679657, 0.28921329975128174, 0.5541507005691528]
[0.4275378882884979, 0.5718470811843872, 0.44574612379074097, 0.29460960626602173, 0.4921588897705078]
[0.5896202325820923, 0.6009964942932129, 0.3933485150337219, 0.243545264005661, 0.5743495225906372]
[0.4487622082233429, 0.5716210603713989, 0.4600348174571991, 0.3031274080276489, 0.45275557041168213]
[0.5633860230445862, 0.5589174628257751, 0.39332112669944763, 0.23713119328022003, 0.5510162115097046]
[0.5417515635490417, 0.5826703906059265, 0.41409796476364136, 0.25831058621406555, 0.5444175601005554]
[0.5047188997268677, 0.5856964588165283, 0.432144433259964, 0.28188666701316833, 0.5239564776420593]
[0.42071762681007385, 0.5621549487113953, 0.4446711838245392, 0.3029661774635315, 0.47493693232536316]
[0.4362863302230835, 0.5666746497154236, 0.44978874921798706, 0.2963232100009918, 0.48268458247184753]
[0.5428497195243835, 0.5912656784057617, 0.4263545274734497, 0.2746523320674896, 0.5519096851348877]
[0.48466137051582336, 0.5629115700721741, 0.4341239333152771, 0.31359484791755676, 0.5008580684661865]
[0.5139617323875427, 0.5929368138313293, 0.41964560747146606, 0.23943687975406647, 0.5214974880218506]
[0.5711544752120972, 0.5917998552322388, 0.407341331243515, 0.26189300417900085, 0.5726853013038635]
[0.5770754218101501, 0.560186505317688, 0.4155988395214081, 0.25338977575302124, 0.5670552253723145]
[0.47641003131866455, 0.5585694909095764, 0.4589847922325134, 0.35973498225212097, 0.5284261107444763]
[0.5385962724685669, 0.5818356275558472, 0.43775078654289246, 0.2762570083141327, 0.5311797261238098]
[0.5441926121711731, 0.5796998143196106, 0.39340323209762573, 0.2364615797996521, 0.5695136189460754]
[0.5341351628303528, 0.5645036697387695, 0.4255319833755493, 0.2983299493789673, 0.5458680391311646]
[0.5060180425643921, 0.5456179976463318, 0.4194355309009552, 0.31526196002960205, 0.5441790223121643]
[0.5204994678497314, 0.5874238014221191, 0.41843315958976746, 0.2728574573993683, 0.5349612236022949]
[0.5417515635490417, 0.5826703906059265, 0.41409796476364136, 0.25831058621406555, 0.5444175601005554]
[0.5400903820991516, 0.5835076570510864, 0.4344645142555237, 0.26322659850120544, 0.5375416874885559]
[0.5768174529075623, 0.5747455358505249, 0.39967185258865356, 0.23221620917320251, 0.5668444037437439]
[0.46861690282821655, 0.5682882070541382, 0.4417571723461151, 0.30865955352783203, 0.4746232032775879]
[0.5308096408843994, 0.5656153559684753, 0.40852606296539307, 0.26418688893318176, 0.566824734210968]
[0.5111943483352661, 0.5756036639213562, 0.4332886040210724, 0.2777117192745209, 0.5181496739387512]
[0.5034229159355164, 0.5805166363716125, 0.43478924036026, 0.2991620600223541, 0.49711790680885315]
[0.45990824699401855, 0.5661116242408752, 0.4728495478630066, 0.32839643955230713, 0.4975263178348541]
[0.5896202325820923, 0.6009964942932129, 0.3933485150337219, 0.243545264005661, 0.5743495225906372]
[0.47094351053237915, 0.5527715086936951, 0.44795534014701843, 0.30162274837493896, 0.4931768476963043]
[0.5164048671722412, 0.5859144330024719, 0.4175477623939514, 0.27894851565361023, 0.5374931693077087]
[0.5518937706947327, 0.582190990447998, 0.4042024612426758, 0.26173534989356995, 0.5667198896408081]
[0.3513955771923065, 0.557442843914032, 0.42990240454673767, 0.2888171374797821, 0.44313305616378784]
[0.5439908504486084, 0.5643118619918823, 0.4195200800895691, 0.28564971685409546, 0.5554340481758118]
[0.49849939346313477, 0.5590448379516602, 0.4690992832183838, 0.318112313747406, 0.511018693447113]
[0.449550598859787, 0.5629928708076477, 0.4439830183982849, 0.34197306632995605, 0.47431522607803345]
[0.5791441798210144, 0.5710790753364563, 0.4164329171180725, 0.2576858699321747, 0.5590147376060486]
[0.4311773180961609, 0.5875051021575928, 0.46050071716308594, 0.31581583619117737, 0.4824937880039215]
[0.5028507113456726, 0.5656286478042603, 0.4310121238231659, 0.31726309657096863, 0.5096593499183655]
[0.4372141659259796, 0.5687118172645569, 0.4436055123806, 0.3027395009994507, 0.4697531759738922]
[0.5118494033813477, 0.5388496518135071, 0.45868584513664246, 0.3286232650279999, 0.5401555895805359]
[0.48216021060943604, 0.5803611874580383, 0.44401177763938904, 0.2818587124347687, 0.516497015953064]
