1
这事，刘翔还真的不好解释了！
[0.3835846781730652, 0.5526286363601685, 0.47619491815567017, 0.3631717562675476, 0.43187999725341797]
[0.49409881234169006, 0.585178017616272, 0.4122195243835449, 0.27345898747444153, 0.4973316192626953]
[0.5233105421066284, 0.5542432069778442, 0.45618733763694763, 0.29248046875, 0.5103954672813416]
[0.45756226778030396, 0.544994592666626, 0.5068894624710083, 0.36785319447517395, 0.5208658576011658]
[0.42747020721435547, 0.5639517903327942, 0.466380774974823, 0.30981194972991943, 0.47346433997154236]
[0.45477569103240967, 0.5460030436515808, 0.4417423605918884, 0.28495922684669495, 0.4480443000793457]
[0.5574072599411011, 0.5972098708152771, 0.3988582491874695, 0.253081738948822, 0.5530797243118286]
[0.4643070101737976, 0.5836355090141296, 0.4382212460041046, 0.2863520681858063, 0.5095101594924927]
[0.4272163212299347, 0.578639805316925, 0.4649880826473236, 0.29797032475471497, 0.4680140018463135]
[0.4888678193092346, 0.5736340284347534, 0.4131213426589966, 0.28982165455818176, 0.5270894169807434]
[0.5392138957977295, 0.5823938250541687, 0.4261903762817383, 0.27492547035217285, 0.5122859477996826]
[0.5191009044647217, 0.5634867548942566, 0.4492432475090027, 0.31241247057914734, 0.5046684145927429]
[0.5540098547935486, 0.5932283997535706, 0.3980678915977478, 0.24479444324970245, 0.5728326439857483]
[0.4912848472595215, 0.5589207410812378, 0.46175408363342285, 0.3394550085067749, 0.529464840888977]
[0.47130462527275085, 0.5885032415390015, 0.45398205518722534, 0.2886567711830139, 0.5405324697494507]
[0.5774304270744324, 0.6065936088562012, 0.41549786925315857, 0.2480234056711197, 0.5604559779167175]
[0.5353569984436035, 0.5578638911247253, 0.44517117738723755, 0.2654494345188141, 0.5443053245544434]
[0.47381144762039185, 0.5562158226966858, 0.4692786931991577, 0.31285160779953003, 0.5253476500511169]
[0.5647189021110535, 0.5761937499046326, 0.41250789165496826, 0.2914520502090454, 0.5396808981895447]
[0.490949809551239, 0.5953261852264404, 0.44673141837120056, 0.28734809160232544, 0.4994197189807892]
[0.3949308395385742, 0.5571882128715515, 0.43678009510040283, 0.3102618157863617, 0.465204119682312]
[0.49020010232925415, 0.5569363236427307, 0.47005710005760193, 0.32065582275390625, 0.5300507545471191]
[0.4374777674674988, 0.5609095692634583, 0.45216768980026245, 0.29289349913597107, 0.51139897108078]
[0.4631696939468384, 0.5498380661010742, 0.4376021921634674, 0.3241632878780365, 0.4733242988586426]
[0.4045185148715973, 0.5564162135124207, 0.4398547112941742, 0.3048226535320282, 0.46363893151283264]
[0.5815899968147278, 0.5703243613243103, 0.401917964220047, 0.2555646598339081, 0.558544933795929]
[0.5209125876426697, 0.566084623336792, 0.43619316816329956, 0.2876870930194855, 0.5409380793571472]
[0.4661712050437927, 0.5435872673988342, 0.4500916302204132, 0.30802521109580994, 0.48385903239250183]
[0.36564603447914124, 0.5460466742515564, 0.447770893573761, 0.36576008796691895, 0.4422510862350464]
[0.4381309747695923, 0.5578991770744324, 0.45392999053001404, 0.30857548117637634, 0.4653015434741974]
[0.4366488754749298, 0.5793625712394714, 0.44044944643974304, 0.322752982378006, 0.4690849781036377]
[0.48379552364349365, 0.5937032699584961, 0.41920071840286255, 0.2830924987792969, 0.4925927221775055]
[0.45900577306747437, 0.5269292593002319, 0.48464298248291016, 0.39168038964271545, 0.4875311851501465]
[0.47824910283088684, 0.5675731301307678, 0.44163891673088074, 0.29960212111473083, 0.5007448196411133]
[0.42441490292549133, 0.5676126480102539, 0.4618966281414032, 0.3119684159755707, 0.45158058404922485]
[0.495345801115036, 0.5438057780265808, 0.47763097286224365, 0.35978081822395325, 0.5192549228668213]
[0.48703786730766296, 0.534659743309021, 0.47403690218925476, 0.3470574915409088, 0.5372309684753418]
[0.5197814106941223, 0.5910040736198425, 0.4249347448348999, 0.25695130228996277, 0.5436766147613525]
[0.4180011749267578, 0.5732256174087524, 0.4528775215148926, 0.3229828476905823, 0.4546048045158386]
[0.5297601222991943, 0.5483178496360779, 0.44027069211006165, 0.3572693169116974, 0.4960012435913086]
[0.4765544533729553, 0.5388171076774597, 0.45721402764320374, 0.32714539766311646, 0.5089845657348633]
[0.3456193208694458, 0.5846258997917175, 0.5540309548377991, 0.5113748908042908, 0.4570935368537903]
[0.46076324582099915, 0.577366828918457, 0.44725167751312256, 0.27021417021751404, 0.47878149151802063]
[0.4788278341293335, 0.5761369466781616, 0.43848347663879395, 0.28158828616142273, 0.5156484246253967]
[0.49135515093803406, 0.5873298645019531, 0.4614199995994568, 0.2744615375995636, 0.5006792545318604]
[0.5447894930839539, 0.5837829113006592, 0.40520668029785156, 0.2701876759529114, 0.5608143210411072]
[0.42992380261421204, 0.559752881526947, 0.44977283477783203, 0.3223368525505066, 0.4735773503780365]
[0.43813106417655945, 0.526068925857544, 0.47644874453544617, 0.36576661467552185, 0.49081364274024963]
[0.5170776844024658, 0.5482251048088074, 0.4244620203971863, 0.28530195355415344, 0.5310314893722534]
[0.4914562702178955, 0.5689849853515625, 0.45139026641845703, 0.30781933665275574, 0.5010391473770142]
[0.47142595052719116, 0.5504658222198486, 0.43154916167259216, 0.2908187508583069, 0.5044100880622864]
[0.4788075089454651, 0.5607726573944092, 0.43778735399246216, 0.2700529992580414, 0.49711236357688904]
[0.5172825455665588, 0.5478330850601196, 0.4615432620048523, 0.30298930406570435, 0.5118424892425537]
[0.5112066864967346, 0.5765352845191956, 0.4351215660572052, 0.2873568832874298, 0.53938227891922]
[0.4502721428871155, 0.5374178290367126, 0.4756786525249481, 0.3682238757610321, 0.46438848972320557]
[0.4491606056690216, 0.5187020301818848, 0.49243900179862976, 0.4084305465221405, 0.4913592040538788]
[0.42750084400177, 0.5411308407783508, 0.4833097457885742, 0.40070840716362, 0.4650200307369232]
[0.4481147527694702, 0.5455405116081238, 0.4627492427825928, 0.3298474848270416, 0.48949819803237915]
[0.49468061327934265, 0.5510287284851074, 0.44977641105651855, 0.30781465768814087, 0.5234703421592712]
[0.5764653086662292, 0.5946130156517029, 0.4165942370891571, 0.24773675203323364, 0.5738838315010071]
[0.5149213075637817, 0.5745115280151367, 0.4294396936893463, 0.2818833291530609, 0.5206738114356995]
[0.47425612807273865, 0.5785049200057983, 0.4397018551826477, 0.3021250367164612, 0.4918173551559448]
[0.5339388847351074, 0.5763942003250122, 0.4166068136692047, 0.28795763850212097, 0.5301156044006348]
[0.47749221324920654, 0.5530581474304199, 0.45014476776123047, 0.36203035712242126, 0.5105221271514893]
[0.4907926917076111, 0.5637834668159485, 0.4414612948894501, 0.2947947084903717, 0.49108949303627014]
[0.5604598522186279, 0.5825155377388, 0.40153899788856506, 0.24891500174999237, 0.576511025428772]
[0.5635745525360107, 0.5862478613853455, 0.4135499596595764, 0.26295676827430725, 0.5456355214118958]
[0.5182319283485413, 0.5824952125549316, 0.45088207721710205, 0.29039162397384644, 0.5224804878234863]
[0.49430009722709656, 0.5485514402389526, 0.4667102098464966, 0.3421565890312195, 0.5062906742095947]
[0.5385902523994446, 0.5573647618293762, 0.45994633436203003, 0.30129799246788025, 0.5211349129676819]
[0.4687529504299164, 0.5671833753585815, 0.43402403593063354, 0.2913176715373993, 0.4992673993110657]
[0.5118594169616699, 0.5686057209968567, 0.40985068678855896, 0.2562561631202698, 0.5361717939376831]
[0.5065505504608154, 0.5842023491859436, 0.4208816885948181, 0.27806976437568665, 0.5294420123100281]
[0.5232445001602173, 0.5745074152946472, 0.4426673352718353, 0.3081313371658325, 0.5142250061035156]
[0.51656574010849, 0.5485420823097229, 0.45302411913871765, 0.3306398391723633, 0.5271453857421875]
[0.5212866067886353, 0.5491288304328918, 0.46642982959747314, 0.3011302649974823, 0.5524672865867615]
[0.4340353012084961, 0.5723982453346252, 0.4392472207546234, 0.2953397333621979, 0.4582693576812744]
[0.4670378565788269, 0.5957754850387573, 0.46707019209861755, 0.29974013566970825, 0.49804773926734924]
[0.5010669231414795, 0.5343929529190063, 0.43415528535842896, 0.2898123562335968, 0.5179075002670288]
[0.5290860533714294, 0.6032456159591675, 0.41331946849823, 0.2564125657081604, 0.5463360548019409]
[0.43665263056755066, 0.5347801446914673, 0.5154478549957275, 0.41012418270111084, 0.5013085603713989]
[0.48379552364349365, 0.5937032699584961, 0.41920071840286255, 0.2830924987792969, 0.4925927221775055]
[0.5392200350761414, 0.5970238447189331, 0.41107693314552307, 0.2731446325778961, 0.5353922247886658]
[0.48034727573394775, 0.5501578450202942, 0.42220360040664673, 0.2975098788738251, 0.49137622117996216]
[0.5654737949371338, 0.5734302401542664, 0.429263174533844, 0.2724928855895996, 0.56288743019104]
[0.49520382285118103, 0.5730389952659607, 0.4362231492996216, 0.29769283533096313, 0.5276729464530945]
[0.48451483249664307, 0.5812195539474487, 0.4391850233078003, 0.2940630316734314, 0.5124607682228088]
[0.5167550444602966, 0.5725300908088684, 0.46369701623916626, 0.2762916088104248, 0.5228959918022156]
[0.4904915392398834, 0.5832805633544922, 0.4242999255657196, 0.2721399664878845, 0.49486568570137024]
[0.5029637813568115, 0.5651764869689941, 0.4459323287010193, 0.3094564378261566, 0.5056747198104858]
[0.5428460836410522, 0.5660291314125061, 0.42301055788993835, 0.32008126378059387, 0.5263089537620544]
[0.4698456823825836, 0.5653627514839172, 0.4551244378089905, 0.3113122284412384, 0.48308706283569336]
[0.49393460154533386, 0.5753617882728577, 0.43176454305648804, 0.2822020351886749, 0.5095145106315613]
[0.45681068301200867, 0.5374029874801636, 0.49773555994033813, 0.39717525243759155, 0.5030773878097534]
[0.359280526638031, 0.5353379249572754, 0.46933501958847046, 0.33395206928253174, 0.42810994386672974]
[0.47228243947029114, 0.5665472149848938, 0.4111372232437134, 0.2828492522239685, 0.5099523067474365]
[0.5007936954498291, 0.5733525156974792, 0.4271266758441925, 0.30652353167533875, 0.5034290552139282]
[0.49462392926216125, 0.5748899579048157, 0.4291274845600128, 0.30251961946487427, 0.5042451024055481]
[0.37385469675064087, 0.5372970700263977, 0.46646395325660706, 0.32382214069366455, 0.44816854596138]
[0.44049790501594543, 0.5565627217292786, 0.46874091029167175, 0.34040123224258423, 0.4869498908519745]
[0.4372009038925171, 0.5392770767211914, 0.48630282282829285, 0.39836928248405457, 0.49056312441825867]
