1
父亲去上海解放军455医院（上海市长宁区淮海西路338号）看病，张建华医生治疗态度恶劣，声称不配他的高价中药（甲亢灵10盒卖1千多），就不给配药治疗，被我们拒绝之后恼羞成怒将桌上所有东西砸向我，如此丧尽医德的医生，不替他宣传一下对不起人民。“另附照片一张”via
[0.5037944316864014, 0.5196194648742676, 0.509518027305603, 0.4254626929759979, 0.5319678783416748]
[0.5448564291000366, 0.588758647441864, 0.41982704401016235, 0.2525607943534851, 0.5518216490745544]
[0.42463889718055725, 0.5503725409507751, 0.4547376334667206, 0.3369756042957306, 0.4815789461135864]
[0.4653862714767456, 0.5732784271240234, 0.4356410801410675, 0.31767603754997253, 0.4791080057621002]
[0.528118908405304, 0.5852379202842712, 0.43063226342201233, 0.2623966634273529, 0.5555712580680847]
[0.5072202682495117, 0.5755507349967957, 0.4285609722137451, 0.2631610929965973, 0.5172423720359802]
[0.3601253628730774, 0.5588699579238892, 0.4370354115962982, 0.2802875339984894, 0.4537184536457062]
[0.4150177538394928, 0.5267152786254883, 0.4978983998298645, 0.3896317780017853, 0.47729578614234924]
[0.4379291832447052, 0.5744718313217163, 0.42965736985206604, 0.2837149500846863, 0.4638841450214386]
[0.4564221501350403, 0.5701239109039307, 0.44135600328445435, 0.3033501207828522, 0.4913671910762787]
[0.44399288296699524, 0.5816325545310974, 0.4424910545349121, 0.308303564786911, 0.49348074197769165]
[0.5010155439376831, 0.543385922908783, 0.4214470386505127, 0.30585139989852905, 0.5166435241699219]
[0.5411428809165955, 0.5940502285957336, 0.41117024421691895, 0.2737695872783661, 0.5685876607894897]
[0.5249909162521362, 0.5681681036949158, 0.42336925864219666, 0.30554163455963135, 0.5088905096054077]
[0.4601636230945587, 0.5557717680931091, 0.4698472023010254, 0.3503372371196747, 0.5074651837348938]
[0.43328753113746643, 0.567170262336731, 0.428072065114975, 0.2933425307273865, 0.455599844455719]
[0.5433599948883057, 0.599165678024292, 0.41145485639572144, 0.26022064685821533, 0.5627326369285583]
[0.49555298686027527, 0.570673942565918, 0.4313119649887085, 0.2879068851470947, 0.5146951675415039]
[0.5185332298278809, 0.5979981422424316, 0.4238531291484833, 0.2804935872554779, 0.5281396508216858]
[0.5205930471420288, 0.5657919049263, 0.417812705039978, 0.26266762614250183, 0.55462247133255]
[0.49630096554756165, 0.5357195734977722, 0.46484440565109253, 0.34622645378112793, 0.5049203634262085]
[0.3867787718772888, 0.5417090058326721, 0.47395944595336914, 0.34034591913223267, 0.46287256479263306]
[0.5029928088188171, 0.5980865359306335, 0.44672274589538574, 0.2890612483024597, 0.5288847088813782]
[0.5130100250244141, 0.564217746257782, 0.4286591410636902, 0.28903037309646606, 0.5273000597953796]
[0.45319321751594543, 0.5289509892463684, 0.4756947159767151, 0.35907596349716187, 0.4984171688556671]
[0.44489824771881104, 0.5377147793769836, 0.4727398455142975, 0.3242909014225006, 0.47764554619789124]
[0.5194453001022339, 0.5755310654640198, 0.42889413237571716, 0.27474063634872437, 0.5477256774902344]
[0.5063508152961731, 0.564373254776001, 0.42639467120170593, 0.2894377112388611, 0.5192261934280396]
[0.5752972960472107, 0.5699123740196228, 0.4114260673522949, 0.26529163122177124, 0.5700721740722656]
[0.5075334310531616, 0.5864362120628357, 0.46431615948677063, 0.3175375461578369, 0.5272263884544373]
[0.5076683163642883, 0.5813682079315186, 0.4229680299758911, 0.2698361873626709, 0.5229488015174866]
[0.4957749843597412, 0.5881065130233765, 0.4329596161842346, 0.26948943734169006, 0.5396803021430969]
[0.36429810523986816, 0.5262895822525024, 0.4723670780658722, 0.36912280321121216, 0.462015837430954]
[0.5094692707061768, 0.5687164664268494, 0.4374006688594818, 0.304460346698761, 0.5316992998123169]
[0.4947309195995331, 0.5594125986099243, 0.4504382014274597, 0.30585384368896484, 0.5079712867736816]
[0.5332557559013367, 0.5713115930557251, 0.42758774757385254, 0.27757537364959717, 0.5760942101478577]
[0.45083051919937134, 0.5822662711143494, 0.42606672644615173, 0.2771969437599182, 0.49722573161125183]
[0.3969156742095947, 0.547156035900116, 0.4953134059906006, 0.40701180696487427, 0.4658742845058441]
[0.4161328673362732, 0.5434222221374512, 0.45002299547195435, 0.3207722008228302, 0.480740487575531]
[0.4697352945804596, 0.5829642415046692, 0.4417172074317932, 0.29768022894859314, 0.5014961957931519]
[0.5894338488578796, 0.5861788988113403, 0.3948378562927246, 0.25692614912986755, 0.5739879608154297]
[0.3750588595867157, 0.5629964470863342, 0.4185478389263153, 0.25888749957084656, 0.47137880325317383]
[0.5206316113471985, 0.5791252255439758, 0.4397676885128021, 0.27541300654411316, 0.5473576784133911]
[0.5145285129547119, 0.5911484360694885, 0.4278142750263214, 0.27907881140708923, 0.5200912356376648]
[0.482805460691452, 0.5923248529434204, 0.4384855031967163, 0.27773937582969666, 0.5212411284446716]
[0.5453022718429565, 0.5887696743011475, 0.39790260791778564, 0.25532886385917664, 0.5714350342750549]
[0.47694599628448486, 0.5707288980484009, 0.4301442503929138, 0.2884899973869324, 0.49586066603660583]
[0.4868442118167877, 0.5999393463134766, 0.438911110162735, 0.27985748648643494, 0.5148563385009766]
[0.46297281980514526, 0.5701342821121216, 0.4360959827899933, 0.28711196780204773, 0.49490857124328613]
[0.4922512471675873, 0.5717540979385376, 0.46396490931510925, 0.28468021750450134, 0.5222829580307007]
[0.5644396543502808, 0.5660115480422974, 0.4366604685783386, 0.26053380966186523, 0.5451240539550781]
[0.6244630813598633, 0.5764593482017517, 0.3726228177547455, 0.21622368693351746, 0.6150419116020203]
[0.48465901613235474, 0.5668219923973083, 0.4290677309036255, 0.29204070568084717, 0.5189534425735474]
[0.5894338488578796, 0.5861788988113403, 0.3948378562927246, 0.25692614912986755, 0.5739879608154297]
[0.43783122301101685, 0.5617856979370117, 0.465408593416214, 0.32613131403923035, 0.5067386031150818]
[0.429080069065094, 0.533033549785614, 0.4524804651737213, 0.3346942961215973, 0.47273388504981995]
[0.5189595818519592, 0.5376458168029785, 0.4906489849090576, 0.4079321026802063, 0.5415742993354797]
[0.4925921559333801, 0.5850316286087036, 0.4239097237586975, 0.28559553623199463, 0.5097174644470215]
[0.5670481324195862, 0.5668196082115173, 0.4164580702781677, 0.3058944344520569, 0.5557430982589722]
[0.5351431369781494, 0.5153586268424988, 0.5106930136680603, 0.438764750957489, 0.5335885286331177]
[0.5081784725189209, 0.5530747771263123, 0.4021688401699066, 0.2608065605163574, 0.5254741311073303]
[0.42283082008361816, 0.5510028004646301, 0.4728643596172333, 0.32145118713378906, 0.5046884417533875]
[0.5110305547714233, 0.5898481607437134, 0.4090583920478821, 0.26453617215156555, 0.5401719212532043]
[0.5313239693641663, 0.5864220261573792, 0.4186990559101105, 0.2791329324245453, 0.5589762330055237]
[0.464004784822464, 0.5314611196517944, 0.4626300632953644, 0.3318365216255188, 0.5255298018455505]
[0.6053155660629272, 0.5951278805732727, 0.39051589369773865, 0.23970478773117065, 0.5803568363189697]
[0.43835946917533875, 0.558327853679657, 0.4586028754711151, 0.34086859226226807, 0.47380727529525757]
[0.4574301242828369, 0.551429808139801, 0.45837855339050293, 0.3245163857936859, 0.4761584997177124]
[0.40125858783721924, 0.5358144640922546, 0.4799574911594391, 0.33052125573158264, 0.45842885971069336]
[0.40180066227912903, 0.5764051675796509, 0.4538698196411133, 0.29549118876457214, 0.47357177734375]
[0.5064591765403748, 0.5393989086151123, 0.4479106068611145, 0.2920418083667755, 0.5429563522338867]
[0.5390201807022095, 0.547997236251831, 0.4512401819229126, 0.295464426279068, 0.5614588856697083]
[0.38202086091041565, 0.5798786878585815, 0.4655250012874603, 0.2959787845611572, 0.43391913175582886]
[0.49512946605682373, 0.5838143825531006, 0.4293002784252167, 0.2842632234096527, 0.5320886373519897]
[0.48118963837623596, 0.5637311935424805, 0.4379312992095947, 0.29600054025650024, 0.48857590556144714]
[0.4560542106628418, 0.5524156093597412, 0.4703390598297119, 0.31097400188446045, 0.4804944097995758]
[0.5619297623634338, 0.5923973917961121, 0.41107991337776184, 0.26004743576049805, 0.5474989414215088]
[0.5603888630867004, 0.5733445286750793, 0.4055257737636566, 0.2731635272502899, 0.5640842914581299]
[0.45182371139526367, 0.562888503074646, 0.45872732996940613, 0.3225935399532318, 0.4748304784297943]
[0.3613295555114746, 0.5529252886772156, 0.4522571265697479, 0.3005760908126831, 0.46099549531936646]
[0.46759727597236633, 0.5781832933425903, 0.44714441895484924, 0.27730637788772583, 0.5216577649116516]
[0.4234711229801178, 0.5198181867599487, 0.45415157079696655, 0.35486307740211487, 0.47141873836517334]
[0.43061625957489014, 0.5458336472511292, 0.4905683100223541, 0.38356518745422363, 0.4608481228351593]
[0.5325873494148254, 0.5880876183509827, 0.42129048705101013, 0.2533036768436432, 0.5475322008132935]
[0.4919728934764862, 0.57099449634552, 0.4094209671020508, 0.287798672914505, 0.5225637555122375]
[0.340980589389801, 0.5482336282730103, 0.48946642875671387, 0.4083564281463623, 0.47319725155830383]
[0.4943222403526306, 0.5761715769767761, 0.4306304156780243, 0.26765885949134827, 0.5566273331642151]
[0.4612213969230652, 0.5800020694732666, 0.44686999917030334, 0.3030830919742584, 0.5291972756385803]
[0.5582200288772583, 0.5304334163665771, 0.4361077845096588, 0.30037087202072144, 0.5668412446975708]
[0.42224884033203125, 0.5466822385787964, 0.43817105889320374, 0.30509573221206665, 0.49687933921813965]
[0.536522388458252, 0.6026591658592224, 0.42463064193725586, 0.27896296977996826, 0.5360754132270813]
[0.4732162654399872, 0.5801934599876404, 0.42712244391441345, 0.27648669481277466, 0.5176860094070435]
[0.43738415837287903, 0.5719547271728516, 0.43069174885749817, 0.28993654251098633, 0.5091231465339661]
[0.47635939717292786, 0.5656789541244507, 0.4328862428665161, 0.287784606218338, 0.5108925104141235]
[0.47768521308898926, 0.5552417635917664, 0.4384910762310028, 0.31160399317741394, 0.530819833278656]
[0.5514229536056519, 0.589118480682373, 0.41416841745376587, 0.2525023818016052, 0.5688425302505493]
[0.48286983370780945, 0.581179141998291, 0.4364841878414154, 0.30150920152664185, 0.5176496505737305]
[0.5041545033454895, 0.5782456994056702, 0.40763619542121887, 0.2389228492975235, 0.5500267148017883]
[0.5252370238304138, 0.5684903860092163, 0.4188523292541504, 0.30629870295524597, 0.5313513278961182]
[0.48594656586647034, 0.5835698843002319, 0.45123031735420227, 0.32453081011772156, 0.5042324662208557]
[0.4774529039859772, 0.5344947576522827, 0.45107415318489075, 0.2763560712337494, 0.4893918037414551]
