1
神秘】他们有钱，有权，有势，有名，唯一没有的就是安全感。一本美国护照好比传说中的软猬甲，金钟罩铁布衫，给他们一种贴身的安全感，使他们游走于正邪善恶间时刀枪不入，辗转腾挪时毫发无伤。美国护照真是一部通往武林至尊宝座必修的神功秘籍呀。杨澜终于承认自己是美国国籍的人大代表了。
[0.4568367302417755, 0.5480298399925232, 0.4887208938598633, 0.3498101234436035, 0.5212769508361816]
[0.46017229557037354, 0.5506771206855774, 0.4266439378261566, 0.2982129454612732, 0.4846190810203552]
[0.4917965829372406, 0.5642513632774353, 0.44473153352737427, 0.292820006608963, 0.504958987236023]
[0.5412266254425049, 0.5687788724899292, 0.43387946486473083, 0.265694260597229, 0.5310056209564209]
[0.521691083908081, 0.5878927707672119, 0.4193263351917267, 0.279192179441452, 0.5255200266838074]
[0.48958784341812134, 0.5792499780654907, 0.4694671928882599, 0.30154865980148315, 0.5228877663612366]
[0.5631058216094971, 0.5810016393661499, 0.43316707015037537, 0.2693890333175659, 0.5594463348388672]
[0.45017969608306885, 0.5643823146820068, 0.4499664604663849, 0.29240405559539795, 0.48346248269081116]
[0.4551778733730316, 0.5704823732376099, 0.47610488533973694, 0.3122682571411133, 0.46867647767066956]
[0.5041292309761047, 0.5582545399665833, 0.41189032793045044, 0.2946462333202362, 0.530348002910614]
[0.4296973645687103, 0.5482429265975952, 0.4747982323169708, 0.36394768953323364, 0.4755356013774872]
[0.515763521194458, 0.5799884796142578, 0.4470188021659851, 0.30186203122138977, 0.5270165205001831]
[0.49740907549858093, 0.5586622357368469, 0.4622969925403595, 0.28970006108283997, 0.5153961181640625]
[0.4885922372341156, 0.5403399467468262, 0.5208584070205688, 0.4407815933227539, 0.5432498455047607]
[0.5142309069633484, 0.572371244430542, 0.41934850811958313, 0.2837223410606384, 0.5137211680412292]
[0.5606626272201538, 0.5635174512863159, 0.4333726167678833, 0.28418976068496704, 0.5741543769836426]
[0.4611623287200928, 0.5722631216049194, 0.4963299334049225, 0.34924063086509705, 0.49265122413635254]
[0.5250314474105835, 0.5582398772239685, 0.41928842663764954, 0.26966652274131775, 0.562222421169281]
[0.5257655382156372, 0.54929119348526, 0.4573509693145752, 0.27408307790756226, 0.5356512665748596]
[0.5793108344078064, 0.5898489952087402, 0.3887523114681244, 0.22922955453395844, 0.5926730632781982]
[0.5045062303543091, 0.5362623333930969, 0.5121424198150635, 0.411565899848938, 0.526334285736084]
[0.462417870759964, 0.5556145310401917, 0.48259109258651733, 0.3204757869243622, 0.4913514256477356]
[0.5132670402526855, 0.5934965014457703, 0.4420536458492279, 0.27757078409194946, 0.5219869613647461]
[0.5408533215522766, 0.5528748631477356, 0.446780800819397, 0.3017304539680481, 0.5365546941757202]
[0.44009003043174744, 0.5456807613372803, 0.45746755599975586, 0.34923964738845825, 0.4863620400428772]
[0.5320612192153931, 0.5701491236686707, 0.4096467196941376, 0.290376216173172, 0.5481041073799133]
[0.4199466109275818, 0.5835940837860107, 0.4530862271785736, 0.2999940514564514, 0.46497055888175964]
[0.5175797343254089, 0.5751739740371704, 0.42675748467445374, 0.28678858280181885, 0.5335817933082581]
[0.4933489263057709, 0.5421544909477234, 0.47858044505119324, 0.3343198001384735, 0.49709492921829224]
[0.5435115694999695, 0.5739185214042664, 0.413991779088974, 0.28878313302993774, 0.5345119833946228]
[0.49872106313705444, 0.5299864411354065, 0.49402862787246704, 0.40214553475379944, 0.5086565017700195]
[0.525994598865509, 0.571601390838623, 0.4583178460597992, 0.31630536913871765, 0.5213444828987122]
[0.4899410009384155, 0.5623041987419128, 0.4565613567829132, 0.3040097951889038, 0.5345525741577148]
[0.5078253746032715, 0.5607637763023376, 0.4423489272594452, 0.2682756185531616, 0.521411120891571]
[0.5099571347236633, 0.5458141565322876, 0.46756917238235474, 0.3352735638618469, 0.5182311534881592]
[0.5047674775123596, 0.5543206930160522, 0.46764758229255676, 0.3457539677619934, 0.4865446090698242]
[0.41338416934013367, 0.5227500200271606, 0.511553943157196, 0.4381360113620758, 0.48031139373779297]
[0.42935866117477417, 0.5498049855232239, 0.4437503218650818, 0.3082607686519623, 0.46132421493530273]
[0.5052198767662048, 0.5234179496765137, 0.46210139989852905, 0.32895711064338684, 0.5238943099975586]
[0.3204733431339264, 0.49868300557136536, 0.5283008217811584, 0.4259321391582489, 0.3920845091342926]
[0.5210362672805786, 0.5372522473335266, 0.46918219327926636, 0.3569411337375641, 0.5272078514099121]
[0.5567151308059692, 0.5866235494613647, 0.4145783483982086, 0.23590923845767975, 0.557792067527771]
[0.513404369354248, 0.5872898697853088, 0.422267347574234, 0.26951202750205994, 0.5259912014007568]
[0.4975310266017914, 0.5767883062362671, 0.42838868498802185, 0.3079524338245392, 0.5220014452934265]
[0.49405568838119507, 0.5963082909584045, 0.4389324188232422, 0.26730725169181824, 0.5323082208633423]
[0.5374703407287598, 0.5676963329315186, 0.4340682327747345, 0.31417739391326904, 0.5306413769721985]
[0.4740704298019409, 0.547843873500824, 0.4670969843864441, 0.3444126844406128, 0.5233814716339111]
[0.6098315119743347, 0.5556209683418274, 0.395964652299881, 0.24106885492801666, 0.6038413047790527]
[0.5171874165534973, 0.5799798369407654, 0.43422237038612366, 0.28581464290618896, 0.5275377631187439]
[0.5324512720108032, 0.5598589777946472, 0.45898377895355225, 0.31022459268569946, 0.5250887274742126]
[0.4938371479511261, 0.551875650882721, 0.46912962198257446, 0.3082369863986969, 0.54051673412323]
[0.4883168637752533, 0.5568720698356628, 0.45040619373321533, 0.3106781542301178, 0.5425460338592529]
[0.4931565225124359, 0.5662677884101868, 0.4546125829219818, 0.3108537495136261, 0.529198408126831]
[0.5046312212944031, 0.573459267616272, 0.4402645528316498, 0.2822563648223877, 0.531590461730957]
[0.4502160847187042, 0.5379226803779602, 0.46393951773643494, 0.3213982582092285, 0.4747861921787262]
[0.5275489687919617, 0.5828930735588074, 0.4354217052459717, 0.26989051699638367, 0.5562734603881836]
[0.5631058216094971, 0.5810016393661499, 0.43316707015037537, 0.2693890333175659, 0.5594463348388672]
[0.5356231331825256, 0.5709619522094727, 0.42340797185897827, 0.24551928043365479, 0.5576208233833313]
[0.5249624252319336, 0.5331112742424011, 0.4557705223560333, 0.34379830956459045, 0.5252653360366821]
[0.5265762209892273, 0.5657927989959717, 0.4637477695941925, 0.342079758644104, 0.5450101494789124]
[0.4957897663116455, 0.5591233968734741, 0.46225011348724365, 0.31755903363227844, 0.5176205635070801]
[0.4356302320957184, 0.5573902130126953, 0.4478927254676819, 0.2879125773906708, 0.46115100383758545]
[0.5137537717819214, 0.5749049782752991, 0.41798433661460876, 0.27644938230514526, 0.5361050367355347]
[0.5217764973640442, 0.550428032875061, 0.46032974123954773, 0.30956435203552246, 0.5442448258399963]
[0.5096400380134583, 0.5775119662284851, 0.4310317933559418, 0.2762407064437866, 0.5550850033760071]
[0.5162495374679565, 0.552667498588562, 0.45532938838005066, 0.32276806235313416, 0.5040156245231628]
[0.48513489961624146, 0.5396981239318848, 0.4779609143733978, 0.4107806384563446, 0.4770333170890808]
[0.45468032360076904, 0.573451042175293, 0.4324598014354706, 0.3200865089893341, 0.48141029477119446]
[0.4487622082233429, 0.5716210603713989, 0.4600348174571991, 0.3031274080276489, 0.45275557041168213]
[0.4992794096469879, 0.5767754912376404, 0.4356720745563507, 0.3067384958267212, 0.5267544984817505]
[0.441188782453537, 0.5512048602104187, 0.46344098448753357, 0.38656097650527954, 0.4773140847682953]
[0.5226560235023499, 0.5678308010101318, 0.4354276657104492, 0.29024431109428406, 0.4981192946434021]
[0.48268723487854004, 0.5572898983955383, 0.4455399215221405, 0.3076545298099518, 0.5074508786201477]
[0.5106905698776245, 0.5491060614585876, 0.44797831773757935, 0.3129185438156128, 0.5193523168563843]
[0.4917965829372406, 0.5642513632774353, 0.44473153352737427, 0.292820006608963, 0.504958987236023]
[0.4917965829372406, 0.5642513632774353, 0.44473153352737427, 0.292820006608963, 0.504958987236023]
[0.4917965829372406, 0.5642513632774353, 0.44473153352737427, 0.292820006608963, 0.504958987236023]
[0.5413965582847595, 0.5913143157958984, 0.4050649404525757, 0.25012362003326416, 0.5627120733261108]
[0.5144346356391907, 0.5973760485649109, 0.4274658262729645, 0.2876824736595154, 0.525576651096344]
[0.5687704682350159, 0.5748295187950134, 0.414318710565567, 0.2838573753833771, 0.5568280816078186]
[0.4781835675239563, 0.5720677971839905, 0.4457588791847229, 0.3006630539894104, 0.5100231766700745]
[0.5215709209442139, 0.5867380499839783, 0.42995840311050415, 0.2633834183216095, 0.5482441186904907]
[0.5336543917655945, 0.5678179264068604, 0.449186772108078, 0.3095007836818695, 0.5572093725204468]
[0.4917965829372406, 0.5642513632774353, 0.44473153352737427, 0.292820006608963, 0.504958987236023]
[0.5302937030792236, 0.5786237120628357, 0.43148595094680786, 0.26255151629447937, 0.51706463098526]
[0.50945645570755, 0.5912032127380371, 0.42100444436073303, 0.27368074655532837, 0.535564661026001]
[0.3664727509021759, 0.554492712020874, 0.4789113998413086, 0.287409245967865, 0.4113079607486725]
[0.5070122480392456, 0.5792533755302429, 0.4236959218978882, 0.2830761671066284, 0.5183866620063782]
[0.5590654611587524, 0.556750476360321, 0.4147506058216095, 0.2938791811466217, 0.5574731230735779]
[0.4917965829372406, 0.5642513632774353, 0.44473153352737427, 0.292820006608963, 0.504958987236023]
[0.534479022026062, 0.5363317728042603, 0.4720859229564667, 0.31455740332603455, 0.513268768787384]
[0.4917965829372406, 0.5642513632774353, 0.44473153352737427, 0.292820006608963, 0.504958987236023]
[0.42419323325157166, 0.5840531587600708, 0.4614720642566681, 0.28828954696655273, 0.4618343710899353]
[0.4697711765766144, 0.5627796053886414, 0.4489554166793823, 0.32316163182258606, 0.49904897809028625]
[0.4917965829372406, 0.5642513632774353, 0.44473153352737427, 0.292820006608963, 0.504958987236023]
[0.4487622082233429, 0.5716210603713989, 0.4600348174571991, 0.3031274080276489, 0.45275557041168213]
[0.4917965829372406, 0.5642513632774353, 0.44473153352737427, 0.292820006608963, 0.504958987236023]
[0.5027633905410767, 0.575006902217865, 0.4635045826435089, 0.2958250641822815, 0.5320636630058289]
[0.4909568130970001, 0.5681145787239075, 0.4312885105609894, 0.30107787251472473, 0.5109895467758179]
[0.4941442608833313, 0.5918688178062439, 0.4368354082107544, 0.26588255167007446, 0.5319908857345581]
[0.5341666340827942, 0.5824980735778809, 0.40617629885673523, 0.28607937693595886, 0.5578475594520569]
