1
【严正抗议联合国造谣】近日，联合国首次公布《全球幸福指数报告》，在被调查的156个国家中，北欧国家丹麦、芬兰、挪威分列前三，被认为是世界上最幸福的国家。我们伟大的复兴之路已走了62%的中国排名112位。再看看我们排名的左邻右舍。顿时，我感觉自己像一只长满毛的猴子在原始森林里觅食；
[0.4860185384750366, 0.5337883830070496, 0.5103867650032043, 0.40835675597190857, 0.5218444466590881]
[0.5422282814979553, 0.5863180160522461, 0.40551844239234924, 0.2753317654132843, 0.556081235408783]
[0.5196710824966431, 0.5163252353668213, 0.4862249195575714, 0.3797759413719177, 0.5126467347145081]
[0.43315383791923523, 0.5472209453582764, 0.46016958355903625, 0.3295992910861969, 0.45931512117385864]
[0.5437498688697815, 0.573782205581665, 0.4110860526561737, 0.26831158995628357, 0.5578380823135376]
[0.5318211913108826, 0.5860963463783264, 0.4219719469547272, 0.2560185492038727, 0.5415082573890686]
[0.49375295639038086, 0.5783133506774902, 0.45450490713119507, 0.29023781418800354, 0.505050003528595]
[0.5089889168739319, 0.5730816721916199, 0.4471069574356079, 0.3161627948284149, 0.5019981861114502]
[0.47463393211364746, 0.5645045042037964, 0.43229809403419495, 0.30051732063293457, 0.5151464343070984]
[0.38929182291030884, 0.5639428496360779, 0.46741440892219543, 0.3149116635322571, 0.44878295063972473]
[0.4756333827972412, 0.5726739168167114, 0.4312061071395874, 0.3188609480857849, 0.4941267967224121]
[0.3665420413017273, 0.5547440648078918, 0.48697715997695923, 0.31218376755714417, 0.4767271876335144]
[0.4824090600013733, 0.5709116458892822, 0.4441160559654236, 0.2847173810005188, 0.5091164112091064]
[0.5122869610786438, 0.5654130578041077, 0.4124641418457031, 0.2669934332370758, 0.5318901538848877]
[0.4967605173587799, 0.580289900302887, 0.41319847106933594, 0.28555697202682495, 0.5052049160003662]
[0.47410622239112854, 0.5686436891555786, 0.45514366030693054, 0.30972781777381897, 0.4838559627532959]
[0.5001857876777649, 0.5906701683998108, 0.4213578701019287, 0.2867916524410248, 0.5132046937942505]
[0.5176749229431152, 0.5683830380439758, 0.41056546568870544, 0.2952817678451538, 0.539905846118927]
[0.47872641682624817, 0.5432296991348267, 0.48683544993400574, 0.3802776634693146, 0.5017874836921692]
[0.5086501240730286, 0.5657320618629456, 0.4595160484313965, 0.3128109276294708, 0.5330178737640381]
[0.48381394147872925, 0.5637913942337036, 0.44639161229133606, 0.3016654849052429, 0.5160198211669922]
[0.5089331269264221, 0.5913708806037903, 0.4336353540420532, 0.2761765718460083, 0.5401865243911743]
[0.5152589082717896, 0.5637295842170715, 0.4226502478122711, 0.296133428812027, 0.5370088815689087]
[0.5230742692947388, 0.5778985619544983, 0.4360526502132416, 0.298301100730896, 0.553105354309082]
[0.5406050682067871, 0.5661776065826416, 0.4042655825614929, 0.27771466970443726, 0.573140025138855]
[0.5927307605743408, 0.5845069885253906, 0.3813339173793793, 0.2296069711446762, 0.59300297498703]
[0.5082672238349915, 0.5819494724273682, 0.4251338243484497, 0.28732192516326904, 0.5239904522895813]
[0.5469018220901489, 0.5627433657646179, 0.41474905610084534, 0.28853049874305725, 0.557844340801239]
[0.5174325108528137, 0.5436736941337585, 0.4331689476966858, 0.3190324604511261, 0.5145626664161682]
[0.49764689803123474, 0.5377925634384155, 0.46061667799949646, 0.35944321751594543, 0.5099286437034607]
[0.4446682035923004, 0.582887589931488, 0.44466274976730347, 0.31018808484077454, 0.4802783131599426]
[0.4453122019767761, 0.5285438895225525, 0.4855404198169708, 0.3966297507286072, 0.5026810169219971]
[0.4549390375614166, 0.567465603351593, 0.48272523283958435, 0.30832475423812866, 0.48651328682899475]
[0.482500821352005, 0.5744938254356384, 0.43258094787597656, 0.3026769459247589, 0.4964592754840851]
[0.42925500869750977, 0.525825023651123, 0.4866880476474762, 0.3341595232486725, 0.480419784784317]
[0.5064017176628113, 0.5524126291275024, 0.4266238808631897, 0.2962005138397217, 0.5112785696983337]
[0.413704514503479, 0.5237057209014893, 0.5029236078262329, 0.33062899112701416, 0.41911882162094116]
[0.556151807308197, 0.5681393146514893, 0.4007892906665802, 0.24862536787986755, 0.573380172252655]
[0.539924681186676, 0.5804798603057861, 0.41125279664993286, 0.24800628423690796, 0.5392829179763794]
[0.5146476030349731, 0.5559031963348389, 0.4363737404346466, 0.3000880777835846, 0.5372538566589355]
[0.5120061039924622, 0.5809388160705566, 0.42417386174201965, 0.2727915048599243, 0.5383040308952332]
[0.4638533592224121, 0.5770537853240967, 0.441493958234787, 0.2927379608154297, 0.4990394711494446]
[0.5388082265853882, 0.5640031099319458, 0.43322426080703735, 0.331051766872406, 0.5464187860488892]
[0.49440062046051025, 0.5355338454246521, 0.46363744139671326, 0.3322236239910126, 0.4782494306564331]
[0.4909525513648987, 0.5596852898597717, 0.4458732604980469, 0.3272207975387573, 0.5282844305038452]
[0.42617514729499817, 0.5392056703567505, 0.4616010785102844, 0.33843258023262024, 0.44916868209838867]
[0.4759978950023651, 0.5279538035392761, 0.4866705536842346, 0.3658128082752228, 0.4606308937072754]
[0.5385551452636719, 0.5560019612312317, 0.4177432954311371, 0.287640243768692, 0.5413908958435059]
[0.4763270914554596, 0.5555664896965027, 0.46261271834373474, 0.2968958616256714, 0.5434769988059998]
[0.3525565266609192, 0.5549966096878052, 0.4557444751262665, 0.29298844933509827, 0.43208077549934387]
[0.4623752534389496, 0.5796476006507874, 0.4235211908817291, 0.2975597381591797, 0.5008036494255066]
[0.504222571849823, 0.5798460245132446, 0.4284713566303253, 0.3158700168132782, 0.5129597187042236]
[0.48704907298088074, 0.5524003505706787, 0.43623363971710205, 0.3145870268344879, 0.5151466727256775]
[0.4707990884780884, 0.5646592378616333, 0.4310509264469147, 0.28612077236175537, 0.5077562928199768]
[0.3844936788082123, 0.5370156168937683, 0.5182096362113953, 0.38456785678863525, 0.4399917423725128]
[0.564272403717041, 0.5639830231666565, 0.40656617283821106, 0.2762424051761627, 0.5678465962409973]
[0.44237151741981506, 0.565517008304596, 0.42147573828697205, 0.25739994645118713, 0.5142834782600403]
[0.5210859775543213, 0.5335632562637329, 0.43184134364128113, 0.3195887506008148, 0.5492339134216309]
[0.5481271743774414, 0.5613846778869629, 0.39917898178100586, 0.272708922624588, 0.530548095703125]
[0.5064132213592529, 0.5436566472053528, 0.45896536111831665, 0.35678672790527344, 0.5253251194953918]
[0.4672428071498871, 0.57028728723526, 0.45658111572265625, 0.29022207856178284, 0.5168114900588989]
[0.48535770177841187, 0.5424247980117798, 0.4623802602291107, 0.3573685586452484, 0.49224182963371277]
[0.5486871004104614, 0.5357955694198608, 0.41774430871009827, 0.2780732810497284, 0.5543650388717651]
[0.512302041053772, 0.5384359359741211, 0.434299498796463, 0.2892313003540039, 0.5147483348846436]
[0.5470584630966187, 0.5787457823753357, 0.43798238039016724, 0.26771339774131775, 0.5461603999137878]
[0.537040650844574, 0.5556522011756897, 0.41773197054862976, 0.28874990344047546, 0.5658366680145264]
[0.53840172290802, 0.5753642320632935, 0.39643022418022156, 0.24926835298538208, 0.5732179284095764]
[0.4600014090538025, 0.5253304243087769, 0.47084876894950867, 0.3540552258491516, 0.46865376830101013]
[0.5118417739868164, 0.5765519142150879, 0.4339715242385864, 0.2887566089630127, 0.541811466217041]
[0.580674409866333, 0.5787809491157532, 0.4136829376220703, 0.24749037623405457, 0.581619381904602]
[0.45649683475494385, 0.5471933484077454, 0.46301916241645813, 0.321539968252182, 0.49594804644584656]
[0.5253742337226868, 0.5661230087280273, 0.4300278425216675, 0.2889678478240967, 0.5672270655632019]
[0.499086856842041, 0.5609151721000671, 0.4335418939590454, 0.30196613073349, 0.506149172782898]
[0.5237193703651428, 0.575337290763855, 0.4034331738948822, 0.301106721162796, 0.5437675714492798]
[0.49371668696403503, 0.5539122223854065, 0.4223075807094574, 0.2917647957801819, 0.5261596441268921]
[0.47533223032951355, 0.5441566705703735, 0.4384181499481201, 0.29461339116096497, 0.5144906044006348]
[0.526553213596344, 0.57463139295578, 0.4231727719306946, 0.2814686596393585, 0.5222216248512268]
[0.502363920211792, 0.5609817504882812, 0.4341773986816406, 0.310719758272171, 0.5135111212730408]
[0.5106070637702942, 0.5733996629714966, 0.4400145411491394, 0.28706949949264526, 0.5324422121047974]
[0.5052627325057983, 0.5374984741210938, 0.46700266003608704, 0.35801732540130615, 0.5243834257125854]
[0.4205660820007324, 0.5211650729179382, 0.4972846806049347, 0.3794117271900177, 0.4463941752910614]
[0.42446961998939514, 0.5361594557762146, 0.48092272877693176, 0.33870550990104675, 0.4307890236377716]
[0.5199970006942749, 0.5836381912231445, 0.41242101788520813, 0.26867789030075073, 0.5316510796546936]
[0.48019087314605713, 0.549177348613739, 0.4582502543926239, 0.3144718110561371, 0.4886838495731354]
[0.5117073059082031, 0.5683945417404175, 0.4066065549850464, 0.2923521101474762, 0.5238450765609741]
[0.48723092675209045, 0.544151782989502, 0.5402262210845947, 0.47032517194747925, 0.5045241117477417]
[0.4873688817024231, 0.5565573573112488, 0.4290468990802765, 0.2949511706829071, 0.5322768092155457]
[0.45840245485305786, 0.5563706755638123, 0.4561878740787506, 0.33103543519973755, 0.5010778307914734]
[0.4672238528728485, 0.5726514458656311, 0.4463038742542267, 0.3114400804042816, 0.5131030082702637]
[0.5508777499198914, 0.579220712184906, 0.41884845495224, 0.29781970381736755, 0.5704930424690247]
[0.5422326922416687, 0.5982611775398254, 0.4221862554550171, 0.2612919807434082, 0.5630453824996948]
[0.5661084055900574, 0.5679964423179626, 0.43278324604034424, 0.2835792601108551, 0.558783233165741]
[0.4510674476623535, 0.5360384583473206, 0.4554457664489746, 0.3482441306114197, 0.5031096339225769]
[0.49595144391059875, 0.5285558104515076, 0.4575269818305969, 0.39718738198280334, 0.49403759837150574]
[0.464443564414978, 0.5611546635627747, 0.43364575505256653, 0.303286075592041, 0.5242171287536621]
[0.41925451159477234, 0.5672967433929443, 0.43470388650894165, 0.29972872138023376, 0.46071305871009827]
[0.5095886588096619, 0.5767725110054016, 0.42539724707603455, 0.30065417289733887, 0.546369731426239]
[0.45316675305366516, 0.5657209157943726, 0.4389323890209198, 0.31850573420524597, 0.4734278917312622]
[0.539924681186676, 0.5804798603057861, 0.41125279664993286, 0.24800628423690796, 0.5392829179763794]
[0.46723249554634094, 0.5794716477394104, 0.4613141119480133, 0.288097620010376, 0.49234068393707275]
[0.4466875493526459, 0.5364050269126892, 0.466823548078537, 0.34709152579307556, 0.4530937373638153]
