1
29日中午'据说是曲靖的蟒活吞了人，移送森林公安！
[0.49629485607147217, 0.5132068991661072, 0.4684884548187256, 0.337575227022171, 0.489820271730423]
[0.5432052612304688, 0.5832296013832092, 0.397847443819046, 0.25913840532302856, 0.5391584038734436]
[0.4655801057815552, 0.5565184354782104, 0.45288869738578796, 0.31914833188056946, 0.5174717903137207]
[0.5313497185707092, 0.5868253111839294, 0.4117255210876465, 0.26475510001182556, 0.5343174338340759]
[0.48379552364349365, 0.5937032699584961, 0.41920071840286255, 0.2830924987792969, 0.4925927221775055]
[0.4588759243488312, 0.542976438999176, 0.4542360007762909, 0.3519577085971832, 0.5085022449493408]
[0.5536494851112366, 0.5684286952018738, 0.4264592230319977, 0.28106996417045593, 0.524756133556366]
[0.5070725679397583, 0.5795678496360779, 0.4309682846069336, 0.25872695446014404, 0.538472592830658]
[0.4907926917076111, 0.5637834668159485, 0.4414612948894501, 0.2947947084903717, 0.49108949303627014]
[0.4915507137775421, 0.5790187120437622, 0.464933842420578, 0.297248899936676, 0.5255187153816223]
[0.41034454107284546, 0.5248311161994934, 0.47144386172294617, 0.3378008306026459, 0.46638160943984985]
[0.5653747320175171, 0.5958674550056458, 0.410073459148407, 0.2521335780620575, 0.5308053493499756]
[0.5347278118133545, 0.5911832451820374, 0.4151272773742676, 0.2818816900253296, 0.5398721098899841]
[0.5653747320175171, 0.5958674550056458, 0.410073459148407, 0.2521335780620575, 0.5308053493499756]
[0.4657614529132843, 0.5641239881515503, 0.4434010088443756, 0.30602774024009705, 0.49557405710220337]
[0.34750816226005554, 0.5560660362243652, 0.45347926020622253, 0.2995207607746124, 0.4459770917892456]
[0.4511853754520416, 0.5461578965187073, 0.44285139441490173, 0.2956206202507019, 0.49920448660850525]
[0.46661871671676636, 0.5836977958679199, 0.436079204082489, 0.27481111884117126, 0.4732847213745117]
[0.3771943747997284, 0.5417178273200989, 0.47832638025283813, 0.35051843523979187, 0.4353407621383667]
[0.5354865789413452, 0.5888907313346863, 0.41922876238822937, 0.2605830132961273, 0.5253303050994873]
[0.4487622082233429, 0.5716210603713989, 0.4600348174571991, 0.3031274080276489, 0.45275557041168213]
[0.4738157391548157, 0.5671752095222473, 0.4550156891345978, 0.290147989988327, 0.49808594584465027]
[0.4818546772003174, 0.5671708583831787, 0.4427948296070099, 0.3154818117618561, 0.5104961395263672]
[0.4719933867454529, 0.5818170309066772, 0.4431530833244324, 0.2953632175922394, 0.5103473663330078]
[0.5018980503082275, 0.576912522315979, 0.4240795075893402, 0.2769063115119934, 0.519892156124115]
[0.5123645067214966, 0.5838713645935059, 0.4371276795864105, 0.2842024564743042, 0.5086260437965393]
[0.3591531813144684, 0.5498534440994263, 0.5107026696205139, 0.5205563306808472, 0.47552767395973206]
[0.4827626943588257, 0.5753476023674011, 0.4439876079559326, 0.2797953486442566, 0.5010323524475098]
[0.5185933113098145, 0.5886591672897339, 0.41420748829841614, 0.28358691930770874, 0.5321028828620911]
[0.5392138957977295, 0.5823938250541687, 0.4261903762817383, 0.27492547035217285, 0.5122859477996826]
[0.5602810978889465, 0.5397064089775085, 0.4429023563861847, 0.28534677624702454, 0.5528362393379211]
[0.4818546772003174, 0.5671708583831787, 0.4427948296070099, 0.3154818117618561, 0.5104961395263672]
[0.5347278118133545, 0.5911832451820374, 0.4151272773742676, 0.2818816900253296, 0.5398721098899841]
[0.5070725679397583, 0.5795678496360779, 0.4309682846069336, 0.25872695446014404, 0.538472592830658]
[0.4579085111618042, 0.5653707385063171, 0.44454488158226013, 0.2859218120574951, 0.5093971490859985]
[0.4818546772003174, 0.5671708583831787, 0.4427948296070099, 0.3154818117618561, 0.5104961395263672]
[0.5040035247802734, 0.5719863772392273, 0.43091994524002075, 0.27657848596572876, 0.5261465907096863]
[0.4738157391548157, 0.5671752095222473, 0.4550156891345978, 0.290147989988327, 0.49808594584465027]
[0.4740513563156128, 0.5844289660453796, 0.429889053106308, 0.2715231478214264, 0.5165780782699585]
[0.4487622082233429, 0.5716210603713989, 0.4600348174571991, 0.3031274080276489, 0.45275557041168213]
[0.43618202209472656, 0.5519605278968811, 0.4461098313331604, 0.3085309863090515, 0.4534900486469269]
[0.49218592047691345, 0.5906872153282166, 0.42974162101745605, 0.30464690923690796, 0.531154215335846]
[0.5622406601905823, 0.5768988132476807, 0.4140697717666626, 0.2638062834739685, 0.5637455582618713]
[0.5077811479568481, 0.582371175289154, 0.4383741319179535, 0.27102938294410706, 0.5497177839279175]
[0.48379552364349365, 0.5937032699584961, 0.41920071840286255, 0.2830924987792969, 0.4925927221775055]
[0.49126774072647095, 0.5910831093788147, 0.42211195826530457, 0.27535632252693176, 0.5208421945571899]
[0.49411672353744507, 0.5668970346450806, 0.44414931535720825, 0.31923893094062805, 0.5046558380126953]
[0.5438017845153809, 0.5942021012306213, 0.41521143913269043, 0.26803213357925415, 0.5571514964103699]
[0.5104594826698303, 0.5836790800094604, 0.4333444833755493, 0.28451576828956604, 0.5124366283416748]
[0.48621007800102234, 0.5894476175308228, 0.4282134771347046, 0.2621985673904419, 0.511763870716095]
[0.5032884478569031, 0.577772319316864, 0.430562287569046, 0.2602958679199219, 0.5248255729675293]
[0.5756531953811646, 0.5819344520568848, 0.402734637260437, 0.25583675503730774, 0.5638747811317444]
[0.5202586054801941, 0.5696524977684021, 0.458649218082428, 0.32434922456741333, 0.5004513263702393]
[0.5347278118133545, 0.5911832451820374, 0.4151272773742676, 0.2818816900253296, 0.5398721098899841]
[0.48365727066993713, 0.5883915424346924, 0.4158823490142822, 0.27359604835510254, 0.5157485008239746]
[0.43805134296417236, 0.5607002377510071, 0.45595118403434753, 0.3244543969631195, 0.4823138117790222]
[0.49785318970680237, 0.5704399943351746, 0.44164225459098816, 0.2861193120479584, 0.5229525566101074]
[0.527854323387146, 0.5857251286506653, 0.42558375000953674, 0.27191784977912903, 0.5264109373092651]
[0.536521315574646, 0.5772703289985657, 0.4133283197879791, 0.25725477933883667, 0.5604009628295898]
[0.4818546772003174, 0.5671708583831787, 0.4427948296070099, 0.3154818117618561, 0.5104961395263672]
[0.4960651695728302, 0.5535253286361694, 0.4357304573059082, 0.3284509479999542, 0.502897322177887]
[0.4818546772003174, 0.5671708583831787, 0.4427948296070099, 0.3154818117618561, 0.5104961395263672]
[0.3825509250164032, 0.5565536022186279, 0.43819981813430786, 0.295403391122818, 0.45828109979629517]
[0.5536494851112366, 0.5684286952018738, 0.4264592230319977, 0.28106996417045593, 0.524756133556366]
[0.4272163212299347, 0.578639805316925, 0.4649880826473236, 0.29797032475471497, 0.4680140018463135]
[0.527854323387146, 0.5857251286506653, 0.42558375000953674, 0.27191784977912903, 0.5264109373092651]
[0.4552622139453888, 0.5731360912322998, 0.4287213981151581, 0.29917725920677185, 0.5320053100585938]
[0.4918225407600403, 0.5385664105415344, 0.4865097999572754, 0.39183223247528076, 0.5298144221305847]
[0.5391734838485718, 0.541398823261261, 0.46214741468429565, 0.288748562335968, 0.5359392762184143]
[0.4479618966579437, 0.5687951445579529, 0.44606977701187134, 0.3020031154155731, 0.48301631212234497]
[0.4639146029949188, 0.5555030107498169, 0.4436652660369873, 0.309455931186676, 0.4851667582988739]
[0.541476309299469, 0.5875706076622009, 0.43011417984962463, 0.27124935388565063, 0.5382718443870544]
[0.47833725810050964, 0.598944902420044, 0.44194722175598145, 0.27635279297828674, 0.4910537302494049]
[0.4928305149078369, 0.5269995927810669, 0.45298901200294495, 0.33730006217956543, 0.5048713684082031]
[0.49126774072647095, 0.5910831093788147, 0.42211195826530457, 0.27535632252693176, 0.5208421945571899]
[0.4959297478199005, 0.5888355374336243, 0.4477423131465912, 0.2879267632961273, 0.5138760805130005]
[0.48891523480415344, 0.5986390709877014, 0.4251663088798523, 0.2733253836631775, 0.5165185332298279]
[0.49495720863342285, 0.5806901454925537, 0.45123010873794556, 0.3014421761035919, 0.515421986579895]
[0.47341233491897583, 0.5589896440505981, 0.4486284852027893, 0.3008044958114624, 0.5086818337440491]
[0.5444362759590149, 0.5680662393569946, 0.42912301421165466, 0.28107890486717224, 0.5164576768875122]
[0.5154533982276917, 0.5766241550445557, 0.4500875771045685, 0.2967117130756378, 0.539537250995636]
[0.5132670402526855, 0.5934965014457703, 0.4420536458492279, 0.27757078409194946, 0.5219869613647461]
[0.5083146095275879, 0.5829171538352966, 0.4362650513648987, 0.29116785526275635, 0.5534535050392151]
[0.4185568690299988, 0.5648081302642822, 0.4928501844406128, 0.35562536120414734, 0.47039464116096497]
[0.5010888576507568, 0.5294884443283081, 0.4613116979598999, 0.3312493860721588, 0.473741352558136]
[0.5438017845153809, 0.5942021012306213, 0.41521143913269043, 0.26803213357925415, 0.5571514964103699]
[0.4722330570220947, 0.5221959352493286, 0.48138880729675293, 0.3853840231895447, 0.49484899640083313]
[0.515039324760437, 0.577570915222168, 0.42854437232017517, 0.2780945897102356, 0.5080845355987549]
[0.4532148540019989, 0.5624710917472839, 0.4510040283203125, 0.3340885639190674, 0.4903985261917114]
[0.5140727758407593, 0.5835382342338562, 0.4314591884613037, 0.2724111080169678, 0.5437154173851013]
[0.518734872341156, 0.5887935161590576, 0.4262568950653076, 0.2735368311405182, 0.5393797159194946]
[0.4319361746311188, 0.5431095361709595, 0.4762369990348816, 0.28806808590888977, 0.477664977312088]
[0.4890291094779968, 0.5603331923484802, 0.4581228196620941, 0.3049103915691376, 0.5433245897293091]
[0.6006941199302673, 0.5632690191268921, 0.38944464921951294, 0.2594683766365051, 0.5602833032608032]
[0.534637987613678, 0.5727593898773193, 0.4155192971229553, 0.2656090557575226, 0.5327202677726746]
[0.45344072580337524, 0.549248218536377, 0.4504505395889282, 0.27459973096847534, 0.5188543796539307]
[0.4740513563156128, 0.5844289660453796, 0.429889053106308, 0.2715231478214264, 0.5165780782699585]
[0.5356758832931519, 0.5875645279884338, 0.3988873064517975, 0.2612370550632477, 0.5325288772583008]
[0.47164806723594666, 0.5485777854919434, 0.463431715965271, 0.3387879431247711, 0.4709610641002655]
[0.5381931662559509, 0.5918477177619934, 0.4500381350517273, 0.27429407835006714, 0.5429716110229492]
[0.48891523480415344, 0.5986390709877014, 0.4251663088798523, 0.2733253836631775, 0.5165185332298279]
