1
杨澜昨天终于承认了自己的美国籍身份。她理直气壮地说：“虽然我入了美国籍，但我出身于中国，所以从原产地角度而言，我不出席美国的两会而出席中国的两会，而且还回答得“理直气壮”，也终于使我们亿万网民松了一口气，毕竟这么多天卖力的“深度挖掘”有了结果。
[0.46672359108924866, 0.5106765031814575, 0.5177189707756042, 0.42074066400527954, 0.4684307873249054]
[0.4618631899356842, 0.602483332157135, 0.437337726354599, 0.27160418033599854, 0.4991055727005005]
[0.5712071061134338, 0.5876169204711914, 0.399351567029953, 0.24462325870990753, 0.5779978036880493]
[0.5037318468093872, 0.5676819086074829, 0.4323367178440094, 0.2824555039405823, 0.5267192125320435]
[0.5712071061134338, 0.5876169204711914, 0.399351567029953, 0.24462325870990753, 0.5779978036880493]
[0.5270824432373047, 0.541537880897522, 0.46816179156303406, 0.2941911518573761, 0.5352258086204529]
[0.4527807831764221, 0.530580997467041, 0.5225334763526917, 0.42811670899391174, 0.5056301951408386]
[0.5029197931289673, 0.5352713465690613, 0.4990609586238861, 0.36407819390296936, 0.5028079748153687]
[0.526616096496582, 0.5449402928352356, 0.4635466933250427, 0.37690138816833496, 0.549172580242157]
[0.5340137481689453, 0.5713006854057312, 0.4301477074623108, 0.262824147939682, 0.543684720993042]
[0.49567338824272156, 0.564468264579773, 0.4717804789543152, 0.36183905601501465, 0.4862293004989624]
[0.5547098517417908, 0.5800701379776001, 0.38802820444107056, 0.2699020206928253, 0.5493705868721008]
[0.526221752166748, 0.5436189770698547, 0.4726366102695465, 0.3288295865058899, 0.5246939063072205]
[0.5229840278625488, 0.5503301024436951, 0.4471457600593567, 0.2878149449825287, 0.49639153480529785]
[0.523474931716919, 0.5487353801727295, 0.5041435360908508, 0.41452762484550476, 0.5717940926551819]
[0.549691379070282, 0.5871497988700867, 0.4130420386791229, 0.26551756262779236, 0.5281603336334229]
[0.5040358304977417, 0.5439491868019104, 0.4741339385509491, 0.3773549199104309, 0.5289853811264038]
[0.4991278350353241, 0.5597968101501465, 0.45026451349258423, 0.31190550327301025, 0.532309889793396]
[0.5347704887390137, 0.5680853724479675, 0.4223625957965851, 0.2839198112487793, 0.5346618890762329]
[0.5344703197479248, 0.5253933072090149, 0.46659430861473083, 0.34196317195892334, 0.5246814489364624]
[0.5563401579856873, 0.5896938443183899, 0.41575950384140015, 0.25502604246139526, 0.5652774572372437]
[0.49393460154533386, 0.5753617882728577, 0.43176454305648804, 0.2822020351886749, 0.5095145106315613]
[0.4063415825366974, 0.547719419002533, 0.48664340376853943, 0.3338489830493927, 0.44264164566993713]
[0.5609166622161865, 0.5743178129196167, 0.4113191068172455, 0.27594298124313354, 0.5623898506164551]
[0.5092058181762695, 0.5773345232009888, 0.42791762948036194, 0.29438650608062744, 0.5216147303581238]
[0.46504339575767517, 0.5412911772727966, 0.4647862911224365, 0.3505697250366211, 0.4438190460205078]
[0.5435547232627869, 0.5828388333320618, 0.4220341742038727, 0.2854081690311432, 0.5415289998054504]
[0.5063468217849731, 0.5871410965919495, 0.418042927980423, 0.2944244146347046, 0.5119249224662781]
[0.5796337723731995, 0.5843225121498108, 0.4009849429130554, 0.2685084939002991, 0.5517657995223999]
[0.5079289674758911, 0.5811703205108643, 0.4367617070674896, 0.3043266236782074, 0.532383918762207]
[0.5536494851112366, 0.5684286952018738, 0.4264592230319977, 0.28106996417045593, 0.524756133556366]
[0.5726194381713867, 0.5146158933639526, 0.4067920744419098, 0.2867031991481781, 0.5680736899375916]
[0.5118505358695984, 0.5715168118476868, 0.4638843536376953, 0.2849107086658478, 0.48100411891937256]
[0.6396192908287048, 0.5755797028541565, 0.36299630999565125, 0.2207709699869156, 0.6120043396949768]
[0.543891966342926, 0.5799241662025452, 0.43088942766189575, 0.2936510443687439, 0.5181538462638855]
[0.5280131101608276, 0.559802770614624, 0.416965126991272, 0.278288871049881, 0.5565181374549866]
[0.43947163224220276, 0.5425164699554443, 0.48299506306648254, 0.312259703874588, 0.5008580684661865]
[0.5201079845428467, 0.5735053420066833, 0.462595671415329, 0.30716368556022644, 0.5302550196647644]
[0.5924742221832275, 0.58930504322052, 0.40635189414024353, 0.24887073040008545, 0.5906095504760742]
[0.5787301659584045, 0.5547335147857666, 0.40923696756362915, 0.30279213190078735, 0.5377784967422485]
[0.5422318577766418, 0.5963374376296997, 0.39467549324035645, 0.27787551283836365, 0.5578197836875916]
[0.45581182837486267, 0.5386555790901184, 0.5255123972892761, 0.4019053280353546, 0.4941500425338745]
[0.4008772373199463, 0.522854208946228, 0.4931069314479828, 0.37328776717185974, 0.46117833256721497]
[0.5532445311546326, 0.5885650515556335, 0.4106621742248535, 0.287928968667984, 0.5466084480285645]
[0.4498225748538971, 0.5820344686508179, 0.44080910086631775, 0.28872689604759216, 0.5213225483894348]
[0.46041998267173767, 0.5550612807273865, 0.4299658238887787, 0.28822365403175354, 0.49560031294822693]
[0.5540030598640442, 0.5830798745155334, 0.4084690809249878, 0.24883277714252472, 0.5735929012298584]
[0.5361484885215759, 0.5811153650283813, 0.4096580147743225, 0.28275802731513977, 0.5477890968322754]
[0.5208559036254883, 0.5355862379074097, 0.481766015291214, 0.33231762051582336, 0.5394653677940369]
[0.49342140555381775, 0.566407322883606, 0.4559268057346344, 0.30990877747535706, 0.47667768597602844]
[0.4713369607925415, 0.5737524032592773, 0.4387147128582001, 0.2864515781402588, 0.4949149191379547]
[0.4974481165409088, 0.5550835728645325, 0.48421117663383484, 0.34314000606536865, 0.5220397710800171]
[0.5281348824501038, 0.5823714733123779, 0.41394439339637756, 0.2864118814468384, 0.5228057503700256]
[0.5476576685905457, 0.5726238489151001, 0.4082212448120117, 0.27832382917404175, 0.5417165756225586]
[0.43005800247192383, 0.5312910079956055, 0.5462324023246765, 0.44693657755851746, 0.4549834430217743]
[0.5054492354393005, 0.5524718761444092, 0.4388848543167114, 0.34046968817710876, 0.5308130383491516]
[0.5154693722724915, 0.5606823563575745, 0.42550814151763916, 0.3131134510040283, 0.5042847394943237]
[0.5057145357131958, 0.5415182113647461, 0.46268323063850403, 0.3571271598339081, 0.511863112449646]
[0.4870184361934662, 0.5235315561294556, 0.48274144530296326, 0.3688128590583801, 0.5082922577857971]
[0.5101231932640076, 0.5576000213623047, 0.43857425451278687, 0.29922032356262207, 0.526214599609375]
[0.44788774847984314, 0.556611180305481, 0.4671255052089691, 0.317950576543808, 0.4563257098197937]
[0.3862726092338562, 0.549649178981781, 0.5459246039390564, 0.42447927594184875, 0.4774259030818939]
[0.5036223530769348, 0.5892001986503601, 0.44193729758262634, 0.2698189616203308, 0.5020431280136108]
[0.5005653500556946, 0.5970629453659058, 0.45968344807624817, 0.29285961389541626, 0.5264288187026978]
[0.4895986020565033, 0.5344154834747314, 0.448031485080719, 0.3444696068763733, 0.5314127206802368]
[0.4592429995536804, 0.530993640422821, 0.5043839812278748, 0.3591757118701935, 0.4929450750350952]
[0.48630502820014954, 0.5771874785423279, 0.43634504079818726, 0.27411165833473206, 0.5357164144515991]
[0.4919711649417877, 0.5733532905578613, 0.4250876307487488, 0.2607380151748657, 0.46137380599975586]
[0.502501904964447, 0.5714645981788635, 0.43813756108283997, 0.3195386528968811, 0.4982844591140747]
[0.5002630352973938, 0.5716933012008667, 0.44836142659187317, 0.32703903317451477, 0.5327684283256531]
[0.5134002566337585, 0.572965145111084, 0.4371335208415985, 0.2808363735675812, 0.5087242722511292]
[0.5126258134841919, 0.5209529399871826, 0.5045126080513, 0.43347758054733276, 0.5273739099502563]
[0.5418325662612915, 0.5860294103622437, 0.42765799164772034, 0.2838611900806427, 0.5498137474060059]
[0.474617063999176, 0.5743436813354492, 0.44435417652130127, 0.2792716324329376, 0.4887389540672302]
[0.4583472013473511, 0.535537838935852, 0.5274795293807983, 0.36844751238822937, 0.4886724650859833]
[0.4871976375579834, 0.5623921751976013, 0.47178229689598083, 0.3614213168621063, 0.5007181763648987]
[0.4179747700691223, 0.5653378367424011, 0.4659632742404938, 0.3158262372016907, 0.4570448100566864]
[0.5361682176589966, 0.5461474061012268, 0.4414314329624176, 0.3031289279460907, 0.5595120191574097]
[0.5124759078025818, 0.5566922426223755, 0.4608924686908722, 0.3176156282424927, 0.5238275527954102]
[0.4774716794490814, 0.558962345123291, 0.48738187551498413, 0.34782320261001587, 0.497422456741333]
[0.5217891931533813, 0.5851165652275085, 0.43435370922088623, 0.3072150945663452, 0.528086245059967]
[0.4487622082233429, 0.5716210603713989, 0.4600348174571991, 0.3031274080276489, 0.45275557041168213]
[0.47569406032562256, 0.5516914129257202, 0.43938082456588745, 0.3021186292171478, 0.4634416997432709]
[0.44443708658218384, 0.5781753659248352, 0.4432968497276306, 0.2924252152442932, 0.49375057220458984]
[0.5288404822349548, 0.5700536370277405, 0.4370501637458801, 0.2949149012565613, 0.5469267964363098]
[0.5606748461723328, 0.552234411239624, 0.4336481988430023, 0.33327504992485046, 0.5452578663825989]
[0.5352556109428406, 0.5854714512825012, 0.4053969383239746, 0.2810642123222351, 0.5333248376846313]
[0.5407111048698425, 0.5338001251220703, 0.45922720432281494, 0.37228769063949585, 0.5606271028518677]
[0.5404128432273865, 0.5823633670806885, 0.4184034764766693, 0.2794688045978546, 0.539771318435669]
[0.49939557909965515, 0.541617751121521, 0.4684455394744873, 0.37074780464172363, 0.5137721300125122]
[0.5189524292945862, 0.5708432793617249, 0.4725710153579712, 0.3350856304168701, 0.5003380179405212]
[0.518035352230072, 0.566380500793457, 0.45685744285583496, 0.30324023962020874, 0.5422663688659668]
[0.49783018231391907, 0.5648099184036255, 0.4328649640083313, 0.29235973954200745, 0.5386151671409607]
[0.5134342908859253, 0.589725911617279, 0.41768771409988403, 0.2820774018764496, 0.5112767219543457]
[0.525101900100708, 0.5645394325256348, 0.4604825973510742, 0.314773291349411, 0.51189124584198]
[0.5141794085502625, 0.5762736201286316, 0.4350510835647583, 0.2632159888744354, 0.5471779704093933]
[0.49066361784935, 0.5768001675605774, 0.43589431047439575, 0.31173229217529297, 0.5130518078804016]
[0.5559254288673401, 0.5788435339927673, 0.4275532364845276, 0.286361962556839, 0.5462894439697266]
[0.545409619808197, 0.5689111351966858, 0.4403647184371948, 0.2790234684944153, 0.5302233099937439]
[0.49975526332855225, 0.5874056220054626, 0.4230498969554901, 0.27203112840652466, 0.5168728828430176]
[0.4835992753505707, 0.5346322655677795, 0.4984228312969208, 0.4284190535545349, 0.49074944853782654]
