1
【媒体称，三星赔了苹果30卡车硬币！】今天上午30辆装满5美分硬币的卡车停在了加利福尼亚州苹果公司的总部。最初，公司的安保部门以为是转移错了地方，但是在数分钟之后，蒂姆·库克收到一个来自三星CEO的电话，电话中解释道这就是他们将要支付给美国苹果公司的10亿美元的罚款。 这。。。
[0.49999189376831055, 0.5195409059524536, 0.5151934027671814, 0.4235234260559082, 0.5489728450775146]
[0.5366906523704529, 0.5619767904281616, 0.4091225266456604, 0.2714977562427521, 0.5285236835479736]
[0.42087703943252563, 0.5568782687187195, 0.4271233081817627, 0.25883644819259644, 0.4665646255016327]
[0.5040035247802734, 0.5719863772392273, 0.43091994524002075, 0.27657848596572876, 0.5261465907096863]
[0.5835123658180237, 0.5395434498786926, 0.3995342254638672, 0.285137414932251, 0.580282986164093]
[0.49461400508880615, 0.5661464929580688, 0.43660786747932434, 0.2995346188545227, 0.4897731840610504]
[0.4620676040649414, 0.5744394063949585, 0.4102453291416168, 0.2808467149734497, 0.5031378865242004]
[0.5183579325675964, 0.5650473237037659, 0.4318946301937103, 0.30903688073158264, 0.5609740018844604]
[0.461830198764801, 0.575680673122406, 0.4416545331478119, 0.29968851804733276, 0.4721795618534088]
[0.5305002331733704, 0.564514696598053, 0.4343475103378296, 0.30671194195747375, 0.5158039331436157]
[0.577574610710144, 0.5764400959014893, 0.4048956334590912, 0.25880733132362366, 0.5527929067611694]
[0.4560532569885254, 0.5865623354911804, 0.46629470586776733, 0.28526070713996887, 0.4967609941959381]
[0.38392719626426697, 0.553103506565094, 0.4663456976413727, 0.32969653606414795, 0.4384534955024719]
[0.4487622082233429, 0.5716210603713989, 0.4600348174571991, 0.3031274080276489, 0.45275557041168213]
[0.5663252472877502, 0.567126452922821, 0.4059666693210602, 0.26356184482574463, 0.5701694488525391]
[0.5340568423271179, 0.5611334443092346, 0.44742658734321594, 0.2839924991130829, 0.5154549479484558]
[0.4753579795360565, 0.5691086649894714, 0.4133990406990051, 0.292723149061203, 0.5031759738922119]
[0.4696716368198395, 0.5549660325050354, 0.4583151936531067, 0.33449068665504456, 0.5066695213317871]
[0.5092933177947998, 0.5674198269844055, 0.4140629768371582, 0.31520411372184753, 0.5318247079849243]
[0.5315115451812744, 0.5855736136436462, 0.39861738681793213, 0.2707137167453766, 0.5307518839836121]
[0.48109880089759827, 0.579180896282196, 0.43175047636032104, 0.27975767850875854, 0.4800340235233307]
[0.46661871671676636, 0.5836977958679199, 0.436079204082489, 0.27481111884117126, 0.4732847213745117]
[0.56928950548172, 0.5695306658744812, 0.3992297053337097, 0.2698109447956085, 0.5763968825340271]
[0.52777099609375, 0.5749369859695435, 0.4504243731498718, 0.274231880903244, 0.5622520446777344]
[0.5324727296829224, 0.5769903063774109, 0.4107283055782318, 0.26005733013153076, 0.5458822250366211]
[0.48730161786079407, 0.5721107125282288, 0.44012391567230225, 0.2879214882850647, 0.5183072686195374]
[0.49393460154533386, 0.5753617882728577, 0.43176454305648804, 0.2822020351886749, 0.5095145106315613]
[0.5800063014030457, 0.5537922978401184, 0.3756915032863617, 0.23138904571533203, 0.581960916519165]
[0.5167209506034851, 0.5633214712142944, 0.4319169521331787, 0.289650022983551, 0.5471745133399963]
[0.4642637073993683, 0.5690712928771973, 0.4255653917789459, 0.2856740951538086, 0.5096521973609924]
[0.42536622285842896, 0.5747445225715637, 0.43426164984703064, 0.27612578868865967, 0.4801800847053528]
[0.44204068183898926, 0.5673351883888245, 0.4351198971271515, 0.29877349734306335, 0.4588864743709564]
[0.5176777839660645, 0.5874614119529724, 0.41815176606178284, 0.2748319208621979, 0.5447688102722168]
[0.544550895690918, 0.5570604801177979, 0.4563138782978058, 0.2916085422039032, 0.5199735760688782]
[0.5319032073020935, 0.5735094547271729, 0.40261849761009216, 0.2660459578037262, 0.5537760853767395]
[0.45247218012809753, 0.5695515275001526, 0.42142847180366516, 0.3034769892692566, 0.4853965640068054]
[0.39836686849594116, 0.5469242930412292, 0.45635533332824707, 0.3165658414363861, 0.4438509941101074]
[0.573728621006012, 0.5884549021720886, 0.39652207493782043, 0.2501232624053955, 0.5837811231613159]
[0.5922237634658813, 0.5727807283401489, 0.3662473261356354, 0.220733642578125, 0.5970978140830994]
[0.4220256507396698, 0.5567217469215393, 0.4648931324481964, 0.3413930833339691, 0.4675912857055664]
[0.4560532569885254, 0.5865623354911804, 0.46629470586776733, 0.28526070713996887, 0.4967609941959381]
[0.4587134122848511, 0.5504999756813049, 0.42331746220588684, 0.26663321256637573, 0.47923949360847473]
[0.4483625292778015, 0.5633817911148071, 0.44343438744544983, 0.3084951639175415, 0.4925391674041748]
[0.5497536063194275, 0.5981743335723877, 0.39980965852737427, 0.25093719363212585, 0.5697827935218811]
[0.48140957951545715, 0.5577817559242249, 0.4347430169582367, 0.2905542552471161, 0.5340036749839783]
[0.435246080160141, 0.5289521217346191, 0.4731471836566925, 0.3796156346797943, 0.47163426876068115]
[0.5357117652893066, 0.5923728346824646, 0.42654621601104736, 0.2512914538383484, 0.5427975058555603]
[0.3397151529788971, 0.516373336315155, 0.5455448031425476, 0.5857189893722534, 0.4947924315929413]
[0.4537908434867859, 0.5451546907424927, 0.4497058689594269, 0.3033543825149536, 0.4999387264251709]
[0.4107362627983093, 0.564221203327179, 0.4363790452480316, 0.2916516661643982, 0.464824914932251]
[0.4648019075393677, 0.5804927349090576, 0.4312072694301605, 0.27538466453552246, 0.4886311888694763]
[0.5451405048370361, 0.5799071192741394, 0.4316512644290924, 0.266661137342453, 0.5196403861045837]
[0.45943084359169006, 0.5324805974960327, 0.4464241564273834, 0.34248635172843933, 0.47445857524871826]
[0.5392138957977295, 0.5823938250541687, 0.4261903762817383, 0.27492547035217285, 0.5122859477996826]
[0.5352663397789001, 0.5518549680709839, 0.4515449106693268, 0.33240827918052673, 0.5130478143692017]
[0.5174717307090759, 0.5670113563537598, 0.41910240054130554, 0.3065064251422882, 0.5658787488937378]
[0.5478731393814087, 0.5831512808799744, 0.41127344965934753, 0.2813870310783386, 0.5586004257202148]
[0.3664727509021759, 0.554492712020874, 0.4789113998413086, 0.287409245967865, 0.4113079607486725]
[0.5291121006011963, 0.5923258662223816, 0.415624737739563, 0.2743915021419525, 0.544005274772644]
[0.48165491223335266, 0.5677180886268616, 0.42395588755607605, 0.28326690196990967, 0.525243878364563]
[0.5945459604263306, 0.5525802969932556, 0.41785791516304016, 0.2735792100429535, 0.5736975073814392]
[0.6314446926116943, 0.5596553683280945, 0.38216057419776917, 0.24828824400901794, 0.6096954941749573]
[0.621354341506958, 0.5815204381942749, 0.38490551710128784, 0.2549988925457001, 0.593419075012207]
[0.4400607943534851, 0.5714450478553772, 0.43342751264572144, 0.31553220748901367, 0.4673137366771698]
[0.5060280561447144, 0.5642716288566589, 0.42107415199279785, 0.2714211046695709, 0.5544078350067139]
[0.5401214957237244, 0.5840843915939331, 0.42858895659446716, 0.29375091195106506, 0.5504671931266785]
[0.5159279704093933, 0.5578516125679016, 0.43281838297843933, 0.30585235357284546, 0.527953565120697]
[0.6028570532798767, 0.5162051916122437, 0.4174518585205078, 0.29707685112953186, 0.605703592300415]
[0.4800703823566437, 0.5670251250267029, 0.430665522813797, 0.3141738474369049, 0.5023853778839111]
[0.4560532569885254, 0.5865623354911804, 0.46629470586776733, 0.28526070713996887, 0.4967609941959381]
[0.4679199159145355, 0.5316547155380249, 0.46061569452285767, 0.383520245552063, 0.4613538980484009]
[0.52777099609375, 0.5749369859695435, 0.4504243731498718, 0.274231880903244, 0.5622520446777344]
[0.5865565538406372, 0.5913001298904419, 0.40071025490760803, 0.2642621695995331, 0.5812050700187683]
[0.48126766085624695, 0.5390445590019226, 0.5018723607063293, 0.3888925313949585, 0.4927175045013428]
[0.5042362213134766, 0.5832533836364746, 0.43692731857299805, 0.26366379857063293, 0.5460769534111023]
[0.4606894850730896, 0.5615648031234741, 0.4404510259628296, 0.3140479028224945, 0.48577064275741577]
[0.521691083908081, 0.5878927707672119, 0.4193263351917267, 0.279192179441452, 0.5255200266838074]
[0.4946444034576416, 0.5982559323310852, 0.41261133551597595, 0.2618444263935089, 0.5259509682655334]
[0.469992458820343, 0.5659298300743103, 0.45545634627342224, 0.31004369258880615, 0.5416886210441589]
[0.46134400367736816, 0.5734822750091553, 0.45093342661857605, 0.30007031559944153, 0.5049721598625183]
[0.4910101592540741, 0.5734647512435913, 0.4427109658718109, 0.3094451129436493, 0.5295571088790894]
[0.3880576491355896, 0.5402014851570129, 0.4623836278915405, 0.327803373336792, 0.44693896174430847]
[0.4499911963939667, 0.5806659460067749, 0.40733009576797485, 0.25797465443611145, 0.495076447725296]
[0.5213886499404907, 0.5707203149795532, 0.4261024296283722, 0.2765643894672394, 0.5341148376464844]
[0.38392719626426697, 0.553103506565094, 0.4663456976413727, 0.32969653606414795, 0.4384534955024719]
[0.5343713164329529, 0.5691630244255066, 0.4301178753376007, 0.295242577791214, 0.5410733819007874]
[0.566440224647522, 0.5897478461265564, 0.40480926632881165, 0.23926879465579987, 0.5660151839256287]
[0.49833887815475464, 0.5704967975616455, 0.4367559552192688, 0.28923583030700684, 0.5294389724731445]
[0.5150112509727478, 0.5822458863258362, 0.4113909900188446, 0.2689216434955597, 0.5491712689399719]
[0.5578630566596985, 0.5819410681724548, 0.39593759179115295, 0.2714889645576477, 0.5701462030410767]
[0.486559122800827, 0.5664522051811218, 0.44371360540390015, 0.30606529116630554, 0.4933081269264221]
[0.5004978775978088, 0.5117807984352112, 0.4476776421070099, 0.32850363850593567, 0.5103470683097839]
[0.3664727509021759, 0.554492712020874, 0.4789113998413086, 0.287409245967865, 0.4113079607486725]
[0.5678243041038513, 0.5292031168937683, 0.44198086857795715, 0.322872132062912, 0.5604648590087891]
[0.49749526381492615, 0.580566942691803, 0.4507596790790558, 0.31716543436050415, 0.5096694231033325]
[0.501618504524231, 0.5862889885902405, 0.4131089746952057, 0.2538681924343109, 0.5448521971702576]
[0.3846115171909332, 0.5253435373306274, 0.47605401277542114, 0.3280472755432129, 0.44343194365501404]
[0.4753129482269287, 0.5651090741157532, 0.46800434589385986, 0.2990995943546295, 0.4833020567893982]
[0.4825093150138855, 0.6028304100036621, 0.43789809942245483, 0.2654448449611664, 0.5101684331893921]
[0.47177591919898987, 0.5630233287811279, 0.4398289620876312, 0.31021440029144287, 0.5087652802467346]
[0.48379552364349365, 0.5937032699584961, 0.41920071840286255, 0.2830924987792969, 0.4925927221775055]
