1
三星也挺会捣蛋的，O(∩_∩)O哈哈~
[0.5290595293045044, 0.5491343140602112, 0.4226023554801941, 0.2869027554988861, 0.5606817007064819]
[0.41193604469299316, 0.5634264349937439, 0.45224809646606445, 0.3063773810863495, 0.4261869192123413]
[0.5922800898551941, 0.5259379744529724, 0.4228588044643402, 0.29641538858413696, 0.5872704386711121]
[0.4825313091278076, 0.5803935527801514, 0.45230862498283386, 0.31167471408843994, 0.5009760856628418]
[0.5095570683479309, 0.5782855749130249, 0.4430108368396759, 0.28969135880470276, 0.5342928767204285]
[0.43076184391975403, 0.5454698801040649, 0.4726732075214386, 0.35384926199913025, 0.47546154260635376]
[0.6378988027572632, 0.5562968850135803, 0.38421615958213806, 0.25118815898895264, 0.6146308779716492]
[0.5175842642784119, 0.5648104548454285, 0.3991442024707794, 0.28648626804351807, 0.5355277061462402]
[0.46577465534210205, 0.5554268956184387, 0.4412871301174164, 0.3241922855377197, 0.4771682322025299]
[0.4514324963092804, 0.5575992465019226, 0.45350131392478943, 0.340752512216568, 0.48385897278785706]
[0.4652881324291229, 0.5529665946960449, 0.4497475326061249, 0.34377947449684143, 0.4773769974708557]
[0.5235698223114014, 0.5732880234718323, 0.4336383044719696, 0.28909629583358765, 0.5662575364112854]
[0.5430638194084167, 0.5633965730667114, 0.42198246717453003, 0.2820906639099121, 0.5575682520866394]
[0.47426995635032654, 0.5435619354248047, 0.44984766840934753, 0.3545383810997009, 0.48203808069229126]
[0.5260461568832397, 0.5862242579460144, 0.4310151934623718, 0.2730245292186737, 0.5295546650886536]
[0.562516987323761, 0.5925548672676086, 0.40549436211586, 0.22760999202728271, 0.5842605233192444]
[0.5169461965560913, 0.5635327100753784, 0.43206787109375, 0.3145279288291931, 0.5321517586708069]
[0.5006194710731506, 0.5872591137886047, 0.43589866161346436, 0.29515787959098816, 0.5632734894752502]
[0.5448850393295288, 0.597843587398529, 0.40125077962875366, 0.26928475499153137, 0.5401605367660522]
[0.468064546585083, 0.5760833024978638, 0.425519198179245, 0.27499982714653015, 0.5015510320663452]
[0.5010963678359985, 0.5790709257125854, 0.43072566390037537, 0.29782944917678833, 0.5287871360778809]
[0.5378292202949524, 0.5827122330665588, 0.40782833099365234, 0.285471111536026, 0.5388384461402893]
[0.49506738781929016, 0.5548800826072693, 0.414853036403656, 0.2964438199996948, 0.5081032514572144]
[0.4937158226966858, 0.5784066319465637, 0.4319472014904022, 0.2918601930141449, 0.5389271974563599]
[0.4107362627983093, 0.564221203327179, 0.4363790452480316, 0.2916516661643982, 0.464824914932251]
[0.49929752945899963, 0.5549261569976807, 0.46799951791763306, 0.3151431083679199, 0.5388633608818054]
[0.48950591683387756, 0.5719011425971985, 0.42101991176605225, 0.28221186995506287, 0.4879317283630371]
[0.5389127731323242, 0.5653457641601562, 0.41983258724212646, 0.2872622013092041, 0.5295695066452026]
[0.5343713164329529, 0.5691630244255066, 0.4301178753376007, 0.295242577791214, 0.5410733819007874]
[0.4430147409439087, 0.5638853907585144, 0.4556213617324829, 0.32621705532073975, 0.4713878929615021]
[0.5506930947303772, 0.5636918544769287, 0.3929833173751831, 0.2622528076171875, 0.5413659811019897]
[0.48379552364349365, 0.5937032699584961, 0.41920071840286255, 0.2830924987792969, 0.4925927221775055]
[0.5668612122535706, 0.5779213905334473, 0.3974445164203644, 0.26399192214012146, 0.5790987610816956]
[0.5578063130378723, 0.5860607624053955, 0.4191338121891022, 0.2624601125717163, 0.540570080280304]
[0.5346953272819519, 0.5352106690406799, 0.46219345927238464, 0.3408154547214508, 0.4877934157848358]
[0.5552243590354919, 0.5481478571891785, 0.43013429641723633, 0.29828670620918274, 0.5518956184387207]
[0.5569652318954468, 0.5802156925201416, 0.41320788860321045, 0.2532639801502228, 0.5221484899520874]
[0.5821744203567505, 0.5430627465248108, 0.42421695590019226, 0.2993888854980469, 0.5984998345375061]
[0.5291121006011963, 0.5923258662223816, 0.415624737739563, 0.2743915021419525, 0.544005274772644]
[0.5188410878181458, 0.5896219611167908, 0.4156791567802429, 0.27378591895103455, 0.5188353657722473]
[0.4428681433200836, 0.5512153506278992, 0.45669886469841003, 0.349275141954422, 0.5025944113731384]
[0.5350545048713684, 0.5611147880554199, 0.4231821298599243, 0.2887583076953888, 0.5558098554611206]
[0.5625438094139099, 0.532646894454956, 0.4337693750858307, 0.315262109041214, 0.553285539150238]
[0.5193977355957031, 0.5603981614112854, 0.44343462586402893, 0.3159930109977722, 0.527860164642334]
[0.4183543026447296, 0.5416076183319092, 0.47017902135849, 0.3027796745300293, 0.4923649728298187]
[0.40613383054733276, 0.5185551643371582, 0.4860430955886841, 0.38532066345214844, 0.4628809988498688]
[0.5181610584259033, 0.5488247275352478, 0.44138386845588684, 0.29600727558135986, 0.49320724606513977]
[0.507760763168335, 0.540654182434082, 0.44042593240737915, 0.23689354956150055, 0.505663275718689]
[0.5193629860877991, 0.5856478810310364, 0.41173920035362244, 0.282301664352417, 0.5441094636917114]
[0.4329792857170105, 0.5549331307411194, 0.46775442361831665, 0.3450172245502472, 0.4880952537059784]
[0.5743323564529419, 0.5774918794631958, 0.38529160618782043, 0.2513061761856079, 0.5848240256309509]
[0.5014411211013794, 0.5902772545814514, 0.41055935621261597, 0.27956101298332214, 0.5409361124038696]
[0.4066770374774933, 0.5362048149108887, 0.48521655797958374, 0.3600718379020691, 0.44321948289871216]
[0.45412707328796387, 0.5758791565895081, 0.4400796890258789, 0.29333606362342834, 0.44811227917671204]
[0.48413795232772827, 0.5548134446144104, 0.4312346875667572, 0.2891433835029602, 0.49680688977241516]
[0.5303357839584351, 0.5772836804389954, 0.4295043349266052, 0.2838239371776581, 0.5539366006851196]
[0.44968026876449585, 0.5401620864868164, 0.45972225069999695, 0.30963364243507385, 0.4466307461261749]
[0.48186957836151123, 0.5574122667312622, 0.45418697595596313, 0.3569258749485016, 0.5034574866294861]
[0.4375351369380951, 0.5263824462890625, 0.45628103613853455, 0.28995952010154724, 0.4579482972621918]
[0.5193629860877991, 0.5856478810310364, 0.41173920035362244, 0.282301664352417, 0.5441094636917114]
[0.43185868859291077, 0.5045897364616394, 0.4898185431957245, 0.3864133059978485, 0.46984368562698364]
[0.5000302791595459, 0.6022928953170776, 0.4163656234741211, 0.26510944962501526, 0.5315870642662048]
[0.4338252544403076, 0.5503463745117188, 0.44365277886390686, 0.32057619094848633, 0.4512556195259094]
[0.5741074681282043, 0.5822409987449646, 0.38670697808265686, 0.26591989398002625, 0.5711495876312256]
[0.4983598291873932, 0.5720123052597046, 0.4302767813205719, 0.27239957451820374, 0.4959447681903839]
[0.39559119939804077, 0.5502505302429199, 0.4435470402240753, 0.3194788694381714, 0.44396984577178955]
[0.5450183153152466, 0.5001524686813354, 0.4642656445503235, 0.3659380078315735, 0.516838550567627]
[0.573197603225708, 0.5790687203407288, 0.42971739172935486, 0.2839640974998474, 0.5336933732032776]
[0.5487728118896484, 0.5847393274307251, 0.4162207543849945, 0.26826614141464233, 0.5632931590080261]
[0.5552852153778076, 0.5857468843460083, 0.4001559317111969, 0.27149248123168945, 0.5646634697914124]
[0.6131870746612549, 0.5701139569282532, 0.3678323030471802, 0.22891543805599213, 0.6019001603126526]
[0.4107195734977722, 0.5337406396865845, 0.4631994068622589, 0.32184332609176636, 0.4431813657283783]
[0.5095149278640747, 0.569587767124176, 0.3865158259868622, 0.2417827546596527, 0.5473371744155884]
[0.5440858006477356, 0.5762011408805847, 0.4174376428127289, 0.2702346444129944, 0.5615106821060181]
[0.5830144882202148, 0.5483676195144653, 0.4282720685005188, 0.3011959493160248, 0.5463138818740845]
[0.4716741144657135, 0.5443807244300842, 0.4575192332267761, 0.35258737206459045, 0.4858097434043884]
[0.4487622082233429, 0.5716210603713989, 0.4600348174571991, 0.3031274080276489, 0.45275557041168213]
[0.49577686190605164, 0.5832553505897522, 0.42610645294189453, 0.27595531940460205, 0.5108104348182678]
[0.4560532569885254, 0.5865623354911804, 0.46629470586776733, 0.28526070713996887, 0.4967609941959381]
[0.4517269730567932, 0.558722734451294, 0.44820258021354675, 0.33771950006484985, 0.4716073274612427]
[0.5160406827926636, 0.5830004215240479, 0.41738221049308777, 0.2848273515701294, 0.5382944941520691]
[0.5174210071563721, 0.5747125744819641, 0.42234450578689575, 0.2860325872898102, 0.5424402952194214]
[0.4453081488609314, 0.5284968614578247, 0.47794872522354126, 0.3702302873134613, 0.45264479517936707]
[0.505754828453064, 0.5672969222068787, 0.41383326053619385, 0.2820426821708679, 0.522768497467041]
[0.39528825879096985, 0.5450491309165955, 0.46778005361557007, 0.3301581144332886, 0.4370954930782318]
[0.5565491914749146, 0.5748436450958252, 0.4248278737068176, 0.2638106346130371, 0.5615634322166443]
[0.520972490310669, 0.5567314028739929, 0.43369805812835693, 0.3099084198474884, 0.5460352897644043]
[0.4896760880947113, 0.5606756210327148, 0.4230845868587494, 0.29841557145118713, 0.4909924566745758]
[0.5355700254440308, 0.5657747983932495, 0.41882961988449097, 0.2947210371494293, 0.5213145017623901]
[0.5078076124191284, 0.5628020763397217, 0.4342281222343445, 0.3057166039943695, 0.5265471935272217]
[0.46589845418930054, 0.5663274526596069, 0.4465331733226776, 0.30249032378196716, 0.5128647089004517]
[0.515039324760437, 0.577570915222168, 0.42854437232017517, 0.2780945897102356, 0.5080845355987549]
[0.5087052583694458, 0.5868462324142456, 0.43973493576049805, 0.29926881194114685, 0.52146977186203]
[0.48731493949890137, 0.5732279419898987, 0.4339311718940735, 0.3012865483760834, 0.5250781178474426]
[0.5039023756980896, 0.5514910817146301, 0.4351269006729126, 0.291178435087204, 0.5140047073364258]
[0.49332401156425476, 0.5146337747573853, 0.5006996989250183, 0.3852126896381378, 0.5172733664512634]
[0.4057077467441559, 0.5631409883499146, 0.45207908749580383, 0.33237364888191223, 0.5046440362930298]
[0.5163849592208862, 0.5841968059539795, 0.42903345823287964, 0.27417927980422974, 0.5548036098480225]
[0.4988466799259186, 0.5479174256324768, 0.44356420636177063, 0.30015748739242554, 0.4803507328033447]
[0.3297256827354431, 0.529095470905304, 0.5335162878036499, 0.5241806507110596, 0.4610157608985901]
[0.49819183349609375, 0.5695810914039612, 0.4092336595058441, 0.28381651639938354, 0.5330636501312256]
