1
由杨澜承认自己是美国人想到的是，我们这个国家真是包容性很强的国家，人民是最包容的人民，我们国家最高议事机构竟然有一大半的外国人指指点点决定着这个国家应该怎样。就此我也终于理解了北京精神中的“包容”的真正含义了。因为我从来没有在北京的实际城市生活中看到一点包容的影子。
[0.5397076606750488, 0.5383052229881287, 0.4799579381942749, 0.3777433931827545, 0.5356672406196594]
[0.46265557408332825, 0.569695770740509, 0.4786659777164459, 0.3312409818172455, 0.4811892509460449]
[0.4752422869205475, 0.5751667618751526, 0.4854543209075928, 0.31576186418533325, 0.4967390298843384]
[0.5863949060440063, 0.5535396337509155, 0.4017345607280731, 0.2537747025489807, 0.5721051692962646]
[0.5292655825614929, 0.5435351729393005, 0.46324002742767334, 0.30957600474357605, 0.5270228981971741]
[0.38613420724868774, 0.5626964569091797, 0.4346226453781128, 0.29786351323127747, 0.4489196538925171]
[0.54987633228302, 0.5421133041381836, 0.41285616159439087, 0.29839038848876953, 0.5464355945587158]
[0.5541098713874817, 0.5780246257781982, 0.4257916510105133, 0.2735103666782379, 0.5638991594314575]
[0.3339334726333618, 0.5221847295761108, 0.5356374979019165, 0.5493200421333313, 0.460897296667099]
[0.5106140971183777, 0.5279748439788818, 0.47616010904312134, 0.3884538412094116, 0.5190825462341309]
[0.5527375936508179, 0.5497903227806091, 0.43524277210235596, 0.2850874662399292, 0.5414543151855469]
[0.531137228012085, 0.564788818359375, 0.4269163906574249, 0.2577873170375824, 0.5398475527763367]
[0.5489832758903503, 0.5629866123199463, 0.42839503288269043, 0.320789635181427, 0.5597824454307556]
[0.4677865207195282, 0.5327745079994202, 0.516224205493927, 0.44480544328689575, 0.4998231530189514]
[0.5047717094421387, 0.5865251421928406, 0.4335152804851532, 0.30233776569366455, 0.5480042695999146]
[0.5167955160140991, 0.5742737054824829, 0.45057213306427, 0.302900493144989, 0.5297160744667053]
[0.5307736992835999, 0.531834065914154, 0.4527208209037781, 0.37177515029907227, 0.5305414795875549]
[0.5010133385658264, 0.5031272768974304, 0.45862242579460144, 0.35361117124557495, 0.49986937642097473]
[0.5286204218864441, 0.5872393250465393, 0.4309043884277344, 0.2797926962375641, 0.5770972967147827]
[0.5174564719200134, 0.5832817554473877, 0.4142545461654663, 0.2774992883205414, 0.5179241895675659]
[0.5476838946342468, 0.5598504543304443, 0.4449300467967987, 0.2943738102912903, 0.5335574746131897]
[0.5259931087493896, 0.5395092368125916, 0.45547130703926086, 0.3310403823852539, 0.5434131026268005]
[0.41966331005096436, 0.5578626990318298, 0.4329299330711365, 0.28132176399230957, 0.4678860902786255]
[0.4669676125049591, 0.5545251965522766, 0.4400402903556824, 0.3116195797920227, 0.4950295388698578]
[0.5444002747535706, 0.5663224458694458, 0.41967037320137024, 0.2881081700325012, 0.5384171009063721]
[0.4210253357887268, 0.55520099401474, 0.4405100345611572, 0.29144272208213806, 0.47628113627433777]
[0.5169638991355896, 0.5459668636322021, 0.45758482813835144, 0.339961975812912, 0.5116565227508545]
[0.44895032048225403, 0.5725336670875549, 0.4504862427711487, 0.31305068731307983, 0.4954581558704376]
[0.4869963824748993, 0.5878746509552002, 0.42713889479637146, 0.28224048018455505, 0.5187020897865295]
[0.5225271582603455, 0.5648601651191711, 0.4622090458869934, 0.32935386896133423, 0.5284874439239502]
[0.5010384321212769, 0.5597839951515198, 0.4449346661567688, 0.2901677191257477, 0.5348570942878723]
[0.5149741172790527, 0.5550865530967712, 0.45911455154418945, 0.310487300157547, 0.5356119275093079]
[0.45447978377342224, 0.5327610969543457, 0.45575740933418274, 0.332202672958374, 0.46072712540626526]
[0.4905591309070587, 0.58200603723526, 0.4300142228603363, 0.2986590564250946, 0.48488280177116394]
[0.5462220907211304, 0.5965338349342346, 0.43912139534950256, 0.2695907950401306, 0.5685463547706604]
[0.3827227056026459, 0.5638903379440308, 0.46047335863113403, 0.30749744176864624, 0.4993531107902527]
[0.4989418685436249, 0.5680976510047913, 0.4193650484085083, 0.29612261056900024, 0.5013902187347412]
[0.5162317752838135, 0.5891155004501343, 0.4248412549495697, 0.2710508704185486, 0.545081377029419]
[0.42599672079086304, 0.5581437945365906, 0.4612075984477997, 0.3371449112892151, 0.44627100229263306]
[0.5505735278129578, 0.5836979150772095, 0.42936843633651733, 0.28702494502067566, 0.5604355931282043]
[0.5040035247802734, 0.5719863772392273, 0.43091994524002075, 0.27657848596572876, 0.5261465907096863]
[0.35851606726646423, 0.5517454147338867, 0.44528043270111084, 0.29724395275115967, 0.453659325838089]
[0.5969062447547913, 0.5574802160263062, 0.40776047110557556, 0.27940505743026733, 0.5739242434501648]
[0.5003604888916016, 0.5639272332191467, 0.47126173973083496, 0.34189268946647644, 0.5261775255203247]
[0.4486181139945984, 0.5397406220436096, 0.4799111485481262, 0.3481479585170746, 0.48357275128364563]
[0.46727898716926575, 0.5339578986167908, 0.4630337953567505, 0.30969855189323425, 0.48136526346206665]
[0.44436490535736084, 0.5432979464530945, 0.48806020617485046, 0.38598009943962097, 0.4646492302417755]
[0.3664727509021759, 0.554492712020874, 0.4789113998413086, 0.287409245967865, 0.4113079607486725]
[0.4628293514251709, 0.5770243406295776, 0.46774816513061523, 0.33535924553871155, 0.5039729475975037]
[0.47991132736206055, 0.5608654618263245, 0.4370182454586029, 0.3379650413990021, 0.4962098300457001]
[0.511420726776123, 0.5591989159584045, 0.4401364326477051, 0.33148252964019775, 0.5188802480697632]
[0.41564619541168213, 0.4824317395687103, 0.5500470399856567, 0.5424063205718994, 0.4722561836242676]
[0.40744879841804504, 0.5438974499702454, 0.47429677844047546, 0.32180991768836975, 0.46816423535346985]
[0.5053712129592896, 0.5624374747276306, 0.43679729104042053, 0.3025418817996979, 0.5357388257980347]
[0.4437237083911896, 0.5808864831924438, 0.43781134486198425, 0.27734535932540894, 0.47363385558128357]
[0.46811559796333313, 0.5737651586532593, 0.4235621690750122, 0.2598332166671753, 0.4870229661464691]
[0.5527083873748779, 0.5613725781440735, 0.3979254364967346, 0.2849586308002472, 0.5637157559394836]
[0.33836227655410767, 0.546707034111023, 0.4599742889404297, 0.31058597564697266, 0.42926695942878723]
[0.5107055902481079, 0.5822975039482117, 0.4401111900806427, 0.26379865407943726, 0.5370510220527649]
[0.47888559103012085, 0.5555912256240845, 0.4608200192451477, 0.3319733738899231, 0.507414698600769]
[0.5253071784973145, 0.5480639934539795, 0.4579983055591583, 0.29863789677619934, 0.5212699174880981]
[0.5641146898269653, 0.5416104197502136, 0.43042296171188354, 0.29095834493637085, 0.5486536622047424]
[0.5123572945594788, 0.5798566341400146, 0.4600214958190918, 0.30791929364204407, 0.5473207831382751]
[0.3664727509021759, 0.554492712020874, 0.4789113998413086, 0.287409245967865, 0.4113079607486725]
[0.46192529797554016, 0.504238486289978, 0.5284019112586975, 0.4286772310733795, 0.47847747802734375]
[0.5428999662399292, 0.5931810736656189, 0.41341349482536316, 0.26924046874046326, 0.5476745367050171]
[0.5227347016334534, 0.5686450004577637, 0.4475010335445404, 0.29959580302238464, 0.5523545742034912]
[0.5263102054595947, 0.5775756239891052, 0.44779565930366516, 0.30371972918510437, 0.5369366407394409]
[0.4431482255458832, 0.5614409446716309, 0.455849289894104, 0.3124364912509918, 0.4921441078186035]
[0.35851606726646423, 0.5517454147338867, 0.44528043270111084, 0.29724395275115967, 0.453659325838089]
[0.5315115451812744, 0.5855736136436462, 0.39861738681793213, 0.2707137167453766, 0.5307518839836121]
[0.51617830991745, 0.5570461750030518, 0.4457235336303711, 0.3050747513771057, 0.5101624131202698]
[0.5263866186141968, 0.5911257266998291, 0.41400086879730225, 0.26422110199928284, 0.5595816373825073]
[0.4419105648994446, 0.542083740234375, 0.4597158432006836, 0.3266678750514984, 0.4986567795276642]
[0.5387141108512878, 0.5614288449287415, 0.43084150552749634, 0.31147003173828125, 0.5483204126358032]
[0.5283676981925964, 0.5767782330513, 0.4276040196418762, 0.26855236291885376, 0.5307646989822388]
[0.4475543200969696, 0.5606335401535034, 0.4602716863155365, 0.29504814743995667, 0.47219687700271606]
[0.5156527757644653, 0.5616286396980286, 0.43519747257232666, 0.33958131074905396, 0.5344958901405334]
[0.5331998467445374, 0.5638179183006287, 0.4160679876804352, 0.3025450110435486, 0.5283423066139221]
[0.4599579870700836, 0.5333427786827087, 0.4824889004230499, 0.3983118236064911, 0.4585306942462921]
[0.4951011538505554, 0.5663078427314758, 0.462380051612854, 0.28122153878211975, 0.5213836431503296]
[0.48963236808776855, 0.5661377906799316, 0.40640953183174133, 0.27336910367012024, 0.49306583404541016]
[0.49849963188171387, 0.5470611453056335, 0.5342137813568115, 0.4300648868083954, 0.5309833288192749]
[0.5088148713111877, 0.5681263208389282, 0.4357963502407074, 0.3108128607273102, 0.5158698558807373]
[0.488656610250473, 0.58665531873703, 0.4141318202018738, 0.264607310295105, 0.534500241279602]
[0.4914851784706116, 0.5838370323181152, 0.4300684928894043, 0.2719736695289612, 0.5188900828361511]
[0.4446198046207428, 0.5597031712532043, 0.43232572078704834, 0.29291269183158875, 0.49650436639785767]
[0.5240539908409119, 0.5447024703025818, 0.4610149562358856, 0.33567026257514954, 0.52642422914505]
[0.5356602072715759, 0.5529600977897644, 0.4427928626537323, 0.31870588660240173, 0.524262547492981]
[0.5717431902885437, 0.5226324200630188, 0.468731164932251, 0.3032069504261017, 0.5719521045684814]
[0.3664727509021759, 0.554492712020874, 0.4789113998413086, 0.287409245967865, 0.4113079607486725]
[0.519368052482605, 0.5544983744621277, 0.4414897859096527, 0.30163630843162537, 0.5291198492050171]
[0.5268316864967346, 0.5866790413856506, 0.44549810886383057, 0.3057626783847809, 0.49439141154289246]
[0.4527430534362793, 0.5659202933311462, 0.42660486698150635, 0.27288150787353516, 0.4985324442386627]
[0.4929839074611664, 0.579287052154541, 0.4403775632381439, 0.32011884450912476, 0.4981616139411926]
