1
【美国人参议和干涉中国内政是 黑色的幽默，但已成真】【一个美国公民会站在中国人的立场为中国人考虑吗？】 《深圳论坛》消息，杨澜终于承认自己美国籍身份。她说：“虽然我入了美国籍，但我出身于中国《广西容县之窗论坛》、《天涯社区》 转发了这一消息。
[0.557095468044281, 0.5521239042282104, 0.41587746143341064, 0.27994489669799805, 0.5596151947975159]
[0.5066096186637878, 0.5668107271194458, 0.42951375246047974, 0.30592501163482666, 0.5435338616371155]
[0.4940568506717682, 0.5580325126647949, 0.43660905957221985, 0.3148440420627594, 0.522114098072052]
[0.5185249447822571, 0.584116518497467, 0.41322940587997437, 0.27427107095718384, 0.5190824866294861]
[0.47654637694358826, 0.5686065554618835, 0.4722663164138794, 0.34156209230422974, 0.5228850841522217]
[0.5107576251029968, 0.5424783229827881, 0.4652673304080963, 0.37627431750297546, 0.4999655485153198]
[0.3797207176685333, 0.5669065713882446, 0.44790008664131165, 0.28564774990081787, 0.45854854583740234]
[0.47608813643455505, 0.5743657946586609, 0.4438377618789673, 0.29265740513801575, 0.5059151649475098]
[0.5295354127883911, 0.5810251235961914, 0.4527367949485779, 0.297643780708313, 0.5469270348548889]
[0.4207346439361572, 0.573407769203186, 0.44316497445106506, 0.2810993790626526, 0.4718472361564636]
[0.5358548164367676, 0.5273460745811462, 0.4821295142173767, 0.3386691212654114, 0.5147594809532166]
[0.5254297256469727, 0.5736837983131409, 0.3991772532463074, 0.2772078514099121, 0.543667197227478]
[0.504441499710083, 0.529751718044281, 0.48741504549980164, 0.4149267077445984, 0.49439719319343567]
[0.4698562026023865, 0.563006579875946, 0.45537668466567993, 0.33605390787124634, 0.49373704195022583]
[0.5245038866996765, 0.5470906496047974, 0.45446452498435974, 0.2960246801376343, 0.5153620839118958]
[0.4621445834636688, 0.5421874523162842, 0.5010597705841064, 0.3434903621673584, 0.49723127484321594]
[0.49975526332855225, 0.5874056220054626, 0.4230498969554901, 0.27203112840652466, 0.5168728828430176]
[0.487028032541275, 0.5902456045150757, 0.4276100993156433, 0.2882273197174072, 0.5038619041442871]
[0.38896438479423523, 0.5737507939338684, 0.460659921169281, 0.2798196077346802, 0.4585954546928406]
[0.5469234585762024, 0.5809584259986877, 0.41643333435058594, 0.2903784215450287, 0.5602226853370667]
[0.5486506819725037, 0.5667092800140381, 0.4196651577949524, 0.2793903946876526, 0.5428817272186279]
[0.5284982323646545, 0.5698421597480774, 0.43083396553993225, 0.2777075469493866, 0.5136367678642273]
[0.47027936577796936, 0.5666623115539551, 0.464706152677536, 0.2977910041809082, 0.48696810007095337]
[0.530602753162384, 0.5734992623329163, 0.4039817452430725, 0.26997971534729004, 0.5460090041160583]
[0.4374532103538513, 0.5467492341995239, 0.43429601192474365, 0.32038918137550354, 0.5296642184257507]
[0.4828140437602997, 0.5206891894340515, 0.5738477110862732, 0.690368115901947, 0.526351809501648]
[0.5547479391098022, 0.5794658064842224, 0.413331538438797, 0.2570372223854065, 0.5490416288375854]
[0.5570985078811646, 0.554423451423645, 0.4375401735305786, 0.30377933382987976, 0.5449302792549133]
[0.5278767943382263, 0.5661722421646118, 0.4563245177268982, 0.29491475224494934, 0.5316710472106934]
[0.5137794017791748, 0.6035977005958557, 0.41124144196510315, 0.26694053411483765, 0.5281223058700562]
[0.558536171913147, 0.5846295952796936, 0.4098966419696808, 0.26240068674087524, 0.5785832405090332]
[0.5077105164527893, 0.5311412215232849, 0.5138971209526062, 0.4358978271484375, 0.5456599593162537]
[0.4656950533390045, 0.5761564373970032, 0.43477198481559753, 0.2626064419746399, 0.5177446007728577]
[0.5567432641983032, 0.5504640936851501, 0.45609843730926514, 0.32164695858955383, 0.530026912689209]
[0.5309557318687439, 0.5411462187767029, 0.44359666109085083, 0.2947225868701935, 0.5299439430236816]
[0.42783427238464355, 0.560530960559845, 0.4697055220603943, 0.33059003949165344, 0.48056191205978394]
[0.48471400141716003, 0.5787943005561829, 0.42692986130714417, 0.2962043881416321, 0.5076972842216492]
[0.5356327295303345, 0.5858345031738281, 0.3983157277107239, 0.27539798617362976, 0.5318643450737]
[0.4269111752510071, 0.5409654974937439, 0.4647633135318756, 0.31257396936416626, 0.4757910370826721]
[0.4035619795322418, 0.5630075931549072, 0.43835076689720154, 0.29424363374710083, 0.4609862267971039]
[0.5620900988578796, 0.5942291021347046, 0.419325053691864, 0.2666260004043579, 0.5534039735794067]
[0.5104372501373291, 0.5802815556526184, 0.41530928015708923, 0.3046148121356964, 0.5366279482841492]
[0.3586365580558777, 0.5520040988922119, 0.4641563594341278, 0.27657490968704224, 0.452644944190979]
[0.5264177322387695, 0.5431205630302429, 0.4365517795085907, 0.2989986836910248, 0.5132740139961243]
[0.5517433881759644, 0.5714372992515564, 0.41524025797843933, 0.2822284698486328, 0.5407463312149048]
[0.48136165738105774, 0.5077428817749023, 0.5396467447280884, 0.42255520820617676, 0.4962056279182434]
[0.5007621049880981, 0.5923015475273132, 0.44243133068084717, 0.30421629548072815, 0.5191731452941895]
[0.572554349899292, 0.5819178819656372, 0.42385709285736084, 0.2663504481315613, 0.5633548498153687]
[0.5590571165084839, 0.5389083027839661, 0.47188228368759155, 0.3107187747955322, 0.5634134411811829]
[0.5125461220741272, 0.5530082583427429, 0.4730183780193329, 0.3639484941959381, 0.5309398770332336]
[0.517285168170929, 0.5514455437660217, 0.4791809022426605, 0.31819847226142883, 0.5008257627487183]
[0.5647454261779785, 0.5600969791412354, 0.456778883934021, 0.31198450922966003, 0.5318031311035156]
[0.4881601929664612, 0.5669229626655579, 0.45646241307258606, 0.3206965923309326, 0.49993896484375]
[0.5678529143333435, 0.5458910465240479, 0.44778579473495483, 0.31344085931777954, 0.5463758707046509]
[0.5024998784065247, 0.5578516125679016, 0.439965158700943, 0.3116818964481354, 0.5183310508728027]
[0.40181246399879456, 0.5560616850852966, 0.451743483543396, 0.3122454583644867, 0.46014755964279175]
[0.5422574877738953, 0.5399891138076782, 0.47591471672058105, 0.3153235614299774, 0.5338967442512512]
[0.460042804479599, 0.5487966537475586, 0.472850501537323, 0.36504366993904114, 0.50673907995224]
[0.5403780341148376, 0.5209857225418091, 0.514127254486084, 0.500072717666626, 0.5284023880958557]
[0.41107118129730225, 0.5685057640075684, 0.4629741311073303, 0.2982543706893921, 0.42891210317611694]
[0.5403780341148376, 0.5209857225418091, 0.514127254486084, 0.500072717666626, 0.5284023880958557]
[0.5136188864707947, 0.5880674719810486, 0.4519812762737274, 0.2666165828704834, 0.5259537696838379]
[0.45220035314559937, 0.5665379166603088, 0.4797508716583252, 0.3353703022003174, 0.4718179404735565]
[0.44760048389434814, 0.5839638710021973, 0.42800405621528625, 0.28692275285720825, 0.49465909600257874]
[0.45243948698043823, 0.5542530417442322, 0.4577714204788208, 0.30426692962646484, 0.4634816348552704]
[0.34618037939071655, 0.4986068904399872, 0.5326000452041626, 0.5923985242843628, 0.47441554069519043]
[0.46563559770584106, 0.5679191946983337, 0.46952977776527405, 0.3672221302986145, 0.5188897848129272]
[0.4894542098045349, 0.5518255233764648, 0.4744962751865387, 0.3489840626716614, 0.5474494099617004]
[0.4644031524658203, 0.5443021059036255, 0.4687497019767761, 0.34553053975105286, 0.4787304401397705]
[0.4973543882369995, 0.5663424134254456, 0.44547998905181885, 0.2874669134616852, 0.531200110912323]
[0.4138658046722412, 0.5380452275276184, 0.4818490147590637, 0.3487653136253357, 0.49319988489151]
[0.4397672712802887, 0.5236418843269348, 0.49150198698043823, 0.4132916033267975, 0.45559605956077576]
[0.4749806821346283, 0.5277521014213562, 0.4914165437221527, 0.35917142033576965, 0.5412847995758057]
[0.4921092092990875, 0.5563629865646362, 0.46267980337142944, 0.32960301637649536, 0.49797818064689636]
[0.49026015400886536, 0.5297001600265503, 0.4697768986225128, 0.34314146637916565, 0.4979034662246704]
[0.47425612807273865, 0.5785049200057983, 0.4397018551826477, 0.3021250367164612, 0.4918173551559448]
[0.5868210196495056, 0.5865489840507507, 0.4051932990550995, 0.23668722808361053, 0.5713379383087158]
[0.5016040802001953, 0.5633513927459717, 0.4318374693393707, 0.29911884665489197, 0.5231893062591553]
[0.5080333352088928, 0.5529158115386963, 0.45906999707221985, 0.3599640130996704, 0.5144268274307251]
