1
【不要喝留放在汽车里的瓶裝水】 有位朋友的母亲最近才被诊断出乳腺癌。医生告诉她：女性实在不应该喝留放在汽车里的瓶裝水，热能和塑胶瓶子兩者遇在一起就会产生化学物质，而那些将会导致人们罹患乳腺癌。------ 在此提醒广大女性朋友小心并且千万不要喝留放在车子里头的瓶裝水。
[0.5678383708000183, 0.5546199679374695, 0.4283541738986969, 0.26518815755844116, 0.5735750794410706]
[0.5814571380615234, 0.5882827043533325, 0.3964928090572357, 0.2543843686580658, 0.570720911026001]
[0.5420329570770264, 0.5458636283874512, 0.4295516312122345, 0.27710863947868347, 0.553927481174469]
[0.5382485389709473, 0.5883761048316956, 0.4233072102069855, 0.27613765001296997, 0.5534288883209229]
[0.4947071075439453, 0.5756574273109436, 0.4098975658416748, 0.28583160042762756, 0.5425634384155273]
[0.4962994456291199, 0.5632692575454712, 0.4442720413208008, 0.2965557873249054, 0.5353905558586121]
[0.49368229508399963, 0.5345937609672546, 0.4650810956954956, 0.30773448944091797, 0.5057367086410522]
[0.4912603199481964, 0.5765034556388855, 0.45725199580192566, 0.29612264037132263, 0.5343415141105652]
[0.44641703367233276, 0.5451157689094543, 0.4390002489089966, 0.2992978096008301, 0.4828120470046997]
[0.5438017845153809, 0.5942021012306213, 0.41521143913269043, 0.26803213357925415, 0.5571514964103699]
[0.46229681372642517, 0.5711820125579834, 0.45833468437194824, 0.29470115900039673, 0.514468789100647]
[0.5067802667617798, 0.5796297192573547, 0.4297908544540405, 0.3005593419075012, 0.5306199789047241]
[0.38674068450927734, 0.571651041507721, 0.441058874130249, 0.28069445490837097, 0.44928252696990967]
[0.49761685729026794, 0.5777846574783325, 0.42459291219711304, 0.2792431116104126, 0.5200966596603394]
[0.5159276723861694, 0.5861940979957581, 0.419279009103775, 0.2776103615760803, 0.5283579230308533]
[0.5227174162864685, 0.5543943047523499, 0.4347570240497589, 0.29394736886024475, 0.525812029838562]
[0.49282801151275635, 0.5689846873283386, 0.4618928134441376, 0.29659929871559143, 0.5407004356384277]
[0.46216341853141785, 0.5682860016822815, 0.47412070631980896, 0.3273409605026245, 0.5432990789413452]
[0.4514908492565155, 0.5688963532447815, 0.4655318856239319, 0.3078349530696869, 0.5232964754104614]
[0.4421292245388031, 0.5498740673065186, 0.43481960892677307, 0.3012743294239044, 0.45296376943588257]
[0.5438017845153809, 0.5942021012306213, 0.41521143913269043, 0.26803213357925415, 0.5571514964103699]
[0.4860633611679077, 0.5660876035690308, 0.44877538084983826, 0.3039776384830475, 0.5268784761428833]
[0.5281838178634644, 0.5944190621376038, 0.42588067054748535, 0.2749827802181244, 0.5269945859909058]
[0.402199923992157, 0.5253614783287048, 0.4864315688610077, 0.329924076795578, 0.45309481024742126]
[0.46135085821151733, 0.530167281627655, 0.4777955114841461, 0.35066846013069153, 0.4821133315563202]
[0.4143160879611969, 0.532114565372467, 0.5134237408638, 0.4061858654022217, 0.5001723170280457]
[0.5790328979492188, 0.5429710149765015, 0.41085076332092285, 0.2892787456512451, 0.5742465257644653]
[0.4818546772003174, 0.5671708583831787, 0.4427948296070099, 0.3154818117618561, 0.5104961395263672]
[0.5119041800498962, 0.5611382126808167, 0.4426106810569763, 0.28804147243499756, 0.5607425570487976]
[0.39951321482658386, 0.5563493371009827, 0.4576970934867859, 0.29874685406684875, 0.4619489312171936]
[0.5158025622367859, 0.5829200744628906, 0.41291624307632446, 0.28647327423095703, 0.5257717967033386]
[0.36652496457099915, 0.5537101030349731, 0.5071995854377747, 0.42914390563964844, 0.4225957691669464]
[0.511255145072937, 0.5555015802383423, 0.44553065299987793, 0.29960352182388306, 0.5322266817092896]
[0.49636781215667725, 0.5671301484107971, 0.4273007810115814, 0.2685104012489319, 0.5496254563331604]
[0.5093778371810913, 0.5391420125961304, 0.4520004093647003, 0.32583171129226685, 0.5525707006454468]
[0.49282801151275635, 0.5689846873283386, 0.4618928134441376, 0.29659929871559143, 0.5407004356384277]
[0.4490465521812439, 0.583617627620697, 0.43392276763916016, 0.26272350549697876, 0.549674928188324]
[0.3664727509021759, 0.554492712020874, 0.4789113998413086, 0.287409245967865, 0.4113079607486725]
[0.49282801151275635, 0.5689846873283386, 0.4618928134441376, 0.29659929871559143, 0.5407004356384277]
[0.5429603457450867, 0.5486147403717041, 0.4314922094345093, 0.2926214039325714, 0.5431627631187439]
[0.45585379004478455, 0.5387904047966003, 0.4930708110332489, 0.3919832110404968, 0.5182867050170898]
[0.4333363473415375, 0.545233964920044, 0.47938796877861023, 0.34392470121383667, 0.5229358077049255]
[0.5055774450302124, 0.5777085423469543, 0.42044761776924133, 0.2852560877799988, 0.5257148146629333]
[0.48819097876548767, 0.5585845112800598, 0.44117021560668945, 0.3188527822494507, 0.49044543504714966]
[0.5249655246734619, 0.5377904176712036, 0.4406563639640808, 0.2925097644329071, 0.5113730430603027]
[0.4905957877635956, 0.5733180046081543, 0.42548868060112, 0.28363877534866333, 0.5262462496757507]
[0.5210420489311218, 0.5693343877792358, 0.42784640192985535, 0.29204609990119934, 0.5193228721618652]
[0.49282801151275635, 0.5689846873283386, 0.4618928134441376, 0.29659929871559143, 0.5407004356384277]
[0.5307673811912537, 0.5509680509567261, 0.4604964554309845, 0.3099670112133026, 0.5461597442626953]
