1
孙晋芳阿姨，如果我的失败叫崩溃，刘翔的那一幕叫什么？国家体育总局提前知道吗？您可以不说，但你说了实话，你的官位会不会崩溃？！李永波的团队至今不为让球事件道歉
[0.5506623983383179, 0.5452488660812378, 0.4621504247188568, 0.3242376744747162, 0.5520774722099304]
[0.36270225048065186, 0.5551698207855225, 0.4524158537387848, 0.31774115562438965, 0.44595813751220703]
[0.5675570368766785, 0.5666956901550293, 0.4240870475769043, 0.2819628417491913, 0.5630706548690796]
[0.566440224647522, 0.5897478461265564, 0.40480926632881165, 0.23926879465579987, 0.5660151839256287]
[0.5774304270744324, 0.6065936088562012, 0.41549786925315857, 0.2480234056711197, 0.5604559779167175]
[0.4248916208744049, 0.5305765867233276, 0.4775458574295044, 0.367197185754776, 0.4686521887779236]
[0.545840859413147, 0.5766399502754211, 0.4288170337677002, 0.2811392843723297, 0.5479150414466858]
[0.5483141541481018, 0.5348442792892456, 0.4650108516216278, 0.3052564859390259, 0.504379391670227]
[0.5038743615150452, 0.5618042349815369, 0.44000938534736633, 0.3073563277721405, 0.5524951815605164]
[0.5006770491600037, 0.5791764855384827, 0.444206565618515, 0.30418962240219116, 0.5288012623786926]
[0.544572114944458, 0.5905972123146057, 0.4177538752555847, 0.28115612268447876, 0.5574287176132202]
[0.556914746761322, 0.5554795861244202, 0.4009011387825012, 0.27941280603408813, 0.5881316661834717]
[0.5011987090110779, 0.5830703973770142, 0.4244336187839508, 0.27952641248703003, 0.4926687777042389]
[0.493881493806839, 0.5559219121932983, 0.4630306661128998, 0.33710649609565735, 0.5105541944503784]
[0.5596326589584351, 0.5789681077003479, 0.4100969135761261, 0.25600966811180115, 0.5459046363830566]
[0.5357688069343567, 0.5806904435157776, 0.42534857988357544, 0.2641918361186981, 0.5222679972648621]
[0.4597086012363434, 0.5734655857086182, 0.45000165700912476, 0.31580621004104614, 0.4929693937301636]
[0.5580639839172363, 0.5861806869506836, 0.4235861599445343, 0.269285649061203, 0.5509943962097168]
[0.3548280596733093, 0.5558807253837585, 0.43681710958480835, 0.29310572147369385, 0.43537217378616333]
[0.540260910987854, 0.5896424055099487, 0.4188232719898224, 0.2659369111061096, 0.5438700914382935]
[0.5451405048370361, 0.5799071192741394, 0.4316512644290924, 0.266661137342453, 0.5196403861045837]
[0.5456904172897339, 0.5666210055351257, 0.4106456935405731, 0.2627006471157074, 0.5625177621841431]
[0.3682872951030731, 0.5410106182098389, 0.43682804703712463, 0.29630130529403687, 0.4435845613479614]
[0.5187511444091797, 0.5657637715339661, 0.4381132125854492, 0.2819228768348694, 0.518878698348999]
[0.5842767357826233, 0.5554178953170776, 0.41609689593315125, 0.29295364022254944, 0.5476523637771606]
[0.5653467774391174, 0.5496346354484558, 0.43225574493408203, 0.30110859870910645, 0.551543653011322]
[0.5483141541481018, 0.5348442792892456, 0.4650108516216278, 0.3052564859390259, 0.504379391670227]
[0.5189808011054993, 0.558745801448822, 0.44565069675445557, 0.3399983048439026, 0.5254364609718323]
[0.4673726558685303, 0.5608844757080078, 0.47831815481185913, 0.32702142000198364, 0.49431532621383667]
[0.4469539523124695, 0.5229044556617737, 0.524907648563385, 0.4809424579143524, 0.5130687355995178]
[0.4388728141784668, 0.5804612040519714, 0.4466598927974701, 0.2730037569999695, 0.4826831817626953]
[0.44488832354545593, 0.5589388012886047, 0.46214669942855835, 0.3139284551143646, 0.4913841187953949]
[0.46453312039375305, 0.5362642407417297, 0.48522666096687317, 0.37522563338279724, 0.505338728427887]
[0.4196489453315735, 0.5417507886886597, 0.46748173236846924, 0.3359561264514923, 0.47946688532829285]
[0.5123807191848755, 0.5732139348983765, 0.43516862392425537, 0.28817734122276306, 0.5312095880508423]
[0.4869963824748993, 0.5878746509552002, 0.42713889479637146, 0.28224048018455505, 0.5187020897865295]
[0.4996783435344696, 0.5804981589317322, 0.426697313785553, 0.2661696970462799, 0.5432281494140625]
[0.5206131339073181, 0.5679364800453186, 0.42056572437286377, 0.2856716215610504, 0.5102773308753967]
[0.5577830076217651, 0.48335230350494385, 0.5068066120147705, 0.4250504970550537, 0.604020357131958]
[0.5428292155265808, 0.5695621967315674, 0.42785969376564026, 0.2943583130836487, 0.5417911410331726]
[0.540567934513092, 0.5776118040084839, 0.4351554811000824, 0.3041249215602875, 0.5579984784126282]
[0.4136717617511749, 0.5224562287330627, 0.5200154185295105, 0.41971009969711304, 0.42537596821784973]
[0.5621254444122314, 0.5939883589744568, 0.4147041440010071, 0.2441571205854416, 0.5784984230995178]
[0.5132670402526855, 0.5934965014457703, 0.4420536458492279, 0.27757078409194946, 0.5219869613647461]
[0.5283737778663635, 0.5531903505325317, 0.42701256275177, 0.31870701909065247, 0.5257550477981567]
[0.4496043026447296, 0.5554413795471191, 0.4526028335094452, 0.30319395661354065, 0.4997067451477051]
[0.49996429681777954, 0.5436839461326599, 0.4461213946342468, 0.3200037181377411, 0.4758561849594116]
[0.5252599120140076, 0.5848309397697449, 0.421919047832489, 0.27810829877853394, 0.534217357635498]
[0.49975526332855225, 0.5874056220054626, 0.4230498969554901, 0.27203112840652466, 0.5168728828430176]
[0.4870823323726654, 0.5706633925437927, 0.44675520062446594, 0.3054836392402649, 0.5170927047729492]
[0.4303339421749115, 0.5610206127166748, 0.44597092270851135, 0.31364792585372925, 0.4687003791332245]
[0.5616863965988159, 0.5960856080055237, 0.4248637557029724, 0.27157890796661377, 0.5608503818511963]
[0.5080143213272095, 0.5352725386619568, 0.4163796603679657, 0.28921329975128174, 0.5541507005691528]
[0.5470946431159973, 0.5666189789772034, 0.42623382806777954, 0.2856030762195587, 0.5456410050392151]
[0.5662880539894104, 0.5863479375839233, 0.4142405390739441, 0.229628786444664, 0.5737899541854858]
[0.5286003351211548, 0.5890937447547913, 0.4371741712093353, 0.26361775398254395, 0.5487493276596069]
[0.5187511444091797, 0.5657637715339661, 0.4381132125854492, 0.2819228768348694, 0.518878698348999]
[0.4843754768371582, 0.5740801095962524, 0.43579792976379395, 0.2859290540218353, 0.509817898273468]
[0.42364585399627686, 0.555415153503418, 0.459108829498291, 0.33136337995529175, 0.4601932168006897]
[0.570255696773529, 0.5827544331550598, 0.3987857401371002, 0.2466961294412613, 0.5749554634094238]
[0.5521924495697021, 0.5711120367050171, 0.41782814264297485, 0.2711683511734009, 0.5408491492271423]
[0.38497403264045715, 0.5408255457878113, 0.4972180724143982, 0.2992601990699768, 0.46662649512290955]
[0.5389028191566467, 0.5782913565635681, 0.4182191491127014, 0.28561291098594666, 0.5444815158843994]
[0.5483141541481018, 0.5348442792892456, 0.4650108516216278, 0.3052564859390259, 0.504379391670227]
[0.48778781294822693, 0.5424374938011169, 0.45687058568000793, 0.3183707296848297, 0.540763795375824]
[0.42878302931785583, 0.5464643239974976, 0.46187376976013184, 0.330700546503067, 0.4894575774669647]
[0.46276551485061646, 0.5673469305038452, 0.43449997901916504, 0.28316041827201843, 0.5000729560852051]
[0.5065114498138428, 0.5380185842514038, 0.48312386870384216, 0.35828521847724915, 0.5315917134284973]
[0.5549217462539673, 0.5662221908569336, 0.4180547595024109, 0.2896953523159027, 0.5622592568397522]
[0.5113889575004578, 0.5813701152801514, 0.41082605719566345, 0.2860289514064789, 0.5205044746398926]
[0.48829594254493713, 0.5780041813850403, 0.44916993379592896, 0.3007439970970154, 0.48039156198501587]
[0.5263231992721558, 0.5646332502365112, 0.4396590292453766, 0.3153110444545746, 0.5274873971939087]
[0.532258927822113, 0.5685642957687378, 0.41141682863235474, 0.2972811460494995, 0.5411878824234009]
[0.42317482829093933, 0.5499428510665894, 0.4545099437236786, 0.33306750655174255, 0.47856947779655457]
[0.48789289593696594, 0.576004147529602, 0.4278322458267212, 0.27918463945388794, 0.5222485661506653]
[0.5148141980171204, 0.5480906367301941, 0.44934630393981934, 0.2862873375415802, 0.5200441479682922]
[0.5516427755355835, 0.5360331535339355, 0.4516681730747223, 0.3363967835903168, 0.5792779326438904]
[0.49129951000213623, 0.5818977952003479, 0.41831132769584656, 0.2847398817539215, 0.5228281617164612]
[0.3900589644908905, 0.5459395051002502, 0.4470166862010956, 0.30353844165802, 0.4607824981212616]
[0.4446747601032257, 0.5674406290054321, 0.45187893509864807, 0.31341037154197693, 0.4892292320728302]
[0.535548985004425, 0.5743044018745422, 0.4219232201576233, 0.27131181955337524, 0.5345061421394348]
[0.5118625164031982, 0.5744086503982544, 0.43277233839035034, 0.2894173860549927, 0.5528727769851685]
[0.48183685541152954, 0.5540858507156372, 0.43132415413856506, 0.32561013102531433, 0.5071582794189453]
[0.49402904510498047, 0.5663928389549255, 0.42751818895339966, 0.2953692674636841, 0.5099344849586487]
[0.5516427755355835, 0.5360331535339355, 0.4516681730747223, 0.3363967835903168, 0.5792779326438904]
[0.4994794726371765, 0.5495830178260803, 0.48350775241851807, 0.35067200660705566, 0.5146852731704712]
[0.4542059600353241, 0.556148111820221, 0.4781494438648224, 0.3316052556037903, 0.4765562415122986]
[0.5139591097831726, 0.5601440072059631, 0.42445534467697144, 0.29465600848197937, 0.5261154770851135]
[0.5038726329803467, 0.576545238494873, 0.43803608417510986, 0.2707975208759308, 0.5197626352310181]
[0.4898267388343811, 0.5869399905204773, 0.43891167640686035, 0.29195764660835266, 0.5202222466468811]
[0.47680890560150146, 0.5914059281349182, 0.43241095542907715, 0.2715646028518677, 0.49649330973625183]
[0.5455146431922913, 0.5799239277839661, 0.44268476963043213, 0.3190554678440094, 0.5618798136711121]
[0.3900589644908905, 0.5459395051002502, 0.4470166862010956, 0.30353844165802, 0.4607824981212616]
[0.5265671014785767, 0.5740078091621399, 0.41746315360069275, 0.2654493451118469, 0.5501358509063721]
[0.4667935073375702, 0.5642553567886353, 0.4357326328754425, 0.30409982800483704, 0.5175038576126099]
[0.5493727326393127, 0.6030481457710266, 0.4236045181751251, 0.2789887487888336, 0.5734350681304932]
[0.6386631727218628, 0.5205675959587097, 0.4007140100002289, 0.29003798961639404, 0.5946871042251587]
[0.5366964340209961, 0.5716428756713867, 0.4356306195259094, 0.2902338206768036, 0.5456179976463318]
[0.5008661150932312, 0.5545174479484558, 0.45399758219718933, 0.3446476459503174, 0.511165201663971]
[0.4928801953792572, 0.5610451698303223, 0.4509277939796448, 0.3173764646053314, 0.49562230706214905]
[0.4707610607147217, 0.5397809743881226, 0.4898260533809662, 0.32081499695777893, 0.49616605043411255]
