1
【紧急发布】刚收到家长私信：“我实在没粉丝，请各位名人与好心人帮忙转发一下。刘皓曦，男，三岁3个月，9月1号在陕西渭南北关村被拐！家里非常着急，求大家把照片转下去，发现线索马上与他爸刘成恩18691963447联系，10万寻子！你每转发一次，都有可能带给他一次希望；举手之劳，好人有好报！
[0.5220037698745728, 0.5132054686546326, 0.4844966530799866, 0.3889131247997284, 0.546566367149353]
[0.4469248950481415, 0.5072402954101562, 0.5204651355743408, 0.4951513111591339, 0.5086608529090881]
[0.5079100728034973, 0.5721895098686218, 0.4095328152179718, 0.2632589638233185, 0.527155876159668]
[0.46748828887939453, 0.521001935005188, 0.45684680342674255, 0.3066164553165436, 0.4934789836406708]
[0.42512211203575134, 0.5625936388969421, 0.467331200838089, 0.3414229452610016, 0.49782639741897583]
[0.5070725679397583, 0.5795678496360779, 0.4309682846069336, 0.25872695446014404, 0.538472592830658]
[0.5085082054138184, 0.5491018295288086, 0.41913843154907227, 0.3197880685329437, 0.5149158835411072]
[0.5250734686851501, 0.5609742403030396, 0.45207029581069946, 0.35628411173820496, 0.5170289874076843]
[0.5028302073478699, 0.5791149139404297, 0.4370633661746979, 0.3053930699825287, 0.4913210868835449]
[0.5325873494148254, 0.5880876183509827, 0.42129048705101013, 0.2533036768436432, 0.5475322008132935]
[0.5040035247802734, 0.5719863772392273, 0.43091994524002075, 0.27657848596572876, 0.5261465907096863]
[0.5325873494148254, 0.5880876183509827, 0.42129048705101013, 0.2533036768436432, 0.5475322008132935]
[0.4419311583042145, 0.5533733367919922, 0.483091801404953, 0.3706943988800049, 0.47826531529426575]
[0.528118908405304, 0.5852379202842712, 0.43063226342201233, 0.2623966634273529, 0.5555712580680847]
[0.5020330548286438, 0.5736909508705139, 0.4706992506980896, 0.3269096314907074, 0.5514158606529236]
[0.4572444260120392, 0.5642305016517639, 0.42512425780296326, 0.28943607211112976, 0.5032391548156738]
[0.4944157600402832, 0.5425492525100708, 0.43960773944854736, 0.3106611967086792, 0.5506221652030945]
[0.5093745589256287, 0.5288380980491638, 0.4524048864841461, 0.31417039036750793, 0.5393679738044739]
[0.5351378321647644, 0.5686748623847961, 0.4007702171802521, 0.2562521696090698, 0.5309900641441345]
[0.5399215221405029, 0.5727620720863342, 0.4144704341888428, 0.27613526582717896, 0.54124516248703]
[0.48154962062835693, 0.5673624277114868, 0.44053390622138977, 0.3146636486053467, 0.5016005635261536]
[0.5405888557434082, 0.5839294791221619, 0.39951273798942566, 0.27994096279144287, 0.5617621541023254]
[0.5325873494148254, 0.5880876183509827, 0.42129048705101013, 0.2533036768436432, 0.5475322008132935]
[0.45461466908454895, 0.5641869306564331, 0.46755218505859375, 0.36132675409317017, 0.4821968972682953]
[0.3699067533016205, 0.5562790632247925, 0.5618954300880432, 0.5171719193458557, 0.4876752197742462]
[0.4650523066520691, 0.5819291472434998, 0.4454706609249115, 0.3117963969707489, 0.48912474513053894]
[0.5022315979003906, 0.5869171023368835, 0.4393209218978882, 0.28789928555488586, 0.5420741438865662]
[0.44152241945266724, 0.5578334927558899, 0.4867633581161499, 0.33047205209732056, 0.5019187331199646]
[0.477780282497406, 0.579994261264801, 0.4383517801761627, 0.27028870582580566, 0.5302786827087402]
[0.5324990153312683, 0.5385734438896179, 0.45193344354629517, 0.340742290019989, 0.5227973461151123]
[0.528118908405304, 0.5852379202842712, 0.43063226342201233, 0.2623966634273529, 0.5555712580680847]
[0.49339771270751953, 0.5641289949417114, 0.4358137249946594, 0.2998608648777008, 0.5404295325279236]
[0.5325873494148254, 0.5880876183509827, 0.42129048705101013, 0.2533036768436432, 0.5475322008132935]
[0.44616642594337463, 0.5630123019218445, 0.46267199516296387, 0.3369983732700348, 0.4993639886379242]
[0.3525565266609192, 0.5549966096878052, 0.4557444751262665, 0.29298844933509827, 0.43208077549934387]
[0.5283012390136719, 0.5914251804351807, 0.4320566654205322, 0.27345696091651917, 0.5506661534309387]
