1
傻逼才去看贞子
[0.5414302349090576, 0.5687065124511719, 0.4378640353679657, 0.32231616973876953, 0.574844479560852]
[0.5626022815704346, 0.5565193295478821, 0.4275849461555481, 0.26368793845176697, 0.5800029635429382]
[0.49421560764312744, 0.5349888205528259, 0.45093539357185364, 0.33534663915634155, 0.5208431482315063]
[0.41950523853302, 0.579106330871582, 0.4326844811439514, 0.26547691226005554, 0.4992554485797882]
[0.5414302349090576, 0.5687065124511719, 0.4378640353679657, 0.32231616973876953, 0.574844479560852]
[0.41950523853302, 0.579106330871582, 0.4326844811439514, 0.26547691226005554, 0.4992554485797882]
[0.5276810526847839, 0.5495659112930298, 0.4449438452720642, 0.33740919828414917, 0.55368572473526]
[0.4702592194080353, 0.5697556138038635, 0.4428059458732605, 0.3136376738548279, 0.4760127067565918]
[0.41950523853302, 0.579106330871582, 0.4326844811439514, 0.26547691226005554, 0.4992554485797882]
[0.505549967288971, 0.5483169555664062, 0.4310659170150757, 0.30308791995048523, 0.5485600829124451]
[0.4733456075191498, 0.5873755216598511, 0.425204336643219, 0.274788498878479, 0.49994587898254395]
[0.38402870297431946, 0.5860874056816101, 0.46129900217056274, 0.29878726601600647, 0.4760800302028656]
[0.4702592194080353, 0.5697556138038635, 0.4428059458732605, 0.3136376738548279, 0.4760127067565918]
[0.5137994289398193, 0.5746949911117554, 0.4391140043735504, 0.28793200850486755, 0.5642514824867249]
[0.4702592194080353, 0.5697556138038635, 0.4428059458732605, 0.3136376738548279, 0.4760127067565918]
[0.4366488754749298, 0.5793625712394714, 0.44044944643974304, 0.322752982378006, 0.4690849781036377]
[0.5216419696807861, 0.583397626876831, 0.41429540514945984, 0.2792830765247345, 0.5382100343704224]
[0.4419446885585785, 0.5512826442718506, 0.45297971367836, 0.34312260150909424, 0.4703734517097473]
