1
2012-09-10 宁波妇儿医院今天下午1点48分，一妇女及一婴儿在住院楼跳楼，后抢救无效死亡。具体情况公安部门正在调查。妇女因小孩病重，加上负担不起昂贵的医疗费，带着仅四个月的宝宝从12楼跳楼身亡。感叹医疗费用猛于虎的同时，又惜其何等脆弱？！
[0.5735764503479004, 0.49307185411453247, 0.4847438633441925, 0.3694502115249634, 0.5631057620048523]
[0.43828636407852173, 0.5730975270271301, 0.44250696897506714, 0.26911661028862, 0.4845994710922241]
[0.36962106823921204, 0.5202987194061279, 0.5254356265068054, 0.36953309178352356, 0.4321327805519104]
[0.4837964177131653, 0.5513602495193481, 0.4301052689552307, 0.3325655162334442, 0.5267766714096069]
[0.5717107057571411, 0.5647343397140503, 0.40784990787506104, 0.2674524486064911, 0.5580555200576782]
[0.4881476163864136, 0.5771574378013611, 0.4486607313156128, 0.30513691902160645, 0.5416054725646973]
[0.5143436789512634, 0.5676941275596619, 0.4455685317516327, 0.3295445740222931, 0.5297910571098328]
[0.5672289133071899, 0.5468800067901611, 0.4188087284564972, 0.2870633602142334, 0.5750534534454346]
[0.429963618516922, 0.5603379011154175, 0.4595862925052643, 0.3682407736778259, 0.46594396233558655]
[0.46032875776290894, 0.5370009541511536, 0.5072811245918274, 0.3646542429924011, 0.4792628288269043]
[0.5545217990875244, 0.5632538795471191, 0.39084821939468384, 0.2754645347595215, 0.5593067407608032]
[0.549809455871582, 0.5781686305999756, 0.42545846104621887, 0.2842971384525299, 0.5742844343185425]
[0.5571125149726868, 0.5638616681098938, 0.42866426706314087, 0.3047308921813965, 0.5506346821784973]
[0.5513522028923035, 0.5616493821144104, 0.42046186327934265, 0.29794877767562866, 0.5479761958122253]
[0.5445119738578796, 0.5843786597251892, 0.41506728529930115, 0.25699159502983093, 0.5592021942138672]
[0.4978806674480438, 0.5955155491828918, 0.422469824552536, 0.2711159288883209, 0.5232560634613037]
[0.5017373561859131, 0.5645849108695984, 0.4121917486190796, 0.2996198832988739, 0.5321540832519531]
[0.4881095588207245, 0.5874283909797668, 0.4286513030529022, 0.30350378155708313, 0.532109797000885]
[0.48705101013183594, 0.5844644904136658, 0.4440476894378662, 0.27107852697372437, 0.5139700770378113]
[0.3723528981208801, 0.5612441897392273, 0.4396122992038727, 0.29227980971336365, 0.4474621117115021]
[0.5261734127998352, 0.5709435343742371, 0.4134133756160736, 0.27895522117614746, 0.5321256518363953]
[0.4670378565788269, 0.5957754850387573, 0.46707019209861755, 0.29974013566970825, 0.49804773926734924]
[0.3682432472705841, 0.5214672684669495, 0.4971129596233368, 0.3810839354991913, 0.47866636514663696]
[0.4560241401195526, 0.5306046009063721, 0.5000400543212891, 0.40168195962905884, 0.48222285509109497]
[0.4013864994049072, 0.559882402420044, 0.4682953357696533, 0.3276825547218323, 0.4888993203639984]
[0.4882473945617676, 0.5445712208747864, 0.46596869826316833, 0.3849426209926605, 0.5024519562721252]
[0.5665392279624939, 0.5826991200447083, 0.39384710788726807, 0.25570282340049744, 0.5719974637031555]
[0.5432562828063965, 0.5495028495788574, 0.4146251380443573, 0.2772660255432129, 0.5644482970237732]
[0.4188728928565979, 0.5582324266433716, 0.46091312170028687, 0.3472459614276886, 0.4853496551513672]
[0.523991048336029, 0.5837790966033936, 0.4241054058074951, 0.2927014231681824, 0.5565850734710693]
[0.3942481279373169, 0.575048565864563, 0.45356714725494385, 0.3022463619709015, 0.44441524147987366]
[0.4506516456604004, 0.5285491943359375, 0.5109421610832214, 0.38865628838539124, 0.45702481269836426]
[0.5086289048194885, 0.5527620315551758, 0.4378131628036499, 0.3471354842185974, 0.5213328003883362]
[0.5453152060508728, 0.5831897854804993, 0.4126705527305603, 0.26297396421432495, 0.575493335723877]
[0.5349807739257812, 0.5517375469207764, 0.41835248470306396, 0.29833123087882996, 0.541260302066803]
[0.33034250140190125, 0.5491035580635071, 0.4407763183116913, 0.2993723750114441, 0.42573511600494385]
[0.5632436275482178, 0.5442084670066833, 0.428436815738678, 0.2881881296634674, 0.5521109700202942]
[0.5986974239349365, 0.557846188545227, 0.3964434564113617, 0.2663343548774719, 0.5838010311126709]
[0.5485211610794067, 0.582261860370636, 0.3967912495136261, 0.27007588744163513, 0.5674439668655396]
[0.4752015769481659, 0.5759637355804443, 0.4241675138473511, 0.26717281341552734, 0.5026536583900452]
[0.4829976260662079, 0.5581660866737366, 0.4721907377243042, 0.34473225474357605, 0.483708918094635]
[0.5582417845726013, 0.6051453351974487, 0.4100441634654999, 0.24822044372558594, 0.5717464089393616]
[0.45571255683898926, 0.5560599565505981, 0.44580885767936707, 0.32099413871765137, 0.4942159354686737]
[0.5421842932701111, 0.5678408741950989, 0.4303232729434967, 0.30111610889434814, 0.536916196346283]
[0.41540563106536865, 0.5647588968276978, 0.47689321637153625, 0.3343101441860199, 0.45707133412361145]
[0.5980087518692017, 0.5531430244445801, 0.41516876220703125, 0.27133050560951233, 0.5726155638694763]
[0.5497458577156067, 0.5837652683258057, 0.4305170774459839, 0.28403276205062866, 0.5646145939826965]
[0.53318852186203, 0.5317226648330688, 0.44925105571746826, 0.3268086612224579, 0.522192656993866]
[0.4381786584854126, 0.5447885394096375, 0.4527578055858612, 0.33668822050094604, 0.49618858098983765]
[0.5212438702583313, 0.5745865106582642, 0.44178134202957153, 0.27809447050094604, 0.5691803097724915]
[0.5167667865753174, 0.5439991354942322, 0.43804484605789185, 0.3241147994995117, 0.5209505558013916]
[0.5359280109405518, 0.575056791305542, 0.3992326557636261, 0.25489702820777893, 0.5617485046386719]
[0.5036259889602661, 0.54478520154953, 0.44970107078552246, 0.30969566106796265, 0.539160966873169]
[0.5105648040771484, 0.5828675031661987, 0.4189424514770508, 0.28515225648880005, 0.537033200263977]
[0.5255404114723206, 0.5440610647201538, 0.43626517057418823, 0.3323000967502594, 0.5404597520828247]
[0.4344746470451355, 0.5851055979728699, 0.42623844742774963, 0.27694591879844666, 0.5023674964904785]
[0.5184573531150818, 0.588884174823761, 0.41600653529167175, 0.28124895691871643, 0.5403153896331787]
[0.4429301619529724, 0.546262264251709, 0.4574948847293854, 0.3182748556137085, 0.4930136799812317]
[0.4464389681816101, 0.5415364503860474, 0.4756426513195038, 0.36941656470298767, 0.49966490268707275]
[0.5018907785415649, 0.5744986534118652, 0.4299032390117645, 0.30529114603996277, 0.5371348261833191]
[0.3861103653907776, 0.5626804232597351, 0.42905399203300476, 0.2910979092121124, 0.48848703503608704]
[0.57015460729599, 0.5985986590385437, 0.40163037180900574, 0.2568325698375702, 0.5742675065994263]
[0.5458070635795593, 0.562769889831543, 0.43771615624427795, 0.272278755903244, 0.5745075941085815]
[0.49975526332855225, 0.5874056220054626, 0.4230498969554901, 0.27203112840652466, 0.5168728828430176]
[0.5019587874412537, 0.5707240104675293, 0.45691585540771484, 0.3244083523750305, 0.522556722164154]
[0.5665404200553894, 0.5624155402183533, 0.43462109565734863, 0.31254300475120544, 0.5354810953140259]
[0.5143448114395142, 0.5789455771446228, 0.4253275692462921, 0.3059068024158478, 0.544040322303772]
[0.5090926289558411, 0.6018798351287842, 0.4406072199344635, 0.2831183969974518, 0.5262677669525146]
[0.5315673351287842, 0.5845005512237549, 0.3956589698791504, 0.2622224986553192, 0.5721665620803833]
[0.4086091220378876, 0.5550400614738464, 0.4408680498600006, 0.3093913793563843, 0.46132969856262207]
[0.5259687900543213, 0.5696696043014526, 0.4249652326107025, 0.3021208345890045, 0.5421598553657532]
[0.4636591076850891, 0.5284569263458252, 0.5200492143630981, 0.429259330034256, 0.48760074377059937]
[0.5633172392845154, 0.5555301904678345, 0.4213739037513733, 0.26877298951148987, 0.5520583391189575]
[0.4709889888763428, 0.554009735584259, 0.43173688650131226, 0.3090447783470154, 0.49508118629455566]
[0.44373175501823425, 0.5839214324951172, 0.4308614134788513, 0.2915475070476532, 0.49558520317077637]
[0.4987238645553589, 0.5334665179252625, 0.4677027463912964, 0.3740903437137604, 0.5144878625869751]
[0.504427433013916, 0.5859629511833191, 0.4521993398666382, 0.29940134286880493, 0.5160333514213562]
[0.5921972393989563, 0.5848717093467712, 0.38440313935279846, 0.25554540753364563, 0.5818784236907959]
[0.4176884591579437, 0.5681990385055542, 0.4420495927333832, 0.2990677058696747, 0.47888076305389404]
[0.5934404134750366, 0.5808867812156677, 0.39972826838493347, 0.2680068016052246, 0.5802565217018127]
[0.43275323510169983, 0.5213490128517151, 0.5552846789360046, 0.5019932985305786, 0.5107333064079285]
[0.48183175921440125, 0.540478527545929, 0.47962990403175354, 0.36077266931533813, 0.5233625173568726]
[0.46730703115463257, 0.5870420932769775, 0.42112162709236145, 0.29118138551712036, 0.4858253300189972]
[0.5047439336776733, 0.5447384119033813, 0.4236421585083008, 0.2983979284763336, 0.5352302193641663]
[0.5160364508628845, 0.5688629150390625, 0.406930148601532, 0.29125168919563293, 0.5371509790420532]
[0.5119118094444275, 0.6004320383071899, 0.4209817051887512, 0.2720849812030792, 0.5266926288604736]
[0.42817485332489014, 0.5192028880119324, 0.5349241495132446, 0.42479583621025085, 0.47866296768188477]
[0.5489115715026855, 0.5814886093139648, 0.40891948342323303, 0.2722775638103485, 0.580424964427948]
[0.42911359667778015, 0.5583806037902832, 0.4441983699798584, 0.3178548216819763, 0.47514215111732483]
[0.5097846388816833, 0.5726528167724609, 0.4327736794948578, 0.2805391252040863, 0.5454534888267517]
[0.47945329546928406, 0.5735058188438416, 0.4573938250541687, 0.3289549648761749, 0.4840022027492523]
[0.47257569432258606, 0.5357522964477539, 0.438104510307312, 0.2992000877857208, 0.5060319304466248]
[0.49862927198410034, 0.5190062522888184, 0.4558488130569458, 0.34515389800071716, 0.5427731871604919]
[0.5810300707817078, 0.5133726000785828, 0.5346361994743347, 0.47402939200401306, 0.5816471576690674]
[0.470368891954422, 0.5791580080986023, 0.4257422387599945, 0.2967984676361084, 0.5062385201454163]
[0.4344746470451355, 0.5851055979728699, 0.42623844742774963, 0.27694591879844666, 0.5023674964904785]
[0.5439325571060181, 0.5758375525474548, 0.4140405058860779, 0.2637757956981659, 0.5544265508651733]
[0.5400986671447754, 0.5701227188110352, 0.4164818823337555, 0.2796418070793152, 0.5614228248596191]
[0.40436887741088867, 0.5454714298248291, 0.46186354756355286, 0.3408214747905731, 0.5064302086830139]
[0.3664727509021759, 0.554492712020874, 0.4789113998413086, 0.287409245967865, 0.4113079607486725]
[0.46500831842422485, 0.5869918465614319, 0.41634586453437805, 0.2767772972583771, 0.5146989822387695]
