1
今天下午发生在妇儿医院的惨剧: 一妇女因小孩病重，又负担不起昂贵的医疗费，带着仅四个月的宝宝从12楼跳楼身亡。一方面感叹医疗费用猛于虎，另一方面又惜其脆弱无知，现今媒体力量大，可以求助广大群众募捐，就算医不好也不能走极端，没有过不去的坎，可怜了小小生命！
[0.5000640153884888, 0.5395615100860596, 0.4819932281970978, 0.3593936264514923, 0.5121937394142151]
[0.47238653898239136, 0.5701571106910706, 0.4673866629600525, 0.32701584696769714, 0.5053026080131531]
[0.4701015055179596, 0.5521080493927002, 0.43149909377098083, 0.2954210340976715, 0.501944899559021]
[0.5270268321037292, 0.5986797213554382, 0.41824349761009216, 0.26560884714126587, 0.5429036021232605]
[0.5322909355163574, 0.546988308429718, 0.43664121627807617, 0.3053429424762726, 0.5211377143859863]
[0.4328729212284088, 0.5447189807891846, 0.46921226382255554, 0.3547433018684387, 0.4480821490287781]
[0.4409562647342682, 0.5524919629096985, 0.49104222655296326, 0.37172773480415344, 0.49298128485679626]
[0.58734130859375, 0.5932973027229309, 0.3902447819709778, 0.23965950310230255, 0.5761446356773376]
[0.502414345741272, 0.5681809186935425, 0.4109269976615906, 0.2779092490673065, 0.5481313467025757]
[0.39880380034446716, 0.5490379929542542, 0.43628886342048645, 0.32309892773628235, 0.4651578366756439]
[0.5401780009269714, 0.5568390488624573, 0.4716149866580963, 0.33618026971817017, 0.5226077437400818]
[0.5231013894081116, 0.5632092356681824, 0.4445473253726959, 0.30957674980163574, 0.5322469472885132]
[0.4978806674480438, 0.5955155491828918, 0.422469824552536, 0.2711159288883209, 0.5232560634613037]
[0.48212769627571106, 0.5721229314804077, 0.42776426672935486, 0.2816215753555298, 0.4870290458202362]
[0.4444626271724701, 0.5796604752540588, 0.42106014490127563, 0.27564737200737, 0.4757292568683624]
[0.49142464995384216, 0.5456550121307373, 0.4523954689502716, 0.333024263381958, 0.5420706868171692]
[0.47659772634506226, 0.5643929243087769, 0.4507167339324951, 0.31403353810310364, 0.48426440358161926]
[0.39827513694763184, 0.5224059820175171, 0.5135896801948547, 0.40194496512413025, 0.4893278479576111]
[0.563261091709137, 0.551896870136261, 0.43994033336639404, 0.2802320420742035, 0.5641177296638489]
[0.4938720166683197, 0.5321776866912842, 0.4593402147293091, 0.3476727604866028, 0.4996494650840759]
[0.5291874408721924, 0.6000615358352661, 0.4192820191383362, 0.27869713306427, 0.5348991751670837]
[0.4696716368198395, 0.5549660325050354, 0.4583151936531067, 0.33449068665504456, 0.5066695213317871]
[0.5397323966026306, 0.5986484289169312, 0.42316994071006775, 0.2700996696949005, 0.5608393549919128]
[0.5525836944580078, 0.5617192387580872, 0.421418696641922, 0.30240634083747864, 0.5704314708709717]
[0.4576305150985718, 0.5396600961685181, 0.47293537855148315, 0.35430943965911865, 0.5154518485069275]
[0.42334306240081787, 0.5660036206245422, 0.4636969566345215, 0.308488130569458, 0.4661813974380493]
[0.46168166399002075, 0.5539318919181824, 0.4524019956588745, 0.32512301206588745, 0.5233501195907593]
[0.5213369727134705, 0.5505082011222839, 0.4516814351081848, 0.33684009313583374, 0.5292871594429016]
[0.47283855080604553, 0.5648052096366882, 0.45374032855033875, 0.30051782727241516, 0.4980303943157196]
[0.4220130741596222, 0.567624032497406, 0.44768285751342773, 0.2869371175765991, 0.45961782336235046]
[0.3861103653907776, 0.5626804232597351, 0.42905399203300476, 0.2910979092121124, 0.48848703503608704]
[0.3661801218986511, 0.5309184193611145, 0.48553362488746643, 0.3500983715057373, 0.43452462553977966]
[0.5551380515098572, 0.6016367673873901, 0.4150518476963043, 0.26383522152900696, 0.55579674243927]
[0.4630114436149597, 0.5715962052345276, 0.4534456133842468, 0.3034858703613281, 0.5055906772613525]
[0.49114441871643066, 0.5755834579467773, 0.42859959602355957, 0.2774640619754791, 0.5257228016853333]
[0.5615181922912598, 0.5534267425537109, 0.43069371581077576, 0.30266571044921875, 0.5558469295501709]
[0.3887898325920105, 0.5311973094940186, 0.45662665367126465, 0.3400035798549652, 0.429931640625]
[0.5241631865501404, 0.5768535137176514, 0.4133574366569519, 0.28321143984794617, 0.562578022480011]
[0.47291329503059387, 0.5606032013893127, 0.45779550075531006, 0.31301766633987427, 0.5244525074958801]
[0.5081722140312195, 0.5763271450996399, 0.4262143671512604, 0.2734660804271698, 0.5181050896644592]
[0.5291351079940796, 0.5719112753868103, 0.44113001227378845, 0.29444408416748047, 0.5224663019180298]
[0.5326995849609375, 0.5793359279632568, 0.43495213985443115, 0.30166348814964294, 0.5549533367156982]
[0.5070621371269226, 0.5601762533187866, 0.43775033950805664, 0.2902769148349762, 0.5097182989120483]
