1
1939年民国教育部决定以教育家孔子诞辰9月28日为教师节。现联合国教科文组织的世界教师节、美国加州教师节、马来西亚教师节及中国台湾和香港教师节，都定在孔子诞辰日9月28日。1985年第六届全国人大常委会第九次会议定每年9月10日为中国教师节。为什么政策制定者总要逆势而行？
[0.5106245279312134, 0.5526991486549377, 0.49326762557029724, 0.3654908239841461, 0.5516939759254456]
[0.5595993399620056, 0.5375957489013672, 0.43550390005111694, 0.28276652097702026, 0.5396643280982971]
[0.5595993399620056, 0.5375957489013672, 0.43550390005111694, 0.28276652097702026, 0.5396643280982971]
[0.5712777376174927, 0.5790072083473206, 0.4054561257362366, 0.2475459724664688, 0.5466891527175903]
[0.5116412043571472, 0.5574443936347961, 0.43317899107933044, 0.3462415635585785, 0.5125515460968018]
[0.4786392152309418, 0.5850396156311035, 0.44316840171813965, 0.2944139540195465, 0.5206429362297058]
[0.5165479183197021, 0.5829217433929443, 0.4384046792984009, 0.2566222548484802, 0.5261614322662354]
[0.4816836714744568, 0.5205467343330383, 0.47671473026275635, 0.36222463846206665, 0.4881577491760254]
[0.5036834478378296, 0.5432214140892029, 0.46901246905326843, 0.3821941018104553, 0.508268415927887]
[0.5646263957023621, 0.5788546800613403, 0.398184597492218, 0.2720271348953247, 0.5554735064506531]
[0.5055066347122192, 0.5830665826797485, 0.459888756275177, 0.313030481338501, 0.5421744585037231]
[0.5507528185844421, 0.5463712811470032, 0.46994155645370483, 0.35243088006973267, 0.5533266067504883]
[0.4676501750946045, 0.5520657896995544, 0.4518517553806305, 0.3451457619667053, 0.4801587760448456]
[0.4907061457633972, 0.5652678608894348, 0.42119064927101135, 0.29046693444252014, 0.4908868372440338]
[0.5500521659851074, 0.5521151423454285, 0.4409131109714508, 0.3104805052280426, 0.5393281579017639]
[0.5017304420471191, 0.5442238450050354, 0.4373753070831299, 0.31892889738082886, 0.5267794132232666]
[0.4874407649040222, 0.55485999584198, 0.4363771378993988, 0.31504082679748535, 0.49062982201576233]
[0.5574822425842285, 0.5561107993125916, 0.40630993247032166, 0.2822677493095398, 0.5665094256401062]
[0.5616351366043091, 0.5730235576629639, 0.42239126563072205, 0.264962375164032, 0.5428493022918701]
[0.49513208866119385, 0.5415847897529602, 0.46015575528144836, 0.32532140612602234, 0.5028641223907471]
[0.4487622082233429, 0.5716210603713989, 0.4600348174571991, 0.3031274080276489, 0.45275557041168213]
[0.48379552364349365, 0.5937032699584961, 0.41920071840286255, 0.2830924987792969, 0.4925927221775055]
[0.5908030867576599, 0.5642117261886597, 0.4109877347946167, 0.25461459159851074, 0.5745378732681274]
[0.5277257561683655, 0.5958097577095032, 0.41915786266326904, 0.2787783145904541, 0.5205564498901367]
[0.5160734057426453, 0.548224925994873, 0.45770856738090515, 0.3228530287742615, 0.49309730529785156]
[0.5692131519317627, 0.5674450397491455, 0.3944165110588074, 0.24627409875392914, 0.5581555366516113]
[0.48379552364349365, 0.5937032699584961, 0.41920071840286255, 0.2830924987792969, 0.4925927221775055]
[0.5079243183135986, 0.5548644065856934, 0.47273874282836914, 0.37784096598625183, 0.5134609341621399]
[0.5102590322494507, 0.5748816728591919, 0.4682502746582031, 0.354779988527298, 0.550099790096283]
[0.5635768175125122, 0.5646166801452637, 0.4004785120487213, 0.26007288694381714, 0.5565437078475952]
[0.5269429683685303, 0.559135913848877, 0.4213332235813141, 0.3061698079109192, 0.5077396631240845]
[0.44505006074905396, 0.49694862961769104, 0.5318325161933899, 0.5068737268447876, 0.5272151827812195]
[0.44370919466018677, 0.5881043672561646, 0.45438212156295776, 0.32051974534988403, 0.5015596747398376]
[0.4666755497455597, 0.5950424671173096, 0.45272740721702576, 0.2865021526813507, 0.4908199608325958]
[0.575342059135437, 0.589730978012085, 0.3893442153930664, 0.23052625358104706, 0.5796086192131042]
[0.5044514536857605, 0.5383043885231018, 0.4923134744167328, 0.39060595631599426, 0.48999086022377014]
[0.5362223386764526, 0.5629988312721252, 0.4338691234588623, 0.3197382986545563, 0.5364603996276855]
[0.5599746704101562, 0.5799424052238464, 0.3986836075782776, 0.262861967086792, 0.5610937476158142]
[0.5420250296592712, 0.5731115341186523, 0.45590490102767944, 0.3269483149051666, 0.5452697277069092]
[0.4612963795661926, 0.5350515246391296, 0.4718528687953949, 0.3535376489162445, 0.4792186915874481]
[0.5158568620681763, 0.5618395209312439, 0.4877699017524719, 0.3456559479236603, 0.5278539061546326]
[0.48495960235595703, 0.5377042293548584, 0.4693230092525482, 0.3330337107181549, 0.5149760246276855]
[0.5681371092796326, 0.540034294128418, 0.42122822999954224, 0.2675701081752777, 0.5766129493713379]
[0.5449435114860535, 0.6114264130592346, 0.41436967253685, 0.2650452256202698, 0.5421960353851318]
[0.5560985207557678, 0.576861560344696, 0.4097461998462677, 0.29235103726387024, 0.5509247779846191]
[0.49819183349609375, 0.5695810914039612, 0.4092336595058441, 0.28381651639938354, 0.5330636501312256]
[0.4422893822193146, 0.534804105758667, 0.46341562271118164, 0.3667469620704651, 0.48075151443481445]
[0.4273104667663574, 0.5793328285217285, 0.42604923248291016, 0.2691956162452698, 0.476846307516098]
[0.5482472777366638, 0.5512341856956482, 0.46875840425491333, 0.3416500687599182, 0.5115277171134949]
[0.49184930324554443, 0.575173556804657, 0.4426366090774536, 0.3443412184715271, 0.5106125473976135]
[0.4662216603755951, 0.5162276029586792, 0.4748344123363495, 0.3786778748035431, 0.43418145179748535]
[0.5420700907707214, 0.556547999382019, 0.42137885093688965, 0.33379554748535156, 0.5278124213218689]
[0.5074295997619629, 0.5725312829017639, 0.41103702783584595, 0.2869543433189392, 0.540387749671936]
[0.47365403175354004, 0.5793821215629578, 0.41743239760398865, 0.2763913571834564, 0.5150817632675171]
[0.469901442527771, 0.5496758222579956, 0.4839843809604645, 0.37368208169937134, 0.47097113728523254]
[0.5454797744750977, 0.5633687973022461, 0.4388327896595001, 0.29584404826164246, 0.5688422918319702]
[0.4769339859485626, 0.5705163478851318, 0.4025523364543915, 0.26754674315452576, 0.48844674229621887]
[0.47209590673446655, 0.574609100818634, 0.4262099862098694, 0.30241045355796814, 0.5202464461326599]
[0.5750444531440735, 0.5745087265968323, 0.3820349872112274, 0.2414204329252243, 0.5707376003265381]
[0.5295200347900391, 0.5447198748588562, 0.47293633222579956, 0.38052356243133545, 0.515872061252594]
[0.38587403297424316, 0.567249596118927, 0.4728737473487854, 0.35611072182655334, 0.4406268000602722]
[0.47590944170951843, 0.5490435361862183, 0.46473798155784607, 0.3525487184524536, 0.46936333179473877]
[0.5281838178634644, 0.5944190621376038, 0.42588067054748535, 0.2749827802181244, 0.5269945859909058]
[0.3456190526485443, 0.5326676368713379, 0.5313958525657654, 0.43864506483078003, 0.4061506688594818]
[0.6057268977165222, 0.5819253325462341, 0.4099801778793335, 0.2600732445716858, 0.5837990641593933]
[0.5179055333137512, 0.5789705514907837, 0.44074738025665283, 0.30146536231040955, 0.5434684753417969]
[0.47166624665260315, 0.5303747653961182, 0.5140470266342163, 0.42152202129364014, 0.5002822875976562]
[0.3664727509021759, 0.554492712020874, 0.4789113998413086, 0.287409245967865, 0.4113079607486725]
[0.5721906423568726, 0.6054857969284058, 0.39397865533828735, 0.23332394659519196, 0.5744439363479614]
[0.38084888458251953, 0.5723817348480225, 0.4537689983844757, 0.2887296676635742, 0.4711882770061493]
[0.5412972569465637, 0.5362615585327148, 0.44201305508613586, 0.32896989583969116, 0.5463147759437561]
[0.5697798132896423, 0.577472984790802, 0.3923756182193756, 0.25048336386680603, 0.5716319680213928]
[0.5269517302513123, 0.5553491115570068, 0.4272737503051758, 0.2956727147102356, 0.5337831377983093]
[0.5465967655181885, 0.5782062411308289, 0.4286063611507416, 0.2748202681541443, 0.5714519023895264]
[0.3558095395565033, 0.5588335394859314, 0.4327670633792877, 0.288845956325531, 0.46000322699546814]
[0.476143479347229, 0.5482975244522095, 0.4677259624004364, 0.2637863755226135, 0.4978927671909332]
[0.5202414393424988, 0.560655951499939, 0.42320486903190613, 0.2683578431606293, 0.5682510137557983]
[0.5408932566642761, 0.5731292366981506, 0.4313931167125702, 0.2700583338737488, 0.5496054291725159]
[0.5104627013206482, 0.5529639720916748, 0.4675394594669342, 0.33972054719924927, 0.5068798661231995]
[0.47945117950439453, 0.5622204542160034, 0.42951709032058716, 0.3241080939769745, 0.48648980259895325]
[0.4615035057067871, 0.5554196238517761, 0.4441174566745758, 0.2901958227157593, 0.49744004011154175]
[0.4654964804649353, 0.5411269664764404, 0.4645704925060272, 0.3598560690879822, 0.5080602169036865]
[0.5093302726745605, 0.5899112820625305, 0.42349278926849365, 0.2657910883426666, 0.5408792495727539]
[0.507505476474762, 0.5623208284378052, 0.4064302444458008, 0.28300827741622925, 0.5310110449790955]
[0.47132083773612976, 0.5407847166061401, 0.5212379693984985, 0.42473870515823364, 0.5097416639328003]
[0.4625466465950012, 0.5437789559364319, 0.44732141494750977, 0.33337321877479553, 0.5028378963470459]
[0.46664756536483765, 0.5639068484306335, 0.45831674337387085, 0.3125985264778137, 0.48275479674339294]
[0.4105673134326935, 0.5204814076423645, 0.5237714052200317, 0.4407554864883423, 0.4853813946247101]
[0.4544922411441803, 0.5393075346946716, 0.43913114070892334, 0.31967893242836, 0.5070576667785645]
[0.5530638694763184, 0.542121410369873, 0.44069522619247437, 0.2923448085784912, 0.5417556166648865]
[0.49082279205322266, 0.5958037972450256, 0.4326179027557373, 0.27739277482032776, 0.5028849244117737]
