1
王道德Orz：新疆戈壁里发现一具驴友的干尸，看看谁认识？寻找家属！ 真的很可怜，， 大家扩散起来让亡灵回家吧！ 扩散！！
[0.404949814081192, 0.513145923614502, 0.490594744682312, 0.34578937292099, 0.48208439350128174]
[0.3664727509021759, 0.554492712020874, 0.4789113998413086, 0.287409245967865, 0.4113079607486725]
[0.5232974886894226, 0.5534653663635254, 0.4355891942977905, 0.2895911633968353, 0.5437992811203003]
[0.5222318768501282, 0.5553061962127686, 0.39797794818878174, 0.2659546434879303, 0.5458236932754517]
[0.44601011276245117, 0.5858832001686096, 0.43663859367370605, 0.31148284673690796, 0.47887539863586426]
[0.473892480134964, 0.5242618918418884, 0.4759703576564789, 0.3489229381084442, 0.4999963641166687]
[0.5147625207901001, 0.587129533290863, 0.42833659052848816, 0.2913086712360382, 0.5230453014373779]
[0.5076588988304138, 0.5805582404136658, 0.43668705224990845, 0.27816978096961975, 0.5069754719734192]
[0.5017606019973755, 0.5776041746139526, 0.42188841104507446, 0.27734288573265076, 0.5272902846336365]
[0.3601253628730774, 0.5588699579238892, 0.4370354115962982, 0.2802875339984894, 0.4537184536457062]
[0.4415650963783264, 0.5551357269287109, 0.4478689134120941, 0.33082112669944763, 0.46944770216941833]
[0.5020246505737305, 0.5815442800521851, 0.4305340349674225, 0.2905043065547943, 0.5500813722610474]
[0.4818546772003174, 0.5671708583831787, 0.4427948296070099, 0.3154818117618561, 0.5104961395263672]
[0.47733962535858154, 0.5982597470283508, 0.4456883668899536, 0.2880460023880005, 0.5086730718612671]
[0.42021945118904114, 0.5535901188850403, 0.4439277648925781, 0.27874788641929626, 0.46632319688796997]
[0.5325873494148254, 0.5880876183509827, 0.42129048705101013, 0.2533036768436432, 0.5475322008132935]
[0.42021945118904114, 0.5535901188850403, 0.4439277648925781, 0.27874788641929626, 0.46632319688796997]
[0.5986496806144714, 0.5463356971740723, 0.40397530794143677, 0.2599104344844818, 0.5983451008796692]
[0.5346404910087585, 0.568180501461029, 0.41738736629486084, 0.2829948365688324, 0.5620787143707275]
[0.4940139651298523, 0.5939760804176331, 0.44095396995544434, 0.275025874376297, 0.5266768336296082]
[0.4442163407802582, 0.5808209180831909, 0.4063889980316162, 0.2814720869064331, 0.5132430791854858]
[0.4099002480506897, 0.5562394857406616, 0.48656803369522095, 0.3458572328090668, 0.48996588587760925]
[0.3861103653907776, 0.5626804232597351, 0.42905399203300476, 0.2910979092121124, 0.48848703503608704]
[0.5688548684120178, 0.5627051591873169, 0.41819772124290466, 0.2685861587524414, 0.5401097536087036]
[0.44520190358161926, 0.5594698786735535, 0.4745337963104248, 0.33008596301078796, 0.5102035999298096]
[0.5047839879989624, 0.5829364061355591, 0.4256601929664612, 0.2649777829647064, 0.5213773250579834]
[0.49509334564208984, 0.5883232951164246, 0.446225106716156, 0.2877748906612396, 0.5364270210266113]
[0.3601253628730774, 0.5588699579238892, 0.4370354115962982, 0.2802875339984894, 0.4537184536457062]
[0.48830026388168335, 0.5675336122512817, 0.44641387462615967, 0.2914428114891052, 0.4915854036808014]
[0.439940869808197, 0.5616371631622314, 0.4665343165397644, 0.3243521451950073, 0.47736483812332153]
[0.4787779450416565, 0.5496320128440857, 0.4325310289859772, 0.3026990592479706, 0.5139199495315552]
[0.39149370789527893, 0.5563779473304749, 0.4640750586986542, 0.3087069094181061, 0.4455273747444153]
[0.3861103653907776, 0.5626804232597351, 0.42905399203300476, 0.2910979092121124, 0.48848703503608704]
[0.48084938526153564, 0.590203583240509, 0.46218714118003845, 0.312213271856308, 0.5119245052337646]
[0.4807611405849457, 0.5519158244132996, 0.49882224202156067, 0.38449975848197937, 0.5200884342193604]
[0.39894747734069824, 0.5721152424812317, 0.4538283050060272, 0.3098165988922119, 0.500425398349762]
[0.45394065976142883, 0.5664175748825073, 0.4413639008998871, 0.3287358582019806, 0.48522478342056274]
[0.5278313755989075, 0.5809521079063416, 0.4090968668460846, 0.2515835762023926, 0.5659952163696289]
[0.48572298884391785, 0.5649573802947998, 0.43463781476020813, 0.30049067735671997, 0.5140367150306702]
[0.5932880640029907, 0.5840170979499817, 0.4115179777145386, 0.26087838411331177, 0.5822081565856934]
[0.4014793038368225, 0.569558322429657, 0.458955854177475, 0.29885298013687134, 0.46587464213371277]
[0.48379552364349365, 0.5937032699584961, 0.41920071840286255, 0.2830924987792969, 0.4925927221775055]
[0.6078826785087585, 0.5707478523254395, 0.3655558228492737, 0.22177572548389435, 0.5965967774391174]
[0.5268731117248535, 0.5897638201713562, 0.4304918050765991, 0.2877448499202728, 0.5398476123809814]
[0.5341951251029968, 0.5888989567756653, 0.4354971945285797, 0.2808260917663574, 0.556158721446991]
[0.3861103653907776, 0.5626804232597351, 0.42905399203300476, 0.2910979092121124, 0.48848703503608704]
[0.5163425803184509, 0.5648829340934753, 0.44266220927238464, 0.2988131046295166, 0.5371375679969788]
[0.5432137250900269, 0.5543176531791687, 0.42959606647491455, 0.28980061411857605, 0.5559658408164978]
[0.49336233735084534, 0.576806366443634, 0.41726869344711304, 0.30574294924736023, 0.529853343963623]
[0.5270827412605286, 0.5967831015586853, 0.41281893849372864, 0.26888126134872437, 0.5519604086875916]
[0.4818546772003174, 0.5671708583831787, 0.4427948296070099, 0.3154818117618561, 0.5104961395263672]
[0.528118908405304, 0.5852379202842712, 0.43063226342201233, 0.2623966634273529, 0.5555712580680847]
[0.5326166749000549, 0.5653781890869141, 0.4121946394443512, 0.2659169137477875, 0.5477501153945923]
[0.5297723412513733, 0.5699824094772339, 0.4498808681964874, 0.29715728759765625, 0.5387291312217712]
[0.4813106954097748, 0.5655800700187683, 0.45613741874694824, 0.3142678141593933, 0.4811943471431732]
[0.39227184653282166, 0.5560795068740845, 0.4441259205341339, 0.29760733246803284, 0.4441447854042053]
[0.4800819456577301, 0.5657689571380615, 0.4438333213329315, 0.3026127517223358, 0.5220139622688293]
[0.4230252206325531, 0.5840869545936584, 0.42882421612739563, 0.28455185890197754, 0.5011635422706604]
[0.5413965582847595, 0.5913143157958984, 0.4050649404525757, 0.25012362003326416, 0.5627120733261108]
[0.5146333575248718, 0.5289575457572937, 0.48892149329185486, 0.42066749930381775, 0.5047950744628906]
[0.5206733345985413, 0.5310092568397522, 0.45460131764411926, 0.28664034605026245, 0.5001381635665894]
[0.5288017392158508, 0.5702412724494934, 0.44389116764068604, 0.2858925461769104, 0.5224511027336121]
[0.39502549171447754, 0.5681991577148438, 0.4649686813354492, 0.31289035081863403, 0.44789934158325195]
[0.5407260060310364, 0.5336130261421204, 0.4490266442298889, 0.32453206181526184, 0.5430784225463867]
[0.5236506462097168, 0.5733714699745178, 0.46471861004829407, 0.3004012405872345, 0.5269096493721008]
[0.515039324760437, 0.577570915222168, 0.42854437232017517, 0.2780945897102356, 0.5080845355987549]
[0.5631764531135559, 0.5968313813209534, 0.420059472322464, 0.26957371830940247, 0.5686467289924622]
[0.4344746470451355, 0.5851055979728699, 0.42623844742774963, 0.27694591879844666, 0.5023674964904785]
[0.49555298686027527, 0.570673942565918, 0.4313119649887085, 0.2879068851470947, 0.5146951675415039]
[0.5337488651275635, 0.589595377445221, 0.399512380361557, 0.2456403225660324, 0.5708073973655701]
[0.5096076726913452, 0.5651469230651855, 0.4404795467853546, 0.27654972672462463, 0.5294143557548523]
[0.5231325030326843, 0.563107430934906, 0.43171754479408264, 0.29717180132865906, 0.524706244468689]
[0.5112003684043884, 0.594468891620636, 0.42707696557044983, 0.27141404151916504, 0.5304235816001892]
[0.5342704653739929, 0.539489209651947, 0.4310985207557678, 0.3192397356033325, 0.5382579565048218]
[0.5187511444091797, 0.5657637715339661, 0.4381132125854492, 0.2819228768348694, 0.518878698348999]
[0.5182884335517883, 0.5936716794967651, 0.4286145865917206, 0.25970515608787537, 0.5388038754463196]
[0.5095838308334351, 0.5442318320274353, 0.46405544877052307, 0.33068808913230896, 0.5158237218856812]
[0.4762791097164154, 0.5316179990768433, 0.479689359664917, 0.37724369764328003, 0.4981231391429901]
[0.41395118832588196, 0.5088887810707092, 0.4509263336658478, 0.32110491394996643, 0.44495096802711487]
[0.48725491762161255, 0.5629004240036011, 0.4445154666900635, 0.31911033391952515, 0.537007749080658]
[0.39582377672195435, 0.5420606136322021, 0.5231572389602661, 0.4023146331310272, 0.4837579131126404]
[0.3601253628730774, 0.5588699579238892, 0.4370354115962982, 0.2802875339984894, 0.4537184536457062]
[0.5066831707954407, 0.5633346438407898, 0.42570167779922485, 0.27073875069618225, 0.5379417538642883]
[0.5222444534301758, 0.5793633460998535, 0.42997652292251587, 0.28640681505203247, 0.5401703119277954]
[0.43281930685043335, 0.5680965781211853, 0.46032360196113586, 0.3284001052379608, 0.5045120120048523]
[0.3861103653907776, 0.5626804232597351, 0.42905399203300476, 0.2910979092121124, 0.48848703503608704]
[0.45334622263908386, 0.5735986828804016, 0.4563966989517212, 0.34056538343429565, 0.4894619286060333]
[0.4294936954975128, 0.5753562450408936, 0.45413750410079956, 0.32242003083229065, 0.4858947694301605]
[0.5354865789413452, 0.5888907313346863, 0.41922876238822937, 0.2605830132961273, 0.5253303050994873]
[0.46804550290107727, 0.5487987399101257, 0.4197719991207123, 0.2536070644855499, 0.495426207780838]
[0.5536494851112366, 0.5684286952018738, 0.4264592230319977, 0.28106996417045593, 0.524756133556366]
[0.4517654776573181, 0.5202388763427734, 0.5165624022483826, 0.3571661114692688, 0.5023432970046997]
[0.5458379983901978, 0.5799471735954285, 0.41877126693725586, 0.26810431480407715, 0.5691207647323608]
[0.5176653861999512, 0.5672383308410645, 0.42370840907096863, 0.282611608505249, 0.5393691658973694]
[0.5336886644363403, 0.5506496429443359, 0.4561682641506195, 0.302911639213562, 0.5332725644111633]
[0.5492854118347168, 0.5865605473518372, 0.41439300775527954, 0.27533963322639465, 0.5544459223747253]
[0.6060641407966614, 0.5853062272071838, 0.384230375289917, 0.22995564341545105, 0.5922051668167114]
[0.5265499353408813, 0.5616292357444763, 0.4264441132545471, 0.27115485072135925, 0.5411149859428406]
[0.4665108621120453, 0.5746409296989441, 0.42503052949905396, 0.2900438606739044, 0.5200710296630859]
[0.4014793038368225, 0.569558322429657, 0.458955854177475, 0.29885298013687134, 0.46587464213371277]
[0.4920106828212738, 0.600675106048584, 0.41507139801979065, 0.27095720171928406, 0.517119824886322]
