1
⚠刚刚老师讲贵阳有一个女生来成都上学，玩陌陌认识一个男的，两个人就好上了。那个男的给他买了很多东西，还带她去香港玩。两个人分开的时候，男的送了女的一个盒子说里面是送她的礼物，要她回去之后才能看。他们各自回家后女的打开盒子发现里面是一件寿衣，还有张纸条写着：欢迎你加入艾滋病的世界⚠
[0.5289075374603271, 0.5441969037055969, 0.49603015184402466, 0.33879709243774414, 0.5576068162918091]
[0.5413524508476257, 0.5447399616241455, 0.47524356842041016, 0.3974916338920593, 0.5537015199661255]
[0.514529824256897, 0.574089527130127, 0.4193958342075348, 0.303372323513031, 0.5290625691413879]
[0.42420798540115356, 0.5653204321861267, 0.4657604396343231, 0.34786826372146606, 0.4831759035587311]
[0.5149863362312317, 0.5749325156211853, 0.4251669943332672, 0.26960358023643494, 0.5404226779937744]
[0.5709801912307739, 0.5604569315910339, 0.4149377942085266, 0.2633172869682312, 0.5861507058143616]
[0.5111410021781921, 0.5908995270729065, 0.44338685274124146, 0.2801494002342224, 0.5472405552864075]
[0.5215031504631042, 0.5798301696777344, 0.42202314734458923, 0.28602662682533264, 0.5048967599868774]
[0.5470602512359619, 0.5687623620033264, 0.41520920395851135, 0.2865930199623108, 0.5523464679718018]
[0.5218713283538818, 0.5412886142730713, 0.4230790436267853, 0.3275088667869568, 0.5484557747840881]
[0.5365757942199707, 0.587067723274231, 0.4290603995323181, 0.26692527532577515, 0.559690535068512]
[0.4970315396785736, 0.5709283947944641, 0.4129716455936432, 0.29592442512512207, 0.5249114632606506]
[0.5506146550178528, 0.5672365427017212, 0.44190725684165955, 0.31568852066993713, 0.5467967987060547]
[0.5126127600669861, 0.5947902202606201, 0.4186301529407501, 0.2623601257801056, 0.5282232761383057]
[0.5182681083679199, 0.5724167227745056, 0.4319751262664795, 0.2841325104236603, 0.554384171962738]
[0.5185188055038452, 0.5538046956062317, 0.4296846389770508, 0.29370513558387756, 0.558122992515564]
[0.5229239463806152, 0.5854091048240662, 0.4392281770706177, 0.3054730296134949, 0.5290067195892334]
[0.4756707549095154, 0.5283947587013245, 0.4685056209564209, 0.34854230284690857, 0.48726895451545715]
[0.5185933113098145, 0.5886591672897339, 0.41420748829841614, 0.28358691930770874, 0.5321028828620911]
[0.48384183645248413, 0.5685685276985168, 0.43917712569236755, 0.32612845301628113, 0.5137093663215637]
[0.48536524176597595, 0.5601513981819153, 0.45217740535736084, 0.357003390789032, 0.5046184659004211]
[0.5162971615791321, 0.5649232864379883, 0.4324136972427368, 0.29047393798828125, 0.5387198328971863]
[0.36798667907714844, 0.518678605556488, 0.5124653577804565, 0.5110233426094055, 0.5124464631080627]
[0.5573670864105225, 0.5692452788352966, 0.4151102304458618, 0.2736840546131134, 0.5223752856254578]
[0.5243404507637024, 0.5760449767112732, 0.4186996817588806, 0.29310253262519836, 0.5424329042434692]
[0.49886685609817505, 0.5343666076660156, 0.45876479148864746, 0.3795420825481415, 0.5172343254089355]
[0.5049467086791992, 0.5834140181541443, 0.4266587793827057, 0.2680438160896301, 0.5626353025436401]
[0.538271963596344, 0.5533073544502258, 0.4247177243232727, 0.2945070266723633, 0.55988609790802]
[0.4394342005252838, 0.5547782778739929, 0.45930516719818115, 0.31329742074012756, 0.47578829526901245]
[0.46978190541267395, 0.5563185811042786, 0.44404318928718567, 0.3312133550643921, 0.4826016426086426]
[0.47536593675613403, 0.546615481376648, 0.4201160669326782, 0.2806905508041382, 0.5283942818641663]
[0.4932004511356354, 0.5620219707489014, 0.44207414984703064, 0.3181162476539612, 0.5511114001274109]
[0.5122431516647339, 0.54557204246521, 0.4401121139526367, 0.3438594937324524, 0.5100704431533813]
[0.5122431516647339, 0.54557204246521, 0.4401121139526367, 0.3438594937324524, 0.5100704431533813]
[0.6017059683799744, 0.5657457113265991, 0.41554975509643555, 0.24329674243927002, 0.5966577529907227]
[0.3817048966884613, 0.5553361773490906, 0.4445706903934479, 0.3082762360572815, 0.4667896032333374]
[0.43323856592178345, 0.5426676273345947, 0.4454302489757538, 0.3238208293914795, 0.46117788553237915]
[0.42409446835517883, 0.5377730131149292, 0.4429320991039276, 0.3327920734882355, 0.4613783657550812]
[0.5126198530197144, 0.5344592332839966, 0.4651370048522949, 0.3353439271450043, 0.5369961261749268]
[0.40583038330078125, 0.5612927675247192, 0.44075408577919006, 0.30268460512161255, 0.47169703245162964]
[0.4685342311859131, 0.5304309129714966, 0.48089006543159485, 0.3733076751232147, 0.46803247928619385]
[0.5562449097633362, 0.5831101536750793, 0.41631320118904114, 0.28042641282081604, 0.5426361560821533]
[0.5090017914772034, 0.5928217768669128, 0.4176779091358185, 0.2741379141807556, 0.5251357555389404]
[0.4748595058917999, 0.579495370388031, 0.43187829852104187, 0.290179580450058, 0.5075259208679199]
[0.5551015734672546, 0.5614484548568726, 0.40387025475502014, 0.2849830687046051, 0.5455360412597656]
[0.5117574334144592, 0.572292685508728, 0.4342615604400635, 0.287246972322464, 0.5085659623146057]
[0.4406922161579132, 0.5902340412139893, 0.4560956656932831, 0.36110520362854004, 0.4994000792503357]
[0.3825509250164032, 0.5565536022186279, 0.43819981813430786, 0.295403391122818, 0.45828109979629517]
[0.5132343769073486, 0.5900415778160095, 0.4107038080692291, 0.26193660497665405, 0.5373635292053223]
[0.5084136128425598, 0.575413703918457, 0.42487800121307373, 0.30330321192741394, 0.5001661777496338]
[0.4595928490161896, 0.5639883279800415, 0.438772588968277, 0.31132641434669495, 0.46684905886650085]
[0.5363987684249878, 0.5851152539253235, 0.4239186942577362, 0.2656242847442627, 0.5423902273178101]
[0.4702599048614502, 0.5592911839485168, 0.46672889590263367, 0.3304281234741211, 0.48419955372810364]
[0.5354865789413452, 0.5888907313346863, 0.41922876238822937, 0.2605830132961273, 0.5253303050994873]
[0.4169197976589203, 0.5346150994300842, 0.4547405540943146, 0.29491907358169556, 0.43244946002960205]
[0.5243526697158813, 0.566674530506134, 0.44332537055015564, 0.2992289066314697, 0.5130730271339417]
[0.4986719787120819, 0.5753051042556763, 0.4310055673122406, 0.2907285988330841, 0.5348758101463318]
[0.5240471959114075, 0.5790866613388062, 0.43984708189964294, 0.2966339588165283, 0.5514436960220337]
[0.5675005316734314, 0.5955690145492554, 0.40575820207595825, 0.25411516427993774, 0.5487556457519531]
[0.5003555417060852, 0.5732954740524292, 0.424806147813797, 0.2831301689147949, 0.5178120732307434]
[0.44836586713790894, 0.5681610107421875, 0.44893139600753784, 0.31629788875579834, 0.4843125343322754]
[0.5485571026802063, 0.5670943260192871, 0.3867841958999634, 0.24702167510986328, 0.5711127519607544]
[0.45962920784950256, 0.5414868593215942, 0.45708850026130676, 0.3543936312198639, 0.491597443819046]
[0.4837859272956848, 0.5559549927711487, 0.45653626322746277, 0.29757827520370483, 0.5170504450798035]
[0.48891523480415344, 0.5986390709877014, 0.4251663088798523, 0.2733253836631775, 0.5165185332298279]
[0.5444876551628113, 0.5937293171882629, 0.4205489456653595, 0.2614009380340576, 0.5531613826751709]
[0.4979797303676605, 0.5790259838104248, 0.4487427771091461, 0.3058362901210785, 0.5299615263938904]
[0.5095198154449463, 0.5854412913322449, 0.44629305601119995, 0.28187140822410583, 0.5320751667022705]
[0.5765888690948486, 0.5880040526390076, 0.40476471185684204, 0.264548659324646, 0.5764716267585754]
[0.4969762861728668, 0.5500058531761169, 0.4569332003593445, 0.33109965920448303, 0.5120027661323547]
[0.5508549809455872, 0.5285758972167969, 0.43056586384773254, 0.2751672565937042, 0.5805035829544067]
[0.5747847557067871, 0.5471625328063965, 0.4127717614173889, 0.255515456199646, 0.5868144631385803]
[0.5166981816291809, 0.5491766929626465, 0.4263380169868469, 0.29646942019462585, 0.5387463569641113]
[0.49016353487968445, 0.5676150321960449, 0.4419383108615875, 0.2925153076648712, 0.5237250328063965]
[0.5162234306335449, 0.578303873538971, 0.4209121763706207, 0.2732435166835785, 0.5350408554077148]
[0.5243404507637024, 0.5760449767112732, 0.4186996817588806, 0.29310253262519836, 0.5424329042434692]
[0.448962539434433, 0.539376437664032, 0.4893052577972412, 0.3809298872947693, 0.504560112953186]
[0.49546897411346436, 0.5198929905891418, 0.47838303446769714, 0.3538190424442291, 0.5240818858146667]
[0.4884305000305176, 0.557511568069458, 0.443156898021698, 0.3555930554866791, 0.5166466236114502]
[0.5224481821060181, 0.5729219913482666, 0.42719125747680664, 0.2739661931991577, 0.5166744589805603]
[0.5005087852478027, 0.5868128538131714, 0.42092078924179077, 0.2866758406162262, 0.504351019859314]
[0.5281219482421875, 0.5822513699531555, 0.433315247297287, 0.28565889596939087, 0.5321999192237854]
[0.4476686120033264, 0.554940938949585, 0.470846563577652, 0.3117489218711853, 0.48536330461502075]
[0.5438017845153809, 0.5942021012306213, 0.41521143913269043, 0.26803213357925415, 0.5571514964103699]
[0.5149213075637817, 0.5745115280151367, 0.4294396936893463, 0.2818833291530609, 0.5206738114356995]
[0.46049413084983826, 0.5682399272918701, 0.45331183075904846, 0.30782970786094666, 0.49283918738365173]
[0.49265071749687195, 0.5821633338928223, 0.4343138039112091, 0.2968482971191406, 0.5356103181838989]
[0.4595556855201721, 0.5588502883911133, 0.46344777941703796, 0.32374119758605957, 0.4985158443450928]
[0.504800021648407, 0.5424792170524597, 0.4490576982498169, 0.3607744872570038, 0.5131409168243408]
[0.45860788226127625, 0.5733533501625061, 0.4493403732776642, 0.2990545630455017, 0.4878165125846863]
[0.49898436665534973, 0.5914632678031921, 0.43147778511047363, 0.29326173663139343, 0.509515106678009]
[0.5213199853897095, 0.5585663318634033, 0.44947877526283264, 0.3168738782405853, 0.5522199273109436]
[0.5371677875518799, 0.5587155818939209, 0.44838738441467285, 0.2972242832183838, 0.5533645749092102]
[0.4426112473011017, 0.5639818906784058, 0.4821469187736511, 0.3305569589138031, 0.5070032477378845]
[0.5085070729255676, 0.5882400870323181, 0.418936550617218, 0.2626277804374695, 0.5443606376647949]
[0.5087770819664001, 0.5834295153617859, 0.42519140243530273, 0.2906729578971863, 0.5269121527671814]
[0.5222269296646118, 0.5833677649497986, 0.44740551710128784, 0.29178720712661743, 0.5410731434822083]
[0.5145995020866394, 0.5493135452270508, 0.4554292559623718, 0.31188616156578064, 0.5079881548881531]
[0.5354865789413452, 0.5888907313346863, 0.41922876238822937, 0.2605830132961273, 0.5253303050994873]
[0.5285616517066956, 0.5775158405303955, 0.41581475734710693, 0.27909353375434875, 0.5349547863006592]
[0.41814717650413513, 0.5244064927101135, 0.4841533899307251, 0.3805573880672455, 0.4556818902492523]
