1
今天重大事件求证： 日本最新的宙斯盾级足柄号驱逐舰当场被击中沉没，金刚号严重受创，白根号护卫舰在返航途中沉没。中国海军徐州号受创，海监船当场沉没一艘，潜艇安全返航。目前双方人员伤亡情况不明，但钓鱼岛已被中国军队控制。中国东海舰队福建军区已进入紧急战备状态。 我在:
[0.5306469798088074, 0.5640175938606262, 0.46568864583969116, 0.2598598599433899, 0.5186624526977539]
[0.4704301953315735, 0.5325453281402588, 0.4284593164920807, 0.28220415115356445, 0.48305657505989075]
[0.5228097438812256, 0.5682603120803833, 0.41012853384017944, 0.26939496397972107, 0.5683059096336365]
[0.4487622082233429, 0.5716210603713989, 0.4600348174571991, 0.3031274080276489, 0.45275557041168213]
[0.5136716365814209, 0.547588050365448, 0.4765848219394684, 0.370817631483078, 0.5085147023200989]
[0.46314549446105957, 0.5538868308067322, 0.43483319878578186, 0.3073115646839142, 0.49215438961982727]
[0.44788774847984314, 0.556611180305481, 0.4671255052089691, 0.317950576543808, 0.4563257098197937]
[0.5420758128166199, 0.5772697925567627, 0.4118884801864624, 0.27163395285606384, 0.49938279390335083]
[0.3600768446922302, 0.5758432745933533, 0.46622416377067566, 0.2767346501350403, 0.4305869936943054]
[0.5272536873817444, 0.5871959328651428, 0.40474992990493774, 0.26819518208503723, 0.5187954902648926]
[0.4434356987476349, 0.5654732584953308, 0.43700727820396423, 0.3132559359073639, 0.46182647347450256]
[0.5366451144218445, 0.5901294946670532, 0.4170467257499695, 0.2746025025844574, 0.5537211894989014]
[0.4837290048599243, 0.5260140895843506, 0.4827026128768921, 0.42944586277008057, 0.4925181269645691]
[0.5589568614959717, 0.5919007062911987, 0.396671861410141, 0.26303860545158386, 0.5458568930625916]
[0.4910791516304016, 0.5629764199256897, 0.4471619129180908, 0.3056264817714691, 0.5142476558685303]
[0.42441490292549133, 0.5676126480102539, 0.4618966281414032, 0.3119684159755707, 0.45158058404922485]
[0.507908046245575, 0.5763161182403564, 0.41373783349990845, 0.299123615026474, 0.5035028457641602]
[0.5272536873817444, 0.5871959328651428, 0.40474992990493774, 0.26819518208503723, 0.5187954902648926]
[0.4457118511199951, 0.56928950548172, 0.4580247700214386, 0.31760722398757935, 0.47012031078338623]
[0.5272536873817444, 0.5871959328651428, 0.40474992990493774, 0.26819518208503723, 0.5187954902648926]
[0.49772605299949646, 0.557576060295105, 0.4736303985118866, 0.3585003912448883, 0.5500810742378235]
[0.5254285335540771, 0.5657287836074829, 0.46092599630355835, 0.3230464458465576, 0.5270942449569702]
[0.5064643621444702, 0.5652676224708557, 0.41437527537345886, 0.2871791124343872, 0.5023655295372009]
[0.5312131643295288, 0.5808222889900208, 0.4394562542438507, 0.27723196148872375, 0.5468606948852539]
[0.5145263075828552, 0.5733500719070435, 0.4139593541622162, 0.28270208835601807, 0.5163624882698059]
[0.42441490292549133, 0.5676126480102539, 0.4618966281414032, 0.3119684159755707, 0.45158058404922485]
[0.44141072034835815, 0.5553345680236816, 0.4536851644515991, 0.31965965032577515, 0.44920477271080017]
[0.5218881368637085, 0.5643457770347595, 0.43293261528015137, 0.28139159083366394, 0.5355756878852844]
[0.54542475938797, 0.5794976949691772, 0.42337706685066223, 0.27654632925987244, 0.5371574759483337]
[0.554246723651886, 0.5640339255332947, 0.42912301421165466, 0.27771031856536865, 0.5498236417770386]
[0.5183911919593811, 0.555945634841919, 0.46725544333457947, 0.3433209955692291, 0.5301300287246704]
[0.4528336822986603, 0.588553249835968, 0.4350963830947876, 0.28421205282211304, 0.5070549249649048]
[0.5302098989486694, 0.5793648958206177, 0.40901434421539307, 0.2694797217845917, 0.5039346814155579]
[0.49601808190345764, 0.581880509853363, 0.42918938398361206, 0.29279541969299316, 0.5107508301734924]
[0.4487622082233429, 0.5716210603713989, 0.4600348174571991, 0.3031274080276489, 0.45275557041168213]
[0.47452685236930847, 0.5604091882705688, 0.4454552233219147, 0.32205599546432495, 0.5109131336212158]
[0.49949178099632263, 0.5695044994354248, 0.42567288875579834, 0.28836125135421753, 0.49380603432655334]
[0.44167858362197876, 0.549800455570221, 0.4746519923210144, 0.3423823118209839, 0.48207464814186096]
[0.48280730843544006, 0.5392810106277466, 0.4680706262588501, 0.31335949897766113, 0.544326663017273]
[0.41196340322494507, 0.5416846871376038, 0.4805178642272949, 0.31770673394203186, 0.49690693616867065]
[0.5464755296707153, 0.5828325748443604, 0.4189198315143585, 0.27983558177948, 0.5422683954238892]
[0.5548163056373596, 0.5810728073120117, 0.425537109375, 0.2960071563720703, 0.5556443929672241]
[0.49961453676223755, 0.5623897910118103, 0.41993248462677, 0.28216752409935, 0.5108059048652649]
[0.5019203424453735, 0.5503629446029663, 0.48461467027664185, 0.2973499298095703, 0.5264661908149719]
[0.5329281091690063, 0.5935824513435364, 0.4188690781593323, 0.25940215587615967, 0.5473096370697021]
[0.41196340322494507, 0.5416846871376038, 0.4805178642272949, 0.31770673394203186, 0.49690693616867065]
[0.4999031126499176, 0.572300136089325, 0.433930903673172, 0.2990519404411316, 0.526606559753418]
[0.5267134308815002, 0.5699617266654968, 0.4245142638683319, 0.29510366916656494, 0.5409480333328247]
[0.4487622082233429, 0.5716210603713989, 0.4600348174571991, 0.3031274080276489, 0.45275557041168213]
[0.5007373690605164, 0.588050127029419, 0.4530375301837921, 0.30097904801368713, 0.5261334180831909]
[0.42038896679878235, 0.5280386805534363, 0.5306787490844727, 0.39475199580192566, 0.4915276765823364]
[0.4701078236103058, 0.5515263676643372, 0.45474356412887573, 0.32425999641418457, 0.4866374731063843]
[0.43654680252075195, 0.5607849359512329, 0.46284958720207214, 0.3182751536369324, 0.4758060872554779]
[0.5896202325820923, 0.6009964942932129, 0.3933485150337219, 0.243545264005661, 0.5743495225906372]
[0.4299352765083313, 0.556879460811615, 0.45429322123527527, 0.3579367399215698, 0.46648138761520386]
[0.5288307666778564, 0.57734215259552, 0.4215488135814667, 0.27769964933395386, 0.5503443479537964]
[0.5004569888114929, 0.5720607042312622, 0.42923402786254883, 0.27873560786247253, 0.5025221109390259]
[0.4139385223388672, 0.5544516444206238, 0.4649142622947693, 0.3200715482234955, 0.4553873836994171]
[0.503455400466919, 0.5740398168563843, 0.4330884516239166, 0.29377979040145874, 0.5320746898651123]
[0.5751267075538635, 0.5845096707344055, 0.39331498742103577, 0.24229806661605835, 0.5799045562744141]
[0.49053484201431274, 0.53741455078125, 0.4309668242931366, 0.33139562606811523, 0.49046996235847473]
[0.5111306309700012, 0.5448601245880127, 0.4302339255809784, 0.3423718214035034, 0.47888875007629395]
[0.5341377258300781, 0.5845068693161011, 0.42445749044418335, 0.2835576832294464, 0.5449203848838806]
[0.4265746772289276, 0.5274083018302917, 0.4606516361236572, 0.29082879424095154, 0.5132143497467041]
[0.4716586768627167, 0.5643160939216614, 0.4361618161201477, 0.28092652559280396, 0.5334473252296448]
[0.519590437412262, 0.5850648880004883, 0.4367828071117401, 0.3005704879760742, 0.531620442867279]
[0.5475571155548096, 0.5760205388069153, 0.438488245010376, 0.2766544818878174, 0.57566899061203]
[0.5132670402526855, 0.5934965014457703, 0.4420536458492279, 0.27757078409194946, 0.5219869613647461]
[0.5050655007362366, 0.5443106293678284, 0.4563000798225403, 0.33264124393463135, 0.5137448906898499]
[0.48264098167419434, 0.5283468961715698, 0.4846614599227905, 0.41576024889945984, 0.47911062836647034]
[0.4889312982559204, 0.5725832581520081, 0.45874613523483276, 0.31854596734046936, 0.5231320858001709]
[0.49577686190605164, 0.5832553505897522, 0.42610645294189453, 0.27595531940460205, 0.5108104348182678]
[0.43073248863220215, 0.5466088056564331, 0.48287495970726013, 0.3499157130718231, 0.45002537965774536]
[0.5325179696083069, 0.5684858560562134, 0.4145803153514862, 0.2746555507183075, 0.5238558053970337]
[0.5896202325820923, 0.6009964942932129, 0.3933485150337219, 0.243545264005661, 0.5743495225906372]
[0.44496268033981323, 0.5221349596977234, 0.5303336977958679, 0.40043672919273376, 0.47360268235206604]
[0.5578863024711609, 0.5900749564170837, 0.41637513041496277, 0.2611173093318939, 0.5412836074829102]
[0.5275213122367859, 0.5641912817955017, 0.42215627431869507, 0.2877923548221588, 0.5253555178642273]
[0.5361250638961792, 0.5577889680862427, 0.44119489192962646, 0.3234245777130127, 0.5037187933921814]
[0.5328335165977478, 0.5911465287208557, 0.4292730391025543, 0.2734838128089905, 0.5470266938209534]
[0.5023220181465149, 0.5656763315200806, 0.4199449121952057, 0.2896593511104584, 0.5014787316322327]
[0.5491952300071716, 0.5918990969657898, 0.42066478729248047, 0.26386961340904236, 0.5615143775939941]
[0.4777592718601227, 0.596013605594635, 0.4339485764503479, 0.2737784683704376, 0.5091822743415833]
[0.5827745199203491, 0.5859596133232117, 0.41580185294151306, 0.2655317187309265, 0.5860520005226135]
[0.4487622082233429, 0.5716210603713989, 0.4600348174571991, 0.3031274080276489, 0.45275557041168213]
[0.4399709701538086, 0.5576636791229248, 0.4582447409629822, 0.33496391773223877, 0.4721050560474396]
[0.4903169870376587, 0.5366084575653076, 0.45244938135147095, 0.3126353621482849, 0.5020552277565002]
[0.5281750559806824, 0.5882667899131775, 0.4179060459136963, 0.28090789914131165, 0.5100988149642944]
[0.5623905062675476, 0.5932340025901794, 0.4137045741081238, 0.26059651374816895, 0.5545611381530762]
[0.4781395196914673, 0.5496383309364319, 0.44760608673095703, 0.28471943736076355, 0.4687521755695343]
[0.3560945689678192, 0.5487720370292664, 0.4685484766960144, 0.38241156935691833, 0.4326443672180176]
[0.4952009618282318, 0.5620765089988708, 0.47596997022628784, 0.3754282295703888, 0.5116630792617798]
[0.4487622082233429, 0.5716210603713989, 0.4600348174571991, 0.3031274080276489, 0.45275557041168213]
[0.531944751739502, 0.584715723991394, 0.4284011125564575, 0.28576159477233887, 0.5476697087287903]
[0.5222629308700562, 0.5746054649353027, 0.44876256585121155, 0.2867433726787567, 0.5008905529975891]
[0.5491952300071716, 0.5918990969657898, 0.42066478729248047, 0.26386961340904236, 0.5615143775939941]
[0.5128071904182434, 0.5828467607498169, 0.4555663764476776, 0.28586679697036743, 0.5363292098045349]
[0.5191200375556946, 0.5501227378845215, 0.43388259410858154, 0.3056084215641022, 0.5348018407821655]
[0.4487622082233429, 0.5716210603713989, 0.4600348174571991, 0.3031274080276489, 0.45275557041168213]
[0.4969214200973511, 0.5715051889419556, 0.4458661675453186, 0.29615309834480286, 0.5153024792671204]
[0.5505517721176147, 0.5652496814727783, 0.4152454733848572, 0.2873530387878418, 0.5474367737770081]
