1
开火了？这是真的吗？
[0.4644466042518616, 0.5549903512001038, 0.45598945021629333, 0.3063448667526245, 0.4888180196285248]
[0.48057055473327637, 0.57651287317276, 0.4390086829662323, 0.2941281199455261, 0.5065724849700928]
[0.5648828148841858, 0.5584890842437744, 0.4540684223175049, 0.3259332478046417, 0.555762767791748]
[0.5654639005661011, 0.5659377574920654, 0.40552401542663574, 0.24985690414905548, 0.5758566856384277]
[0.5013441443443298, 0.5590929985046387, 0.4747651219367981, 0.3077407479286194, 0.5331722497940063]
[0.47927695512771606, 0.5614191889762878, 0.42977094650268555, 0.30573856830596924, 0.503345787525177]
[0.5043053030967712, 0.5626752376556396, 0.4534778892993927, 0.33053460717201233, 0.5111594200134277]
[0.496018648147583, 0.5323144197463989, 0.4962826371192932, 0.37129852175712585, 0.49572446942329407]
[0.41415753960609436, 0.5545841455459595, 0.4362797737121582, 0.3114403784275055, 0.47104400396347046]
[0.5216943025588989, 0.5929062962532043, 0.4264630377292633, 0.2686305642127991, 0.5163858532905579]
[0.5568562746047974, 0.5957534909248352, 0.42499950528144836, 0.26454591751098633, 0.5573710203170776]
[0.5703163146972656, 0.560589075088501, 0.42303359508514404, 0.26769617199897766, 0.5525837540626526]
[0.5567349791526794, 0.5761301517486572, 0.41286319494247437, 0.25128939747810364, 0.552284836769104]
[0.5309402346611023, 0.5702583193778992, 0.41381287574768066, 0.2620757222175598, 0.5449910759925842]
[0.39684703946113586, 0.5653483867645264, 0.44241341948509216, 0.30521824955940247, 0.46071523427963257]
[0.47833287715911865, 0.5666440725326538, 0.42337509989738464, 0.30689263343811035, 0.49690699577331543]
[0.5132670402526855, 0.5934965014457703, 0.4420536458492279, 0.27757078409194946, 0.5219869613647461]
[0.4487622082233429, 0.5716210603713989, 0.4600348174571991, 0.3031274080276489, 0.45275557041168213]
[0.4934166967868805, 0.5868629217147827, 0.4470164477825165, 0.28823122382164, 0.4850083887577057]
[0.5281838178634644, 0.5944190621376038, 0.42588067054748535, 0.2749827802181244, 0.5269945859909058]
[0.5048759579658508, 0.5676043033599854, 0.44717204570770264, 0.33022400736808777, 0.5330685973167419]
[0.44873014092445374, 0.5160608887672424, 0.48085010051727295, 0.4163053333759308, 0.4927293062210083]
[0.5227339863777161, 0.5442053079605103, 0.45198532938957214, 0.3443564176559448, 0.5322760939598083]
[0.500101625919342, 0.584934413433075, 0.41623470187187195, 0.27817803621292114, 0.5363335013389587]
[0.5334175229072571, 0.5912476778030396, 0.44190171360969543, 0.2665441930294037, 0.5527492165565491]
[0.5132670402526855, 0.5934965014457703, 0.4420536458492279, 0.27757078409194946, 0.5219869613647461]
[0.518049955368042, 0.5826631784439087, 0.42321521043777466, 0.2857479155063629, 0.5523088574409485]
[0.41890424489974976, 0.5850306153297424, 0.4443127512931824, 0.2831730246543884, 0.47026100754737854]
