1
【各位请注意】： 如果晚上你在驾驶汽车时受到鸡蛋攻击（尤其独行的女人一定注意）千万不要起动喷水功能和开动雨刷，因为鸡蛋参水后将呈现白色，阻挡视线高达92.5％,你将被迫停在路边而成为劫匪的囊中物，最好是将车开到明亮有人的地方才清洗车窗...请阅图字转发你的朋友们！！！
[0.5341835021972656, 0.5340374112129211, 0.45892462134361267, 0.3659554421901703, 0.5606022477149963]
[0.525047242641449, 0.5368746519088745, 0.43436333537101746, 0.3274599015712738, 0.5452971458435059]
[0.5056649446487427, 0.589733362197876, 0.4067099094390869, 0.2731408476829529, 0.5367302894592285]
[0.5481877326965332, 0.5946312546730042, 0.4127618074417114, 0.24726763367652893, 0.5697609186172485]
[0.519820511341095, 0.5749845504760742, 0.42101070284843445, 0.2703607976436615, 0.5448430776596069]
[0.5608229041099548, 0.5969964265823364, 0.41465169191360474, 0.25509437918663025, 0.5732611417770386]
[0.41925451159477234, 0.5672967433929443, 0.43470388650894165, 0.29972872138023376, 0.46071305871009827]
[0.5234917402267456, 0.5756001472473145, 0.4285014271736145, 0.28850415349006653, 0.5238633751869202]
[0.5511310696601868, 0.5534524917602539, 0.4557071626186371, 0.3162193298339844, 0.5640931129455566]
[0.5056649446487427, 0.589733362197876, 0.4067099094390869, 0.2731408476829529, 0.5367302894592285]
[0.3910483419895172, 0.557551920413971, 0.4738214612007141, 0.33971983194351196, 0.4624188542366028]
[0.4492926299571991, 0.5932587385177612, 0.44531723856925964, 0.2746775448322296, 0.5033401250839233]
[0.542629063129425, 0.5836329460144043, 0.4122006595134735, 0.25564369559288025, 0.5471988916397095]
[0.48995959758758545, 0.5882102251052856, 0.4360218942165375, 0.2700733244419098, 0.536587119102478]
[0.39920899271965027, 0.5644615888595581, 0.4546758234500885, 0.3035963773727417, 0.4695407748222351]
[0.4282611310482025, 0.5489094257354736, 0.4618333578109741, 0.33620980381965637, 0.4679313898086548]
[0.38084888458251953, 0.5723817348480225, 0.4537689983844757, 0.2887296676635742, 0.4711882770061493]
[0.48228639364242554, 0.5899872183799744, 0.4461722671985626, 0.284393846988678, 0.5246325135231018]
[0.5615077614784241, 0.5535337924957275, 0.42596444487571716, 0.28536656498908997, 0.5692912340164185]
[0.5301018357276917, 0.5889525413513184, 0.4064156711101532, 0.27144214510917664, 0.5495896935462952]
[0.4556207060813904, 0.5705539584159851, 0.43221426010131836, 0.2751583158969879, 0.5101924538612366]
[0.48115962743759155, 0.5474212765693665, 0.462068110704422, 0.32896488904953003, 0.5009492635726929]
[0.46278074383735657, 0.5553902983665466, 0.44249406456947327, 0.3254975378513336, 0.5163159966468811]
[0.4861709177494049, 0.5771632790565491, 0.43403443694114685, 0.29605939984321594, 0.512805700302124]
[0.46461328864097595, 0.5397751927375793, 0.4784356355667114, 0.3508574366569519, 0.5008335709571838]
[0.4487622082233429, 0.5716210603713989, 0.4600348174571991, 0.3031274080276489, 0.45275557041168213]
[0.5056649446487427, 0.589733362197876, 0.4067099094390869, 0.2731408476829529, 0.5367302894592285]
[0.47159165143966675, 0.5814562439918518, 0.4314822256565094, 0.3037547171115875, 0.4885098934173584]
[0.425796777009964, 0.5650185346603394, 0.4604032039642334, 0.2961842715740204, 0.4827803075313568]
[0.5621717572212219, 0.5938040614128113, 0.3908745050430298, 0.2610948979854584, 0.5615681409835815]
[0.5281251072883606, 0.5634743571281433, 0.4221590757369995, 0.27736014127731323, 0.5538048148155212]
[0.5201050043106079, 0.565224826335907, 0.4438685476779938, 0.3179001808166504, 0.5271288156509399]
[0.4827970266342163, 0.5755813121795654, 0.4299980401992798, 0.29320937395095825, 0.5224282145500183]
[0.44174087047576904, 0.5464193820953369, 0.483710378408432, 0.3590550124645233, 0.48677054047584534]
[0.543452799320221, 0.5814611911773682, 0.42313238978385925, 0.27463844418525696, 0.5604573488235474]
[0.5187950730323792, 0.585791826248169, 0.42963552474975586, 0.2735667824745178, 0.5525267124176025]
[0.45850643515586853, 0.5626967549324036, 0.42957863211631775, 0.30305778980255127, 0.5087447762489319]
[0.4765215814113617, 0.5658188462257385, 0.4640965759754181, 0.29367583990097046, 0.5380089282989502]
[0.6170532703399658, 0.5733469128608704, 0.3637846112251282, 0.23596981167793274, 0.604293167591095]
[0.5260000228881836, 0.5840015411376953, 0.4225079119205475, 0.2901305854320526, 0.5342777967453003]
[0.46537303924560547, 0.573366105556488, 0.46909835934638977, 0.31263497471809387, 0.5072973370552063]
