1
刚接到部队朋友电话，今天两颗鱼雷炸沉了一艘日本船。
[0.5153036713600159, 0.5474423766136169, 0.4410707354545593, 0.3022647500038147, 0.5306357741355896]
[0.5657304525375366, 0.5886862874031067, 0.40088847279548645, 0.25628232955932617, 0.5664318203926086]
[0.4487622082233429, 0.5716210603713989, 0.4600348174571991, 0.3031274080276489, 0.45275557041168213]
[0.552193820476532, 0.5849276185035706, 0.4137174189090729, 0.26520442962646484, 0.5410367846488953]
[0.5187511444091797, 0.5657637715339661, 0.4381132125854492, 0.2819228768348694, 0.518878698348999]
[0.4487622082233429, 0.5716210603713989, 0.4600348174571991, 0.3031274080276489, 0.45275557041168213]
[0.3664727509021759, 0.554492712020874, 0.4789113998413086, 0.287409245967865, 0.4113079607486725]
[0.44940605759620667, 0.5825856924057007, 0.4597616493701935, 0.29880252480506897, 0.48512259125709534]
[0.5287340879440308, 0.5886645913124084, 0.45134761929512024, 0.2753419280052185, 0.5132362842559814]
[0.4804558753967285, 0.5602443814277649, 0.4346279799938202, 0.31062760949134827, 0.4774777591228485]
[0.5093197822570801, 0.5659394264221191, 0.41301795840263367, 0.2889060080051422, 0.5546676516532898]
[0.47425612807273865, 0.5785049200057983, 0.4397018551826477, 0.3021250367164612, 0.4918173551559448]
[0.4884798526763916, 0.5684752464294434, 0.43245917558670044, 0.3034171462059021, 0.5151717662811279]
[0.4487622082233429, 0.5716210603713989, 0.4600348174571991, 0.3031274080276489, 0.45275557041168213]
[0.5010966062545776, 0.5696961879730225, 0.45107439160346985, 0.32479119300842285, 0.5203329920768738]
[0.501754879951477, 0.5737066864967346, 0.42787468433380127, 0.3079966902732849, 0.501629114151001]
[0.4057077467441559, 0.5631409883499146, 0.45207908749580383, 0.33237364888191223, 0.5046440362930298]
[0.4487622082233429, 0.5716210603713989, 0.4600348174571991, 0.3031274080276489, 0.45275557041168213]
[0.5761586427688599, 0.5776906609535217, 0.40224072337150574, 0.2534692883491516, 0.5814342498779297]
[0.6429986357688904, 0.5116747617721558, 0.4432762563228607, 0.3210764229297638, 0.5944254398345947]
[0.46817898750305176, 0.5442569851875305, 0.462775319814682, 0.33944252133369446, 0.4868814945220947]
[0.5015403032302856, 0.5267835259437561, 0.46599504351615906, 0.37277665734291077, 0.5160318613052368]
[0.559517502784729, 0.5666037201881409, 0.4181830585002899, 0.2790739834308624, 0.5406650304794312]
[0.5167638063430786, 0.5968844294548035, 0.4287433922290802, 0.27160751819610596, 0.5194841623306274]
[0.4602951109409332, 0.5538570880889893, 0.44585204124450684, 0.3389030992984772, 0.5104596614837646]
[0.49577686190605164, 0.5832553505897522, 0.42610645294189453, 0.27595531940460205, 0.5108104348182678]
[0.4882981777191162, 0.5459413528442383, 0.45670008659362793, 0.3188025951385498, 0.5140801668167114]
[0.49207302927970886, 0.5592296719551086, 0.43284541368484497, 0.28044235706329346, 0.4727831184864044]
[0.5206851363182068, 0.5456494092941284, 0.4419029653072357, 0.34517937898635864, 0.5185558795928955]
[0.5491952300071716, 0.5918990969657898, 0.42066478729248047, 0.26386961340904236, 0.5615143775939941]
[0.5291121006011963, 0.5923258662223816, 0.415624737739563, 0.2743915021419525, 0.544005274772644]
[0.5688660740852356, 0.5846871137619019, 0.4089079797267914, 0.2681373357772827, 0.5746670365333557]
[0.49600258469581604, 0.5425689816474915, 0.46150681376457214, 0.3136129677295685, 0.511341392993927]
[0.4681583344936371, 0.5345600843429565, 0.4678601026535034, 0.36729860305786133, 0.4810634255409241]
[0.4487622082233429, 0.5716210603713989, 0.4600348174571991, 0.3031274080276489, 0.45275557041168213]
[0.44948628544807434, 0.5715370178222656, 0.43431371450424194, 0.3118129372596741, 0.46399712562561035]
[0.46703240275382996, 0.5523910522460938, 0.4866546392440796, 0.30294305086135864, 0.5086597800254822]
[0.4357101023197174, 0.526800811290741, 0.5129788517951965, 0.407341867685318, 0.46523770689964294]
[0.4805110991001129, 0.5126050710678101, 0.4873902499675751, 0.3270229399204254, 0.4818449914455414]
[0.5493011474609375, 0.5767760872840881, 0.4079609811306, 0.24914777278900146, 0.5704324245452881]
[0.5333325266838074, 0.6040984988212585, 0.4292278289794922, 0.2639710605144501, 0.5418305993080139]
[0.5195537805557251, 0.5535579323768616, 0.4334554672241211, 0.3297458291053772, 0.48649635910987854]
[0.4694518446922302, 0.5703734159469604, 0.4240267276763916, 0.29674991965293884, 0.47446855902671814]
[0.5296231508255005, 0.547476053237915, 0.4343468248844147, 0.3334571421146393, 0.5396369695663452]
[0.49981820583343506, 0.5903817415237427, 0.430378794670105, 0.25574830174446106, 0.5611401200294495]
[0.3754926919937134, 0.5426185131072998, 0.46839842200279236, 0.3241463601589203, 0.4329310655593872]
[0.4704301953315735, 0.5325453281402588, 0.4284593164920807, 0.28220415115356445, 0.48305657505989075]
[0.48300474882125854, 0.5576982498168945, 0.4215124249458313, 0.2585113048553467, 0.4726227819919586]
[0.42441490292549133, 0.5676126480102539, 0.4618966281414032, 0.3119684159755707, 0.45158058404922485]
[0.4487622082233429, 0.5716210603713989, 0.4600348174571991, 0.3031274080276489, 0.45275557041168213]
[0.45454058051109314, 0.5209987759590149, 0.5038706064224243, 0.4077301025390625, 0.48096516728401184]
[0.5518726110458374, 0.5506024360656738, 0.4292397201061249, 0.2939790189266205, 0.5525277853012085]
[0.4976179897785187, 0.5910232663154602, 0.4379975497722626, 0.28003403544425964, 0.515808641910553]
[0.5442157983779907, 0.5488404035568237, 0.430756539106369, 0.32822147011756897, 0.5384600162506104]
[0.4896587133407593, 0.5791651010513306, 0.4274458587169647, 0.2882910668849945, 0.5096859931945801]
[0.5153622627258301, 0.550836443901062, 0.4439990818500519, 0.3176841735839844, 0.539632260799408]
[0.41597267985343933, 0.5489444732666016, 0.45347508788108826, 0.31366607546806335, 0.4540644884109497]
[0.5510707497596741, 0.5864697694778442, 0.419144868850708, 0.26320672035217285, 0.5567659139633179]
[0.47060316801071167, 0.5409796833992004, 0.4839684069156647, 0.314308226108551, 0.48762407898902893]
[0.45251786708831787, 0.54942387342453, 0.4695555567741394, 0.3356756269931793, 0.48412778973579407]
[0.525966465473175, 0.5726487040519714, 0.40902870893478394, 0.23921848833560944, 0.566802442073822]
[0.5364130735397339, 0.5618272423744202, 0.4186452627182007, 0.27401262521743774, 0.5052424073219299]
[0.5646064281463623, 0.5849146842956543, 0.3883950710296631, 0.2684944272041321, 0.5528513193130493]
[0.5379626750946045, 0.5844401121139526, 0.42811694741249084, 0.27056798338890076, 0.557527482509613]
[0.41933897137641907, 0.5308691263198853, 0.4358881413936615, 0.32266896963119507, 0.4804081320762634]
[0.5249510407447815, 0.5800714492797852, 0.46168267726898193, 0.3102625012397766, 0.5250030159950256]
[0.5227770209312439, 0.5439409017562866, 0.43644484877586365, 0.3279397785663605, 0.549058198928833]
[0.4964078664779663, 0.5667688250541687, 0.45267942547798157, 0.3151892423629761, 0.5161858797073364]
[0.5383890271186829, 0.5684047341346741, 0.4262802004814148, 0.28094419836997986, 0.5289009809494019]
[0.48359230160713196, 0.5927678942680359, 0.43945881724357605, 0.2975825071334839, 0.5169289112091064]
[0.5505408644676208, 0.5874001383781433, 0.4235602021217346, 0.2663075625896454, 0.5678460001945496]
[0.44178423285484314, 0.5438839197158813, 0.4770011901855469, 0.3763975501060486, 0.47211360931396484]
[0.4500667452812195, 0.5160884857177734, 0.5446815490722656, 0.5561366081237793, 0.4935585558414459]
[0.4510056674480438, 0.5600273609161377, 0.44021645188331604, 0.276822954416275, 0.47053369879722595]
[0.4487622082233429, 0.5716210603713989, 0.4600348174571991, 0.3031274080276489, 0.45275557041168213]
[0.5105224847793579, 0.5952286720275879, 0.4397751986980438, 0.27457934617996216, 0.5287443995475769]
[0.47332894802093506, 0.5679250359535217, 0.4614871144294739, 0.31538906693458557, 0.514883816242218]
[0.449550598859787, 0.5629928708076477, 0.4439830183982849, 0.34197306632995605, 0.47431522607803345]
[0.5392057299613953, 0.5572474002838135, 0.4068915545940399, 0.2627179026603699, 0.568798840045929]
[0.509041965007782, 0.5668737888336182, 0.4508326053619385, 0.32907193899154663, 0.5365869998931885]
[0.5256762504577637, 0.5532134771347046, 0.45223313570022583, 0.321686714887619, 0.5293388962745667]
[0.5077349543571472, 0.569953441619873, 0.4237016439437866, 0.28491371870040894, 0.5279458165168762]
[0.5132670402526855, 0.5934965014457703, 0.4420536458492279, 0.27757078409194946, 0.5219869613647461]
[0.4847923219203949, 0.5820589661598206, 0.4275551438331604, 0.281817227602005, 0.5113210082054138]
[0.46231767535209656, 0.559038519859314, 0.4444267451763153, 0.31366875767707825, 0.4968620836734772]
[0.4487622082233429, 0.5716210603713989, 0.4600348174571991, 0.3031274080276489, 0.45275557041168213]
[0.46222183108329773, 0.5529534220695496, 0.4614831507205963, 0.318681925535202, 0.48787423968315125]
[0.4189586639404297, 0.5354630351066589, 0.44542115926742554, 0.28925272822380066, 0.44327056407928467]
[0.5425164699554443, 0.4894145727157593, 0.5152353644371033, 0.3871334195137024, 0.5697030425071716]
[0.4487622082233429, 0.5716210603713989, 0.4600348174571991, 0.3031274080276489, 0.45275557041168213]
[0.5483778715133667, 0.5739507675170898, 0.4343106746673584, 0.26626095175743103, 0.5465176701545715]
[0.49975526332855225, 0.5874056220054626, 0.4230498969554901, 0.27203112840652466, 0.5168728828430176]
[0.4812258780002594, 0.5471307039260864, 0.46263787150382996, 0.3024855852127075, 0.4935362637042999]
[0.47829100489616394, 0.5398403406143188, 0.4492817521095276, 0.32845109701156616, 0.49558836221694946]
[0.4419366419315338, 0.5847514867782593, 0.4305284023284912, 0.30996695160865784, 0.4661288559436798]
[0.4802049398422241, 0.5273306965827942, 0.47497352957725525, 0.3796504735946655, 0.5085611939430237]
[0.5334727764129639, 0.5646699666976929, 0.4380349814891815, 0.2910843789577484, 0.536107063293457]
[0.534105122089386, 0.5678791999816895, 0.42490994930267334, 0.28029361367225647, 0.5472873449325562]
[0.4343785047531128, 0.5793208479881287, 0.4341261386871338, 0.2628117799758911, 0.507685124874115]
[0.5087323188781738, 0.584449291229248, 0.432859867811203, 0.27619263529777527, 0.5275717377662659]
[0.49917179346084595, 0.5827400088310242, 0.4219880998134613, 0.27423861622810364, 0.5584866404533386]
