1
我们被骗了两次，一次是历史课本小括号里标记海参崴的地方，其实官方媒体和国家元首不敢叫海参崴，只敢叫符拉迪沃斯托克（俄语：征服东方）；一次是苏联解体最大的受害者不是苏联，而是中国，苏联在1945年承诺50年后归还海参崴，可它在1991年就他妈完蛋了！
[0.5179097652435303, 0.5593500137329102, 0.4603717029094696, 0.33439114689826965, 0.5647021532058716]
[0.5660114884376526, 0.5846415162086487, 0.39662355184555054, 0.25110042095184326, 0.5681667923927307]
[0.550171434879303, 0.5506724119186401, 0.4175935685634613, 0.29006317257881165, 0.5585098266601562]
[0.532529890537262, 0.5522201061248779, 0.4286338984966278, 0.30160340666770935, 0.5471352934837341]
[0.5174691677093506, 0.5487672090530396, 0.4708762764930725, 0.2974929213523865, 0.514514684677124]
[0.5029668211936951, 0.535045325756073, 0.44191306829452515, 0.3136579990386963, 0.5072662234306335]
[0.4608401656150818, 0.5339335799217224, 0.47826623916625977, 0.33562156558036804, 0.4943200349807739]
[0.5038545727729797, 0.5045941472053528, 0.4701598584651947, 0.35860154032707214, 0.5069347620010376]
[0.45482683181762695, 0.522879421710968, 0.49417129158973694, 0.35841742157936096, 0.48802244663238525]
[0.4549373388290405, 0.573447585105896, 0.4448740780353546, 0.2870752811431885, 0.48579686880111694]
[0.46908339858055115, 0.5336542725563049, 0.5047568678855896, 0.42571359872817993, 0.49907734990119934]
[0.4020405411720276, 0.5664276480674744, 0.4392944276332855, 0.2833927571773529, 0.4751105010509491]
[0.42538246512413025, 0.5233758687973022, 0.4974919557571411, 0.3723893463611603, 0.4707701504230499]
[0.5340544581413269, 0.581126868724823, 0.4241502285003662, 0.284345418214798, 0.5431104302406311]
[0.4498468339443207, 0.5408438444137573, 0.4724074602127075, 0.3282984495162964, 0.5146711468696594]
[0.48876050114631653, 0.570505678653717, 0.44063425064086914, 0.2824915051460266, 0.5323721766471863]
[0.540951669216156, 0.5596740245819092, 0.412453293800354, 0.28687748312950134, 0.5529888272285461]
[0.4616912007331848, 0.5388426184654236, 0.4845767021179199, 0.39889708161354065, 0.5014944672584534]
[0.4270752966403961, 0.5220399498939514, 0.4816821217536926, 0.34455063939094543, 0.45426714420318604]
[0.46662354469299316, 0.5401438474655151, 0.46620088815689087, 0.3011966347694397, 0.47182029485702515]
[0.5585556626319885, 0.5867277383804321, 0.38574767112731934, 0.2685077488422394, 0.5873802900314331]
[0.515006422996521, 0.5447133779525757, 0.4500143527984619, 0.31523796916007996, 0.5432802438735962]
[0.29884251952171326, 0.5430824756622314, 0.5078243017196655, 0.42554518580436707, 0.4363698363304138]
[0.4724521040916443, 0.5442373752593994, 0.45855578780174255, 0.3097064197063446, 0.4962790012359619]
[0.5064871907234192, 0.5671495199203491, 0.4458779990673065, 0.3174550533294678, 0.5155709385871887]
[0.5024916529655457, 0.5723633170127869, 0.43788519501686096, 0.2958548665046692, 0.5232465267181396]
[0.49414944648742676, 0.5738372802734375, 0.44008538126945496, 0.29610079526901245, 0.5327082276344299]
[0.5135287046432495, 0.5761888027191162, 0.4386844336986542, 0.2823449969291687, 0.5256056785583496]
[0.44352030754089355, 0.511681854724884, 0.494310200214386, 0.332568883895874, 0.44788268208503723]
[0.4720859229564667, 0.5799694061279297, 0.42899712920188904, 0.2883280813694, 0.4969491958618164]
[0.5329714417457581, 0.5880523324012756, 0.4042899012565613, 0.28555434942245483, 0.5469003915786743]
[0.5087981820106506, 0.5663558840751648, 0.44474345445632935, 0.2926836907863617, 0.5134029388427734]
[0.4973199665546417, 0.5679969787597656, 0.4437676966190338, 0.28379523754119873, 0.5053319931030273]
[0.4112018048763275, 0.5735698938369751, 0.4697701632976532, 0.29636242985725403, 0.4542229175567627]
[0.4263259172439575, 0.5178960561752319, 0.4930146038532257, 0.36983880400657654, 0.4594172537326813]
[0.48993968963623047, 0.5481184720993042, 0.47345787286758423, 0.37347301840782166, 0.5233044028282166]
[0.5394005179405212, 0.5841141939163208, 0.42395123839378357, 0.29407939314842224, 0.5382159352302551]
[0.5021247267723083, 0.5756428837776184, 0.4184373915195465, 0.25976642966270447, 0.5411109924316406]
[0.42611053586006165, 0.5578364729881287, 0.4471113681793213, 0.28365805745124817, 0.4720209538936615]
[0.5022333860397339, 0.5880587100982666, 0.43529173731803894, 0.275457501411438, 0.5433199405670166]
[0.4411972761154175, 0.5264503359794617, 0.4667041599750519, 0.3170856833457947, 0.4894198775291443]
[0.48082029819488525, 0.5468770265579224, 0.455655962228775, 0.3053593635559082, 0.49318927526474]
[0.47392788529396057, 0.5462732911109924, 0.46736234426498413, 0.34381580352783203, 0.5023187398910522]
[0.5067975521087646, 0.5721877813339233, 0.4531598687171936, 0.2901100814342499, 0.5261549353599548]
[0.5161806344985962, 0.5681815147399902, 0.44190478324890137, 0.2981855571269989, 0.5526637434959412]
[0.45474499464035034, 0.5505102276802063, 0.46352696418762207, 0.2992149889469147, 0.4829944372177124]
[0.5228390097618103, 0.530984103679657, 0.47191500663757324, 0.3854788839817047, 0.5157740712165833]
[0.44074547290802, 0.5469909906387329, 0.44890525937080383, 0.30581602454185486, 0.4677436351776123]
[0.46905940771102905, 0.570168137550354, 0.4766755998134613, 0.3267407715320587, 0.4960188865661621]
[0.4473664164543152, 0.5223225951194763, 0.46836361289024353, 0.32388490438461304, 0.4813547730445862]
[0.49111416935920715, 0.5533580183982849, 0.48394569754600525, 0.3421771824359894, 0.5435001850128174]
[0.4534217417240143, 0.5779033303260803, 0.4404586851596832, 0.2846859395503998, 0.5141026377677917]
[0.4921209514141083, 0.5667794346809387, 0.44803038239479065, 0.29636672139167786, 0.5241674184799194]
[0.5009394884109497, 0.5470967888832092, 0.4279951751232147, 0.3050749897956848, 0.5108493566513062]
[0.459102064371109, 0.5697628259658813, 0.4342747926712036, 0.27972620725631714, 0.502520740032196]
[0.5221328735351562, 0.5740575194358826, 0.43376365303993225, 0.2697022557258606, 0.5509070754051208]
[0.5221328735351562, 0.5740575194358826, 0.43376365303993225, 0.2697022557258606, 0.5509070754051208]
[0.4758692681789398, 0.5671343803405762, 0.4664519131183624, 0.3051452934741974, 0.4674079716205597]
[0.5010597705841064, 0.5493142008781433, 0.44233354926109314, 0.3200477063655853, 0.5179078578948975]
[0.43354982137680054, 0.5453982949256897, 0.4752514362335205, 0.3514917194843292, 0.4792840778827667]
[0.5444920063018799, 0.5549049377441406, 0.42854565382003784, 0.287602037191391, 0.5359910130500793]
[0.4197254776954651, 0.5367149114608765, 0.48578941822052, 0.34369009733200073, 0.4882729947566986]
[0.537411093711853, 0.5734201669692993, 0.4172974228858948, 0.28248703479766846, 0.5362122654914856]
[0.4924063980579376, 0.5691350102424622, 0.460926353931427, 0.3174721896648407, 0.5146941542625427]
[0.43298593163490295, 0.4978678822517395, 0.5328677892684937, 0.48341313004493713, 0.46343904733657837]
[0.4762541949748993, 0.4893498718738556, 0.49269890785217285, 0.40543094277381897, 0.4925300180912018]
[0.46444466710090637, 0.5182379484176636, 0.4908291697502136, 0.4116251766681671, 0.5068718194961548]
[0.3981491029262543, 0.5522815585136414, 0.437117338180542, 0.3086096942424774, 0.4528181254863739]
[0.5387420654296875, 0.5753726959228516, 0.4222935438156128, 0.2707763612270355, 0.5730761289596558]
[0.5491952300071716, 0.5918990969657898, 0.42066478729248047, 0.26386961340904236, 0.5615143775939941]
[0.5103587508201599, 0.593856692314148, 0.4298388659954071, 0.28392893075942993, 0.544681191444397]
[0.4374925494194031, 0.5654627084732056, 0.4477366805076599, 0.31492456793785095, 0.5065656900405884]
[0.42334383726119995, 0.5440126061439514, 0.46861475706100464, 0.2985271215438843, 0.4458974003791809]
[0.498079776763916, 0.566627562046051, 0.43588438630104065, 0.3140302002429962, 0.5032850503921509]
[0.550652027130127, 0.5255081057548523, 0.46375149488449097, 0.3418406844139099, 0.5753415822982788]
[0.47760894894599915, 0.5337582230567932, 0.47809940576553345, 0.32258668541908264, 0.4850318133831024]
