1
中央4台《今日关注》，胡总已下令，如果日本有闯入钓鱼岛及其附属岛屿12海里以内，中国海军部队可以立即向其进行军事打击。昨日政府发声明宣布中华人民共和国钓鱼岛及其附属岛屿的领海基线，此举意味着不再承认钓鱼岛存在主权争议。总理讲话：中国政府和人民绝不会退让半步！也该发出点信号了！
[0.5154800415039062, 0.4957631528377533, 0.5142357349395752, 0.43121662735939026, 0.48985978960990906]
[0.5231966376304626, 0.5803031921386719, 0.4134644865989685, 0.2902940809726715, 0.5243788361549377]
[0.521691083908081, 0.5878927707672119, 0.4193263351917267, 0.279192179441452, 0.5255200266838074]
[0.4717113971710205, 0.5662005543708801, 0.43608948588371277, 0.2981851398944855, 0.49608537554740906]
[0.33457234501838684, 0.5389145612716675, 0.4969855546951294, 0.40323230624198914, 0.42445603013038635]
[0.4849528670310974, 0.5735248923301697, 0.44620731472969055, 0.2809315323829651, 0.4843851923942566]
[0.48625490069389343, 0.560128390789032, 0.42827871441841125, 0.2460581660270691, 0.49620485305786133]
[0.49626997113227844, 0.5509493947029114, 0.4584726393222809, 0.29408910870552063, 0.5243080258369446]
[0.4722360074520111, 0.5542696714401245, 0.4489029347896576, 0.31354695558547974, 0.5054929256439209]
[0.45755448937416077, 0.45592811703681946, 0.49663951992988586, 0.5732226371765137, 0.4804191291332245]
[0.507781445980072, 0.5359461903572083, 0.41471874713897705, 0.2884114682674408, 0.5542705059051514]
[0.44820019602775574, 0.5349684357643127, 0.5035750269889832, 0.3848087787628174, 0.49007752537727356]
[0.44677871465682983, 0.5780325531959534, 0.4308522045612335, 0.31239524483680725, 0.47118350863456726]
[0.4783775210380554, 0.5786561965942383, 0.4729920029640198, 0.3076528310775757, 0.5011729001998901]
[0.4487622082233429, 0.5716210603713989, 0.4600348174571991, 0.3031274080276489, 0.45275557041168213]
[0.4603879749774933, 0.5765737295150757, 0.44263240694999695, 0.2728472650051117, 0.5360355377197266]
[0.5206526517868042, 0.5320666432380676, 0.4388929307460785, 0.3254028558731079, 0.5505152940750122]
[0.5579402446746826, 0.5871325135231018, 0.40848132967948914, 0.26210930943489075, 0.5619325041770935]
[0.43487226963043213, 0.5106499791145325, 0.504142701625824, 0.393376886844635, 0.44689643383026123]
[0.4950709640979767, 0.5413291454315186, 0.4393928647041321, 0.3075331449508667, 0.518534243106842]
[0.5137977004051208, 0.5891804695129395, 0.4328744411468506, 0.28992316126823425, 0.5253977179527283]
[0.5411806106567383, 0.5806595683097839, 0.4047986567020416, 0.2744511365890503, 0.5353919863700867]
[0.5528535842895508, 0.5820171236991882, 0.4156166911125183, 0.2710281014442444, 0.5488340258598328]
[0.5206316113471985, 0.5791252255439758, 0.4397676885128021, 0.27541300654411316, 0.5473576784133911]
[0.3536585867404938, 0.561711847782135, 0.4298149049282074, 0.27608194947242737, 0.44226711988449097]
[0.3536585867404938, 0.561711847782135, 0.4298149049282074, 0.27608194947242737, 0.44226711988449097]
[0.5541592836380005, 0.5893819332122803, 0.413361519575119, 0.26704198122024536, 0.5471010804176331]
[0.35035428404808044, 0.5440686941146851, 0.4868462383747101, 0.4264490306377411, 0.427120178937912]
[0.49962517619132996, 0.5496830344200134, 0.44254112243652344, 0.3390674293041229, 0.500312864780426]
