1
终于打小日本了，激动，高兴。 丁点蛋丸之地竟敢冒犯天威。md让你们尝尝列害，别老和中国的色。
[0.502507746219635, 0.5497252941131592, 0.451067179441452, 0.3051905035972595, 0.5296795964241028]
[0.4487622082233429, 0.5716210603713989, 0.4600348174571991, 0.3031274080276489, 0.45275557041168213]
[0.5294605493545532, 0.5786765813827515, 0.4130808413028717, 0.28721922636032104, 0.5380911827087402]
[0.41741836071014404, 0.5254595875740051, 0.4491855204105377, 0.29516297578811646, 0.44061970710754395]
[0.49531856179237366, 0.569902241230011, 0.4455302655696869, 0.3050432503223419, 0.49031543731689453]
[0.5028892159461975, 0.5896540880203247, 0.43730106949806213, 0.293475866317749, 0.5107608437538147]
[0.5607221722602844, 0.531899631023407, 0.4463556408882141, 0.3086993396282196, 0.553110659122467]
[0.5016795992851257, 0.5648603439331055, 0.4458135962486267, 0.3172997236251831, 0.5222645401954651]
[0.4934166967868805, 0.5868629217147827, 0.4470164477825165, 0.28823122382164, 0.4850083887577057]
[0.5734553337097168, 0.5872379541397095, 0.42725062370300293, 0.25874441862106323, 0.5723289847373962]
[0.5800415277481079, 0.5667915344238281, 0.40887704491615295, 0.2613474726676941, 0.5658366680145264]
[0.5454628467559814, 0.5768871903419495, 0.4451107084751129, 0.29577040672302246, 0.5498764514923096]
[0.3536585867404938, 0.561711847782135, 0.4298149049282074, 0.27608194947242737, 0.44226711988449097]
[0.4025321900844574, 0.5763716697692871, 0.45717284083366394, 0.2956797480583191, 0.48032355308532715]
[0.4487622082233429, 0.5716210603713989, 0.4600348174571991, 0.3031274080276489, 0.45275557041168213]
[0.5807181000709534, 0.5343396663665771, 0.4350981116294861, 0.31177130341529846, 0.5427187085151672]
[0.442089706659317, 0.5559178590774536, 0.4597218930721283, 0.29694074392318726, 0.48790380358695984]
[0.566440224647522, 0.5897478461265564, 0.40480926632881165, 0.23926879465579987, 0.5660151839256287]
[0.5491952300071716, 0.5918990969657898, 0.42066478729248047, 0.26386961340904236, 0.5615143775939941]
[0.5090322494506836, 0.5212720036506653, 0.4866640567779541, 0.32766908407211304, 0.4791429042816162]
[0.44758138060569763, 0.5535025000572205, 0.4413459599018097, 0.2770134210586548, 0.4539782404899597]
[0.4487622082233429, 0.5716210603713989, 0.4600348174571991, 0.3031274080276489, 0.45275557041168213]
[0.4670955240726471, 0.5408466458320618, 0.4670230746269226, 0.369061142206192, 0.4860255718231201]
[0.5171071290969849, 0.5425457954406738, 0.4605475962162018, 0.3263950049877167, 0.5431095361709595]
[0.5472512245178223, 0.5792564153671265, 0.4237917363643646, 0.28801631927490234, 0.5181042551994324]
[0.3663271367549896, 0.5617870688438416, 0.45376822352409363, 0.3705461025238037, 0.44887930154800415]
[0.4896587133407593, 0.5791651010513306, 0.4274458587169647, 0.2882910668849945, 0.5096859931945801]
[0.5013196468353271, 0.5677385330200195, 0.4460964500904083, 0.31362205743789673, 0.5033771991729736]
[0.5417515635490417, 0.5826703906059265, 0.41409796476364136, 0.25831058621406555, 0.5444175601005554]
[0.4402889013290405, 0.576482892036438, 0.46154215931892395, 0.3298674523830414, 0.44610831141471863]
[0.5291121006011963, 0.5923258662223816, 0.415624737739563, 0.2743915021419525, 0.544005274772644]
[0.501754879951477, 0.5737066864967346, 0.42787468433380127, 0.3079966902732849, 0.501629114151001]
[0.5048049688339233, 0.5832772254943848, 0.43119627237319946, 0.2811218202114105, 0.5340728759765625]
[0.4325982630252838, 0.569125771522522, 0.4520898163318634, 0.29002144932746887, 0.4565262496471405]
[0.4888432025909424, 0.5935583114624023, 0.42219483852386475, 0.27733755111694336, 0.5398761034011841]
[0.4927319586277008, 0.5783411264419556, 0.44086888432502747, 0.3158963620662689, 0.4740960896015167]
[0.44129836559295654, 0.5437512993812561, 0.44650545716285706, 0.2993086576461792, 0.5080342292785645]
[0.39416977763175964, 0.5530227422714233, 0.4377894401550293, 0.28794020414352417, 0.465699702501297]
[0.4728354215621948, 0.5693446397781372, 0.4575221836566925, 0.30891185998916626, 0.4902273118495941]
[0.4418160319328308, 0.5755817890167236, 0.44185870885849, 0.2884756922721863, 0.4999964237213135]
[0.4487622082233429, 0.5716210603713989, 0.4600348174571991, 0.3031274080276489, 0.45275557041168213]
[0.4487622082233429, 0.5716210603713989, 0.4600348174571991, 0.3031274080276489, 0.45275557041168213]
[0.503322422504425, 0.5780800580978394, 0.4323669373989105, 0.29076749086380005, 0.5151898860931396]
[0.5848738551139832, 0.5838764905929565, 0.41407087445259094, 0.27113404870033264, 0.5459908843040466]
[0.5565755367279053, 0.5305131673812866, 0.4352116882801056, 0.33317214250564575, 0.5454735159873962]
[0.4487622082233429, 0.5716210603713989, 0.4600348174571991, 0.3031274080276489, 0.45275557041168213]
[0.4487622082233429, 0.5716210603713989, 0.4600348174571991, 0.3031274080276489, 0.45275557041168213]
[0.48889538645744324, 0.5682392716407776, 0.44663313031196594, 0.3032809793949127, 0.505499005317688]
[0.4400663375854492, 0.5799640417098999, 0.428261935710907, 0.2877627909183502, 0.47942277789115906]
[0.48404720425605774, 0.5558356046676636, 0.4635164141654968, 0.31716400384902954, 0.5313606262207031]
[0.4842349886894226, 0.5859801769256592, 0.4349925220012665, 0.28411388397216797, 0.537443220615387]
[0.524005651473999, 0.5162131786346436, 0.4513033926486969, 0.3104183077812195, 0.5591496825218201]
[0.4487622082233429, 0.5716210603713989, 0.4600348174571991, 0.3031274080276489, 0.45275557041168213]
[0.5355817675590515, 0.5466129183769226, 0.44624319672584534, 0.3299911618232727, 0.5495348572731018]
[0.5373395681381226, 0.5820878744125366, 0.40041524171829224, 0.25406205654144287, 0.5667890310287476]
[0.5034229159355164, 0.5805166363716125, 0.43478924036026, 0.2991620600223541, 0.49711790680885315]
[0.4665524363517761, 0.539934515953064, 0.4560926854610443, 0.34995853900909424, 0.4731655418872833]
[0.5276390910148621, 0.5592954158782959, 0.4497363269329071, 0.334493488073349, 0.5475552082061768]
[0.4434356987476349, 0.5654732584953308, 0.43700727820396423, 0.3132559359073639, 0.46182647347450256]
[0.5728564262390137, 0.5832383632659912, 0.4081677198410034, 0.2608926594257355, 0.5637564659118652]
[0.6277270913124084, 0.537666380405426, 0.42318394780158997, 0.30911746621131897, 0.6100323796272278]
[0.4098421037197113, 0.5456156134605408, 0.5019254088401794, 0.39985373616218567, 0.48166796565055847]
[0.4548487365245819, 0.5448018312454224, 0.4605534076690674, 0.3605969250202179, 0.48544758558273315]
[0.47415778040885925, 0.5619361400604248, 0.46029776334762573, 0.32056665420532227, 0.5078052282333374]
[0.463701456785202, 0.5545232892036438, 0.4573929011821747, 0.3314255475997925, 0.4890906512737274]
[0.526965856552124, 0.5298841595649719, 0.46234002709388733, 0.337881863117218, 0.5147590041160583]
[0.43450483679771423, 0.5547726154327393, 0.44263261556625366, 0.30602842569351196, 0.46434593200683594]
[0.4518127143383026, 0.5554888844490051, 0.4600071609020233, 0.30927765369415283, 0.5199716091156006]
[0.45709607005119324, 0.5649557709693909, 0.4394823908805847, 0.2943461835384369, 0.487941712141037]
[0.4786028563976288, 0.5622026324272156, 0.46011391282081604, 0.3410487473011017, 0.4961165189743042]
[0.5220533013343811, 0.5787602066993713, 0.42574846744537354, 0.2860581576824188, 0.5459149479866028]
[0.5759758353233337, 0.5711846947669983, 0.4138844609260559, 0.2644137144088745, 0.5602664947509766]
[0.4487622082233429, 0.5716210603713989, 0.4600348174571991, 0.3031274080276489, 0.45275557041168213]
[0.4859093129634857, 0.549526035785675, 0.47639116644859314, 0.3692575693130493, 0.5318421721458435]
[0.4116879403591156, 0.5569605827331543, 0.47428828477859497, 0.3322266638278961, 0.4425148069858551]
[0.5577698945999146, 0.5763874650001526, 0.4173242449760437, 0.26694193482398987, 0.5678995847702026]
[0.5178754925727844, 0.5480403900146484, 0.47253182530403137, 0.3137426972389221, 0.5386676788330078]
[0.4874134063720703, 0.5569005608558655, 0.43477025628089905, 0.30437570810317993, 0.4908035397529602]
[0.4651593863964081, 0.546897292137146, 0.4684605598449707, 0.37293222546577454, 0.5008186101913452]
[0.4515174925327301, 0.5615463852882385, 0.45419999957084656, 0.30208152532577515, 0.5072569847106934]
