1
中央4台《今日关注》，胡总已下令，如果日本有闯入钓鱼岛及其附属岛屿12海里以内，中国海军部队可以立即向其进行军事打击。昨日政府发声明宣布中华人民共和国钓鱼岛及其附属岛屿的领海基线，此举意味着不再承认钓鱼岛存在主权争议。总理讲话：中国政府和人民绝不会退让半步！也该发出点信号了！转起！
[0.5182671546936035, 0.48164671659469604, 0.511898398399353, 0.44264528155326843, 0.48038169741630554]
[0.5431450605392456, 0.5906951427459717, 0.4150256812572479, 0.2769853472709656, 0.5461128950119019]
[0.5527231097221375, 0.5418761372566223, 0.4286670684814453, 0.2988685369491577, 0.5164453983306885]
[0.42441490292549133, 0.5676126480102539, 0.4618966281414032, 0.3119684159755707, 0.45158058404922485]
[0.48600852489471436, 0.577214777469635, 0.4302193522453308, 0.28975051641464233, 0.5294075012207031]
[0.48733916878700256, 0.5739020109176636, 0.42586496472358704, 0.2761390507221222, 0.4984787106513977]
[0.5241326093673706, 0.571931004524231, 0.4306308925151825, 0.28457149863243103, 0.5160343050956726]
[0.5355724692344666, 0.5565587878227234, 0.4492373764514923, 0.3428240418434143, 0.5074068307876587]
[0.5117162466049194, 0.5819103717803955, 0.4098505675792694, 0.2786237299442291, 0.5303379893302917]
[0.5187797546386719, 0.5697358250617981, 0.42321527004241943, 0.25255709886550903, 0.5374451875686646]
[0.3876034915447235, 0.5395737290382385, 0.46552595496177673, 0.321647584438324, 0.46573787927627563]
[0.44120654463768005, 0.5300531983375549, 0.4766489565372467, 0.40268421173095703, 0.4887658953666687]
[0.5147401690483093, 0.5516590476036072, 0.4510648548603058, 0.3414883613586426, 0.5210015177726746]
[0.469240665435791, 0.5482394695281982, 0.4482908844947815, 0.2748180329799652, 0.47611764073371887]
[0.520637571811676, 0.5317140221595764, 0.44046154618263245, 0.32356321811676025, 0.5515449643135071]
[0.3560945689678192, 0.5487720370292664, 0.4685484766960144, 0.38241156935691833, 0.4326443672180176]
[0.42441490292549133, 0.5676126480102539, 0.4618966281414032, 0.3119684159755707, 0.45158058404922485]
[0.48078060150146484, 0.5612743496894836, 0.43010130524635315, 0.30102965235710144, 0.48308512568473816]
[0.4560205936431885, 0.5514824390411377, 0.4608900547027588, 0.36525166034698486, 0.4527978301048279]
[0.48160237073898315, 0.551581084728241, 0.4788554012775421, 0.3585406541824341, 0.48733124136924744]
[0.5341662764549255, 0.5799193382263184, 0.42917385697364807, 0.2871050238609314, 0.5394440293312073]
[0.48535826802253723, 0.5692766904830933, 0.4552266001701355, 0.29265663027763367, 0.5158836841583252]
[0.48126259446144104, 0.5353313684463501, 0.4789426624774933, 0.3582281172275543, 0.5222141742706299]
[0.5379701852798462, 0.5755919218063354, 0.42968836426734924, 0.2957806885242462, 0.5257052183151245]
[0.49592792987823486, 0.5716380476951599, 0.4145500659942627, 0.25797057151794434, 0.534585177898407]
[0.5046088099479675, 0.5651189088821411, 0.440165638923645, 0.3302217423915863, 0.5278218388557434]
[0.5597990155220032, 0.5805842876434326, 0.3883240818977356, 0.2718844711780548, 0.563951849937439]
[0.4275378882884979, 0.5718470811843872, 0.44574612379074097, 0.29460960626602173, 0.4921588897705078]
[0.5241749286651611, 0.5834728479385376, 0.44447121024131775, 0.2870485782623291, 0.5509198904037476]
[0.5595433115959167, 0.564675509929657, 0.4120030999183655, 0.2764885127544403, 0.567686915397644]
[0.5245069861412048, 0.5629069209098816, 0.45481935143470764, 0.3027372360229492, 0.5157964825630188]
[0.39213255047798157, 0.5620205998420715, 0.4641587734222412, 0.29670584201812744, 0.44038063287734985]
[0.46477919816970825, 0.5202178955078125, 0.4753860533237457, 0.3679036498069763, 0.49116092920303345]
[0.3912656009197235, 0.5414140820503235, 0.4882993698120117, 0.334878534078598, 0.5095791816711426]
[0.4349358081817627, 0.5815829038619995, 0.41706231236457825, 0.270919531583786, 0.49400919675827026]
[0.43057307600975037, 0.5260882377624512, 0.49125444889068604, 0.37246501445770264, 0.43544963002204895]
[0.4986976981163025, 0.5777027010917664, 0.4113818407058716, 0.2729960083961487, 0.5169543027877808]
[0.4949733316898346, 0.589034914970398, 0.4217487573623657, 0.275248259305954, 0.5284370183944702]
[0.5240058898925781, 0.5789989233016968, 0.4304112195968628, 0.2861294150352478, 0.5131208300590515]
[0.5348565578460693, 0.5671662092208862, 0.41874226927757263, 0.3094610869884491, 0.5505909323692322]
[0.5348737835884094, 0.5607727766036987, 0.4725645184516907, 0.3270699381828308, 0.5082601308822632]
[0.449550598859787, 0.5629928708076477, 0.4439830183982849, 0.34197306632995605, 0.47431522607803345]
[0.4423328936100006, 0.5653745532035828, 0.4453636705875397, 0.29424479603767395, 0.5165778398513794]
[0.528118908405304, 0.5852379202842712, 0.43063226342201233, 0.2623966634273529, 0.5555712580680847]
[0.47742578387260437, 0.5591230392456055, 0.4448992908000946, 0.30382850766181946, 0.47888293862342834]
[0.5099478960037231, 0.5233414769172668, 0.4483186602592468, 0.3210107982158661, 0.5487572550773621]
[0.5171528458595276, 0.5640225410461426, 0.4587523639202118, 0.29058030247688293, 0.5288055539131165]
[0.5519302487373352, 0.5873376727104187, 0.41360101103782654, 0.2770964205265045, 0.5363122820854187]
[0.5176398754119873, 0.57526695728302, 0.4226458966732025, 0.31713593006134033, 0.5337646007537842]
[0.43750500679016113, 0.5551959872245789, 0.4961591362953186, 0.38882842659950256, 0.4818652868270874]
[0.4554944336414337, 0.5527083277702332, 0.46343478560447693, 0.3243517577648163, 0.4888066351413727]
[0.5134949684143066, 0.5740839242935181, 0.41555550694465637, 0.28590723872184753, 0.5355734825134277]
[0.47026270627975464, 0.5455309748649597, 0.4639895558357239, 0.3476654887199402, 0.502293050289154]
[0.46631601452827454, 0.566782534122467, 0.43062376976013184, 0.2866956889629364, 0.49500125646591187]
[0.525088906288147, 0.5734393000602722, 0.43870940804481506, 0.3014342784881592, 0.5368784070014954]
[0.49631577730178833, 0.5969269871711731, 0.430329829454422, 0.2734109163284302, 0.5320802927017212]
[0.403189092874527, 0.5604115128517151, 0.4401177763938904, 0.3074376881122589, 0.4888395667076111]
[0.5262495875358582, 0.5887004733085632, 0.42689934372901917, 0.26951199769973755, 0.520713746547699]
[0.6290161609649658, 0.5599403381347656, 0.37195849418640137, 0.2205401510000229, 0.6095883846282959]
[0.5149998664855957, 0.579664409160614, 0.42803946137428284, 0.30130037665367126, 0.5147332549095154]
[0.5462970733642578, 0.5822886228561401, 0.3958960473537445, 0.2605902850627899, 0.5691937804222107]
[0.5508290529251099, 0.589643657207489, 0.4091184139251709, 0.27718448638916016, 0.5296769142150879]
[0.5435130000114441, 0.5727985501289368, 0.4342521131038666, 0.3006512224674225, 0.5528518557548523]
[0.4729948937892914, 0.575695812702179, 0.4302225410938263, 0.2922622263431549, 0.5116356611251831]
[0.5601562857627869, 0.5723465085029602, 0.41492900252342224, 0.29296785593032837, 0.5670531988143921]
[0.5733826756477356, 0.5535604357719421, 0.417147696018219, 0.2975008487701416, 0.5555232167243958]
[0.5150829553604126, 0.5906004309654236, 0.4172806441783905, 0.3006258010864258, 0.529786229133606]
[0.5282672643661499, 0.562210202217102, 0.43254560232162476, 0.30056875944137573, 0.525549054145813]
[0.4487622082233429, 0.5716210603713989, 0.4600348174571991, 0.3031274080276489, 0.45275557041168213]
[0.49362269043922424, 0.567125678062439, 0.4711986482143402, 0.3095987141132355, 0.48202550411224365]
[0.4270547330379486, 0.518038809299469, 0.5037026405334473, 0.41754743456840515, 0.4369223713874817]
[0.5111493468284607, 0.5717467069625854, 0.43497365713119507, 0.3040522038936615, 0.4775369465351105]
[0.5269801020622253, 0.5525928735733032, 0.42388826608657837, 0.2916668951511383, 0.5370792746543884]
[0.508634626865387, 0.5504286885261536, 0.43087735772132874, 0.2731730341911316, 0.5496111512184143]
[0.5222072005271912, 0.5802116990089417, 0.43055421113967896, 0.2785695493221283, 0.5629314184188843]
[0.3536585867404938, 0.561711847782135, 0.4298149049282074, 0.27608194947242737, 0.44226711988449097]
[0.5679100751876831, 0.5800881385803223, 0.40296632051467896, 0.2687699496746063, 0.5620140433311462]
[0.5072633028030396, 0.5817283391952515, 0.41949886083602905, 0.3002460300922394, 0.5138242840766907]
[0.5197597146034241, 0.5443915128707886, 0.43194442987442017, 0.3356110155582428, 0.5259273052215576]
[0.4487622082233429, 0.5716210603713989, 0.4600348174571991, 0.3031274080276489, 0.45275557041168213]
[0.5143607258796692, 0.5655856728553772, 0.44446319341659546, 0.28202685713768005, 0.529235303401947]
[0.46534278988838196, 0.5694652199745178, 0.45760250091552734, 0.2921709716320038, 0.49937617778778076]
[0.4443691670894623, 0.5588024854660034, 0.43516266345977783, 0.3085002303123474, 0.5008930563926697]
[0.46870625019073486, 0.558106541633606, 0.4643612504005432, 0.3084823787212372, 0.516644299030304]
[0.5024288296699524, 0.5716871023178101, 0.4762207865715027, 0.31134364008903503, 0.5149338245391846]
[0.5390648245811462, 0.5710100531578064, 0.405079185962677, 0.2858330309391022, 0.5311625003814697]
[0.5097616314888, 0.5510879755020142, 0.464702308177948, 0.3010220229625702, 0.5362812876701355]
[0.5550863146781921, 0.5856924057006836, 0.38719823956489563, 0.2604609727859497, 0.5671750903129578]
[0.41058748960494995, 0.5906373262405396, 0.4323515295982361, 0.27683529257774353, 0.49709179997444153]
[0.4910978376865387, 0.5571557283401489, 0.42893823981285095, 0.2741474509239197, 0.5544677376747131]
[0.5613515377044678, 0.5408831238746643, 0.4302821457386017, 0.27211228013038635, 0.5777044296264648]
[0.5518639087677002, 0.562110960483551, 0.3885703980922699, 0.27243977785110474, 0.561699628829956]
[0.4899776875972748, 0.5518090128898621, 0.4619942009449005, 0.32950422167778015, 0.5098572373390198]
[0.4443242847919464, 0.5487868785858154, 0.4583779573440552, 0.31833040714263916, 0.5105535387992859]
[0.5023834109306335, 0.5550057888031006, 0.46558693051338196, 0.3488699495792389, 0.5034453868865967]
[0.4487622082233429, 0.5716210603713989, 0.4600348174571991, 0.3031274080276489, 0.45275557041168213]
[0.53798907995224, 0.5559852123260498, 0.42036452889442444, 0.27889877557754517, 0.5708487033843994]
[0.48907986283302307, 0.586104691028595, 0.4267839789390564, 0.2861212491989136, 0.5141581892967224]
[0.4964137375354767, 0.5858686566352844, 0.42536044120788574, 0.2761770486831665, 0.5211730003356934]
[0.5344193577766418, 0.5585444569587708, 0.4215458929538727, 0.2830750644207001, 0.54469233751297]
[0.5381751656532288, 0.5677734017372131, 0.4162914752960205, 0.295773446559906, 0.518294632434845]
