1
云南一只母猪生下8个小孩=震撼全世界！ 详情请点地址》
[0.5296223759651184, 0.5844418406486511, 0.40008267760276794, 0.2270413339138031, 0.5903188586235046]
[0.5354865789413452, 0.5888907313346863, 0.41922876238822937, 0.2605830132961273, 0.5253303050994873]
[0.565504789352417, 0.5866569876670837, 0.4333273768424988, 0.2601863145828247, 0.5505886673927307]
[0.5360319018363953, 0.56230628490448, 0.41624462604522705, 0.29172372817993164, 0.5295413732528687]
[0.5505931377410889, 0.5288563370704651, 0.4213285744190216, 0.285421222448349, 0.5552038550376892]
[0.4049922525882721, 0.5487710237503052, 0.48826274275779724, 0.3887479305267334, 0.4288575351238251]
[0.5187443494796753, 0.5823837518692017, 0.40929114818573, 0.288311243057251, 0.5559890270233154]
[0.47037217020988464, 0.5894454717636108, 0.4231871962547302, 0.2767127454280853, 0.5037797093391418]
[0.5358311533927917, 0.5609356164932251, 0.4218295216560364, 0.2819478511810303, 0.5626388788223267]
[0.4272163212299347, 0.578639805316925, 0.4649880826473236, 0.29797032475471497, 0.4680140018463135]
[0.5208538770675659, 0.5474644899368286, 0.4753376543521881, 0.3501235246658325, 0.5319897532463074]
[0.565504789352417, 0.5866569876670837, 0.4333273768424988, 0.2601863145828247, 0.5505886673927307]
[0.5239611268043518, 0.5913594365119934, 0.4191100001335144, 0.28520724177360535, 0.528921902179718]
[0.5521060824394226, 0.5868968367576599, 0.40800201892852783, 0.27506008744239807, 0.5198982357978821]
[0.565504789352417, 0.5866569876670837, 0.4333273768424988, 0.2601863145828247, 0.5505886673927307]
[0.565504789352417, 0.5866569876670837, 0.4333273768424988, 0.2601863145828247, 0.5505886673927307]
[0.5111097097396851, 0.5986312031745911, 0.44335582852363586, 0.2770827114582062, 0.511972963809967]
[0.4189586639404297, 0.5354630351066589, 0.44542115926742554, 0.28925272822380066, 0.44327056407928467]
[0.565504789352417, 0.5866569876670837, 0.4333273768424988, 0.2601863145828247, 0.5505886673927307]
[0.4477876126766205, 0.5661318898200989, 0.4539499282836914, 0.3022308945655823, 0.47824811935424805]
[0.565504789352417, 0.5866569876670837, 0.4333273768424988, 0.2601863145828247, 0.5505886673927307]
[0.5142035484313965, 0.5602310299873352, 0.4401657283306122, 0.3166143596172333, 0.5371208786964417]
[0.5458766222000122, 0.5858842730522156, 0.3968908190727234, 0.26857608556747437, 0.5334042906761169]
[0.565504789352417, 0.5866569876670837, 0.4333273768424988, 0.2601863145828247, 0.5505886673927307]
[0.4487622082233429, 0.5716210603713989, 0.4600348174571991, 0.3031274080276489, 0.45275557041168213]
[0.565504789352417, 0.5866569876670837, 0.4333273768424988, 0.2601863145828247, 0.5505886673927307]
[0.565504789352417, 0.5866569876670837, 0.4333273768424988, 0.2601863145828247, 0.5505886673927307]
[0.4483962953090668, 0.558460533618927, 0.43374332785606384, 0.32125169038772583, 0.45543530583381653]
[0.47846242785453796, 0.5946361422538757, 0.4332248866558075, 0.27982378005981445, 0.5496959686279297]
[0.5243404507637024, 0.5760449767112732, 0.4186996817588806, 0.29310253262519836, 0.5424329042434692]
[0.47552964091300964, 0.5777445435523987, 0.4501212537288666, 0.3178485333919525, 0.4926777482032776]
[0.4342680275440216, 0.5799533128738403, 0.42814239859580994, 0.27615541219711304, 0.48340633511543274]
[0.565504789352417, 0.5866569876670837, 0.4333273768424988, 0.2601863145828247, 0.5505886673927307]
[0.5088945031166077, 0.5470631718635559, 0.48391610383987427, 0.32894599437713623, 0.4980680048465729]
[0.5486360788345337, 0.5835431814193726, 0.4269283711910248, 0.2878046929836273, 0.5540611743927002]
[0.565504789352417, 0.5866569876670837, 0.4333273768424988, 0.2601863145828247, 0.5505886673927307]
[0.4057961404323578, 0.5633492469787598, 0.4717627465724945, 0.32526662945747375, 0.4649485945701599]
[0.5622801184654236, 0.5824218392372131, 0.4165840446949005, 0.2558096647262573, 0.5626118779182434]
[0.565504789352417, 0.5866569876670837, 0.4333273768424988, 0.2601863145828247, 0.5505886673927307]
[0.565504789352417, 0.5866569876670837, 0.4333273768424988, 0.2601863145828247, 0.5505886673927307]
[0.5080617666244507, 0.5967200398445129, 0.42611533403396606, 0.2703215777873993, 0.5400774478912354]
[0.565504789352417, 0.5866569876670837, 0.4333273768424988, 0.2601863145828247, 0.5505886673927307]
[0.49438580870628357, 0.5552638173103333, 0.445890337228775, 0.328383207321167, 0.49473145604133606]
[0.46112048625946045, 0.5824236869812012, 0.4270058274269104, 0.27731695771217346, 0.5040820240974426]
[0.5070725679397583, 0.5795678496360779, 0.4309682846069336, 0.25872695446014404, 0.538472592830658]
[0.565504789352417, 0.5866569876670837, 0.4333273768424988, 0.2601863145828247, 0.5505886673927307]
[0.5193629860877991, 0.5856478810310364, 0.41173920035362244, 0.282301664352417, 0.5441094636917114]
[0.4966351091861725, 0.5713499784469604, 0.41137969493865967, 0.29717761278152466, 0.5172209143638611]
[0.5142115354537964, 0.5884954929351807, 0.4032229483127594, 0.28020960092544556, 0.5216581225395203]
[0.5266843438148499, 0.5429200530052185, 0.42568832635879517, 0.2979867458343506, 0.49945807456970215]
[0.42740345001220703, 0.5862472057342529, 0.459237277507782, 0.30124911665916443, 0.4579195976257324]
[0.565504789352417, 0.5866569876670837, 0.4333273768424988, 0.2601863145828247, 0.5505886673927307]
[0.42441490292549133, 0.5676126480102539, 0.4618966281414032, 0.3119684159755707, 0.45158058404922485]
[0.4566287100315094, 0.5604463815689087, 0.45466384291648865, 0.3312666118144989, 0.4703522324562073]
[0.5177181959152222, 0.5855960845947266, 0.41627049446105957, 0.28351926803588867, 0.511974573135376]
[0.5546649098396301, 0.5583007335662842, 0.423262357711792, 0.2891603112220764, 0.5236995816230774]
[0.5464419722557068, 0.6042241454124451, 0.41089382767677307, 0.2496461570262909, 0.5609075427055359]
[0.565504789352417, 0.5866569876670837, 0.4333273768424988, 0.2601863145828247, 0.5505886673927307]
[0.5146055221557617, 0.5643371939659119, 0.4571228325366974, 0.33151787519454956, 0.5362895131111145]
[0.565504789352417, 0.5866569876670837, 0.4333273768424988, 0.2601863145828247, 0.5505886673927307]
[0.5258006453514099, 0.5705164074897766, 0.3909760117530823, 0.23956532776355743, 0.5629882216453552]
[0.565504789352417, 0.5866569876670837, 0.4333273768424988, 0.2601863145828247, 0.5505886673927307]
[0.565504789352417, 0.5866569876670837, 0.4333273768424988, 0.2601863145828247, 0.5505886673927307]
[0.33134010434150696, 0.5553469061851501, 0.44125232100486755, 0.28897443413734436, 0.43140268325805664]
[0.4339486360549927, 0.567232608795166, 0.4550425708293915, 0.29211878776550293, 0.48759013414382935]
[0.5664194226264954, 0.5819169282913208, 0.4000542461872101, 0.2732314467430115, 0.5422630310058594]
[0.565504789352417, 0.5866569876670837, 0.4333273768424988, 0.2601863145828247, 0.5505886673927307]
[0.49496689438819885, 0.5888532400131226, 0.4246913194656372, 0.274183988571167, 0.5420511960983276]
[0.5123113989830017, 0.5736698508262634, 0.4359005391597748, 0.2990666925907135, 0.5281581878662109]
[0.4084233045578003, 0.5403083562850952, 0.48551446199417114, 0.3420058786869049, 0.42745813727378845]
[0.5744126439094543, 0.5860180258750916, 0.3974814713001251, 0.26291030645370483, 0.5837582945823669]
[0.565504789352417, 0.5866569876670837, 0.4333273768424988, 0.2601863145828247, 0.5505886673927307]
[0.49550265073776245, 0.5578909516334534, 0.4234175682067871, 0.3072092533111572, 0.5133148431777954]
[0.47939997911453247, 0.5556931495666504, 0.443818598985672, 0.2843334674835205, 0.5183612704277039]
[0.5040035247802734, 0.5719863772392273, 0.43091994524002075, 0.27657848596572876, 0.5261465907096863]
[0.565504789352417, 0.5866569876670837, 0.4333273768424988, 0.2601863145828247, 0.5505886673927307]
[0.565504789352417, 0.5866569876670837, 0.4333273768424988, 0.2601863145828247, 0.5505886673927307]
[0.565504789352417, 0.5866569876670837, 0.4333273768424988, 0.2601863145828247, 0.5505886673927307]
[0.565504789352417, 0.5866569876670837, 0.4333273768424988, 0.2601863145828247, 0.5505886673927307]
[0.565504789352417, 0.5866569876670837, 0.4333273768424988, 0.2601863145828247, 0.5505886673927307]
[0.565504789352417, 0.5866569876670837, 0.4333273768424988, 0.2601863145828247, 0.5505886673927307]
[0.565504789352417, 0.5866569876670837, 0.4333273768424988, 0.2601863145828247, 0.5505886673927307]
[0.6445412635803223, 0.5155895948410034, 0.4627905488014221, 0.34383225440979004, 0.6175155639648438]
[0.565504789352417, 0.5866569876670837, 0.4333273768424988, 0.2601863145828247, 0.5505886673927307]
[0.565504789352417, 0.5866569876670837, 0.4333273768424988, 0.2601863145828247, 0.5505886673927307]
[0.565504789352417, 0.5866569876670837, 0.4333273768424988, 0.2601863145828247, 0.5505886673927307]
[0.565504789352417, 0.5866569876670837, 0.4333273768424988, 0.2601863145828247, 0.5505886673927307]
[0.5208874940872192, 0.5751091837882996, 0.431823194026947, 0.30743899941444397, 0.5088716149330139]
[0.565504789352417, 0.5866569876670837, 0.4333273768424988, 0.2601863145828247, 0.5505886673927307]
[0.565504789352417, 0.5866569876670837, 0.4333273768424988, 0.2601863145828247, 0.5505886673927307]
[0.4747711420059204, 0.568408727645874, 0.4411188066005707, 0.3055720329284668, 0.5082820057868958]
[0.565504789352417, 0.5866569876670837, 0.4333273768424988, 0.2601863145828247, 0.5505886673927307]
[0.565504789352417, 0.5866569876670837, 0.4333273768424988, 0.2601863145828247, 0.5505886673927307]
[0.565504789352417, 0.5866569876670837, 0.4333273768424988, 0.2601863145828247, 0.5505886673927307]
[0.4904060363769531, 0.5860484838485718, 0.449034720659256, 0.29100802540779114, 0.48842576146125793]
[0.565504789352417, 0.5866569876670837, 0.4333273768424988, 0.2601863145828247, 0.5505886673927307]
[0.565504789352417, 0.5866569876670837, 0.4333273768424988, 0.2601863145828247, 0.5505886673927307]
[0.565504789352417, 0.5866569876670837, 0.4333273768424988, 0.2601863145828247, 0.5505886673927307]
[0.565504789352417, 0.5866569876670837, 0.4333273768424988, 0.2601863145828247, 0.5505886673927307]
[0.565504789352417, 0.5866569876670837, 0.4333273768424988, 0.2601863145828247, 0.5505886673927307]
[0.565504789352417, 0.5866569876670837, 0.4333273768424988, 0.2601863145828247, 0.5505886673927307]
