1
【 这个女人重新入党！】她——况丽，原新疆石油管理局教育培训中心党委副书记。94年克拉玛依大火，一句“同学们不要动，让领导先走”使得288名学童葬身火海，因玩忽职守罪，95年判处有期徒刑四年，出狱后重新入了党，任永安保险公司新疆分公司的总经理！现在是市委书记，请你告诉我，这是个什么组织？
[0.5450184941291809, 0.526817262172699, 0.4623258113861084, 0.36484479904174805, 0.5557929277420044]
[0.5388917922973633, 0.5848829746246338, 0.4121069312095642, 0.28237590193748474, 0.5379018187522888]
[0.4259418249130249, 0.5732160210609436, 0.4467189311981201, 0.2892771363258362, 0.4738362431526184]
[0.49438849091529846, 0.5485885739326477, 0.4865604043006897, 0.358714759349823, 0.5170338749885559]
[0.4651712477207184, 0.5588680505752563, 0.4302077889442444, 0.2875649333000183, 0.4822675883769989]
[0.5114537477493286, 0.5796483159065247, 0.4037187993526459, 0.2795296609401703, 0.5298629403114319]
[0.5364025831222534, 0.563095211982727, 0.4702860116958618, 0.3587217628955841, 0.5383440256118774]
[0.4413292407989502, 0.5666846036911011, 0.4519401788711548, 0.3121277987957001, 0.4621720314025879]
[0.35299307107925415, 0.5384745001792908, 0.4972732663154602, 0.3695752024650574, 0.4042458236217499]
[0.44378966093063354, 0.5663837790489197, 0.44391930103302, 0.29896119236946106, 0.47426414489746094]
[0.535968542098999, 0.5613569021224976, 0.40803399682044983, 0.2914949655532837, 0.5296609401702881]
[0.5435660481452942, 0.5638566613197327, 0.4168574810028076, 0.29531359672546387, 0.5150388479232788]
[0.4387090802192688, 0.5771651268005371, 0.43788570165634155, 0.3016849160194397, 0.5052655935287476]
[0.3816097676753998, 0.5489118695259094, 0.5214552879333496, 0.5279284715652466, 0.48994460701942444]
[0.39449840784072876, 0.5228741765022278, 0.5006007552146912, 0.37431755661964417, 0.46259525418281555]
[0.43473535776138306, 0.5542028546333313, 0.47611287236213684, 0.3481403589248657, 0.4696381986141205]
[0.5671502947807312, 0.5653275847434998, 0.4240802824497223, 0.3005521595478058, 0.5512233376502991]
[0.4877694845199585, 0.5709153413772583, 0.441646546125412, 0.27789559960365295, 0.5224679112434387]
[0.5588657259941101, 0.593763530254364, 0.40851178765296936, 0.2626785933971405, 0.5572597980499268]
[0.4980471432209015, 0.547256588935852, 0.4249120056629181, 0.30787962675094604, 0.531382143497467]
[0.5565275549888611, 0.5835356712341309, 0.422162264585495, 0.27801448106765747, 0.5620261430740356]
[0.5181610584259033, 0.5488247275352478, 0.44138386845588684, 0.29600727558135986, 0.49320724606513977]
[0.4661914110183716, 0.5632373094558716, 0.4352249801158905, 0.30951619148254395, 0.49007660150527954]
[0.4487622082233429, 0.5716210603713989, 0.4600348174571991, 0.3031274080276489, 0.45275557041168213]
[0.41816604137420654, 0.5716983675956726, 0.4589189887046814, 0.2919102609157562, 0.46657365560531616]
[0.4871068298816681, 0.547970175743103, 0.4701957404613495, 0.3239441514015198, 0.5032516717910767]
[0.5267923474311829, 0.5866245031356812, 0.43851298093795776, 0.28252753615379333, 0.54997318983078]
[0.5054551959037781, 0.5506766438484192, 0.45293763279914856, 0.3406587839126587, 0.5078875422477722]
[0.5195889472961426, 0.5412535667419434, 0.5125902891159058, 0.3776075541973114, 0.5129173398017883]
[0.5435842871665955, 0.5837014317512512, 0.41324135661125183, 0.25660762190818787, 0.5643531680107117]
[0.49733129143714905, 0.5826816558837891, 0.42001235485076904, 0.28728094696998596, 0.5023945569992065]
[0.4586501717567444, 0.5030245184898376, 0.47386059165000916, 0.39593246579170227, 0.43251118063926697]
[0.5272395014762878, 0.5886038541793823, 0.40712907910346985, 0.2593035399913788, 0.5453708171844482]
[0.5260142683982849, 0.6009833812713623, 0.4200855791568756, 0.2605200707912445, 0.5512116551399231]
[0.5215705633163452, 0.5602610111236572, 0.4261317551136017, 0.31529149413108826, 0.5228199362754822]
[0.4918469488620758, 0.5850830078125, 0.44140708446502686, 0.29583919048309326, 0.510136067867279]
[0.5117064118385315, 0.5546931028366089, 0.465690553188324, 0.3366190195083618, 0.5285381078720093]
[0.5162935853004456, 0.5724852085113525, 0.42319297790527344, 0.2850748896598816, 0.5557554364204407]
[0.461830198764801, 0.575680673122406, 0.4416545331478119, 0.29968851804733276, 0.4721795618534088]
[0.5022755265235901, 0.5797505378723145, 0.4556180536746979, 0.3056022822856903, 0.5282655954360962]
[0.5171808004379272, 0.5760027170181274, 0.462741881608963, 0.2947414815425873, 0.5122500061988831]
[0.5896202325820923, 0.6009964942932129, 0.3933485150337219, 0.243545264005661, 0.5743495225906372]
[0.5078616142272949, 0.5600987076759338, 0.41676896810531616, 0.288942813873291, 0.5042082071304321]
[0.50979083776474, 0.5640895962715149, 0.4106101989746094, 0.2659628391265869, 0.539337694644928]
[0.5092377662658691, 0.5794445872306824, 0.4405306875705719, 0.30339446663856506, 0.531973123550415]
[0.423190176486969, 0.5652970671653748, 0.4405919313430786, 0.2698456048965454, 0.5014159679412842]
[0.5287229418754578, 0.5334972739219666, 0.4523836672306061, 0.3427550494670868, 0.5003339052200317]
[0.4501965641975403, 0.5659003257751465, 0.4608329236507416, 0.32326745986938477, 0.4971686899662018]
[0.45120352506637573, 0.5464064478874207, 0.47813984751701355, 0.36057043075561523, 0.45116955041885376]
[0.521848201751709, 0.5896257758140564, 0.4005911648273468, 0.26322489976882935, 0.5218538641929626]
[0.4184812903404236, 0.5636423826217651, 0.44501039385795593, 0.3146135210990906, 0.466583251953125]
[0.48725661635398865, 0.537354588508606, 0.4681124985218048, 0.2940652668476105, 0.48333680629730225]
[0.5596550703048706, 0.5763115882873535, 0.41579490900039673, 0.25136879086494446, 0.5680879950523376]
[0.5220388174057007, 0.5994856357574463, 0.4180834889411926, 0.2666170597076416, 0.5344511866569519]
[0.4785309433937073, 0.5343906283378601, 0.4587479531764984, 0.34228500723838806, 0.502385139465332]
[0.45085620880126953, 0.5673639178276062, 0.4486022889614105, 0.30701154470443726, 0.4697630703449249]
[0.4876633882522583, 0.551638126373291, 0.41334787011146545, 0.2850445806980133, 0.523389458656311]
[0.4286276400089264, 0.5553243160247803, 0.45976564288139343, 0.3296557068824768, 0.45863378047943115]
[0.5332645773887634, 0.602514386177063, 0.4403814673423767, 0.26491695642471313, 0.5333453416824341]
[0.45615190267562866, 0.5429941415786743, 0.5033115744590759, 0.35032302141189575, 0.5059294104576111]
[0.3789494037628174, 0.5401725172996521, 0.4703153073787689, 0.33796796202659607, 0.44388213753700256]
[0.42423203587532043, 0.572504460811615, 0.45698004961013794, 0.2943803071975708, 0.5047796964645386]
[0.4580523669719696, 0.5693196654319763, 0.4461003243923187, 0.29770421981811523, 0.4809770882129669]
[0.4696241021156311, 0.5335950255393982, 0.42800047993659973, 0.2999277710914612, 0.5182514786720276]
[0.54421067237854, 0.5693713426589966, 0.38093820214271545, 0.24361257255077362, 0.5875917673110962]
[0.4411143362522125, 0.5547246932983398, 0.427499920129776, 0.2569082975387573, 0.5017983317375183]
[0.48831191658973694, 0.5639074444770813, 0.44110748171806335, 0.3082628548145294, 0.5096938610076904]
[0.5015762448310852, 0.5618709325790405, 0.43218255043029785, 0.3093107044696808, 0.536013126373291]
[0.5050457715988159, 0.5469212532043457, 0.45280203223228455, 0.3021872341632843, 0.5265136957168579]
[0.49819183349609375, 0.5695810914039612, 0.4092336595058441, 0.28381651639938354, 0.5330636501312256]
[0.500920295715332, 0.5740008354187012, 0.46478524804115295, 0.3186019957065582, 0.5075157284736633]
[0.49950915575027466, 0.5908747911453247, 0.42242446541786194, 0.26854828000068665, 0.5274962186813354]
[0.31591716408729553, 0.5221735835075378, 0.5062471032142639, 0.391542911529541, 0.43693333864212036]
[0.4984205961227417, 0.5594449639320374, 0.4391968548297882, 0.2796107530593872, 0.5287293791770935]
[0.4984205961227417, 0.5594449639320374, 0.4391968548297882, 0.2796107530593872, 0.5287293791770935]
[0.5065705180168152, 0.566923201084137, 0.44390568137168884, 0.2920760214328766, 0.5331110954284668]
[0.4814163148403168, 0.5587568879127502, 0.4410068392753601, 0.33848246932029724, 0.48014238476753235]
[0.4549754858016968, 0.5880573987960815, 0.4444543421268463, 0.30614495277404785, 0.4842345416545868]
[0.4721943438053131, 0.5736163854598999, 0.4247595965862274, 0.2854260504245758, 0.4913818836212158]
[0.4508763551712036, 0.5286837816238403, 0.5028966665267944, 0.374684602022171, 0.4633335769176483]
[0.42740345001220703, 0.5862472057342529, 0.459237277507782, 0.30124911665916443, 0.4579195976257324]
