1
【反日，不要坑同胞】据重庆商报，网友 说：他的日产越野车停沙坪坝被“爱国青年”下螺丝，比砸车还吓人。“这些疯狂又愚蠢的傻货！！！要是车主是个毫无经验的新手未能及时发现咋办？这可真的能要人命啊！！”不仅是车主遭殃，路人也会遭殃…… 「转」
[0.5373196005821228, 0.5390599966049194, 0.4640336334705353, 0.3166912794113159, 0.5339096784591675]
[0.5407167077064514, 0.6046335101127625, 0.4269522726535797, 0.2638828754425049, 0.5547890663146973]
[0.5226628184318542, 0.585719883441925, 0.4160410761833191, 0.26826658844947815, 0.5405142903327942]
[0.5731762051582336, 0.5798699259757996, 0.4000100791454315, 0.28171810507774353, 0.5619916915893555]
[0.46256327629089355, 0.5890341997146606, 0.45305946469306946, 0.28005579113960266, 0.5079557299613953]
[0.5417913794517517, 0.5354816317558289, 0.43316787481307983, 0.33999383449554443, 0.559188961982727]
[0.4483175277709961, 0.5523836612701416, 0.4717324674129486, 0.33444744348526, 0.49716904759407043]
[0.37906044721603394, 0.5737584829330444, 0.45063135027885437, 0.2850103974342346, 0.4531446397304535]
[0.5496233701705933, 0.5852354168891907, 0.4123735725879669, 0.26270467042922974, 0.558151125907898]
[0.35908403992652893, 0.5653815865516663, 0.43774640560150146, 0.29879966378211975, 0.45398029685020447]
[0.4143611490726471, 0.5488068461418152, 0.4694303274154663, 0.34903866052627563, 0.42983314394950867]
[0.5512593984603882, 0.5833633542060852, 0.4219936728477478, 0.28677523136138916, 0.5512687563896179]
[0.5298762321472168, 0.5730217695236206, 0.4187390208244324, 0.3035837709903717, 0.532489538192749]
[0.541543185710907, 0.5650027394294739, 0.4115618169307709, 0.2729288935661316, 0.5574840903282166]
[0.5236184597015381, 0.5483656525611877, 0.47406068444252014, 0.35725030303001404, 0.5347888469696045]
[0.4935532808303833, 0.5796940922737122, 0.4324069321155548, 0.2963653802871704, 0.5248688459396362]
[0.5391624569892883, 0.5790917873382568, 0.4268307089805603, 0.27021324634552, 0.534077525138855]
[0.48823779821395874, 0.5457276701927185, 0.4581359326839447, 0.3172028362751007, 0.5060393810272217]
[0.5078823566436768, 0.5790884494781494, 0.4403984844684601, 0.2928529977798462, 0.5364463329315186]
[0.43551063537597656, 0.5732411742210388, 0.45070600509643555, 0.31448668241500854, 0.4863860011100769]
[0.49657759070396423, 0.5621156692504883, 0.41853365302085876, 0.3154032528400421, 0.49448204040527344]
[0.48379552364349365, 0.5937032699584961, 0.41920071840286255, 0.2830924987792969, 0.4925927221775055]
[0.5322546362876892, 0.5728141665458679, 0.4025155007839203, 0.23521964251995087, 0.5619571208953857]
[0.4696716368198395, 0.5549660325050354, 0.4583151936531067, 0.33449068665504456, 0.5066695213317871]
[0.5409715175628662, 0.5899496078491211, 0.41055828332901, 0.25692301988601685, 0.5577867031097412]
[0.5242430567741394, 0.5697622895240784, 0.44938620924949646, 0.2974252700805664, 0.5272188782691956]
[0.33215227723121643, 0.5196359157562256, 0.528194785118103, 0.4573288857936859, 0.441141813993454]
[0.48914864659309387, 0.5590837597846985, 0.4262407124042511, 0.3042093813419342, 0.5259520411491394]
[0.5363932847976685, 0.5826106071472168, 0.43742939829826355, 0.28969982266426086, 0.5431766510009766]
[0.5014459490776062, 0.5641109943389893, 0.4265749752521515, 0.27138251066207886, 0.5499436855316162]
[0.5398332476615906, 0.5898147821426392, 0.4294769763946533, 0.26576510071754456, 0.542572021484375]
[0.5278068780899048, 0.5508796572685242, 0.4286404550075531, 0.30249494314193726, 0.5176821351051331]
[0.49705439805984497, 0.5483751893043518, 0.4462183117866516, 0.3451690971851349, 0.49500662088394165]
[0.5509477853775024, 0.5630316734313965, 0.4310546815395355, 0.31829312443733215, 0.5401718020439148]
[0.538355827331543, 0.5646171569824219, 0.4215366542339325, 0.28301534056663513, 0.5705574154853821]
[0.5315568447113037, 0.5348513722419739, 0.4164566099643707, 0.3115387260913849, 0.5430325269699097]
[0.40945500135421753, 0.5372380018234253, 0.4692496061325073, 0.3615474998950958, 0.4569595754146576]
[0.49671027064323425, 0.5337944030761719, 0.47595512866973877, 0.33449581265449524, 0.494861900806427]
[0.4821626543998718, 0.5690372586250305, 0.44550368189811707, 0.29549846053123474, 0.5224266648292542]
[0.526609480381012, 0.6019211411476135, 0.4007711410522461, 0.25412195920944214, 0.5547598600387573]
[0.5129325985908508, 0.5560733079910278, 0.43655791878700256, 0.32571160793304443, 0.5380136966705322]
[0.38834148645401, 0.49660277366638184, 0.5018216371536255, 0.41430535912513733, 0.47596192359924316]
[0.5227531790733337, 0.5861896872520447, 0.4218372404575348, 0.28666460514068604, 0.5336617231369019]
[0.5514906644821167, 0.5615442991256714, 0.4261840581893921, 0.28501632809638977, 0.5785044431686401]
[0.5516019463539124, 0.5948315262794495, 0.4047619104385376, 0.24437585473060608, 0.5746052861213684]
[0.5556132793426514, 0.5803785920143127, 0.4135524034500122, 0.28511980175971985, 0.5612720251083374]
[0.555897057056427, 0.5736238956451416, 0.400095671415329, 0.26878246665000916, 0.568564772605896]
[0.43507900834083557, 0.5700234174728394, 0.4471118152141571, 0.3229009807109833, 0.4689777195453644]
[0.5810688734054565, 0.5631952285766602, 0.41427770256996155, 0.2587582468986511, 0.5846802592277527]
