1
国人最劣根性就是跟风~~~
[0.4361160099506378, 0.5615065693855286, 0.4590927064418793, 0.3150169849395752, 0.5017156004905701]
[0.5503844618797302, 0.5679848790168762, 0.40994685888290405, 0.24683316051959991, 0.566135585308075]
[0.4841732680797577, 0.5589374899864197, 0.48060619831085205, 0.34060394763946533, 0.545914888381958]
[0.5873696804046631, 0.5937681794166565, 0.3912630081176758, 0.2435760200023651, 0.572833776473999]
[0.5265203714370728, 0.5541365146636963, 0.4315333664417267, 0.28308743238449097, 0.5138314366340637]
[0.40946653485298157, 0.5623571276664734, 0.44653820991516113, 0.32079097628593445, 0.4636249840259552]
[0.4487622082233429, 0.5716210603713989, 0.4600348174571991, 0.3031274080276489, 0.45275557041168213]
[0.48091307282447815, 0.562117874622345, 0.4259580373764038, 0.3027762174606323, 0.48701491951942444]
[0.462089478969574, 0.5482282638549805, 0.4592989385128021, 0.3189886808395386, 0.4888138473033905]
[0.41502878069877625, 0.5415127277374268, 0.46499982476234436, 0.3377225995063782, 0.44446083903312683]
[0.4799477756023407, 0.5747916102409363, 0.4395671486854553, 0.3067901134490967, 0.5133755207061768]
