1
在今天的记者招待会上，总理回答完一位日本记者的提问后对他说：“麻烦你跟你的同胞说一声，钓鱼岛是中国的”。日本记者说：“至少在地理上，钓鱼岛离日本更近”，总理淡淡地说“在地理上，日本离中国也很近”。日本记者冷汗满面，全场肃静了一会继而掌声雷动。转发给20个好友会被新浪加为会员！
[0.4853798449039459, 0.5079598426818848, 0.5180319547653198, 0.39296868443489075, 0.4985767602920532]
[0.44697457551956177, 0.5750014185905457, 0.4439607858657837, 0.2948775291442871, 0.47064337134361267]
[0.5129820108413696, 0.5758152008056641, 0.43722957372665405, 0.2839398682117462, 0.5311890840530396]
[0.515381395816803, 0.5812150239944458, 0.4048788845539093, 0.25656580924987793, 0.5183883309364319]
[0.5183174014091492, 0.5633917450904846, 0.43472543358802795, 0.28996220231056213, 0.5408571362495422]
[0.5090112686157227, 0.5694116950035095, 0.4145752191543579, 0.2836752235889435, 0.5167040228843689]
[0.5441204905509949, 0.55204176902771, 0.4295152425765991, 0.31684595346450806, 0.5305580496788025]
[0.5044935345649719, 0.565281331539154, 0.46928468346595764, 0.34010252356529236, 0.5236494541168213]
[0.4871341586112976, 0.5617255568504333, 0.43832018971443176, 0.26499730348587036, 0.5373179316520691]
[0.4758692681789398, 0.5671343803405762, 0.4664519131183624, 0.3051452934741974, 0.4674079716205597]
[0.5203490853309631, 0.5758807063102722, 0.4238330125808716, 0.2753840386867523, 0.5083875060081482]
[0.5896202325820923, 0.6009964942932129, 0.3933485150337219, 0.243545264005661, 0.5743495225906372]
[0.5019766688346863, 0.5546268224716187, 0.4381544589996338, 0.2848089337348938, 0.4870857298374176]
[0.4054902195930481, 0.535024106502533, 0.4983004927635193, 0.3762562572956085, 0.48592934012413025]
[0.5283782482147217, 0.5732672214508057, 0.4304352402687073, 0.2970658242702484, 0.5332820415496826]
[0.5334568619728088, 0.5735121369361877, 0.41906535625457764, 0.2846452593803406, 0.5490754246711731]
[0.5485665202140808, 0.5801559090614319, 0.40397581458091736, 0.26349034905433655, 0.5691186785697937]
[0.4698473811149597, 0.5670714974403381, 0.4489797353744507, 0.3323209583759308, 0.5066637992858887]
[0.46209973096847534, 0.560062825679779, 0.42035165429115295, 0.27489611506462097, 0.4754510223865509]
[0.4698473811149597, 0.5670714974403381, 0.4489797353744507, 0.3323209583759308, 0.5066637992858887]
[0.43297088146209717, 0.5345593094825745, 0.4704474210739136, 0.3762059211730957, 0.4665749967098236]
[0.49462392926216125, 0.5748899579048157, 0.4291274845600128, 0.30251961946487427, 0.5042451024055481]
[0.504724383354187, 0.5868301391601562, 0.4347466230392456, 0.28161168098449707, 0.5253791809082031]
[0.4295128285884857, 0.5589765310287476, 0.4405486285686493, 0.2927706241607666, 0.4705464243888855]
[0.3704669773578644, 0.5603194236755371, 0.48709359765052795, 0.3215375244617462, 0.42810729146003723]
[0.47723543643951416, 0.568506121635437, 0.46138840913772583, 0.31698930263519287, 0.5154414772987366]
[0.4224350154399872, 0.5765965580940247, 0.4299887716770172, 0.2747103273868561, 0.4951278865337372]
[0.4627523422241211, 0.5712198615074158, 0.4574945867061615, 0.2883341610431671, 0.5116727352142334]
[0.4627523422241211, 0.5712198615074158, 0.4574945867061615, 0.2883341610431671, 0.5116727352142334]
[0.5416721105575562, 0.5541118383407593, 0.4314464330673218, 0.294239342212677, 0.5217376947402954]
[0.3698428273200989, 0.5436661839485168, 0.4319998323917389, 0.26707351207733154, 0.43440917134284973]
