1
地沟油的记者李翔,死了, 身中10余刀,惨死。他为全国不能吃特供的十多亿人民的食品安全努力过。他付出了年轻的生命位中医告诉,要检测是否地沟油的最简单方法是:在炒菜时放一颗剥皮的蒜头。蒜子对于致癌的黄曲霉素最敏感。如果蒜子变红色,就是用地沟油,含有大量黄曲霉素。食油良好的话,蒜子是白色的
[0.3976576030254364, 0.49570000171661377, 0.545560359954834, 0.6306800246238708, 0.5008992552757263]
[0.549691379070282, 0.5871497988700867, 0.4130420386791229, 0.26551756262779236, 0.5281603336334229]
[0.43473371863365173, 0.5531507134437561, 0.4413541257381439, 0.3143446147441864, 0.4668111801147461]
[0.4469035267829895, 0.5102133750915527, 0.5265207290649414, 0.46588563919067383, 0.43205487728118896]
[0.5314624309539795, 0.5905582904815674, 0.4107275903224945, 0.2563171982765198, 0.53498375415802]
[0.4858925938606262, 0.6012448072433472, 0.4201195538043976, 0.2770596146583557, 0.5226610898971558]
[0.544313371181488, 0.5425888895988464, 0.4708918631076813, 0.30242621898651123, 0.5669348835945129]
[0.5066542625427246, 0.5707538723945618, 0.43620142340660095, 0.30756470561027527, 0.5245081186294556]
[0.5174046158790588, 0.5834592580795288, 0.42629557847976685, 0.2724756896495819, 0.5329629182815552]
[0.4487622082233429, 0.5716210603713989, 0.4600348174571991, 0.3031274080276489, 0.45275557041168213]
[0.45202159881591797, 0.5334583520889282, 0.49082696437835693, 0.36833709478378296, 0.5130178928375244]
[0.3711104094982147, 0.5170321464538574, 0.5016827583312988, 0.39229387044906616, 0.4633425772190094]
[0.5211380124092102, 0.584079921245575, 0.4248698353767395, 0.2874206304550171, 0.5408232808113098]
[0.5319543480873108, 0.5450490713119507, 0.43116259574890137, 0.27571359276771545, 0.5464833974838257]
[0.5102202892303467, 0.5743654370307922, 0.4465927183628082, 0.28373947739601135, 0.5310219526290894]
[0.5127804279327393, 0.5913342833518982, 0.4234338700771332, 0.2750280499458313, 0.5320083498954773]
[0.4227944612503052, 0.5647547841072083, 0.45696330070495605, 0.29841482639312744, 0.47450098395347595]
[0.4611239433288574, 0.5761893391609192, 0.4543250501155853, 0.26979345083236694, 0.4851553738117218]
[0.5241608023643494, 0.5849540829658508, 0.4383174180984497, 0.2678382396697998, 0.524145245552063]
[0.49148622155189514, 0.5758039355278015, 0.4544418752193451, 0.29400190711021423, 0.5316060185432434]
[0.3986361026763916, 0.5667411684989929, 0.42800575494766235, 0.2868235111236572, 0.4576394557952881]
[0.472903847694397, 0.5730558037757874, 0.44295811653137207, 0.31892263889312744, 0.504757821559906]
[0.5137869119644165, 0.5767350196838379, 0.4019884765148163, 0.2817741334438324, 0.5568369626998901]
[0.43950939178466797, 0.5426624417304993, 0.48497772216796875, 0.37801310420036316, 0.4829421043395996]
[0.48540276288986206, 0.5115147829055786, 0.4720630645751953, 0.3670124113559723, 0.5311411023139954]
[0.3139108121395111, 0.56053626537323, 0.4509721100330353, 0.2867964208126068, 0.4229436218738556]
[0.5639320611953735, 0.5949270129203796, 0.41789937019348145, 0.25782227516174316, 0.5606895089149475]
[0.5078498125076294, 0.5997846126556396, 0.4281389117240906, 0.2850780189037323, 0.5061385631561279]
[0.41846805810928345, 0.5741963386535645, 0.4933668375015259, 0.3068051338195801, 0.44771823287010193]
[0.4935663342475891, 0.5852680802345276, 0.45353707671165466, 0.29656144976615906, 0.529941201210022]
[0.38154464960098267, 0.503406822681427, 0.49499961733818054, 0.3931940495967865, 0.4688775837421417]
[0.4928830862045288, 0.5635876655578613, 0.4181530177593231, 0.2843151390552521, 0.4962252378463745]
[0.4407917857170105, 0.5562673211097717, 0.45185714960098267, 0.3125625550746918, 0.5149718523025513]
[0.4760010242462158, 0.5581225156784058, 0.4309704005718231, 0.30390599370002747, 0.528096079826355]
[0.5243332982063293, 0.5808643102645874, 0.4178808927536011, 0.24254333972930908, 0.5555766820907593]
[0.54255211353302, 0.5604428648948669, 0.4192076325416565, 0.2751048505306244, 0.5607351064682007]
[0.5307381749153137, 0.5867031812667847, 0.4457247257232666, 0.2882101535797119, 0.5515146255493164]
[0.5564673542976379, 0.5206732153892517, 0.42676079273223877, 0.34671154618263245, 0.5886445045471191]
[0.47873952984809875, 0.5276045799255371, 0.5199479460716248, 0.44231030344963074, 0.5388773083686829]
[0.39144638180732727, 0.49858731031417847, 0.5278737545013428, 0.4766441881656647, 0.46730849146842957]
[0.3139108121395111, 0.56053626537323, 0.4509721100330353, 0.2867964208126068, 0.4229436218738556]
[0.5798873901367188, 0.5599470138549805, 0.4144373834133148, 0.27356383204460144, 0.563715934753418]
[0.49648743867874146, 0.5544176697731018, 0.4206293523311615, 0.2632060945034027, 0.5464269518852234]
[0.5160778760910034, 0.6053923964500427, 0.44014862179756165, 0.2750844955444336, 0.5359082818031311]
[0.40040352940559387, 0.5581573247909546, 0.46034979820251465, 0.2750910520553589, 0.47758612036705017]
[0.5004115700721741, 0.5566236972808838, 0.4398748278617859, 0.28379368782043457, 0.5127729177474976]
[0.313007116317749, 0.5545156002044678, 0.4468801021575928, 0.29478445649147034, 0.4185999035835266]
[0.47287267446517944, 0.569994330406189, 0.4260675013065338, 0.3196597993373871, 0.49941131472587585]
[0.4438299536705017, 0.5257183909416199, 0.47811052203178406, 0.38745740056037903, 0.47252321243286133]
[0.4231226444244385, 0.5698042511940002, 0.4332258701324463, 0.28386643528938293, 0.5006036758422852]
[0.3413553237915039, 0.5606260299682617, 0.44982054829597473, 0.288972944021225, 0.4388734996318817]
[0.5166342258453369, 0.5937172770500183, 0.43506792187690735, 0.270053505897522, 0.5167442560195923]
[0.4815235435962677, 0.5692895650863647, 0.4341605007648468, 0.28464019298553467, 0.5143123269081116]
[0.49267154932022095, 0.5827211737632751, 0.41846492886543274, 0.2791292369365692, 0.5206056833267212]
[0.5228905081748962, 0.5866755843162537, 0.427987277507782, 0.28080451488494873, 0.5453428626060486]
[0.4803633391857147, 0.5899879336357117, 0.43377771973609924, 0.2915284335613251, 0.5300093293190002]
[0.5309588313102722, 0.5587818026542664, 0.4250696301460266, 0.29708054661750793, 0.538157045841217]
[0.49819183349609375, 0.5695810914039612, 0.4092336595058441, 0.28381651639938354, 0.5330636501312256]
[0.5381917953491211, 0.5879949927330017, 0.4149356484413147, 0.2846798300743103, 0.5413591265678406]
[0.5325873494148254, 0.5880876183509827, 0.42129048705101013, 0.2533036768436432, 0.5475322008132935]
[0.49204716086387634, 0.5673845410346985, 0.4538038671016693, 0.30644842982292175, 0.5132973194122314]
[0.47517868876457214, 0.568672239780426, 0.4539712965488434, 0.3006436228752136, 0.5150288939476013]
[0.5120961666107178, 0.5623515844345093, 0.4325966536998749, 0.27434757351875305, 0.5313996076583862]
[0.4661579728126526, 0.5662790536880493, 0.454280823469162, 0.31498467922210693, 0.5075789093971252]
[0.5569226741790771, 0.5978140234947205, 0.3989373743534088, 0.2585502862930298, 0.5647203326225281]
[0.5438017845153809, 0.5942021012306213, 0.41521143913269043, 0.26803213357925415, 0.5571514964103699]
[0.531758725643158, 0.5672750473022461, 0.4222465455532074, 0.2709258496761322, 0.5155726075172424]
[0.5495614409446716, 0.5733980536460876, 0.3851301074028015, 0.25755420327186584, 0.5747621655464172]
[0.4880632162094116, 0.5868604779243469, 0.43443185091018677, 0.27956467866897583, 0.5300235748291016]
[0.5121387839317322, 0.5536298751831055, 0.46211108565330505, 0.32327762246131897, 0.5134851336479187]
[0.513135552406311, 0.5721957087516785, 0.4188324809074402, 0.29475027322769165, 0.4992048740386963]
[0.4239638149738312, 0.5499354600906372, 0.456096887588501, 0.3130902051925659, 0.4854876399040222]
[0.4755237102508545, 0.5938897728919983, 0.43617796897888184, 0.25363796949386597, 0.5189237594604492]
[0.48716187477111816, 0.585250973701477, 0.4232970178127289, 0.2700643539428711, 0.49718955159187317]
[0.5366388559341431, 0.5730827450752258, 0.4160321354866028, 0.27719151973724365, 0.5497399568557739]
[0.5176572203636169, 0.5805659890174866, 0.44413474202156067, 0.3162875473499298, 0.5541163682937622]
[0.5115724802017212, 0.5838103294372559, 0.4398420751094818, 0.29064422845840454, 0.519130289554596]
[0.47330814599990845, 0.5877501964569092, 0.4263869822025299, 0.2698531150817871, 0.5234391093254089]
[0.5490254163742065, 0.5800972580909729, 0.40010982751846313, 0.2716957926750183, 0.5364903807640076]
[0.5649665594100952, 0.5894286036491394, 0.4015287160873413, 0.24464280903339386, 0.5772902369499207]
[0.5535418391227722, 0.5951646566390991, 0.4027711749076843, 0.2501104176044464, 0.5523548126220703]
[0.5833569765090942, 0.5828362703323364, 0.3854762613773346, 0.25879210233688354, 0.5689518451690674]
[0.5869388580322266, 0.5981974005699158, 0.39592602849006653, 0.24603977799415588, 0.5925335884094238]
[0.4903137981891632, 0.5445269346237183, 0.45275941491127014, 0.3365480899810791, 0.5388108491897583]
[0.44929128885269165, 0.5595061182975769, 0.42690595984458923, 0.3001967668533325, 0.4923931062221527]
[0.4717869460582733, 0.59433513879776, 0.4261567294597626, 0.27072885632514954, 0.5003663897514343]
[0.47471192479133606, 0.5714342594146729, 0.42930471897125244, 0.29330047965049744, 0.524516761302948]
[0.49768075346946716, 0.568977415561676, 0.4138067364692688, 0.288577139377594, 0.5217885971069336]
[0.46323931217193604, 0.5694122314453125, 0.4307696223258972, 0.2806335389614105, 0.4993876516819]
[0.5448455214500427, 0.5854101777076721, 0.4043022096157074, 0.270012766122818, 0.5669683814048767]
[0.4917965829372406, 0.5642513632774353, 0.44473153352737427, 0.292820006608963, 0.504958987236023]
[0.44395408034324646, 0.5242247581481934, 0.4477289319038391, 0.3445565104484558, 0.45438438653945923]
[0.4803633391857147, 0.5899879336357117, 0.43377771973609924, 0.2915284335613251, 0.5300093293190002]
[0.5176506638526917, 0.5425756573677063, 0.48127490282058716, 0.40319085121154785, 0.5337992906570435]
[0.4696716368198395, 0.5549660325050354, 0.4583151936531067, 0.33449068665504456, 0.5066695213317871]
[0.5915673971176147, 0.5875423550605774, 0.41283339262008667, 0.26879048347473145, 0.562140703201294]
[0.48379552364349365, 0.5937032699584961, 0.41920071840286255, 0.2830924987792969, 0.4925927221775055]
[0.5577350854873657, 0.5798006653785706, 0.3884613811969757, 0.2667086124420166, 0.5495592951774597]
[0.49506762623786926, 0.576772153377533, 0.43783533573150635, 0.3231525123119354, 0.5197482109069824]
[0.5014914870262146, 0.5591503381729126, 0.44076669216156006, 0.2935757339000702, 0.5021611452102661]
[0.5194448232650757, 0.5609299540519714, 0.428518146276474, 0.28804153203964233, 0.5317540764808655]
