1
爱尔兰瑞尔航空公司今早公布的新LOGO……「via白丁2008」（关注
[0.5428670644760132, 0.5692836046218872, 0.41150668263435364, 0.271419882774353, 0.5443858504295349]
[0.4487055540084839, 0.5664279460906982, 0.45177873969078064, 0.32122722268104553, 0.4894006550312042]
[0.4560532569885254, 0.5865623354911804, 0.46629470586776733, 0.28526070713996887, 0.4967609941959381]
[0.43153512477874756, 0.5501047372817993, 0.4632505774497986, 0.3396672308444977, 0.469454288482666]
[0.43153512477874756, 0.5501047372817993, 0.4632505774497986, 0.3396672308444977, 0.469454288482666]
[0.4437237083911896, 0.5808864831924438, 0.43781134486198425, 0.27734535932540894, 0.47363385558128357]
[0.5215031504631042, 0.5798301696777344, 0.42202314734458923, 0.28602662682533264, 0.5048967599868774]
[0.5985864996910095, 0.5932053923606873, 0.3789049983024597, 0.24557197093963623, 0.5797516703605652]
[0.383922815322876, 0.5550428032875061, 0.49301308393478394, 0.3625115156173706, 0.45036566257476807]
[0.5158023834228516, 0.5782737731933594, 0.431505024433136, 0.2871266305446625, 0.5058661103248596]
[0.5663353204727173, 0.5783507823944092, 0.4207533001899719, 0.27450957894325256, 0.5143727660179138]
[0.4983750581741333, 0.5816280841827393, 0.4415131211280823, 0.2869760990142822, 0.5276741981506348]
[0.49012792110443115, 0.573884904384613, 0.4371786415576935, 0.29386866092681885, 0.5154559016227722]
[0.39439284801483154, 0.5526908040046692, 0.4663626253604889, 0.31043121218681335, 0.4646058976650238]
[0.4375351369380951, 0.5263824462890625, 0.45628103613853455, 0.28995952010154724, 0.4579482972621918]
[0.5479515790939331, 0.5896820425987244, 0.4094517230987549, 0.26519641280174255, 0.5565193295478821]
[0.4660423696041107, 0.5794626474380493, 0.4359450340270996, 0.2814715504646301, 0.5136774182319641]
[0.5158023834228516, 0.5782737731933594, 0.431505024433136, 0.2871266305446625, 0.5058661103248596]
[0.5580997467041016, 0.5157611966133118, 0.45187756419181824, 0.27346986532211304, 0.5807846188545227]
[0.5343447327613831, 0.5887200236320496, 0.4039253890514374, 0.27398496866226196, 0.5510446429252625]
[0.5171619057655334, 0.6023955941200256, 0.42728760838508606, 0.2758805453777313, 0.5248034000396729]
[0.5139402747154236, 0.5871461033821106, 0.41276270151138306, 0.2701568603515625, 0.5442092418670654]
[0.5551786422729492, 0.581138551235199, 0.4006394147872925, 0.2826211452484131, 0.5538975596427917]
[0.5148677229881287, 0.5868576765060425, 0.4051482081413269, 0.2800489664077759, 0.5287319421768188]
[0.4410378634929657, 0.5858522057533264, 0.4374319612979889, 0.28073421120643616, 0.4911610782146454]
[0.5589691996574402, 0.5659887790679932, 0.4058320224285126, 0.2639150321483612, 0.5287348031997681]
[0.5266727805137634, 0.5712710618972778, 0.41040709614753723, 0.2726333737373352, 0.49950018525123596]
[0.5481590628623962, 0.5774680376052856, 0.41908687353134155, 0.26775062084198, 0.5404322743415833]
[0.5040035247802734, 0.5719863772392273, 0.43091994524002075, 0.27657848596572876, 0.5261465907096863]
[0.4996761977672577, 0.5724398493766785, 0.4523771107196808, 0.3085574209690094, 0.5203655958175659]
[0.40342772006988525, 0.5400866270065308, 0.4680057466030121, 0.33578652143478394, 0.4442299008369446]
[0.5016946196556091, 0.5679895281791687, 0.42667195200920105, 0.29410022497177124, 0.4968515932559967]
[0.515039324760437, 0.577570915222168, 0.42854437232017517, 0.2780945897102356, 0.5080845355987549]
[0.5401531457901001, 0.5771566033363342, 0.4035816788673401, 0.28385767340660095, 0.5596025586128235]
[0.5141742825508118, 0.581125795841217, 0.4069328308105469, 0.2783300280570984, 0.5371297597885132]
[0.33635416626930237, 0.5543975830078125, 0.49505892395973206, 0.3644196391105652, 0.4266149401664734]
[0.46272140741348267, 0.5709752440452576, 0.41886669397354126, 0.2628573775291443, 0.5064839124679565]
[0.5495577454566956, 0.5830058455467224, 0.4171627163887024, 0.2556450366973877, 0.5597614645957947]
[0.4375351369380951, 0.5263824462890625, 0.45628103613853455, 0.28995952010154724, 0.4579482972621918]
[0.5066407918930054, 0.5908463001251221, 0.44340306520462036, 0.3028251528739929, 0.543005108833313]
[0.48379552364349365, 0.5937032699584961, 0.41920071840286255, 0.2830924987792969, 0.4925927221775055]
[0.4939461350440979, 0.5958516597747803, 0.4260692894458771, 0.2852417826652527, 0.5144262313842773]
[0.5141742825508118, 0.581125795841217, 0.4069328308105469, 0.2783300280570984, 0.5371297597885132]
[0.486543208360672, 0.5695485472679138, 0.4486444592475891, 0.2996961176395416, 0.4849795699119568]
[0.4837815761566162, 0.5546232461929321, 0.4390099346637726, 0.32158470153808594, 0.5275164842605591]
[0.43023744225502014, 0.5501817464828491, 0.4914952516555786, 0.3216298222541809, 0.48005226254463196]
[0.5033050775527954, 0.5663712024688721, 0.42347970604896545, 0.2966006100177765, 0.5093265175819397]
[0.5051686763763428, 0.5833696126937866, 0.4136965572834015, 0.28584256768226624, 0.5175267457962036]
[0.5026068687438965, 0.5665419101715088, 0.42364761233329773, 0.28042590618133545, 0.527822732925415]
[0.48242342472076416, 0.5699754953384399, 0.43027374148368835, 0.29125702381134033, 0.529599666595459]
[0.45966053009033203, 0.5599970817565918, 0.4627223312854767, 0.31063663959503174, 0.5211421847343445]
[0.45955798029899597, 0.5605957508087158, 0.45125871896743774, 0.3119511008262634, 0.46328240633010864]
[0.49568653106689453, 0.5655089616775513, 0.4324873685836792, 0.29957160353660583, 0.48971807956695557]
[0.4628583490848541, 0.5643929243087769, 0.47327861189842224, 0.3297973573207855, 0.5118647813796997]
[0.5638136863708496, 0.5623292326927185, 0.408086895942688, 0.27315598726272583, 0.5505306720733643]
[0.5326565504074097, 0.613871693611145, 0.42189180850982666, 0.2729127109050751, 0.5246680378913879]
[0.4870903789997101, 0.5902386903762817, 0.4415440857410431, 0.27614495158195496, 0.5050513744354248]
[0.49012792110443115, 0.573884904384613, 0.4371786415576935, 0.29386866092681885, 0.5154559016227722]
[0.41784098744392395, 0.5550397634506226, 0.47127020359039307, 0.2967260777950287, 0.49548953771591187]
[0.5308645367622375, 0.5382441282272339, 0.4192696213722229, 0.324849933385849, 0.5539228916168213]
[0.49867385625839233, 0.5520365238189697, 0.4327516257762909, 0.30347174406051636, 0.47972503304481506]
[0.5138278007507324, 0.5719684362411499, 0.4300827383995056, 0.2970241904258728, 0.5164225697517395]
[0.5291869640350342, 0.5582079291343689, 0.4318102300167084, 0.311129629611969, 0.5060016512870789]
[0.4772273004055023, 0.5937963724136353, 0.4337978661060333, 0.2773963212966919, 0.5081824064254761]
[0.49331915378570557, 0.5831507444381714, 0.4265785813331604, 0.2894342839717865, 0.492064893245697]
[0.4839472472667694, 0.5914723873138428, 0.429291307926178, 0.2860211431980133, 0.4968128800392151]
[0.5014589428901672, 0.5791112184524536, 0.4536823332309723, 0.30429908633232117, 0.5245394706726074]
[0.5325425863265991, 0.5387786626815796, 0.441276490688324, 0.2876374423503876, 0.527977466583252]
[0.5646504759788513, 0.579212486743927, 0.3990936875343323, 0.2576298713684082, 0.5371360182762146]
[0.5081731081008911, 0.5778746604919434, 0.4085559844970703, 0.2781040370464325, 0.5335638523101807]
[0.5121511220932007, 0.60237056016922, 0.4230426251888275, 0.27097228169441223, 0.5119544267654419]
[0.6060006618499756, 0.5631282329559326, 0.4130254089832306, 0.26981356739997864, 0.5844818353652954]
[0.4108636975288391, 0.5698195695877075, 0.4542020261287689, 0.30199307203292847, 0.47039374709129333]
[0.5794606804847717, 0.5887212753295898, 0.40831056237220764, 0.28317126631736755, 0.589606761932373]
[0.43153512477874756, 0.5501047372817993, 0.4632505774497986, 0.3396672308444977, 0.469454288482666]
[0.5141742825508118, 0.581125795841217, 0.4069328308105469, 0.2783300280570984, 0.5371297597885132]
[0.5394970178604126, 0.5782760977745056, 0.43651944398880005, 0.26916244626045227, 0.511790931224823]
[0.5522177219390869, 0.5830165147781372, 0.4054393768310547, 0.2514895796775818, 0.5687549710273743]
[0.5448278784751892, 0.5802624225616455, 0.43130722641944885, 0.2655264437198639, 0.5199088454246521]
[0.511764645576477, 0.5828573107719421, 0.43774843215942383, 0.2754155993461609, 0.5597429871559143]
[0.540736734867096, 0.5789612531661987, 0.4345775246620178, 0.26715028285980225, 0.5141780972480774]
[0.4573475420475006, 0.5464336276054382, 0.4409809708595276, 0.31309935450553894, 0.47299468517303467]
[0.45340362191200256, 0.5920361280441284, 0.427889347076416, 0.2729194760322571, 0.50364089012146]
[0.4375351369380951, 0.5263824462890625, 0.45628103613853455, 0.28995952010154724, 0.4579482972621918]
[0.49375295639038086, 0.5783133506774902, 0.45450490713119507, 0.29023781418800354, 0.505050003528595]
[0.3676673173904419, 0.5642209649085999, 0.43235623836517334, 0.2861552834510803, 0.45502328872680664]
[0.34735897183418274, 0.5675443410873413, 0.45503148436546326, 0.289093017578125, 0.43133050203323364]
[0.32747983932495117, 0.5577786564826965, 0.4410993158817291, 0.29118484258651733, 0.43499886989593506]
[0.30873510241508484, 0.5467716455459595, 0.4471580982208252, 0.3118114173412323, 0.43472886085510254]
[0.32230567932128906, 0.5526045560836792, 0.45014631748199463, 0.3056265711784363, 0.430368572473526]
[0.3092343509197235, 0.5404790639877319, 0.44720596075057983, 0.3210553526878357, 0.4266509413719177]
[0.31094422936439514, 0.5485921502113342, 0.44248780608177185, 0.30785053968429565, 0.4328959882259369]
[0.3179534077644348, 0.5535973310470581, 0.45110636949539185, 0.3127938508987427, 0.4364778399467468]
[0.5423752665519714, 0.5602195262908936, 0.4083753824234009, 0.26187217235565186, 0.5627017021179199]
[0.49375295639038086, 0.5783133506774902, 0.45450490713119507, 0.29023781418800354, 0.505050003528595]
[0.34735897183418274, 0.5675443410873413, 0.45503148436546326, 0.289093017578125, 0.43133050203323364]
[0.3676673173904419, 0.5642209649085999, 0.43235623836517334, 0.2861552834510803, 0.45502328872680664]
[0.32230567932128906, 0.5526045560836792, 0.45014631748199463, 0.3056265711784363, 0.430368572473526]
[0.32747983932495117, 0.5577786564826965, 0.4410993158817291, 0.29118484258651733, 0.43499886989593506]
[0.31094422936439514, 0.5485921502113342, 0.44248780608177185, 0.30785053968429565, 0.4328959882259369]
[0.30873510241508484, 0.5467716455459595, 0.4471580982208252, 0.3118114173412323, 0.43472886085510254]
