1
据网友首席观察爆料: 【芙蓉姐姐就这么走了】芙蓉姐姐于下午13点左右在家中自杀身亡，原因不明！ 求证下
[0.5559437274932861, 0.5531396865844727, 0.4522818922996521, 0.28613054752349854, 0.5282012820243835]
[0.5296919941902161, 0.5759881138801575, 0.4044242799282074, 0.273815393447876, 0.5364757776260376]
[0.5007181167602539, 0.5871305465698242, 0.43358930945396423, 0.26762405037879944, 0.5068930387496948]
[0.492653489112854, 0.572263240814209, 0.44281014800071716, 0.30174288153648376, 0.4919409155845642]
[0.55631422996521, 0.5979262590408325, 0.4132446348667145, 0.2724415361881256, 0.5894742608070374]
[0.4487622082233429, 0.5716210603713989, 0.4600348174571991, 0.3031274080276489, 0.45275557041168213]
[0.4699854552745819, 0.5883144736289978, 0.4228116273880005, 0.27776870131492615, 0.5133954882621765]
[0.5220526456832886, 0.5946213603019714, 0.4676262140274048, 0.29346737265586853, 0.5355620384216309]
[0.4371240437030792, 0.5872656106948853, 0.4398864507675171, 0.27734217047691345, 0.4936540424823761]
[0.5396045446395874, 0.5520516633987427, 0.4702862501144409, 0.3564359247684479, 0.5418502688407898]
[0.42887237668037415, 0.5376192331314087, 0.49828726053237915, 0.3732756972312927, 0.46928834915161133]
[0.57358717918396, 0.5943871140480042, 0.410273015499115, 0.2632339298725128, 0.5683180689811707]
[0.4487622082233429, 0.5716210603713989, 0.4600348174571991, 0.3031274080276489, 0.45275557041168213]
[0.44982874393463135, 0.5713579058647156, 0.4392908811569214, 0.33050093054771423, 0.4749586284160614]
[0.4666755497455597, 0.5950424671173096, 0.45272740721702576, 0.2865021526813507, 0.4908199608325958]
[0.5404934287071228, 0.5768665671348572, 0.42518147826194763, 0.2927064597606659, 0.5335291028022766]
[0.5491952300071716, 0.5918990969657898, 0.42066478729248047, 0.26386961340904236, 0.5615143775939941]
[0.5655165314674377, 0.6002718210220337, 0.4149080812931061, 0.26733535528182983, 0.5570483803749084]
[0.4522266983985901, 0.5643672943115234, 0.4695786237716675, 0.3289547264575958, 0.4990174472332001]
[0.5491952300071716, 0.5918990969657898, 0.42066478729248047, 0.26386961340904236, 0.5615143775939941]
[0.5202798247337341, 0.5906432271003723, 0.4292055070400238, 0.2889842987060547, 0.5351914763450623]
[0.5766551494598389, 0.5754313468933105, 0.4023135006427765, 0.24900908768177032, 0.5839865803718567]
[0.544623851776123, 0.5506632328033447, 0.4557112157344818, 0.318066269159317, 0.5467777848243713]
[0.4955761730670929, 0.5669613480567932, 0.46554556488990784, 0.31055760383605957, 0.5397372245788574]
[0.416271448135376, 0.5763152837753296, 0.4356174170970917, 0.290353387594223, 0.4663355350494385]
[0.4487622082233429, 0.5716210603713989, 0.4600348174571991, 0.3031274080276489, 0.45275557041168213]
[0.5312179327011108, 0.583070695400238, 0.4142923951148987, 0.25005796551704407, 0.5328344702720642]
[0.4835842251777649, 0.5710403323173523, 0.4486522078514099, 0.3482712209224701, 0.5254320502281189]
[0.5344263911247253, 0.5899342894554138, 0.45292532444000244, 0.3008119463920593, 0.5385271906852722]
[0.47560635209083557, 0.5936082601547241, 0.4336757957935333, 0.28958359360694885, 0.4931713044643402]
[0.44339650869369507, 0.564893901348114, 0.45910319685935974, 0.3195874094963074, 0.4812098443508148]
[0.4828985333442688, 0.5797141790390015, 0.4145830273628235, 0.2962956130504608, 0.5202909111976624]
[0.43928033113479614, 0.5755216479301453, 0.43812182545661926, 0.28464990854263306, 0.4676651954650879]
[0.5306317210197449, 0.6074514985084534, 0.4270767867565155, 0.2711300849914551, 0.5435031652450562]
[0.5840833783149719, 0.5676083564758301, 0.39248034358024597, 0.2549962103366852, 0.5719113945960999]
[0.4189586639404297, 0.5354630351066589, 0.44542115926742554, 0.28925272822380066, 0.44327056407928467]
[0.5040035247802734, 0.5719863772392273, 0.43091994524002075, 0.27657848596572876, 0.5261465907096863]
[0.5216139554977417, 0.5744751691818237, 0.4517632722854614, 0.30204445123672485, 0.5574893951416016]
[0.42441439628601074, 0.546334981918335, 0.46106746792793274, 0.3314152956008911, 0.4702700674533844]
[0.5095874667167664, 0.5926542282104492, 0.4367527961730957, 0.29725489020347595, 0.5316208004951477]
[0.4738669991493225, 0.553849995136261, 0.4633537530899048, 0.32042062282562256, 0.49030038714408875]
[0.37478214502334595, 0.5657364130020142, 0.4543248116970062, 0.266501784324646, 0.4384319484233856]
[0.5337086319923401, 0.5706408619880676, 0.40649136900901794, 0.27698802947998047, 0.5319674015045166]
[0.5034229159355164, 0.5805166363716125, 0.43478924036026, 0.2991620600223541, 0.49711790680885315]
[0.4929788410663605, 0.5724433660507202, 0.4087929129600525, 0.29213637113571167, 0.5115629434585571]
[0.4973079264163971, 0.5727495551109314, 0.4455296993255615, 0.2998066246509552, 0.47307929396629333]
[0.4757498502731323, 0.5856623649597168, 0.44227519631385803, 0.27705180644989014, 0.5058180689811707]
[0.48339205980300903, 0.5770018696784973, 0.4247713088989258, 0.27838143706321716, 0.5104150176048279]
[0.4487622082233429, 0.5716210603713989, 0.4600348174571991, 0.3031274080276489, 0.45275557041168213]
[0.5272536873817444, 0.5871959328651428, 0.40474992990493774, 0.26819518208503723, 0.5187954902648926]
[0.5004509687423706, 0.566344141960144, 0.44204941391944885, 0.328782856464386, 0.5155699849128723]
[0.5572453141212463, 0.5747063159942627, 0.4219170808792114, 0.2689671516418457, 0.5397799611091614]
[0.4940620958805084, 0.5687894225120544, 0.4308873414993286, 0.3042057752609253, 0.4902130365371704]
[0.39684703946113586, 0.5653483867645264, 0.44241341948509216, 0.30521824955940247, 0.46071523427963257]
[0.4487622082233429, 0.5716210603713989, 0.4600348174571991, 0.3031274080276489, 0.45275557041168213]
[0.4487622082233429, 0.5716210603713989, 0.4600348174571991, 0.3031274080276489, 0.45275557041168213]
[0.5403827428817749, 0.5966412425041199, 0.43628963828086853, 0.2844831347465515, 0.5486059188842773]
[0.5368412137031555, 0.5678256154060364, 0.43586984276771545, 0.2958221733570099, 0.5352767705917358]
[0.4590774178504944, 0.5780761241912842, 0.4462488293647766, 0.2753767669200897, 0.49317461252212524]
