1
爱尔兰瑞尔航空公司昨天公布的新LOGO。。。 有人可以解释一下伐。。。（图
[0.45822522044181824, 0.545162558555603, 0.45925870537757874, 0.3166275918483734, 0.47781118750572205]
[0.5036309361457825, 0.5642091035842896, 0.4140823483467102, 0.28512704372406006, 0.5017557144165039]
[0.507781445980072, 0.5359461903572083, 0.41471874713897705, 0.2884114682674408, 0.5542705059051514]
[0.557361900806427, 0.5249544978141785, 0.420295774936676, 0.33817142248153687, 0.587314784526825]
[0.5293310284614563, 0.5905464291572571, 0.4376976191997528, 0.27530425786972046, 0.557296097278595]
[0.4534599781036377, 0.5572023391723633, 0.45145460963249207, 0.3107321262359619, 0.5047575235366821]
[0.42247143387794495, 0.5375846028327942, 0.5130664110183716, 0.35000061988830566, 0.4850293695926666]
[0.4540404975414276, 0.5553293228149414, 0.43762609362602234, 0.2944999635219574, 0.47286543250083923]
[0.5367855429649353, 0.5849372148513794, 0.43604692816734314, 0.27137091755867004, 0.5499040484428406]
[0.48379552364349365, 0.5937032699584961, 0.41920071840286255, 0.2830924987792969, 0.4925927221775055]
[0.5263209342956543, 0.5556090474128723, 0.4572826027870178, 0.29504823684692383, 0.5127571225166321]
[0.4828844666481018, 0.589999794960022, 0.44626256823539734, 0.28099948167800903, 0.5212529301643372]
[0.40143412351608276, 0.5445061922073364, 0.4373769462108612, 0.3020119071006775, 0.4642009139060974]
[0.399343878030777, 0.5344242453575134, 0.45886895060539246, 0.3292537331581116, 0.46646106243133545]
[0.4591444730758667, 0.5146294832229614, 0.4942624270915985, 0.3893791437149048, 0.49165040254592896]
[0.5234716534614563, 0.5745772123336792, 0.4159560799598694, 0.2652409076690674, 0.5162487030029297]
[0.3856976330280304, 0.5334222316741943, 0.4698142111301422, 0.39267897605895996, 0.4516994059085846]
[0.5017401576042175, 0.5893334150314331, 0.42703112959861755, 0.28602948784828186, 0.5180525183677673]
[0.5609598159790039, 0.5920506715774536, 0.41525110602378845, 0.2418457567691803, 0.5680196285247803]
[0.4433252215385437, 0.5706124305725098, 0.4348827302455902, 0.29112106561660767, 0.5132992267608643]
[0.41533035039901733, 0.5614051818847656, 0.4486195743083954, 0.34010258316993713, 0.46469271183013916]
[0.45426666736602783, 0.5886367559432983, 0.47101566195487976, 0.31211355328559875, 0.47963637113571167]
[0.43565163016319275, 0.5593029260635376, 0.46480441093444824, 0.3280125856399536, 0.47633564472198486]
[0.44929659366607666, 0.5565361380577087, 0.4618399739265442, 0.31244906783103943, 0.49726593494415283]
[0.4995304048061371, 0.576276957988739, 0.43283459544181824, 0.28080928325653076, 0.5577602386474609]
[0.46008315682411194, 0.5775266885757446, 0.4309576153755188, 0.2846953868865967, 0.511001467704773]
[0.45259004831314087, 0.5863614082336426, 0.4347273111343384, 0.29043352603912354, 0.49037545919418335]
[0.525460422039032, 0.5801437497138977, 0.4221417307853699, 0.2590770125389099, 0.5394300222396851]
[0.5388206839561462, 0.5962190628051758, 0.4049801826477051, 0.25428274273872375, 0.5606381893157959]
[0.5355702638626099, 0.5780232548713684, 0.4017082452774048, 0.2804946303367615, 0.548491358757019]
[0.525460422039032, 0.5801437497138977, 0.4221417307853699, 0.2590770125389099, 0.5394300222396851]
[0.42163538932800293, 0.5553078055381775, 0.4800250232219696, 0.332161545753479, 0.46354639530181885]
[0.47042974829673767, 0.5628702044487, 0.45027080178260803, 0.2906470000743866, 0.49049055576324463]
[0.5411329865455627, 0.5909750461578369, 0.4405663013458252, 0.30976468324661255, 0.5532674789428711]
[0.5217891931533813, 0.5851165652275085, 0.43435370922088623, 0.3072150945663452, 0.528086245059967]
[0.5354528427124023, 0.5607221126556396, 0.4092130959033966, 0.30645596981048584, 0.5283005237579346]
[0.45025962591171265, 0.5554434657096863, 0.43183353543281555, 0.29305222630500793, 0.48596492409706116]
[0.5400903820991516, 0.5835076570510864, 0.4344645142555237, 0.26322659850120544, 0.5375416874885559]
[0.5408478379249573, 0.5656192302703857, 0.41722986102104187, 0.2632827162742615, 0.5279404520988464]
[0.44629237055778503, 0.5574579238891602, 0.44141024351119995, 0.2837049961090088, 0.4810144901275635]
[0.5199047923088074, 0.5867263078689575, 0.43081340193748474, 0.2708001136779785, 0.5349567532539368]
[0.5606719851493835, 0.5792772173881531, 0.4209345579147339, 0.2752658724784851, 0.5329107642173767]
[0.48841172456741333, 0.5546295046806335, 0.4423408806324005, 0.3056773245334625, 0.5018602013587952]
[0.5090017914772034, 0.5928217768669128, 0.4176779091358185, 0.2741379141807556, 0.5251357555389404]
[0.5205593705177307, 0.5843496322631836, 0.460895299911499, 0.29608526825904846, 0.5174993276596069]
[0.4355468451976776, 0.5648627281188965, 0.46088123321533203, 0.2926592230796814, 0.4732816219329834]
[0.5285846590995789, 0.5799394845962524, 0.4160754084587097, 0.26015007495880127, 0.5577576160430908]
[0.4526534378528595, 0.5486494302749634, 0.4880693554878235, 0.33060047030448914, 0.4839959442615509]
[0.4494912922382355, 0.5843623280525208, 0.4346410036087036, 0.3047344982624054, 0.47126609086990356]
[0.5520697236061096, 0.5739899277687073, 0.41437047719955444, 0.26877090334892273, 0.5434722304344177]
[0.4634809195995331, 0.5601056218147278, 0.44513508677482605, 0.3017250597476959, 0.5147593021392822]
[0.43666958808898926, 0.5612282752990723, 0.45479291677474976, 0.30579444766044617, 0.49564024806022644]
[0.48850637674331665, 0.5670798420906067, 0.42928484082221985, 0.3105556070804596, 0.49977728724479675]
[0.4535476267337799, 0.5814183950424194, 0.4535335302352905, 0.2967190742492676, 0.5215820074081421]
[0.496950626373291, 0.5568141341209412, 0.43197157979011536, 0.2941736578941345, 0.5218213796615601]
[0.35625576972961426, 0.5391350388526917, 0.5361137986183167, 0.4976174533367157, 0.5050907135009766]
[0.5199047923088074, 0.5867263078689575, 0.43081340193748474, 0.2708001136779785, 0.5349567532539368]
[0.5070725679397583, 0.5795678496360779, 0.4309682846069336, 0.25872695446014404, 0.538472592830658]
[0.4345061480998993, 0.5568930506706238, 0.44924604892730713, 0.3036644160747528, 0.4710766077041626]
[0.5636253952980042, 0.5939995050430298, 0.4170762598514557, 0.2580678462982178, 0.5506877899169922]
[0.5422282814979553, 0.5863180160522461, 0.40551844239234924, 0.2753317654132843, 0.556081235408783]
