1
【芙蓉姐姐就这么走了】芙蓉姐姐于下午13点左右在家中自杀身亡，原因不明！
[0.6122956275939941, 0.5619153380393982, 0.40908074378967285, 0.24869978427886963, 0.5809574723243713]
[0.5316730737686157, 0.5631043910980225, 0.41891714930534363, 0.24833472073078156, 0.5395746827125549]
[0.5139617323875427, 0.5929368138313293, 0.41964560747146606, 0.23943687975406647, 0.5214974880218506]
[0.5445215106010437, 0.5675643086433411, 0.4634692370891571, 0.31623905897140503, 0.5486306548118591]
[0.46661871671676636, 0.5836977958679199, 0.436079204082489, 0.27481111884117126, 0.4732847213745117]
[0.4863720238208771, 0.588433563709259, 0.4372577369213104, 0.2925003170967102, 0.507758617401123]
[0.4487622082233429, 0.5716210603713989, 0.4600348174571991, 0.3031274080276489, 0.45275557041168213]
[0.519340455532074, 0.5717639327049255, 0.43228572607040405, 0.3019333481788635, 0.5167206525802612]
[0.449550598859787, 0.5629928708076477, 0.4439830183982849, 0.34197306632995605, 0.47431522607803345]
[0.40927571058273315, 0.5407034158706665, 0.46895116567611694, 0.3517337441444397, 0.4404129981994629]
[0.5087323188781738, 0.584449291229248, 0.432859867811203, 0.27619263529777527, 0.5275717377662659]
[0.4487622082233429, 0.5716210603713989, 0.4600348174571991, 0.3031274080276489, 0.45275557041168213]
[0.4981653392314911, 0.586291491985321, 0.4130634367465973, 0.27747800946235657, 0.5251455903053284]
[0.4487622082233429, 0.5716210603713989, 0.4600348174571991, 0.3031274080276489, 0.45275557041168213]
[0.5408502817153931, 0.5896000862121582, 0.4740694761276245, 0.29779812693595886, 0.5122862458229065]
[0.4921639561653137, 0.5029985904693604, 0.4946056604385376, 0.31979480385780334, 0.4801467955112457]
[0.474590927362442, 0.5763137340545654, 0.4144977033138275, 0.2871270179748535, 0.5038186311721802]
[0.4947660565376282, 0.555748462677002, 0.42729923129081726, 0.29999348521232605, 0.5156517624855042]
[0.48379552364349365, 0.5937032699584961, 0.41920071840286255, 0.2830924987792969, 0.4925927221775055]
[0.4487622082233429, 0.5716210603713989, 0.4600348174571991, 0.3031274080276489, 0.45275557041168213]
[0.4178677499294281, 0.5451028347015381, 0.48104649782180786, 0.36142879724502563, 0.45039331912994385]
[0.5552504658699036, 0.5630860924720764, 0.44258368015289307, 0.3250844180583954, 0.5402543544769287]
[0.4679696261882782, 0.5856760740280151, 0.4242952764034271, 0.2783888280391693, 0.4924812316894531]
[0.45024460554122925, 0.5682812333106995, 0.45256507396698, 0.32063743472099304, 0.4639981687068939]
[0.5313497185707092, 0.5868253111839294, 0.4117255210876465, 0.26475510001182556, 0.5343174338340759]
[0.4487622082233429, 0.5716210603713989, 0.4600348174571991, 0.3031274080276489, 0.45275557041168213]
[0.42740345001220703, 0.5862472057342529, 0.459237277507782, 0.30124911665916443, 0.4579195976257324]
[0.49626821279525757, 0.5746883153915405, 0.42003703117370605, 0.2505815327167511, 0.48886600136756897]
[0.34403306245803833, 0.5406076908111572, 0.5108659267425537, 0.3999173045158386, 0.4472366273403168]
[0.5896202325820923, 0.6009964942932129, 0.3933485150337219, 0.243545264005661, 0.5743495225906372]
[0.4487622082233429, 0.5716210603713989, 0.4600348174571991, 0.3031274080276489, 0.45275557041168213]
[0.4478907287120819, 0.5690622329711914, 0.5016922950744629, 0.35881921648979187, 0.5002350211143494]
[0.4366488754749298, 0.5793625712394714, 0.44044944643974304, 0.322752982378006, 0.4690849781036377]
[0.4666755497455597, 0.5950424671173096, 0.45272740721702576, 0.2865021526813507, 0.4908199608325958]
[0.48379552364349365, 0.5937032699584961, 0.41920071840286255, 0.2830924987792969, 0.4925927221775055]
[0.4366488754749298, 0.5793625712394714, 0.44044944643974304, 0.322752982378006, 0.4690849781036377]
[0.5502143502235413, 0.5681520104408264, 0.41059884428977966, 0.2621677815914154, 0.5606945157051086]
[0.5418630838394165, 0.5789720416069031, 0.4409041106700897, 0.31065407395362854, 0.5618100166320801]
[0.4487622082233429, 0.5716210603713989, 0.4600348174571991, 0.3031274080276489, 0.45275557041168213]
[0.4885281026363373, 0.5636028051376343, 0.45375320315361023, 0.3283686935901642, 0.503845751285553]
[0.5093570351600647, 0.5484948754310608, 0.48747873306274414, 0.39341917634010315, 0.4880046844482422]
[0.4707976281642914, 0.5854328870773315, 0.4613579511642456, 0.3094319701194763, 0.48067647218704224]
[0.5233677625656128, 0.581577718257904, 0.43578261137008667, 0.2886323034763336, 0.5404647588729858]
[0.5364258289337158, 0.5890505909919739, 0.4048196077346802, 0.2564230263233185, 0.530978798866272]
[0.5183818936347961, 0.564183235168457, 0.417005717754364, 0.29388728737831116, 0.517914354801178]
[0.4964478313922882, 0.5585759282112122, 0.4451521933078766, 0.31728577613830566, 0.5079962015151978]
[0.520602285861969, 0.5922062993049622, 0.4009891748428345, 0.263202041387558, 0.5304512977600098]
[0.5375816822052002, 0.5782172083854675, 0.44256916642189026, 0.33887118101119995, 0.5146223902702332]
[0.4487622082233429, 0.5716210603713989, 0.4600348174571991, 0.3031274080276489, 0.45275557041168213]
[0.43928033113479614, 0.5755216479301453, 0.43812182545661926, 0.28464990854263306, 0.4676651954650879]
[0.48872193694114685, 0.5547922849655151, 0.44431769847869873, 0.31902948021888733, 0.5125520825386047]
[0.4487622082233429, 0.5716210603713989, 0.4600348174571991, 0.3031274080276489, 0.45275557041168213]
[0.42054542899131775, 0.5525018572807312, 0.46637091040611267, 0.34787717461586, 0.4487197697162628]
[0.44948628544807434, 0.5715370178222656, 0.43431371450424194, 0.3118129372596741, 0.46399712562561035]
[0.4272163212299347, 0.578639805316925, 0.4649880826473236, 0.29797032475471497, 0.4680140018463135]
[0.4835129976272583, 0.5946913957595825, 0.45453357696533203, 0.29747796058654785, 0.48750174045562744]
[0.4487622082233429, 0.5716210603713989, 0.4600348174571991, 0.3031274080276489, 0.45275557041168213]
[0.4666755497455597, 0.5950424671173096, 0.45272740721702576, 0.2865021526813507, 0.4908199608325958]
[0.5315115451812744, 0.5855736136436462, 0.39861738681793213, 0.2707137167453766, 0.5307518839836121]
[0.4487622082233429, 0.5716210603713989, 0.4600348174571991, 0.3031274080276489, 0.45275557041168213]
[0.5491952300071716, 0.5918990969657898, 0.42066478729248047, 0.26386961340904236, 0.5615143775939941]
[0.5034229159355164, 0.5805166363716125, 0.43478924036026, 0.2991620600223541, 0.49711790680885315]
[0.5792314410209656, 0.566841185092926, 0.41911831498146057, 0.30266350507736206, 0.5681580901145935]
[0.44948628544807434, 0.5715370178222656, 0.43431371450424194, 0.3118129372596741, 0.46399712562561035]
[0.4312111437320709, 0.5495193600654602, 0.4446096122264862, 0.32153961062431335, 0.45581549406051636]
[0.4487622082233429, 0.5716210603713989, 0.4600348174571991, 0.3031274080276489, 0.45275557041168213]
[0.4487622082233429, 0.5716210603713989, 0.4600348174571991, 0.3031274080276489, 0.45275557041168213]
[0.5096225142478943, 0.5496651530265808, 0.4513256847858429, 0.2834375202655792, 0.5041269063949585]
[0.48451483249664307, 0.5812195539474487, 0.4391850233078003, 0.2940630316734314, 0.5124607682228088]
[0.52144855260849, 0.5857202410697937, 0.4213944375514984, 0.27178722620010376, 0.5533590912818909]
[0.39684703946113586, 0.5653483867645264, 0.44241341948509216, 0.30521824955940247, 0.46071523427963257]
[0.5393050312995911, 0.5773247480392456, 0.41047096252441406, 0.2759575843811035, 0.5034352540969849]
[0.44916215538978577, 0.5701530575752258, 0.4621657133102417, 0.30902642011642456, 0.47781357169151306]
[0.5414109826087952, 0.5878759026527405, 0.423834890127182, 0.3000834882259369, 0.5301998853683472]
[0.4487622082233429, 0.5716210603713989, 0.4600348174571991, 0.3031274080276489, 0.45275557041168213]
[0.4487622082233429, 0.5716210603713989, 0.4600348174571991, 0.3031274080276489, 0.45275557041168213]
[0.5352758765220642, 0.5864436030387878, 0.4028247594833374, 0.2688145637512207, 0.5571599006652832]
[0.5071164965629578, 0.5711831450462341, 0.4509076178073883, 0.3159979283809662, 0.5269861221313477]
[0.5249664187431335, 0.5741546154022217, 0.4317343533039093, 0.2682286202907562, 0.5343210101127625]
[0.47249147295951843, 0.5644186735153198, 0.4283573627471924, 0.2936962842941284, 0.522010862827301]
[0.5210555195808411, 0.5831330418586731, 0.41764065623283386, 0.2715059518814087, 0.5327842235565186]
[0.4487622082233429, 0.5716210603713989, 0.4600348174571991, 0.3031274080276489, 0.45275557041168213]
[0.4573161005973816, 0.5394077897071838, 0.4715486466884613, 0.35256484150886536, 0.5062829256057739]
[0.5074408650398254, 0.5870817303657532, 0.4336082637310028, 0.2927444875240326, 0.5261303782463074]
[0.4639521837234497, 0.559398889541626, 0.44932401180267334, 0.31168726086616516, 0.5027557611465454]
[0.5336055755615234, 0.5730421543121338, 0.4350133538246155, 0.3205816447734833, 0.5210036635398865]
[0.436295747756958, 0.5285446047782898, 0.4595697224140167, 0.34789156913757324, 0.4686920940876007]
[0.5052568912506104, 0.5692750811576843, 0.45720165967941284, 0.32839226722717285, 0.502334475517273]
[0.5653793215751648, 0.582434892654419, 0.39132294058799744, 0.2585252821445465, 0.5461805462837219]
[0.5652182102203369, 0.5828011631965637, 0.3889070451259613, 0.26383480429649353, 0.5589979887008667]
[0.4807949364185333, 0.5395967364311218, 0.4020060896873474, 0.2878629267215729, 0.5255495309829712]
[0.5394395589828491, 0.5825493335723877, 0.4024844467639923, 0.27014395594596863, 0.5587474703788757]
[0.44575992226600647, 0.5816135406494141, 0.4772418439388275, 0.3119160532951355, 0.46739086508750916]
[0.5426084995269775, 0.5825521945953369, 0.4205004870891571, 0.263367235660553, 0.5657909512519836]
[0.5112854242324829, 0.5494784712791443, 0.45886287093162537, 0.34675315022468567, 0.53545743227005]
[0.546114981174469, 0.5653213262557983, 0.4114454388618469, 0.2843020558357239, 0.5230389833450317]
[0.5171598792076111, 0.552119255065918, 0.42697474360466003, 0.2698221504688263, 0.5088228583335876]
[0.501632809638977, 0.5833306908607483, 0.44356587529182434, 0.28180569410324097, 0.5386294722557068]
[0.5559266805648804, 0.5858572721481323, 0.4083455204963684, 0.2710401117801666, 0.5669039487838745]
[0.4756518304347992, 0.5506508350372314, 0.44010862708091736, 0.2843591868877411, 0.49140408635139465]
[0.5232588052749634, 0.5751292109489441, 0.42657971382141113, 0.3008279502391815, 0.535618007183075]
