1
前日晚，邯郸市邯山区区长张海忠在办公室被砍断脖子，当场死亡。
[0.5440637469291687, 0.52632075548172, 0.46325579285621643, 0.31373080611228943, 0.5451740622520447]
[0.4704318940639496, 0.5678689479827881, 0.4394654631614685, 0.29210880398750305, 0.5028591752052307]
[0.5222903490066528, 0.5623088479042053, 0.4218575954437256, 0.26947346329689026, 0.5227668285369873]
[0.558773398399353, 0.5542954206466675, 0.4226689636707306, 0.29524222016334534, 0.5517687201499939]
[0.5445119738578796, 0.5843786597251892, 0.41506728529930115, 0.25699159502983093, 0.5592021942138672]
[0.3368804454803467, 0.5294716358184814, 0.4676989018917084, 0.3232864737510681, 0.4477377235889435]
[0.554338276386261, 0.5834692716598511, 0.4055756628513336, 0.2666734755039215, 0.5851492285728455]
[0.4627322256565094, 0.5376704931259155, 0.4606557786464691, 0.32630476355552673, 0.5118312239646912]
[0.5491774678230286, 0.5507420897483826, 0.42412787675857544, 0.2947642505168915, 0.5231088399887085]
[0.5207065343856812, 0.5798481106758118, 0.43845275044441223, 0.28069546818733215, 0.522420346736908]
[0.5170391201972961, 0.5817049741744995, 0.43893492221832275, 0.28766271471977234, 0.5421445965766907]
[0.5137078166007996, 0.5820582509040833, 0.4090003967285156, 0.2720274329185486, 0.524493396282196]
[0.5527909994125366, 0.5911781787872314, 0.4126613140106201, 0.2552831172943115, 0.5650671124458313]
[0.5132670402526855, 0.5934965014457703, 0.4420536458492279, 0.27757078409194946, 0.5219869613647461]
[0.40506041049957275, 0.5590037107467651, 0.47250744700431824, 0.30680328607559204, 0.4507225751876831]
[0.46194010972976685, 0.5694851279258728, 0.45374295115470886, 0.2933257818222046, 0.522853672504425]
[0.5277117490768433, 0.5749140977859497, 0.42493370175361633, 0.27648043632507324, 0.5362634062767029]
[0.5359867811203003, 0.5652929544448853, 0.42895281314849854, 0.2862817049026489, 0.5322340726852417]
[0.5155884623527527, 0.548172652721405, 0.43290916085243225, 0.3210388123989105, 0.5001547336578369]
[0.5281669497489929, 0.5716583728790283, 0.4444139301776886, 0.2884746789932251, 0.5523191094398499]
[0.5556827783584595, 0.577509880065918, 0.4333656132221222, 0.29150155186653137, 0.5356844663619995]
[0.518751859664917, 0.5672082901000977, 0.42432430386543274, 0.2697702944278717, 0.5228545665740967]
[0.5565425753593445, 0.6077095866203308, 0.4148804545402527, 0.25555217266082764, 0.5541862845420837]
[0.4933271110057831, 0.5900857448577881, 0.4244043231010437, 0.269395112991333, 0.5271938443183899]
[0.535429060459137, 0.5778051614761353, 0.41038623452186584, 0.25161808729171753, 0.5592126250267029]
[0.4907025396823883, 0.5172836780548096, 0.4491153955459595, 0.31241917610168457, 0.5307350158691406]
[0.5759472846984863, 0.579132080078125, 0.3983513116836548, 0.2564968764781952, 0.5607271790504456]
[0.506388247013092, 0.5574194192886353, 0.43560341000556946, 0.288894921541214, 0.5479731559753418]
[0.5399686694145203, 0.586421549320221, 0.41587144136428833, 0.2761174738407135, 0.5433837175369263]
[0.48768067359924316, 0.5820362567901611, 0.4526657462120056, 0.2922540009021759, 0.5347314476966858]
[0.46337851881980896, 0.5823526382446289, 0.45202210545539856, 0.29802587628364563, 0.506742537021637]
[0.5123502016067505, 0.5587998032569885, 0.4373999238014221, 0.30104753375053406, 0.5396003127098083]
[0.46159085631370544, 0.5704514980316162, 0.4476829469203949, 0.32989293336868286, 0.49445900321006775]
[0.49231821298599243, 0.5540817379951477, 0.43285492062568665, 0.3207346796989441, 0.5383564233779907]
[0.39972183108329773, 0.568893313407898, 0.47907930612564087, 0.31898000836372375, 0.45670661330223083]
[0.5774304270744324, 0.6065936088562012, 0.41549786925315857, 0.2480234056711197, 0.5604559779167175]
[0.48000863194465637, 0.5712236762046814, 0.4459613561630249, 0.34483790397644043, 0.5019471645355225]
[0.47675037384033203, 0.5511055588722229, 0.44682973623275757, 0.3139972984790802, 0.47569963335990906]
[0.4534795582294464, 0.545360267162323, 0.4257299602031708, 0.2745697796344757, 0.4795616865158081]
[0.4447779357433319, 0.5671716332435608, 0.4546256959438324, 0.31363990902900696, 0.48635926842689514]
[0.5614820718765259, 0.5582696795463562, 0.42854446172714233, 0.2675814926624298, 0.5603172183036804]
[0.5249640941619873, 0.582720935344696, 0.4298630952835083, 0.2777678072452545, 0.5143596529960632]
[0.5023458003997803, 0.5995383262634277, 0.43132051825523376, 0.28400951623916626, 0.5192444324493408]
[0.4282852113246918, 0.5274962782859802, 0.49986138939857483, 0.3774855434894562, 0.4581669569015503]
[0.48940351605415344, 0.5409349203109741, 0.4372146725654602, 0.2946900427341461, 0.492707759141922]
[0.519224226474762, 0.5752407312393188, 0.425037145614624, 0.3051307797431946, 0.5471339225769043]
[0.5299330353736877, 0.5768721103668213, 0.42477765679359436, 0.28059861063957214, 0.5589191317558289]
[0.504525363445282, 0.5816910266876221, 0.4339904189109802, 0.28472205996513367, 0.5397207140922546]
[0.48655030131340027, 0.5405250787734985, 0.47275808453559875, 0.3320079743862152, 0.5081814527511597]
[0.47291192412376404, 0.5737069249153137, 0.4683505594730377, 0.31252390146255493, 0.5310236215591431]
[0.460972398519516, 0.5474503636360168, 0.4592443108558655, 0.2924964725971222, 0.5259983539581299]
[0.4098535478115082, 0.5852023959159851, 0.44997814297676086, 0.2825776934623718, 0.4879596531391144]
[0.5278998613357544, 0.5838612914085388, 0.4098222851753235, 0.28484776616096497, 0.543656051158905]
[0.45309901237487793, 0.5451642870903015, 0.4494442045688629, 0.3352625370025635, 0.4927617311477661]
[0.5100942850112915, 0.5577669739723206, 0.41682884097099304, 0.2994113862514496, 0.526233971118927]
[0.4593997299671173, 0.5506644248962402, 0.45127877593040466, 0.3142288625240326, 0.4793185293674469]
[0.49620115756988525, 0.5276957750320435, 0.5038566589355469, 0.36007654666900635, 0.5095069408416748]
[0.6285743117332458, 0.5906872153282166, 0.40924885869026184, 0.2278665006160736, 0.5892700552940369]
[0.5346841216087341, 0.5773366093635559, 0.40160852670669556, 0.28364330530166626, 0.5330240726470947]
[0.4925008714199066, 0.5657897591590881, 0.44560614228248596, 0.28475049138069153, 0.5020846724510193]
[0.5036309361457825, 0.5642091035842896, 0.4140823483467102, 0.28512704372406006, 0.5017557144165039]
[0.460972398519516, 0.5474503636360168, 0.4592443108558655, 0.2924964725971222, 0.5259983539581299]
[0.5815552473068237, 0.5608400702476501, 0.3957951068878174, 0.2604190409183502, 0.5723662376403809]
[0.5710509419441223, 0.519597589969635, 0.43233218789100647, 0.3046374022960663, 0.5710630416870117]
[0.5226990580558777, 0.575722336769104, 0.43345123529434204, 0.2846136689186096, 0.5655058026313782]
[0.5090528130531311, 0.5338513851165771, 0.42820796370506287, 0.29608625173568726, 0.5336506962776184]
[0.5811517238616943, 0.5879395008087158, 0.3852081894874573, 0.23452579975128174, 0.5779708027839661]
[0.41334137320518494, 0.5312328934669495, 0.4391132891178131, 0.2974887490272522, 0.4731590151786804]
[0.5024793148040771, 0.5800725221633911, 0.4418458044528961, 0.30711379647254944, 0.5135065317153931]
[0.4242630898952484, 0.5677035450935364, 0.4509772062301636, 0.29691585898399353, 0.4462461471557617]
[0.4475804269313812, 0.579251766204834, 0.43749505281448364, 0.28290867805480957, 0.4897325932979584]
[0.5774304270744324, 0.6065936088562012, 0.41549786925315857, 0.2480234056711197, 0.5604559779167175]
[0.539258599281311, 0.577066957950592, 0.4440537095069885, 0.2698536813259125, 0.5347314476966858]
[0.533286452293396, 0.5878319144248962, 0.4318968951702118, 0.27111589908599854, 0.5588210225105286]
[0.46549224853515625, 0.5595224499702454, 0.43594929575920105, 0.3052838444709778, 0.5114243626594543]
[0.4843827486038208, 0.5760977268218994, 0.442295104265213, 0.2899700105190277, 0.5476144552230835]
[0.4791700541973114, 0.563334047794342, 0.45716747641563416, 0.30073657631874084, 0.5044314861297607]
[0.5438410043716431, 0.5732635259628296, 0.4277147948741913, 0.29142430424690247, 0.550283670425415]
[0.4571724534034729, 0.576629638671875, 0.44431138038635254, 0.2810838222503662, 0.5042012929916382]
[0.49633586406707764, 0.5560922026634216, 0.4528433680534363, 0.33972594141960144, 0.521375298500061]
[0.5500415563583374, 0.5513872504234314, 0.423799604177475, 0.28300741314888, 0.5627079606056213]
[0.49534088373184204, 0.5440611243247986, 0.44712772965431213, 0.2901380658149719, 0.5304949879646301]
[0.5209213495254517, 0.5628683567047119, 0.4188369810581207, 0.2740316390991211, 0.534717321395874]
[0.5084265470504761, 0.5543798208236694, 0.44718074798583984, 0.3200891613960266, 0.5309050679206848]
[0.5154634118080139, 0.5567877888679504, 0.4408719539642334, 0.3015376627445221, 0.49287277460098267]
[0.44641873240470886, 0.5167458653450012, 0.49355006217956543, 0.36107295751571655, 0.4344760775566101]
[0.5439325571060181, 0.5758375525474548, 0.4140405058860779, 0.2637757956981659, 0.5544265508651733]
[0.42441052198410034, 0.5164533257484436, 0.5165553092956543, 0.45078811049461365, 0.47364145517349243]
[0.5896202325820923, 0.6009964942932129, 0.3933485150337219, 0.243545264005661, 0.5743495225906372]
[0.5639120936393738, 0.5827527642250061, 0.39496105909347534, 0.26355597376823425, 0.5633285641670227]
[0.5011194348335266, 0.5378772616386414, 0.483833372592926, 0.37728747725486755, 0.5013875961303711]
[0.4620942771434784, 0.5471665263175964, 0.466703861951828, 0.35187992453575134, 0.49936869740486145]
[0.4831685423851013, 0.5517746210098267, 0.48839738965034485, 0.3257472515106201, 0.4797704517841339]
[0.5117051601409912, 0.5457594990730286, 0.4456420838832855, 0.27956050634384155, 0.5054273009300232]
[0.4996188282966614, 0.5719596743583679, 0.43418872356414795, 0.2875404357910156, 0.5401889085769653]
[0.4806469976902008, 0.5604513883590698, 0.4397115111351013, 0.32536113262176514, 0.5284319519996643]
[0.43324199318885803, 0.5465661287307739, 0.4450605511665344, 0.32374221086502075, 0.46288084983825684]
[0.5263859033584595, 0.5853034853935242, 0.4233953356742859, 0.2874426543712616, 0.5389601588249207]
[0.5271257162094116, 0.5809102654457092, 0.4036429226398468, 0.2698545753955841, 0.556736409664154]
[0.5043562650680542, 0.5654074549674988, 0.40784555673599243, 0.26232731342315674, 0.5359848737716675]
[0.5030326843261719, 0.5453635454177856, 0.4479218125343323, 0.3161637783050537, 0.5190738439559937]
