1
【敢吃大闸蟹的人，是世界上最“勇敢”的人】《壹周刊》记者把12只大闸蟹送去化验，结果发现11个样本有土霉素，6个样本有氯霉素。土霉素属“过时”抗菌素；而氯霉素属香港违禁物质，因会压抑骨髓功能，导致贫血、抵抗力下降和凝血困难问题。孕妇吃了含有土霉素的毒蟹，胎儿的骨质会变灰、变脆。
[0.45545122027397156, 0.5427554845809937, 0.5093384981155396, 0.37695103883743286, 0.5591995716094971]
[0.5526621341705322, 0.5591535568237305, 0.439492404460907, 0.3253919780254364, 0.5355441570281982]
[0.44448763132095337, 0.5659341216087341, 0.4242781102657318, 0.28773319721221924, 0.4924500584602356]
[0.5392138957977295, 0.5823938250541687, 0.4261903762817383, 0.27492547035217285, 0.5122859477996826]
[0.44179216027259827, 0.5184731483459473, 0.5164629817008972, 0.3890450596809387, 0.469770222902298]
[0.5369634032249451, 0.5886740684509277, 0.40148821473121643, 0.2657855153083801, 0.5576527118682861]
[0.3922780156135559, 0.5525395274162292, 0.42716795206069946, 0.28561854362487793, 0.4421968162059784]
[0.5070725679397583, 0.5795678496360779, 0.4309682846069336, 0.25872695446014404, 0.538472592830658]
[0.4502499997615814, 0.5825034379959106, 0.44765836000442505, 0.29133114218711853, 0.48963648080825806]
[0.3202163279056549, 0.5388312339782715, 0.4602276384830475, 0.31455767154693604, 0.45342200994491577]
[0.5070725679397583, 0.5795678496360779, 0.4309682846069336, 0.25872695446014404, 0.538472592830658]
[0.45099103450775146, 0.5496749877929688, 0.45598819851875305, 0.32911959290504456, 0.4985066056251526]
[0.5149213075637817, 0.5745115280151367, 0.4294396936893463, 0.2818833291530609, 0.5206738114356995]
[0.4277714192867279, 0.5456901788711548, 0.465995728969574, 0.3263951539993286, 0.4684416651725769]
[0.3937302231788635, 0.535637617111206, 0.49163490533828735, 0.36518844962120056, 0.4754331409931183]
[0.5335190296173096, 0.5853165984153748, 0.41649770736694336, 0.28945913910865784, 0.5208126306533813]
[0.5438017845153809, 0.5942021012306213, 0.41521143913269043, 0.26803213357925415, 0.5571514964103699]
[0.5261408686637878, 0.5827551484107971, 0.4392930269241333, 0.28691786527633667, 0.5702540278434753]
[0.5454128384590149, 0.5676032900810242, 0.40339308977127075, 0.26468315720558167, 0.5580325722694397]
[0.4465145766735077, 0.5257232189178467, 0.5036174654960632, 0.36597326397895813, 0.45673584938049316]
[0.5333299040794373, 0.5627620220184326, 0.4126478433609009, 0.2996551990509033, 0.5497134923934937]
[0.4979782998561859, 0.5761728882789612, 0.44156262278556824, 0.2841985821723938, 0.5313699841499329]
[0.6047395467758179, 0.5650502443313599, 0.36132970452308655, 0.22943329811096191, 0.6023901700973511]
[0.4916931688785553, 0.5830475091934204, 0.4501194655895233, 0.3182747960090637, 0.5351527333259583]
[0.5031670331954956, 0.584846019744873, 0.4170764684677124, 0.26229336857795715, 0.542345404624939]
[0.5132918953895569, 0.5680199861526489, 0.43301865458488464, 0.2972186207771301, 0.49107277393341064]
[0.5347766876220703, 0.566642701625824, 0.4253996014595032, 0.2815064489841461, 0.5688387155532837]
[0.4557386338710785, 0.548259973526001, 0.43933361768722534, 0.3411303758621216, 0.47942930459976196]
[0.4487130641937256, 0.5669638514518738, 0.4289017617702484, 0.2900935709476471, 0.493123859167099]
[0.5422473549842834, 0.5920547246932983, 0.42557114362716675, 0.2734455466270447, 0.5646327137947083]
[0.46173080801963806, 0.5421655178070068, 0.47878497838974, 0.3383140563964844, 0.5203297734260559]
[0.35641634464263916, 0.5456607341766357, 0.4816628694534302, 0.3226246237754822, 0.4390001893043518]
[0.4364696443080902, 0.5665479898452759, 0.45995935797691345, 0.32138049602508545, 0.4852595031261444]
[0.4366488754749298, 0.5793625712394714, 0.44044944643974304, 0.322752982378006, 0.4690849781036377]
[0.3287116587162018, 0.5402888655662537, 0.5143500566482544, 0.4218539595603943, 0.45731601119041443]
[0.5414372086524963, 0.5684547424316406, 0.4134349226951599, 0.2782987952232361, 0.5510063171386719]
[0.4429568946361542, 0.5567061901092529, 0.5444494485855103, 0.4025910496711731, 0.47479048371315]
[0.4208761155605316, 0.5368601679801941, 0.44660648703575134, 0.3249536454677582, 0.471516877412796]
[0.4278411269187927, 0.5721163153648376, 0.4482389986515045, 0.3208409249782562, 0.4779845178127289]
[0.49528253078460693, 0.5834286212921143, 0.45665988326072693, 0.2816177010536194, 0.5386783480644226]
[0.5653747320175171, 0.5958674550056458, 0.410073459148407, 0.2521335780620575, 0.5308053493499756]
[0.5022130608558655, 0.5616615414619446, 0.44278621673583984, 0.2939963936805725, 0.5221378207206726]
[0.3190065920352936, 0.5196220278739929, 0.5312902927398682, 0.43965762853622437, 0.43822747468948364]
[0.5063168406486511, 0.5926086902618408, 0.44013819098472595, 0.285372793674469, 0.5215383768081665]
[0.4474646747112274, 0.5555299520492554, 0.4657127857208252, 0.3531108796596527, 0.4801447093486786]
[0.5448278784751892, 0.5802624225616455, 0.43130722641944885, 0.2655264437198639, 0.5199088454246521]
[0.5129075646400452, 0.5613548755645752, 0.45253700017929077, 0.31784579157829285, 0.5245005488395691]
[0.47657206654548645, 0.5863047242164612, 0.430284321308136, 0.265142560005188, 0.5258904695510864]
[0.5070725679397583, 0.5795678496360779, 0.4309682846069336, 0.25872695446014404, 0.538472592830658]
[0.5106273889541626, 0.5462043285369873, 0.41651222109794617, 0.2958314120769501, 0.5415738224983215]
[0.5222588181495667, 0.5842121243476868, 0.4168238341808319, 0.2533496916294098, 0.5385182499885559]
[0.48891523480415344, 0.5986390709877014, 0.4251663088798523, 0.2733253836631775, 0.5165185332298279]
[0.47804340720176697, 0.5513427257537842, 0.4342007339000702, 0.3078134059906006, 0.48769956827163696]
[0.4101312458515167, 0.5583987236022949, 0.4421863257884979, 0.31728461384773254, 0.4682963788509369]
[0.45069676637649536, 0.554036021232605, 0.4456045925617218, 0.31865009665489197, 0.49960193037986755]
[0.5368978977203369, 0.5588323473930359, 0.4388899803161621, 0.28317537903785706, 0.5666656494140625]
[0.4465331733226776, 0.5606985688209534, 0.45318692922592163, 0.3273128569126129, 0.484076589345932]
[0.49287474155426025, 0.5594428181648254, 0.4583530128002167, 0.33690083026885986, 0.47183892130851746]
[0.3913608491420746, 0.5245925188064575, 0.5307856798171997, 0.4217722415924072, 0.4528810977935791]
[0.5082430839538574, 0.5682138204574585, 0.4115268588066101, 0.2835735082626343, 0.5389381051063538]
[0.5441660284996033, 0.5747866034507751, 0.4002504348754883, 0.27261632680892944, 0.5329325795173645]
[0.500588059425354, 0.567093551158905, 0.428745836019516, 0.3066890835762024, 0.48367369174957275]
[0.4487622082233429, 0.5716210603713989, 0.4600348174571991, 0.3031274080276489, 0.45275557041168213]
[0.5384940505027771, 0.5570536255836487, 0.4102970361709595, 0.2924555838108063, 0.5514708757400513]
[0.5275896191596985, 0.587317705154419, 0.4279419183731079, 0.2660277187824249, 0.5745861530303955]
[0.4740486145019531, 0.5449909567832947, 0.4695289433002472, 0.3398078978061676, 0.5156938433647156]
[0.5987205505371094, 0.5068350434303284, 0.43610092997550964, 0.3168107569217682, 0.593706488609314]
[0.5281838178634644, 0.5944190621376038, 0.42588067054748535, 0.2749827802181244, 0.5269945859909058]
[0.5407161712646484, 0.556235671043396, 0.46196508407592773, 0.3095685839653015, 0.5556564927101135]
[0.4826570153236389, 0.5582852959632874, 0.4480755925178528, 0.3036249577999115, 0.5040314793586731]
[0.5046278238296509, 0.5631215572357178, 0.44094082713127136, 0.31353795528411865, 0.5005077123641968]
[0.44405221939086914, 0.5852465629577637, 0.4193163514137268, 0.26584166288375854, 0.5048263072967529]
[0.5850985050201416, 0.5486384034156799, 0.42703577876091003, 0.27462512254714966, 0.5737528204917908]
[0.4895932078361511, 0.5653453469276428, 0.4388269782066345, 0.28854894638061523, 0.5422948598861694]
[0.48021188378334045, 0.5679417252540588, 0.44877302646636963, 0.3069019317626953, 0.5307701230049133]
[0.5490953922271729, 0.5870387554168701, 0.41147086024284363, 0.27029862999916077, 0.5641120076179504]
[0.4864409565925598, 0.5638351440429688, 0.4446024000644684, 0.31669509410858154, 0.5163062810897827]
[0.4578804671764374, 0.561145007610321, 0.4677484333515167, 0.31925880908966064, 0.49709567427635193]
[0.4283042550086975, 0.5456210374832153, 0.48292165994644165, 0.3609468340873718, 0.5381830930709839]
[0.49819183349609375, 0.5695810914039612, 0.4092336595058441, 0.28381651639938354, 0.5330636501312256]
[0.4184054732322693, 0.5548166036605835, 0.455612450838089, 0.32599693536758423, 0.4638918936252594]
[0.5666678547859192, 0.5848440527915955, 0.4053395688533783, 0.2862791121006012, 0.571530282497406]
[0.4860231578350067, 0.5690622329711914, 0.4432860016822815, 0.28530260920524597, 0.549150288105011]
[0.3677920401096344, 0.5242311358451843, 0.5722818374633789, 0.6484653353691101, 0.49838021397590637]
[0.529009997844696, 0.5647921562194824, 0.4186941683292389, 0.30331894755363464, 0.5305917859077454]
[0.540798008441925, 0.5845683813095093, 0.41569510102272034, 0.2794833183288574, 0.5492463111877441]
[0.4704343378543854, 0.5480321645736694, 0.448394238948822, 0.3525063693523407, 0.4829556941986084]
[0.511631190776825, 0.5461039543151855, 0.44764333963394165, 0.33756718039512634, 0.5113718509674072]
[0.5084124803543091, 0.5941175222396851, 0.4219353497028351, 0.27441146969795227, 0.5471367239952087]
[0.4935567378997803, 0.585102915763855, 0.43072620034217834, 0.2854960262775421, 0.5374647974967957]
[0.4314426779747009, 0.5362449884414673, 0.47507572174072266, 0.3316601812839508, 0.4714086651802063]
[0.5283012390136719, 0.5914251804351807, 0.4320566654205322, 0.27345696091651917, 0.5506661534309387]
[0.34671205282211304, 0.5469667315483093, 0.4674128592014313, 0.29626190662384033, 0.43937817215919495]
[0.4943076968193054, 0.5693228244781494, 0.4393598139286041, 0.30109524726867676, 0.5317317247390747]
[0.5514103770256042, 0.5470448732376099, 0.4106971025466919, 0.271849662065506, 0.5720373392105103]
[0.4942921996116638, 0.5994157791137695, 0.4124056398868561, 0.2677738070487976, 0.5212948322296143]
[0.4953919053077698, 0.575968325138092, 0.42532169818878174, 0.28289663791656494, 0.5381339192390442]
[0.5024010539054871, 0.576218843460083, 0.4227621853351593, 0.2728408873081207, 0.5507523417472839]
[0.42396098375320435, 0.5515464544296265, 0.4641520082950592, 0.3556618094444275, 0.46849483251571655]
[0.4928979277610779, 0.5678245425224304, 0.41941219568252563, 0.2812764644622803, 0.5093976259231567]
[0.5365157127380371, 0.5609031319618225, 0.4430975615978241, 0.31714826822280884, 0.5235694050788879]
