1
四川藏区需要4﹣10岁孩子的衣服和鞋子，新旧不限，洗干净就好。地址：四川省甘孜藏族石渠县西区长沙贡马乡小学，邮编：627350 校长：达洼 15884044467。如果没有合适的衣服，转一下贴也好，一下简单的动作，能给孩子更多温暖！
[0.5351269245147705, 0.536853551864624, 0.4819889962673187, 0.38442087173461914, 0.5672164559364319]
[0.49819183349609375, 0.5695810914039612, 0.4092336595058441, 0.28381651639938354, 0.5330636501312256]
[0.42739951610565186, 0.5560017228126526, 0.4506787657737732, 0.2891446053981781, 0.46670520305633545]
[0.5348510146141052, 0.5873506665229797, 0.3997264802455902, 0.26630255579948425, 0.5506057739257812]
[0.5791045427322388, 0.5645776987075806, 0.41165784001350403, 0.2769419252872467, 0.5727240443229675]
[0.5106962323188782, 0.5730725526809692, 0.4211994409561157, 0.2964495122432709, 0.5104512572288513]
[0.48382341861724854, 0.574337899684906, 0.44255635142326355, 0.28644633293151855, 0.5039790272712708]
[0.48277825117111206, 0.5896092653274536, 0.4378092885017395, 0.27385979890823364, 0.49567925930023193]
[0.4790181517601013, 0.5574058294296265, 0.4361329972743988, 0.27392661571502686, 0.5107260942459106]
[0.3789989650249481, 0.5556243658065796, 0.43410658836364746, 0.26227882504463196, 0.4541042447090149]
[0.4526003897190094, 0.55889493227005, 0.4492189586162567, 0.3237992823123932, 0.50650954246521]
[0.5439428091049194, 0.5884435772895813, 0.39366981387138367, 0.25839653611183167, 0.5447031259536743]
[0.5244585871696472, 0.5813016295433044, 0.4314783215522766, 0.28783461451530457, 0.5480647683143616]
[0.5408620238304138, 0.5706469416618347, 0.4298536777496338, 0.32070693373680115, 0.5373080372810364]
[0.4915928244590759, 0.5749765634536743, 0.4087158739566803, 0.2919006645679474, 0.5292394161224365]
[0.5157407522201538, 0.5215240716934204, 0.44534388184547424, 0.2748538553714752, 0.5040338039398193]
[0.511255145072937, 0.5555015802383423, 0.44553065299987793, 0.29960352182388306, 0.5322266817092896]
[0.4329473674297333, 0.5590241551399231, 0.4563545882701874, 0.2918753921985626, 0.4698176980018616]
[0.5046628713607788, 0.5848897695541382, 0.4323994517326355, 0.29498663544654846, 0.5248475670814514]
[0.5287995934486389, 0.5415288805961609, 0.47611504793167114, 0.38953545689582825, 0.5595554709434509]
[0.4539448320865631, 0.5306838750839233, 0.5075300931930542, 0.40947696566581726, 0.5166619420051575]
[0.5229573249816895, 0.576210081577301, 0.4380190670490265, 0.301848441362381, 0.5332309007644653]
[0.5401237607002258, 0.528677225112915, 0.4849123954772949, 0.3740774691104889, 0.5591024160385132]
[0.5018250346183777, 0.591854453086853, 0.4416793882846832, 0.2633988857269287, 0.4989941120147705]
[0.40974438190460205, 0.5537193417549133, 0.4588216245174408, 0.33398330211639404, 0.4518706500530243]
[0.5153301358222961, 0.5701864957809448, 0.39239826798439026, 0.26661184430122375, 0.5429751873016357]
[0.5125701427459717, 0.5536170601844788, 0.44268444180488586, 0.33287477493286133, 0.522272527217865]
[0.6063903570175171, 0.5728458166122437, 0.3964166045188904, 0.2618669867515564, 0.5940735340118408]
[0.5432746410369873, 0.5774754881858826, 0.4316251873970032, 0.29727181792259216, 0.5636768341064453]
[0.445904940366745, 0.563453197479248, 0.4410410523414612, 0.32104337215423584, 0.47486811876296997]
[0.6277270913124084, 0.537666380405426, 0.42318394780158997, 0.30911746621131897, 0.6100323796272278]
[0.5298929214477539, 0.5927969217300415, 0.419465035200119, 0.27985861897468567, 0.5368597507476807]
[0.4506550133228302, 0.5756428837776184, 0.44564756751060486, 0.28549107909202576, 0.5130442380905151]
[0.5007485151290894, 0.5511658191680908, 0.46335792541503906, 0.36041074991226196, 0.552323579788208]
[0.5125701427459717, 0.5536170601844788, 0.44268444180488586, 0.33287477493286133, 0.522272527217865]
[0.4650244116783142, 0.5768699049949646, 0.4432328939437866, 0.2886543273925781, 0.5188762545585632]
[0.5168572664260864, 0.5781401991844177, 0.45426201820373535, 0.2946135103702545, 0.5315781235694885]
[0.5808453559875488, 0.5554068088531494, 0.3752930164337158, 0.22132889926433563, 0.6023427844047546]
[0.47291651368141174, 0.5503399968147278, 0.4703105688095093, 0.3548482358455658, 0.5017601847648621]
