1
《静安，再见……》国务院将于近日正式批复上海市《关于撤消静安区建制将原静安区行政区域拆分划入长宁区和黄浦区的请示》，同意自2013年1月起撤消上海市静安区，以富民路--常德路为界线，其西面整体并入上海市长宁区；其东面整体并入...
[0.4870593845844269, 0.5090002417564392, 0.5162250995635986, 0.44300809502601624, 0.5168764591217041]
[0.48379552364349365, 0.5937032699584961, 0.41920071840286255, 0.2830924987792969, 0.4925927221775055]
[0.5536186695098877, 0.560162365436554, 0.46071428060531616, 0.29441583156585693, 0.5259101986885071]
[0.43399935960769653, 0.5500302314758301, 0.44614940881729126, 0.3396666347980499, 0.46545061469078064]
[0.5185919404029846, 0.5563138127326965, 0.4619736969470978, 0.3080202639102936, 0.5084732174873352]
[0.48483526706695557, 0.5527381896972656, 0.4631667733192444, 0.31782156229019165, 0.4892793297767639]
[0.4608970284461975, 0.5792726278305054, 0.4422011077404022, 0.2960871160030365, 0.5044282078742981]
[0.534818708896637, 0.5840579867362976, 0.4279747009277344, 0.2690742611885071, 0.5449578166007996]
[0.46848756074905396, 0.5701470375061035, 0.44024011492729187, 0.29284828901290894, 0.5303711295127869]
[0.45319196581840515, 0.5751311779022217, 0.45378565788269043, 0.27761971950531006, 0.48511579632759094]
[0.609586775302887, 0.540248692035675, 0.4901232123374939, 0.3277587890625, 0.5998410582542419]
[0.5147681832313538, 0.5553975701332092, 0.4184804856777191, 0.26557984948158264, 0.5647541284561157]
[0.5354865789413452, 0.5888907313346863, 0.41922876238822937, 0.2605830132961273, 0.5253303050994873]
[0.5307435989379883, 0.5761688351631165, 0.4234555959701538, 0.2790140211582184, 0.5408658385276794]
[0.43082699179649353, 0.5764417052268982, 0.4330637753009796, 0.26655444502830505, 0.48494255542755127]
[0.5434392094612122, 0.5865227580070496, 0.4232657849788666, 0.251179963350296, 0.5660143494606018]
[0.5203224420547485, 0.5236544609069824, 0.4958798587322235, 0.3491409420967102, 0.5202303528785706]
[0.4487622082233429, 0.5716210603713989, 0.4600348174571991, 0.3031274080276489, 0.45275557041168213]
[0.5615570545196533, 0.5687050223350525, 0.4355868399143219, 0.28853753209114075, 0.5460726618766785]
[0.5271120667457581, 0.5668232440948486, 0.437934935092926, 0.3210732936859131, 0.5080141425132751]
[0.5520011782646179, 0.5734408497810364, 0.40933799743652344, 0.25783491134643555, 0.5651119947433472]
[0.4742298424243927, 0.5673439502716064, 0.4327492117881775, 0.32441553473472595, 0.4884375333786011]
[0.4451974928379059, 0.5501697063446045, 0.4880046248435974, 0.3381611406803131, 0.4701526165008545]
[0.4910370707511902, 0.5602428913116455, 0.48516422510147095, 0.3106986880302429, 0.5053101181983948]
[0.3934610188007355, 0.549528956413269, 0.487640917301178, 0.35778266191482544, 0.41253557801246643]
[0.5139817595481873, 0.5820724368095398, 0.4303119480609894, 0.2861661911010742, 0.507911205291748]
[0.5062474012374878, 0.5605959892272949, 0.48604050278663635, 0.4033064842224121, 0.569754958152771]
[0.49519604444503784, 0.5639629364013672, 0.45804497599601746, 0.32058411836624146, 0.5052490830421448]
[0.37438493967056274, 0.5591949820518494, 0.46782493591308594, 0.32097384333610535, 0.44646668434143066]
[0.37641915678977966, 0.5664381384849548, 0.4662780463695526, 0.29434677958488464, 0.457119882106781]
[0.48484328389167786, 0.5509376525878906, 0.45994478464126587, 0.33962827920913696, 0.5063813924789429]
[0.4457249641418457, 0.5301992893218994, 0.521816074848175, 0.38598719239234924, 0.4737005829811096]
[0.5810330510139465, 0.5751503705978394, 0.40707698464393616, 0.25913575291633606, 0.5462378263473511]
[0.5491952300071716, 0.5918990969657898, 0.42066478729248047, 0.26386961340904236, 0.5615143775939941]
[0.5756975412368774, 0.5524188280105591, 0.3892061412334442, 0.2860719859600067, 0.5741158127784729]
[0.5411458611488342, 0.5716800689697266, 0.44932320713996887, 0.29320892691612244, 0.5280211567878723]
[0.529108464717865, 0.5549535751342773, 0.4076635539531708, 0.2654283046722412, 0.5219779014587402]
[0.5407552123069763, 0.5605876445770264, 0.423157662153244, 0.26395946741104126, 0.5733428597450256]
[0.5217838883399963, 0.577545166015625, 0.43508169054985046, 0.2948962152004242, 0.5382241606712341]
[0.4884064793586731, 0.5479335188865662, 0.4509626030921936, 0.3179173767566681, 0.4916456341743469]
[0.6056132316589355, 0.5666320323944092, 0.3739575743675232, 0.21450865268707275, 0.6035233736038208]
[0.43341246247291565, 0.5353469848632812, 0.46223920583724976, 0.36083662509918213, 0.4397881031036377]
[0.4691339135169983, 0.5627540946006775, 0.4535311460494995, 0.32452651858329773, 0.5172091126441956]
[0.39960595965385437, 0.549737274646759, 0.44828295707702637, 0.28133392333984375, 0.45257148146629333]
[0.5002849698066711, 0.5539899468421936, 0.47478610277175903, 0.30772900581359863, 0.5012087821960449]
[0.4696716368198395, 0.5549660325050354, 0.4583151936531067, 0.33449068665504456, 0.5066695213317871]
[0.5719298124313354, 0.574706494808197, 0.4155891239643097, 0.26259392499923706, 0.5612769722938538]
[0.47885146737098694, 0.5797443985939026, 0.49268925189971924, 0.35849788784980774, 0.516609787940979]
[0.5596364736557007, 0.5134706497192383, 0.49268901348114014, 0.38217270374298096, 0.5763999819755554]
[0.4739043712615967, 0.5636886358261108, 0.4565882980823517, 0.33089613914489746, 0.49986883997917175]
[0.44788774847984314, 0.556611180305481, 0.4671255052089691, 0.317950576543808, 0.4563257098197937]
[0.49009355902671814, 0.5805280208587646, 0.4388192892074585, 0.2948305606842041, 0.5062285661697388]
[0.5968000292778015, 0.5864287614822388, 0.37880739569664, 0.2252451777458191, 0.5902309417724609]
[0.46209973096847534, 0.560062825679779, 0.42035165429115295, 0.27489611506462097, 0.4754510223865509]
[0.5570031404495239, 0.5926124453544617, 0.3975205719470978, 0.24465450644493103, 0.5746036171913147]
[0.4680594205856323, 0.5576207637786865, 0.48215800523757935, 0.304982990026474, 0.4296763241291046]
[0.5502533316612244, 0.5312448740005493, 0.41978147625923157, 0.28317323327064514, 0.554564893245697]
[0.49189096689224243, 0.5765928626060486, 0.4524042308330536, 0.2886476218700409, 0.4925834834575653]
[0.48269179463386536, 0.5888040065765381, 0.4280531108379364, 0.2839387357234955, 0.5096020102500916]
[0.5372524857521057, 0.5901410579681396, 0.4107074737548828, 0.27568405866622925, 0.5237370729446411]
[0.5098044872283936, 0.5467864871025085, 0.46479448676109314, 0.33848506212234497, 0.5120126008987427]
[0.4261016249656677, 0.5824618339538574, 0.4461616277694702, 0.3289012610912323, 0.4596844017505646]
[0.49921563267707825, 0.5701064467430115, 0.4377228319644928, 0.29787296056747437, 0.5074798464775085]
[0.5095200538635254, 0.5476440787315369, 0.4635677635669708, 0.3155720829963684, 0.5072329640388489]
[0.4487622082233429, 0.5716210603713989, 0.4600348174571991, 0.3031274080276489, 0.45275557041168213]
[0.4930056929588318, 0.5575663447380066, 0.454795777797699, 0.33316823840141296, 0.5257356762886047]
[0.4861876666545868, 0.5658689141273499, 0.43680456280708313, 0.300636351108551, 0.497599720954895]
[0.5218393802642822, 0.5268610119819641, 0.4885016977787018, 0.34246042370796204, 0.5214826464653015]
[0.6063321828842163, 0.5468748807907104, 0.40111422538757324, 0.23508822917938232, 0.603247880935669]
[0.4182419180870056, 0.5277003645896912, 0.48410072922706604, 0.37184399366378784, 0.4542756974697113]
[0.5181610584259033, 0.5488247275352478, 0.44138386845588684, 0.29600727558135986, 0.49320724606513977]
[0.5865292549133301, 0.5710279941558838, 0.42662686109542847, 0.2616880536079407, 0.5656492114067078]
[0.4487622082233429, 0.5716210603713989, 0.4600348174571991, 0.3031274080276489, 0.45275557041168213]
[0.47891855239868164, 0.5679469108581543, 0.44901180267333984, 0.3162059783935547, 0.5036393404006958]
[0.46457284688949585, 0.5544744729995728, 0.4649551808834076, 0.34670254588127136, 0.5028186440467834]
[0.5766294598579407, 0.5768774747848511, 0.40151965618133545, 0.24872516095638275, 0.568670392036438]
[0.47336462140083313, 0.5705981850624084, 0.4416447877883911, 0.2962402403354645, 0.5234404802322388]
[0.4928475320339203, 0.5519443154335022, 0.4364486336708069, 0.29913684725761414, 0.5302801132202148]
[0.5736457109451294, 0.5851656198501587, 0.39656203985214233, 0.2557079493999481, 0.5688008666038513]
[0.3990112245082855, 0.5639654397964478, 0.4696190655231476, 0.32170477509498596, 0.4723699390888214]
[0.44007715582847595, 0.5641674995422363, 0.4648304879665375, 0.30214813351631165, 0.4808889627456665]
[0.4961891770362854, 0.5834065079689026, 0.43182605504989624, 0.2987162470817566, 0.5320134162902832]
[0.46992871165275574, 0.5677937269210815, 0.44486695528030396, 0.29922816157341003, 0.5164880156517029]
[0.5318465828895569, 0.5293827056884766, 0.46464839577674866, 0.31840184330940247, 0.5522278547286987]
[0.5111846923828125, 0.5723328590393066, 0.43217694759368896, 0.30443182587623596, 0.5230934619903564]
[0.5213413834571838, 0.5352798104286194, 0.45444050431251526, 0.270662397146225, 0.5096136927604675]
[0.49302491545677185, 0.5826252698898315, 0.4389916956424713, 0.2784874439239502, 0.5348485708236694]
[0.48181748390197754, 0.5620772838592529, 0.45603883266448975, 0.3286529779434204, 0.4924805760383606]
[0.475288063287735, 0.559984028339386, 0.4654996991157532, 0.33888834714889526, 0.511561930179596]
[0.48856043815612793, 0.5614762306213379, 0.43503254652023315, 0.311683714389801, 0.5068082809448242]
[0.4954266846179962, 0.592058002948761, 0.424973726272583, 0.28069716691970825, 0.5260821580886841]
[0.47328823804855347, 0.5795074105262756, 0.4390750527381897, 0.2996267080307007, 0.511712908744812]
[0.4633667469024658, 0.5516854524612427, 0.4742504358291626, 0.32306617498397827, 0.5087964534759521]
[0.5320792198181152, 0.572940468788147, 0.4235684871673584, 0.29600852727890015, 0.5400502681732178]
[0.5368027091026306, 0.543276309967041, 0.44499245285987854, 0.2993801534175873, 0.512828528881073]
[0.5439003109931946, 0.5855778455734253, 0.42417702078819275, 0.2724738121032715, 0.559161901473999]
[0.3846001923084259, 0.5604209899902344, 0.437310129404068, 0.31063228845596313, 0.46695971488952637]
[0.4511200487613678, 0.5726906657218933, 0.45486342906951904, 0.3106975853443146, 0.49324047565460205]
[0.5013487935066223, 0.5705337524414062, 0.4457854926586151, 0.3168899416923523, 0.5169283151626587]
[0.5222982168197632, 0.5749791860580444, 0.43428486585617065, 0.28142544627189636, 0.5492972731590271]
[0.45440927147865295, 0.5557112693786621, 0.4461786448955536, 0.301624596118927, 0.47191041707992554]
