1
《静安，再见……》国务院将于近日正式批复上海市《关于撤消静安区建制将原静安区行政区域拆分划入长宁区和黄浦区的请示》，同意自2013年1月起撤消上海市静安区，以富民路--常德路为界线，其西面整体并入上海市长宁区；其东面整体并入...
[0.4870593845844269, 0.5090002417564392, 0.5162250995635986, 0.44300809502601624, 0.5168764591217041]
[0.44037726521492004, 0.5258581638336182, 0.4747186005115509, 0.2936512529850006, 0.4845910370349884]
[0.5302098989486694, 0.5793648958206177, 0.40901434421539307, 0.2694797217845917, 0.5039346814155579]
[0.4599563777446747, 0.5541073679924011, 0.46181443333625793, 0.31790992617607117, 0.4826948344707489]
[0.45668020844459534, 0.5793007016181946, 0.4271065592765808, 0.27879613637924194, 0.5209317803382874]
[0.5708593726158142, 0.5666177272796631, 0.40925121307373047, 0.2809031307697296, 0.5418026447296143]
[0.5382272601127625, 0.5922936797142029, 0.4233759343624115, 0.26939302682876587, 0.5544417500495911]
[0.4662303328514099, 0.5784671902656555, 0.43568071722984314, 0.2969668209552765, 0.5072593688964844]
[0.5042906999588013, 0.5543933510780334, 0.47942113876342773, 0.3393244743347168, 0.5175535082817078]
[0.5301743149757385, 0.6006244421005249, 0.4329387843608856, 0.2648988962173462, 0.5391581058502197]
[0.446255624294281, 0.5699106454849243, 0.4609461724758148, 0.32290613651275635, 0.4636751115322113]
[0.5204159021377563, 0.587453305721283, 0.4159921407699585, 0.2774442434310913, 0.5190230011940002]
[0.42418205738067627, 0.5240479111671448, 0.5116548538208008, 0.35670387744903564, 0.4590544104576111]
[0.5019112229347229, 0.5571406483650208, 0.4061111807823181, 0.2690158188343048, 0.496489554643631]
[0.5107852220535278, 0.5862095952033997, 0.43935728073120117, 0.2828480303287506, 0.5139942765235901]
[0.5190988183021545, 0.561855673789978, 0.40736767649650574, 0.2710740566253662, 0.5433818101882935]
[0.5132729411125183, 0.5876196026802063, 0.43595239520072937, 0.28052112460136414, 0.5276697278022766]
[0.490949809551239, 0.5953261852264404, 0.44673141837120056, 0.28734809160232544, 0.4994197189807892]
[0.49242594838142395, 0.5665259957313538, 0.4273543953895569, 0.3160758912563324, 0.5072874426841736]
[0.5751851797103882, 0.5506292581558228, 0.4109358489513397, 0.2563835084438324, 0.5879974365234375]
[0.472859650850296, 0.5626650452613831, 0.43758025765419006, 0.3298702836036682, 0.49848800897598267]
[0.44690558314323425, 0.5775446891784668, 0.46491971611976624, 0.31169694662094116, 0.503681480884552]
[0.5310723185539246, 0.5956569910049438, 0.40604594349861145, 0.26164230704307556, 0.5412033200263977]
[0.4338262379169464, 0.5890656113624573, 0.43810203671455383, 0.28118017315864563, 0.49878814816474915]
[0.4931153357028961, 0.5854186415672302, 0.4262172281742096, 0.2868960499763489, 0.5139179229736328]
[0.5465087890625, 0.5739197134971619, 0.452813059091568, 0.2918921709060669, 0.5275917053222656]
[0.43928033113479614, 0.5755216479301453, 0.43812182545661926, 0.28464990854263306, 0.4676651954650879]
[0.5093598961830139, 0.5657261610031128, 0.4274260103702545, 0.3028637170791626, 0.5143060088157654]
[0.49335211515426636, 0.5579981207847595, 0.45356032252311707, 0.356252521276474, 0.4801803231239319]
[0.47375577688217163, 0.568479061126709, 0.4410037696361542, 0.29174816608428955, 0.5187310576438904]
[0.4596019685268402, 0.5260429978370667, 0.506621778011322, 0.4123649299144745, 0.4869876205921173]
[0.4376242756843567, 0.5684502124786377, 0.44510382413864136, 0.346173495054245, 0.4843609631061554]
[0.5299102067947388, 0.5822083950042725, 0.4422912001609802, 0.3109288513660431, 0.5346887111663818]
[0.3912881016731262, 0.5508232116699219, 0.49293023347854614, 0.3275073170661926, 0.4733521044254303]
[0.42801523208618164, 0.5679531097412109, 0.4388096332550049, 0.27795296907424927, 0.49561986327171326]
[0.5260822772979736, 0.5728166699409485, 0.4641804099082947, 0.29554328322410583, 0.5290613174438477]
[0.3922780156135559, 0.5525395274162292, 0.42716795206069946, 0.28561854362487793, 0.4421968162059784]
[0.4640219211578369, 0.5123921036720276, 0.5002902150154114, 0.3656878173351288, 0.46890273690223694]
[0.4487622082233429, 0.5716210603713989, 0.4600348174571991, 0.3031274080276489, 0.45275557041168213]
[0.5082021355628967, 0.5723297595977783, 0.42938897013664246, 0.31027838587760925, 0.5120187401771545]
[0.5306317210197449, 0.6074514985084534, 0.4270767867565155, 0.2711300849914551, 0.5435031652450562]
[0.534452497959137, 0.5719819068908691, 0.4023054540157318, 0.2747417390346527, 0.5275037884712219]
[0.5127440690994263, 0.5840815901756287, 0.4323195219039917, 0.3101198673248291, 0.5152663588523865]
[0.5128697156906128, 0.5749920010566711, 0.44485384225845337, 0.3138752281665802, 0.5258791446685791]
[0.4832140803337097, 0.5586767196655273, 0.45734524726867676, 0.3199109137058258, 0.5147872567176819]
[0.5218995809555054, 0.5817351341247559, 0.42246872186660767, 0.29664286971092224, 0.53789883852005]
[0.4408818483352661, 0.571422815322876, 0.44535449147224426, 0.314982533454895, 0.4627426564693451]
[0.5587348341941833, 0.564701497554779, 0.4336770474910736, 0.2798975706100464, 0.5293330550193787]
[0.5112313628196716, 0.5655312538146973, 0.4428153336048126, 0.27111878991127014, 0.5226981043815613]
[0.5022929310798645, 0.5631781816482544, 0.4918299913406372, 0.32064661383628845, 0.48996686935424805]
[0.4573955535888672, 0.5682139992713928, 0.45312193036079407, 0.31101375818252563, 0.528250515460968]
[0.5488114356994629, 0.5447016954421997, 0.44123491644859314, 0.29086509346961975, 0.5599117279052734]
[0.5446112751960754, 0.5819597244262695, 0.41112107038497925, 0.2870100140571594, 0.5609973073005676]
[0.49536243081092834, 0.5798397064208984, 0.4503317177295685, 0.3095439374446869, 0.514641284942627]
[0.4487622082233429, 0.5716210603713989, 0.4600348174571991, 0.3031274080276489, 0.45275557041168213]
[0.6063550710678101, 0.5796631574630737, 0.3782810568809509, 0.22720149159431458, 0.6101977229118347]
[0.5096207857131958, 0.5811704993247986, 0.4293414056301117, 0.28276389837265015, 0.5377154350280762]
[0.5031175017356873, 0.6054375767707825, 0.42637893557548523, 0.27285298705101013, 0.5391915440559387]
[0.49365660548210144, 0.5629381537437439, 0.4376809000968933, 0.31342998147010803, 0.5140169858932495]
[0.51432865858078, 0.5917609333992004, 0.4397432804107666, 0.2916463017463684, 0.5267377495765686]
[0.4113008379936218, 0.5874296426773071, 0.4493573307991028, 0.29271313548088074, 0.4850918650627136]
[0.44430601596832275, 0.5587944984436035, 0.44278448820114136, 0.30538949370384216, 0.47824186086654663]
[0.5200393795967102, 0.5744361281394958, 0.4381024241447449, 0.3008952736854553, 0.5445422530174255]
[0.46480587124824524, 0.5684124827384949, 0.4442272484302521, 0.3001892864704132, 0.5008976459503174]
[0.527854323387146, 0.5857251286506653, 0.42558375000953674, 0.27191784977912903, 0.5264109373092651]
[0.48285773396492004, 0.57231205701828, 0.42696213722229004, 0.285565048456192, 0.5108834505081177]
[0.5035197734832764, 0.5545527935028076, 0.48565998673439026, 0.34486863017082214, 0.49576249718666077]
[0.5382272601127625, 0.5922936797142029, 0.4233759343624115, 0.26939302682876587, 0.5544417500495911]
[0.4487622082233429, 0.5716210603713989, 0.4600348174571991, 0.3031274080276489, 0.45275557041168213]
[0.4447879493236542, 0.571282148361206, 0.45146170258522034, 0.3099617063999176, 0.4925670027732849]
[0.5024106502532959, 0.5691310167312622, 0.42869651317596436, 0.2977098524570465, 0.5070083141326904]
[0.5203184485435486, 0.552825927734375, 0.4212415814399719, 0.28908571600914, 0.5533428192138672]
[0.448494553565979, 0.5836855173110962, 0.4600067734718323, 0.28166964650154114, 0.4710472822189331]
[0.4662303328514099, 0.5784671902656555, 0.43568071722984314, 0.2969668209552765, 0.5072593688964844]
[0.5829922556877136, 0.539146900177002, 0.408978134393692, 0.2580941915512085, 0.5765628814697266]
[0.5080538392066956, 0.6004902124404907, 0.43776842951774597, 0.2766224443912506, 0.5183314681053162]
[0.47930794954299927, 0.5869513750076294, 0.4401590824127197, 0.30185166001319885, 0.5133289694786072]
[0.42135095596313477, 0.5505507588386536, 0.4616636633872986, 0.31409478187561035, 0.4772237241268158]
[0.44380122423171997, 0.5816741585731506, 0.4600735306739807, 0.2937505841255188, 0.4875987470149994]
[0.5450495481491089, 0.5860896706581116, 0.40990254282951355, 0.26568761467933655, 0.5357760190963745]
[0.571850597858429, 0.5914769172668457, 0.42240098118782043, 0.2620927095413208, 0.5762933492660522]
[0.47815534472465515, 0.5764158964157104, 0.453395813703537, 0.3021741509437561, 0.528981626033783]
[0.5538169741630554, 0.5757541060447693, 0.4015103578567505, 0.2703838646411896, 0.567816972732544]
[0.5125215649604797, 0.565287709236145, 0.4422300159931183, 0.2726868689060211, 0.5108897089958191]
[0.5276769399642944, 0.536395251750946, 0.48320716619491577, 0.3087463974952698, 0.522709310054779]
[0.40925922989845276, 0.5531423687934875, 0.45497259497642517, 0.2894960641860962, 0.4672488272190094]
[0.4739251434803009, 0.5637128353118896, 0.4903869330883026, 0.3597632348537445, 0.4913351237773895]
[0.44634905457496643, 0.5680143237113953, 0.5272985696792603, 0.38229164481163025, 0.5033380389213562]
[0.517720639705658, 0.5805609822273254, 0.40880295634269714, 0.2833262085914612, 0.5357288122177124]
[0.5101811289787292, 0.5468475818634033, 0.466025710105896, 0.3117702007293701, 0.5087498426437378]
[0.4860394299030304, 0.5862255096435547, 0.44214126467704773, 0.2870691418647766, 0.5012277960777283]
[0.44959449768066406, 0.569405198097229, 0.4337679147720337, 0.3282259702682495, 0.467271625995636]
[0.5069563984870911, 0.6009092926979065, 0.4196387827396393, 0.2510302662849426, 0.5329324007034302]
[0.4828759431838989, 0.5588443279266357, 0.43897780776023865, 0.3072943687438965, 0.4904302954673767]
[0.5002394318580627, 0.5412919521331787, 0.4315829873085022, 0.31373023986816406, 0.5155580639839172]
[0.460504949092865, 0.5914750695228577, 0.43797796964645386, 0.2785080075263977, 0.5032483339309692]
[0.5129134058952332, 0.5861505270004272, 0.41989707946777344, 0.29168176651000977, 0.5132375359535217]
[0.511162519454956, 0.5727358460426331, 0.42070335149765015, 0.27451708912849426, 0.5383922457695007]
[0.5295770168304443, 0.5509786605834961, 0.42003491520881653, 0.3179600238800049, 0.5316876173019409]
[0.527068555355072, 0.5812504887580872, 0.41144201159477234, 0.28170499205589294, 0.5288856625556946]
[0.5730956792831421, 0.5709966421127319, 0.4470737874507904, 0.290766179561615, 0.5442869663238525]
