1
【喝易拉罐一定要吸管】一妇女喝了罐饮料，被送进医院，离开了世界。验尸死于於细螺旋体病，追踪她喝的饮料，是直接用罐对嘴饮用。实验证明罐头受到鼠尿感染细螺旋体病毒。鼠尿含有毒性和致命物质。因罐头运输过程没有清洗的。研究显示罐上面的毒菌很多，请转给你关心的朋友。
[0.4997032880783081, 0.5297641754150391, 0.5197634100914001, 0.3910925090312958, 0.559228241443634]
[0.5055640339851379, 0.577068030834198, 0.43475833535194397, 0.3031744360923767, 0.5238848924636841]
[0.4422379434108734, 0.5572744607925415, 0.4467289447784424, 0.3235200047492981, 0.47344744205474854]
[0.42441490292549133, 0.5676126480102539, 0.4618966281414032, 0.3119684159755707, 0.45158058404922485]
[0.46633243560791016, 0.5532874464988708, 0.4510018825531006, 0.29785406589508057, 0.5261110067367554]
[0.4902878701686859, 0.5872506499290466, 0.41550931334495544, 0.2686893045902252, 0.5561966896057129]
[0.5112226605415344, 0.5835253596305847, 0.42492595314979553, 0.2605832815170288, 0.5462679266929626]
[0.4397481381893158, 0.555431604385376, 0.49079629778862, 0.32576608657836914, 0.5227346420288086]
[0.48891523480415344, 0.5986390709877014, 0.4251663088798523, 0.2733253836631775, 0.5165185332298279]
[0.4978540539741516, 0.5789880156517029, 0.42222076654434204, 0.2848609983921051, 0.5371579527854919]
[0.3986692726612091, 0.5270440578460693, 0.4823256731033325, 0.3818637728691101, 0.4532337486743927]
[0.5371215343475342, 0.5698797106742859, 0.43201330304145813, 0.2831347584724426, 0.5698839426040649]
[0.5282442569732666, 0.5579237341880798, 0.42570003867149353, 0.2943420112133026, 0.5453822612762451]
[0.4692816138267517, 0.5687397718429565, 0.4593594968318939, 0.324157178401947, 0.5049819946289062]
[0.566582202911377, 0.5827404856681824, 0.4098513424396515, 0.2665248513221741, 0.539341151714325]
[0.46842190623283386, 0.5804670453071594, 0.43650028109550476, 0.30999377369880676, 0.4927496314048767]
[0.4886587858200073, 0.5608125329017639, 0.46018514037132263, 0.32054048776626587, 0.47232338786125183]
[0.44600585103034973, 0.5552101731300354, 0.43426793813705444, 0.3242329955101013, 0.5149886608123779]
[0.4846392869949341, 0.56751549243927, 0.44343772530555725, 0.2873031198978424, 0.5273898243904114]
[0.5037314295768738, 0.5705191493034363, 0.40644481778144836, 0.2741977274417877, 0.5260543823242188]
[0.5185933113098145, 0.5886591672897339, 0.41420748829841614, 0.28358691930770874, 0.5321028828620911]
[0.5184125304222107, 0.588534951210022, 0.41047218441963196, 0.2603113055229187, 0.5615993142127991]
[0.5054153800010681, 0.5351410508155823, 0.47220709919929504, 0.3788781464099884, 0.5103185772895813]
[0.5339189767837524, 0.6071274876594543, 0.4043140709400177, 0.2590814530849457, 0.5242906808853149]
[0.5151761174201965, 0.5878428220748901, 0.42387694120407104, 0.27509409189224243, 0.5351584553718567]
[0.5223125219345093, 0.5582751631736755, 0.4382531940937042, 0.2856717109680176, 0.5525223612785339]
[0.4860062599182129, 0.5847538113594055, 0.42435747385025024, 0.25989794731140137, 0.5238702297210693]
[0.4626835882663727, 0.5451318025588989, 0.44269663095474243, 0.3111293613910675, 0.48711255192756653]
[0.38128283619880676, 0.5690225958824158, 0.439844012260437, 0.2889440059661865, 0.453940212726593]
[0.4264591336250305, 0.5338598489761353, 0.4912681579589844, 0.4253488779067993, 0.4570632576942444]
[0.539556622505188, 0.5715318918228149, 0.4143029749393463, 0.2577894628047943, 0.5729405283927917]
[0.5354865789413452, 0.5888907313346863, 0.41922876238822937, 0.2605830132961273, 0.5253303050994873]
[0.531387209892273, 0.5706642270088196, 0.41277968883514404, 0.2840149700641632, 0.5118987560272217]
[0.5215883255004883, 0.578480064868927, 0.43718409538269043, 0.2789415419101715, 0.5448265075683594]
[0.3942023813724518, 0.5691484808921814, 0.44957002997398376, 0.3227390646934509, 0.4395269751548767]
[0.4908693730831146, 0.5557911992073059, 0.4284784197807312, 0.3315189480781555, 0.4981926679611206]
[0.48531344532966614, 0.5554599165916443, 0.47272568941116333, 0.3234151005744934, 0.54618239402771]
[0.5343906283378601, 0.6031995415687561, 0.41308704018592834, 0.25599560141563416, 0.5522331595420837]
[0.4918617606163025, 0.5732247829437256, 0.4346417188644409, 0.3083370327949524, 0.5253624320030212]
[0.4593087434768677, 0.5804238319396973, 0.42851412296295166, 0.27434155344963074, 0.49983900785446167]
[0.5751851797103882, 0.5506292581558228, 0.4109358489513397, 0.2563835084438324, 0.5879974365234375]
[0.4925442039966583, 0.5737985372543335, 0.41926199197769165, 0.27706921100616455, 0.5323632955551147]
[0.5325873494148254, 0.5880876183509827, 0.42129048705101013, 0.2533036768436432, 0.5475322008132935]
[0.5398051142692566, 0.5596045255661011, 0.4390178322792053, 0.2616354525089264, 0.5455707907676697]
[0.48096540570259094, 0.565377950668335, 0.476192444562912, 0.31752416491508484, 0.5148512125015259]
[0.55463045835495, 0.5841764211654663, 0.4032229483127594, 0.25088566541671753, 0.5732347369194031]
[0.5438017845153809, 0.5942021012306213, 0.41521143913269043, 0.26803213357925415, 0.5571514964103699]
[0.45527535676956177, 0.5436291694641113, 0.4566976726055145, 0.3247576653957367, 0.5164167284965515]
[0.4977266788482666, 0.5800551772117615, 0.4231647849082947, 0.27685466408729553, 0.5367299914360046]
[0.5207555294036865, 0.5824245810508728, 0.4304741621017456, 0.27471408247947693, 0.5381288528442383]
[0.5189369916915894, 0.559425413608551, 0.4185302257537842, 0.31558340787887573, 0.5330398082733154]
[0.5203922986984253, 0.5953152775764465, 0.43435564637184143, 0.287413090467453, 0.5223484635353088]
[0.483615517616272, 0.5426000952720642, 0.4467795789241791, 0.31760624051094055, 0.5104289054870605]
[0.416271448135376, 0.5763152837753296, 0.4356174170970917, 0.290353387594223, 0.4663355350494385]
[0.6170532703399658, 0.5733469128608704, 0.3637846112251282, 0.23596981167793274, 0.604293167591095]
[0.38128283619880676, 0.5690225958824158, 0.439844012260437, 0.2889440059661865, 0.453940212726593]
[0.5210915207862854, 0.48795458674430847, 0.515888512134552, 0.4475017786026001, 0.5415944457054138]
[0.49581149220466614, 0.5542218089103699, 0.42186301946640015, 0.28877100348472595, 0.4924526512622833]
[0.5223739743232727, 0.5865678191184998, 0.43174853920936584, 0.2673545181751251, 0.5313916206359863]
[0.43926525115966797, 0.575965404510498, 0.45040929317474365, 0.31602543592453003, 0.47797372937202454]
[0.5017547011375427, 0.5751833915710449, 0.4440624415874481, 0.3001372814178467, 0.5289412140846252]
[0.5298077464103699, 0.5928977727890015, 0.4256591498851776, 0.28714707493782043, 0.5272103548049927]
[0.5064808130264282, 0.5936574935913086, 0.4462204575538635, 0.26904794573783875, 0.5423072576522827]
[0.524421751499176, 0.5815172791481018, 0.4004087448120117, 0.2783149778842926, 0.5361760258674622]
[0.3948339819908142, 0.5564832091331482, 0.45417141914367676, 0.35143330693244934, 0.44215238094329834]
[0.47645121812820435, 0.569949209690094, 0.4392620623111725, 0.27814215421676636, 0.5234672427177429]
[0.5134949684143066, 0.5740839242935181, 0.41555550694465637, 0.28590723872184753, 0.5355734825134277]
[0.5014306902885437, 0.5736264586448669, 0.4398205578327179, 0.29454195499420166, 0.5280869007110596]
[0.440631240606308, 0.5496763586997986, 0.46326345205307007, 0.3485147953033447, 0.49780479073524475]
[0.3883354961872101, 0.5300902128219604, 0.5265061855316162, 0.41909152269363403, 0.4432336390018463]
[0.5513637065887451, 0.5676605105400085, 0.42054426670074463, 0.2616389989852905, 0.5531972646713257]
[0.4997032880783081, 0.5297641754150391, 0.5197634100914001, 0.3910925090312958, 0.559228241443634]
[0.4394787549972534, 0.5385963916778564, 0.47222384810447693, 0.290536105632782, 0.4551392197608948]
[0.4397481381893158, 0.555431604385376, 0.49079629778862, 0.32576608657836914, 0.5227346420288086]
[0.4912090003490448, 0.5764576196670532, 0.4296776056289673, 0.3049226403236389, 0.5250953435897827]
[0.5185933113098145, 0.5886591672897339, 0.41420748829841614, 0.28358691930770874, 0.5321028828620911]
[0.5521664619445801, 0.5743646025657654, 0.4103759825229645, 0.29874464869499207, 0.5570415258407593]
[0.5323512554168701, 0.584684431552887, 0.4181897044181824, 0.2658814489841461, 0.5427478551864624]
[0.6087119579315186, 0.5435765385627747, 0.4042420983314514, 0.23874515295028687, 0.5984121561050415]
[0.4212151765823364, 0.5515726208686829, 0.4658547341823578, 0.3743179738521576, 0.46109381318092346]
[0.46171826124191284, 0.5792789459228516, 0.43237099051475525, 0.29670119285583496, 0.5232767462730408]
[0.45449987053871155, 0.5494709610939026, 0.4592304229736328, 0.33167845010757446, 0.4730542302131653]
[0.5118864178657532, 0.5936478972434998, 0.4315533936023712, 0.26231837272644043, 0.5512163043022156]
[0.46692270040512085, 0.5845559239387512, 0.4619232714176178, 0.31907734274864197, 0.5209257006645203]
[0.45232340693473816, 0.5658886432647705, 0.43359148502349854, 0.2967012822628021, 0.49846234917640686]
[0.48634618520736694, 0.5365083813667297, 0.47141969203948975, 0.31558889150619507, 0.5227953791618347]
[0.46396327018737793, 0.5718359351158142, 0.4478537142276764, 0.2780151665210724, 0.5199784636497498]
[0.5313976407051086, 0.5844730734825134, 0.4327762722969055, 0.26181694865226746, 0.5689494013786316]
[0.48716187477111816, 0.585250973701477, 0.4232970178127289, 0.2700643539428711, 0.49718955159187317]
[0.4422042667865753, 0.5517250299453735, 0.4306288957595825, 0.3033866882324219, 0.4873087704181671]
[0.628428041934967, 0.5713688135147095, 0.3645137846469879, 0.2400970309972763, 0.6070825457572937]
[0.43632081151008606, 0.5828585028648376, 0.4200717508792877, 0.2838892340660095, 0.49373185634613037]
[0.5169965028762817, 0.5578269958496094, 0.4181308448314667, 0.28068920969963074, 0.5149456858634949]
[0.5149213075637817, 0.5745115280151367, 0.4294396936893463, 0.2818833291530609, 0.5206738114356995]
[0.4926501214504242, 0.5752794146537781, 0.43439847230911255, 0.3113299310207367, 0.5103510618209839]
[0.5028166770935059, 0.5403212308883667, 0.4834674000740051, 0.36074766516685486, 0.5457112789154053]
[0.5058457255363464, 0.5925087928771973, 0.42644187808036804, 0.2589656710624695, 0.5405377149581909]
[0.4926501214504242, 0.5752794146537781, 0.43439847230911255, 0.3113299310207367, 0.5103510618209839]
[0.5325873494148254, 0.5880876183509827, 0.42129048705101013, 0.2533036768436432, 0.5475322008132935]
[0.5021044611930847, 0.5656471252441406, 0.4280461072921753, 0.2780913710594177, 0.5216933488845825]
[0.40423986315727234, 0.5826213359832764, 0.43145158886909485, 0.28279387950897217, 0.4788796603679657]
