1
电视台请一抗日老英雄做节目，主持人问：当年您为什么要打鬼子？ 老人说：当年小鬼子在我家乡烧杀抢掠。主持人又问：那您老现在最大的心愿是什么？老人答：我想有一把枪，把我们书记乡长毙了，他们比小鬼子还祸害人......
[0.5094327926635742, 0.5261213183403015, 0.49964988231658936, 0.3841135501861572, 0.5369120836257935]
[0.42833924293518066, 0.5485308170318604, 0.4652544856071472, 0.28906720876693726, 0.47039318084716797]
[0.4538482427597046, 0.5733786821365356, 0.44722479581832886, 0.3179926872253418, 0.4928654730319977]
[0.46143147349357605, 0.5611814856529236, 0.44667965173721313, 0.30726805329322815, 0.48973047733306885]
[0.4389042258262634, 0.5795813798904419, 0.4217894375324249, 0.29665982723236084, 0.4961722791194916]
[0.5620918869972229, 0.5763702392578125, 0.4294183850288391, 0.275214284658432, 0.5571975708007812]
[0.44577309489250183, 0.5648671984672546, 0.4536984860897064, 0.2888329029083252, 0.4904114902019501]
[0.4636320173740387, 0.5653852224349976, 0.4550972878932953, 0.3128107190132141, 0.494952529668808]
[0.4068181812763214, 0.5478104948997498, 0.4859510660171509, 0.3581610918045044, 0.45479825139045715]
[0.4136631190776825, 0.5687209963798523, 0.43799546360969543, 0.29083913564682007, 0.4859534502029419]
[0.4609202742576599, 0.5461370944976807, 0.48218831419944763, 0.32699140906333923, 0.4856399893760681]
[0.4326402544975281, 0.5524847507476807, 0.47753047943115234, 0.34403350949287415, 0.48706498742103577]
[0.5015885233879089, 0.5626401305198669, 0.43875959515571594, 0.3078077733516693, 0.5287513732910156]
[0.5397567749023438, 0.5978968143463135, 0.41773080825805664, 0.2651621997356415, 0.5507659316062927]
[0.4356047213077545, 0.5444939136505127, 0.44191914796829224, 0.3241402506828308, 0.46031928062438965]
[0.3898865580558777, 0.5769188404083252, 0.4671444296836853, 0.3142252564430237, 0.45768409967422485]
[0.49796512722969055, 0.5802550315856934, 0.43129968643188477, 0.2893325388431549, 0.5036863088607788]
[0.508831262588501, 0.5831599831581116, 0.4445125460624695, 0.26795127987861633, 0.545348584651947]
[0.4596456289291382, 0.5569459199905396, 0.450117290019989, 0.30596497654914856, 0.46900513768196106]
[0.4709349572658539, 0.5809682607650757, 0.4337324798107147, 0.2820696234703064, 0.4779854416847229]
[0.4035619795322418, 0.5630075931549072, 0.43835076689720154, 0.29424363374710083, 0.4609862267971039]
[0.5679420232772827, 0.5513967871665955, 0.39784273505210876, 0.27655088901519775, 0.5701196789741516]
[0.47288161516189575, 0.5449497103691101, 0.46579301357269287, 0.3361378014087677, 0.5097255110740662]
[0.535548985004425, 0.5743044018745422, 0.4219232201576233, 0.27131181955337524, 0.5345061421394348]
[0.49546095728874207, 0.585506796836853, 0.45802560448646545, 0.2801974415779114, 0.5306580662727356]
[0.5130388736724854, 0.5956966280937195, 0.421352744102478, 0.27269577980041504, 0.530960202217102]
[0.44373247027397156, 0.581433892250061, 0.42935094237327576, 0.28744617104530334, 0.49179360270500183]
[0.5226618647575378, 0.5610109567642212, 0.4374332129955292, 0.297019898891449, 0.5084503889083862]
[0.4992828071117401, 0.5469430685043335, 0.4758511185646057, 0.34351301193237305, 0.503181517124176]
[0.5518174767494202, 0.5583702325820923, 0.39877238869667053, 0.2791166603565216, 0.5821704268455505]
[0.42313939332962036, 0.5776926279067993, 0.4290674328804016, 0.28072798252105713, 0.4787101745605469]
[0.46489211916923523, 0.5570331811904907, 0.46440157294273376, 0.35420191287994385, 0.4968418478965759]
[0.4198540449142456, 0.5491041541099548, 0.4308173358440399, 0.3296411633491516, 0.46943145990371704]
[0.4344281256198883, 0.5611631274223328, 0.44388020038604736, 0.3188956081867218, 0.5014130473136902]
[0.4140152037143707, 0.5783203840255737, 0.4542328715324402, 0.30860620737075806, 0.49313831329345703]
[0.466949999332428, 0.5584545135498047, 0.4569288492202759, 0.3189132511615753, 0.5013649463653564]
[0.5206316113471985, 0.5791252255439758, 0.4397676885128021, 0.27541300654411316, 0.5473576784133911]
[0.5258539915084839, 0.5683548450469971, 0.4598044455051422, 0.3161873519420624, 0.5305676460266113]
[0.5394704341888428, 0.5835710763931274, 0.40743494033813477, 0.2612498700618744, 0.5833979249000549]
[0.4202689528465271, 0.5757107138633728, 0.4309403896331787, 0.27894097566604614, 0.466061532497406]
[0.5241608023643494, 0.5849540829658508, 0.4383174180984497, 0.2678382396697998, 0.524145245552063]
[0.5049780011177063, 0.5558367967605591, 0.4182315766811371, 0.290958970785141, 0.5386883616447449]
[0.4417475759983063, 0.5888304114341736, 0.42687979340553284, 0.27631253004074097, 0.4895620048046112]
[0.4866436719894409, 0.5908048748970032, 0.44948869943618774, 0.29816150665283203, 0.49199584126472473]
[0.4806444048881531, 0.5678986310958862, 0.4427398443222046, 0.30471599102020264, 0.5205129981040955]
[0.48379552364349365, 0.5937032699584961, 0.41920071840286255, 0.2830924987792969, 0.4925927221775055]
[0.43663641810417175, 0.5532003045082092, 0.4438067376613617, 0.30973005294799805, 0.45587456226348877]
[0.5193629860877991, 0.5856478810310364, 0.41173920035362244, 0.282301664352417, 0.5441094636917114]
[0.4079623222351074, 0.5461230874061584, 0.45261552929878235, 0.36176547408103943, 0.4595191776752472]
[0.5047335624694824, 0.5709609985351562, 0.44727304577827454, 0.3045833706855774, 0.5250312685966492]
[0.5010666847229004, 0.5547842979431152, 0.4283583164215088, 0.2863353192806244, 0.5406461954116821]
[0.562763512134552, 0.5577053427696228, 0.42203518748283386, 0.2671926021575928, 0.5815377235412598]
[0.5381549000740051, 0.5800540447235107, 0.4106622338294983, 0.2785335183143616, 0.5661978125572205]
[0.4417475759983063, 0.5888304114341736, 0.42687979340553284, 0.27631253004074097, 0.4895620048046112]
[0.45250287652015686, 0.5669074654579163, 0.4263061285018921, 0.2977597415447235, 0.49814289808273315]
[0.4488651752471924, 0.5205838084220886, 0.4725588262081146, 0.35199689865112305, 0.5150415897369385]
[0.4464178681373596, 0.5547733306884766, 0.4477890729904175, 0.30486148595809937, 0.4809938073158264]
[0.5767813920974731, 0.5964406132698059, 0.4087214171886444, 0.2364119291305542, 0.5784460306167603]
[0.4985957443714142, 0.5643195509910583, 0.4543651342391968, 0.29653847217559814, 0.530869722366333]
[0.4726642072200775, 0.5534175634384155, 0.4666039049625397, 0.31286102533340454, 0.4971024692058563]
[0.5206316113471985, 0.5791252255439758, 0.4397676885128021, 0.27541300654411316, 0.5473576784133911]
[0.4758692681789398, 0.5671343803405762, 0.4664519131183624, 0.3051452934741974, 0.4674079716205597]
[0.32210054993629456, 0.5452435612678528, 0.45042532682418823, 0.30940645933151245, 0.4222107529640198]
[0.4988870322704315, 0.5666714310646057, 0.422311395406723, 0.28979718685150146, 0.5026141405105591]
[0.3682872951030731, 0.5410106182098389, 0.43682804703712463, 0.29630130529403687, 0.4435845613479614]
[0.5363463759422302, 0.579827606678009, 0.40036287903785706, 0.2661636471748352, 0.5563455820083618]
[0.5193629860877991, 0.5856478810310364, 0.41173920035362244, 0.282301664352417, 0.5441094636917114]
[0.4381309747695923, 0.5578991770744324, 0.45392999053001404, 0.30857548117637634, 0.4653015434741974]
[0.5505877137184143, 0.5923029184341431, 0.4245118200778961, 0.2603684067726135, 0.5692824721336365]
[0.5247797966003418, 0.5976438522338867, 0.43895530700683594, 0.2624376118183136, 0.5329061150550842]
[0.5269997715950012, 0.5787315368652344, 0.4157595634460449, 0.26601874828338623, 0.5506476163864136]
[0.4932170510292053, 0.5632036924362183, 0.44580110907554626, 0.2998737096786499, 0.5150589346885681]
[0.5089350342750549, 0.5830140709877014, 0.44306203722953796, 0.3066200613975525, 0.49268174171447754]
[0.5053097605705261, 0.5797364115715027, 0.4077978730201721, 0.2696063816547394, 0.5527298450469971]
[0.562933087348938, 0.5677200555801392, 0.39569780230522156, 0.27016910910606384, 0.5471221208572388]
[0.3696037530899048, 0.5664808750152588, 0.43397605419158936, 0.3186049163341522, 0.4474957287311554]
[0.4506866931915283, 0.5864230394363403, 0.44597578048706055, 0.2806970477104187, 0.5037842392921448]
[0.4617961347103119, 0.5510728359222412, 0.43657904863357544, 0.2747054100036621, 0.5241703987121582]
[0.4685330390930176, 0.5640140771865845, 0.46041518449783325, 0.29034918546676636, 0.48666197061538696]
[0.4202689528465271, 0.5757107138633728, 0.4309403896331787, 0.27894097566604614, 0.466061532497406]
[0.4907926917076111, 0.5637834668159485, 0.4414612948894501, 0.2947947084903717, 0.49108949303627014]
[0.4816896617412567, 0.5674124360084534, 0.42999953031539917, 0.2832472324371338, 0.5292295217514038]
[0.39433547854423523, 0.5329658389091492, 0.4459996819496155, 0.2960728704929352, 0.4347030818462372]
[0.5006908774375916, 0.529105544090271, 0.44704490900039673, 0.33365127444267273, 0.5100417733192444]
[0.5368385910987854, 0.586381733417511, 0.4170019328594208, 0.27124470472335815, 0.563671886920929]
[0.48727139830589294, 0.558061957359314, 0.43757364153862, 0.28448933362960815, 0.5255504250526428]
[0.4328472316265106, 0.5587184429168701, 0.4367530345916748, 0.298483669757843, 0.4949667751789093]
[0.5487728714942932, 0.5619930028915405, 0.41368699073791504, 0.2748821973800659, 0.5641517639160156]
[0.44827356934547424, 0.5605090260505676, 0.4406246244907379, 0.30934834480285645, 0.49155330657958984]
[0.4869963824748993, 0.5878746509552002, 0.42713889479637146, 0.28224048018455505, 0.5187020897865295]
[0.5069980621337891, 0.5778563618659973, 0.4305989444255829, 0.28362220525741577, 0.5479695200920105]
[0.4879828691482544, 0.5866922736167908, 0.444342702627182, 0.30711621046066284, 0.47804373502731323]
[0.4748039245605469, 0.5810879468917847, 0.42336907982826233, 0.28957289457321167, 0.5315077900886536]
[0.4917380213737488, 0.5573267936706543, 0.4199174642562866, 0.29348284006118774, 0.5090498328208923]
[0.4869963824748993, 0.5878746509552002, 0.42713889479637146, 0.28224048018455505, 0.5187020897865295]
[0.47337445616722107, 0.5220029354095459, 0.4907163679599762, 0.36626729369163513, 0.5023994445800781]
[0.4332512319087982, 0.5769252777099609, 0.44164183735847473, 0.3007495105266571, 0.4885011315345764]
[0.4620461165904999, 0.5829278230667114, 0.42319023609161377, 0.27558663487434387, 0.5135451555252075]
[0.5491703152656555, 0.5945277214050293, 0.41214561462402344, 0.2542797327041626, 0.5476269125938416]
[0.5409878492355347, 0.5896424055099487, 0.4279109239578247, 0.2508447766304016, 0.5494008660316467]
[0.5240583419799805, 0.6031568050384521, 0.4202454388141632, 0.260699063539505, 0.5429914593696594]
