1
【敢吃大闸蟹的人，是世界上最“勇敢”的人】《壹周刊》记者把12只大闸蟹送去化验，结果发现11个样本有土霉素，6个样本有氯霉素。土霉素属“过时”抗菌素；而氯霉素属香港违禁物质，因会压抑骨髓功能，导致贫血、抵抗力下降和凝血困难问题。孕妇吃了含有土霉素的毒蟹，胎儿的骨质会变灰、变脆。
[0.45545122027397156, 0.5427554845809937, 0.5093384981155396, 0.37695103883743286, 0.5591995716094971]
[0.5426469445228577, 0.5807705521583557, 0.39560791850090027, 0.2643321454524994, 0.5617313385009766]
[0.5125868320465088, 0.5726284384727478, 0.4258474111557007, 0.2770434021949768, 0.5374199748039246]
[0.5191413760185242, 0.5610490441322327, 0.4301528334617615, 0.2975751757621765, 0.5719468593597412]
[0.5100456476211548, 0.5727498531341553, 0.4329756200313568, 0.32088524103164673, 0.5112730860710144]
[0.5629944205284119, 0.5480161905288696, 0.4183709919452667, 0.2855004668235779, 0.5153694748878479]
[0.4801338016986847, 0.5635201334953308, 0.43722447752952576, 0.2983342409133911, 0.5102090239524841]
[0.530615508556366, 0.5432625412940979, 0.4480409622192383, 0.30346789956092834, 0.507853627204895]
[0.485343337059021, 0.5634850859642029, 0.44831597805023193, 0.3121274709701538, 0.5107991099357605]
[0.5324339270591736, 0.5386665463447571, 0.4374692142009735, 0.28231433033943176, 0.5408857464790344]
[0.5277414917945862, 0.5486761331558228, 0.4207541048526764, 0.2630148231983185, 0.5676960945129395]
[0.44034937024116516, 0.5843894481658936, 0.4417387843132019, 0.29875853657722473, 0.4976346790790558]
[0.5247738361358643, 0.5910258889198303, 0.4068932831287384, 0.25069236755371094, 0.564202606678009]
[0.5137062668800354, 0.5373539924621582, 0.4224544167518616, 0.30763372778892517, 0.5161008238792419]
[0.44448983669281006, 0.5629236102104187, 0.4230264723300934, 0.2894098162651062, 0.4828745126724243]
[0.393184095621109, 0.5507223010063171, 0.45454007387161255, 0.33714210987091064, 0.4628942310810089]
[0.4935567378997803, 0.585102915763855, 0.43072620034217834, 0.2854960262775421, 0.5374647974967957]
[0.5032621622085571, 0.5778375267982483, 0.41719457507133484, 0.2816336452960968, 0.5319040417671204]
[0.4272163212299347, 0.578639805316925, 0.4649880826473236, 0.29797032475471497, 0.4680140018463135]
[0.5031601786613464, 0.5783116221427917, 0.42994558811187744, 0.28690779209136963, 0.5137096643447876]
[0.5767186284065247, 0.5933094620704651, 0.4045408368110657, 0.2515625059604645, 0.5860483050346375]
[0.4487622082233429, 0.5716210603713989, 0.4600348174571991, 0.3031274080276489, 0.45275557041168213]
[0.4819832444190979, 0.56517493724823, 0.442959189414978, 0.28361353278160095, 0.48430198431015015]
[0.49690011143684387, 0.5638068318367004, 0.45947614312171936, 0.2941111922264099, 0.4996606111526489]
[0.5114335417747498, 0.5685484409332275, 0.4348798096179962, 0.2894713878631592, 0.5242581367492676]
[0.4935567378997803, 0.585102915763855, 0.43072620034217834, 0.2854960262775421, 0.5374647974967957]
[0.5537156462669373, 0.5877447724342346, 0.4208228886127472, 0.27213454246520996, 0.5487092733383179]
[0.46182623505592346, 0.5586300492286682, 0.4496782720088959, 0.3091719150543213, 0.5119040012359619]
