1
看到二则消息：中国免除越南到期500亿美元贷款；侵占我9个海岛的菲律宾拒绝向中国偿还5亿美元铁路项目贷款。不知消息是否属实，恳请当局能够严厉追究责任人。——500亿美元相当于3000多亿人民币，实现全民免费医疗也不过1600亿人民币。建议对上千亿的外援，国家应立法全民公决。反对公决者，必是公敌！
[0.5192912817001343, 0.5092060565948486, 0.48399972915649414, 0.3625883162021637, 0.4913434684276581]
[0.5262564420700073, 0.5843966007232666, 0.43291401863098145, 0.2645828127861023, 0.5671988725662231]
[0.4487622082233429, 0.5716210603713989, 0.4600348174571991, 0.3031274080276489, 0.45275557041168213]
[0.4860127866268158, 0.5737166404724121, 0.4338987469673157, 0.2952832877635956, 0.523659348487854]
[0.5424037575721741, 0.5893807411193848, 0.4116688370704651, 0.27531522512435913, 0.5619457960128784]
[0.6072966456413269, 0.5187950134277344, 0.38684314489364624, 0.2588627338409424, 0.6010320782661438]
[0.44997814297676086, 0.5574012398719788, 0.4452192783355713, 0.2840377986431122, 0.5024762749671936]
[0.5689132213592529, 0.5590266585350037, 0.3965723514556885, 0.2657892405986786, 0.5748533010482788]
[0.515436589717865, 0.5464112162590027, 0.47782599925994873, 0.36646005511283875, 0.5164719820022583]
[0.4450385272502899, 0.5859361886978149, 0.4235067069530487, 0.2680352032184601, 0.48047173023223877]
[0.47402557730674744, 0.5729914903640747, 0.4396502673625946, 0.2825794816017151, 0.48372456431388855]
[0.42441490292549133, 0.5676126480102539, 0.4618966281414032, 0.3119684159755707, 0.45158058404922485]
[0.47527965903282166, 0.5682675242424011, 0.41405439376831055, 0.2909213900566101, 0.48568305373191833]
[0.41339850425720215, 0.5087986588478088, 0.5269408822059631, 0.4364272356033325, 0.478195458650589]
[0.46165168285369873, 0.5379883646965027, 0.46829116344451904, 0.3322429358959198, 0.506423830986023]
[0.540016233921051, 0.5672179460525513, 0.4085751175880432, 0.2868054211139679, 0.5419595837593079]
[0.4909711182117462, 0.5551542043685913, 0.4683636724948883, 0.3469720780849457, 0.5161879658699036]
[0.4343329668045044, 0.5478783249855042, 0.46413567662239075, 0.32463571429252625, 0.486972838640213]
[0.5430247783660889, 0.5901116132736206, 0.4392726421356201, 0.27762430906295776, 0.5342909097671509]
[0.4917716979980469, 0.5291936993598938, 0.4759099781513214, 0.3622472286224365, 0.5428153872489929]
[0.43277162313461304, 0.5510887503623962, 0.4308650493621826, 0.3122311532497406, 0.4778326451778412]
[0.5272536873817444, 0.5871959328651428, 0.40474992990493774, 0.26819518208503723, 0.5187954902648926]
[0.5090043544769287, 0.5560569763183594, 0.44606447219848633, 0.28108489513397217, 0.5380809307098389]
[0.4381268620491028, 0.5593332052230835, 0.4591425657272339, 0.3095003664493561, 0.4842154085636139]
[0.5589404702186584, 0.5568251609802246, 0.4261372983455658, 0.2863241136074066, 0.5457108020782471]
[0.5859763622283936, 0.5731889605522156, 0.3780614137649536, 0.26024940609931946, 0.5851742029190063]
[0.4306900203227997, 0.5206606388092041, 0.48351961374282837, 0.3690320551395416, 0.459945946931839]
[0.3664727509021759, 0.554492712020874, 0.4789113998413086, 0.287409245967865, 0.4113079607486725]
[0.45710986852645874, 0.5345709323883057, 0.5027872323989868, 0.3803469240665436, 0.4944877028465271]
[0.3924309313297272, 0.5413339138031006, 0.5159394145011902, 0.3889371156692505, 0.46630600094795227]
[0.5425882339477539, 0.5424098968505859, 0.448559433221817, 0.29877376556396484, 0.5497767925262451]
[0.4548169672489166, 0.5704708099365234, 0.43697383999824524, 0.2906704545021057, 0.4881131947040558]
[0.5614383220672607, 0.5307765007019043, 0.467121958732605, 0.3505517244338989, 0.5205696225166321]
[0.47113680839538574, 0.5518061518669128, 0.4397931694984436, 0.29882413148880005, 0.5194739103317261]
[0.4306900203227997, 0.5206606388092041, 0.48351961374282837, 0.3690320551395416, 0.459945946931839]
[0.3525565266609192, 0.5549966096878052, 0.4557444751262665, 0.29298844933509827, 0.43208077549934387]
[0.5746411681175232, 0.5504637360572815, 0.4009777307510376, 0.27972570061683655, 0.5569561719894409]
[0.45827752351760864, 0.555698573589325, 0.4290839731693268, 0.30633750557899475, 0.4540061354637146]
[0.5757365226745605, 0.5897319316864014, 0.40643736720085144, 0.25071677565574646, 0.5680649280548096]
[0.5411227941513062, 0.5886601209640503, 0.40795257687568665, 0.2659946084022522, 0.5488165020942688]
[0.544303834438324, 0.5650933980941772, 0.4148641526699066, 0.2767411172389984, 0.5616998672485352]
[0.48547622561454773, 0.53834468126297, 0.44979217648506165, 0.32978910207748413, 0.496499240398407]
[0.3536585867404938, 0.561711847782135, 0.4298149049282074, 0.27608194947242737, 0.44226711988449097]
[0.5362741351127625, 0.581764280796051, 0.4174913465976715, 0.28372856974601746, 0.5155353546142578]
[0.45501577854156494, 0.5589327216148376, 0.4601587653160095, 0.3378324508666992, 0.4623473286628723]
[0.439010351896286, 0.5591078996658325, 0.4714745283126831, 0.3463008999824524, 0.5218982100486755]
[0.4663693606853485, 0.5507053136825562, 0.4578511714935303, 0.32750892639160156, 0.5122395753860474]
[0.5068211555480957, 0.5501129627227783, 0.5055772066116333, 0.416267067193985, 0.5477844476699829]
[0.5228269100189209, 0.5795398354530334, 0.42570555210113525, 0.2743378281593323, 0.5601369738578796]
[0.5111772418022156, 0.5600528120994568, 0.4488316476345062, 0.3133029341697693, 0.5157257914543152]
[0.48951923847198486, 0.5587290525436401, 0.4168414771556854, 0.2891421914100647, 0.5104115605354309]
