1
【驾驶证新规】2013年1月1日施行：1闯红灯，记6分/罚100元。2酒驾，5年内不得再考取驾照。3不系安全带，记3分/罚100元。4副驾不系安全带，记1分/罚50元。5行驶途中拨打手机，记3分/罚100元。6行驶途中抽烟，记1分/罚100元。7有意遮挡号牌，记12分/顶额处罚。8超速驾驶，记6分【关注
[0.49334225058555603, 0.4915093779563904, 0.5288141369819641, 0.3983246088027954, 0.49766868352890015]
[0.5244597792625427, 0.5673940777778625, 0.42901942133903503, 0.28732484579086304, 0.508772611618042]
[0.4996207356452942, 0.5412923693656921, 0.4556068480014801, 0.27023276686668396, 0.48359572887420654]
[0.5339948534965515, 0.5869193077087402, 0.4350237250328064, 0.2724272310733795, 0.529603898525238]
[0.4283076822757721, 0.5463448762893677, 0.4440605640411377, 0.30779966711997986, 0.4695555865764618]
[0.5294749140739441, 0.5719826221466064, 0.4122690260410309, 0.3004487454891205, 0.5256966352462769]
[0.6277270913124084, 0.537666380405426, 0.42318394780158997, 0.30911746621131897, 0.6100323796272278]
[0.5536786913871765, 0.5638048052787781, 0.4458272159099579, 0.28013095259666443, 0.5569701790809631]
[0.5391726493835449, 0.584326446056366, 0.4262690246105194, 0.27301013469696045, 0.5560535192489624]
[0.4793178141117096, 0.559616208076477, 0.47465574741363525, 0.3137702941894531, 0.5085484981536865]
[0.381094366312027, 0.49622151255607605, 0.5228436589241028, 0.38126009702682495, 0.42288073897361755]
[0.46999678015708923, 0.5343368649482727, 0.47585898637771606, 0.36107009649276733, 0.47766655683517456]
[0.41344040632247925, 0.549035370349884, 0.43434926867485046, 0.29944345355033875, 0.4508039057254791]
[0.5242953300476074, 0.5338683724403381, 0.4979569613933563, 0.3970028758049011, 0.48824524879455566]
[0.5731164813041687, 0.5944262742996216, 0.42423099279403687, 0.27276498079299927, 0.5627627372741699]
[0.5070725679397583, 0.5795678496360779, 0.4309682846069336, 0.25872695446014404, 0.538472592830658]
[0.43843716382980347, 0.5501427054405212, 0.4584742486476898, 0.3142523765563965, 0.44327014684677124]
[0.385852575302124, 0.5593848824501038, 0.45914506912231445, 0.2989233136177063, 0.4251597821712494]
[0.5009898543357849, 0.57744961977005, 0.4280857741832733, 0.2980159521102905, 0.5147278308868408]
[0.5298077464103699, 0.5928977727890015, 0.4256591498851776, 0.28714707493782043, 0.5272103548049927]
[0.43407055735588074, 0.5520932078361511, 0.46295052766799927, 0.34315940737724304, 0.4853435456752777]
[0.47513654828071594, 0.5622180104255676, 0.44162553548812866, 0.31584879755973816, 0.4961905777454376]
[0.3528759181499481, 0.5518483519554138, 0.48307883739471436, 0.3926204741001129, 0.42286065220832825]
[0.5116156339645386, 0.5775765776634216, 0.41005250811576843, 0.26917216181755066, 0.5226048827171326]
[0.5635886788368225, 0.5632622838020325, 0.41581666469573975, 0.2769744098186493, 0.565079391002655]
[0.4989137351512909, 0.5871504545211792, 0.43523433804512024, 0.27780112624168396, 0.5529248118400574]
[0.5241740942001343, 0.5352033376693726, 0.43439602851867676, 0.3216981291770935, 0.5503774285316467]
[0.5195443630218506, 0.5857993364334106, 0.41259828209877014, 0.27755120396614075, 0.5420446991920471]
[0.5338190793991089, 0.5624887943267822, 0.44700121879577637, 0.30067986249923706, 0.49146270751953125]
[0.5167646408081055, 0.5892900824546814, 0.43205246329307556, 0.27814891934394836, 0.5488680005073547]
[0.5355825424194336, 0.5834665298461914, 0.41312047839164734, 0.25422871112823486, 0.5588433742523193]
[0.4703315496444702, 0.5623645782470703, 0.4611779749393463, 0.34831660985946655, 0.4913286864757538]
[0.4899996519088745, 0.5727369785308838, 0.4419141113758087, 0.2751801311969757, 0.5255287289619446]
[0.5772840976715088, 0.6039578318595886, 0.3989630341529846, 0.24198883771896362, 0.5717012286186218]
[0.5173668265342712, 0.5657030344009399, 0.424118310213089, 0.2998239994049072, 0.5405765771865845]
[0.4799090027809143, 0.5751591324806213, 0.43788379430770874, 0.28666070103645325, 0.527858555316925]
[0.4487622082233429, 0.5716210603713989, 0.4600348174571991, 0.3031274080276489, 0.45275557041168213]
[0.4742547273635864, 0.5544623732566833, 0.47041386365890503, 0.32333803176879883, 0.5294042825698853]
[0.43864545226097107, 0.5624707937240601, 0.44703927636146545, 0.30348706245422363, 0.4727262258529663]
[0.381094366312027, 0.49622151255607605, 0.5228436589241028, 0.38126009702682495, 0.42288073897361755]
[0.44249427318573, 0.5602544546127319, 0.4477768838405609, 0.3139747083187103, 0.48014965653419495]
[0.4083842635154724, 0.5491018891334534, 0.46979400515556335, 0.3332767188549042, 0.5051470398902893]
[0.5481978058815002, 0.5617537498474121, 0.455229252576828, 0.2877498269081116, 0.5533690452575684]
[0.5409815311431885, 0.5762804746627808, 0.436786949634552, 0.28768041729927063, 0.5624439120292664]
[0.40238288044929504, 0.5348725318908691, 0.5392817854881287, 0.40857210755348206, 0.49768251180648804]
[0.5388873219490051, 0.5701344609260559, 0.4314514994621277, 0.2786628007888794, 0.5537128448486328]
[0.5553300976753235, 0.5615170001983643, 0.4487170875072479, 0.2832378149032593, 0.5581177473068237]
[0.5310128927230835, 0.5720904469490051, 0.4287946820259094, 0.29228973388671875, 0.5362643003463745]
[0.4474699795246124, 0.5528417825698853, 0.4387252628803253, 0.3344404101371765, 0.46717369556427]
[0.5198101997375488, 0.5429840683937073, 0.46008679270744324, 0.31693756580352783, 0.5080956220626831]
[0.5520546436309814, 0.5550628900527954, 0.42174509167671204, 0.2673584818840027, 0.5312818884849548]
[0.47884565591812134, 0.5729135274887085, 0.44713982939720154, 0.30994051694869995, 0.5219494700431824]
[0.5098289847373962, 0.5757753849029541, 0.4477253556251526, 0.2984514534473419, 0.5370717644691467]
[0.48379552364349365, 0.5937032699584961, 0.41920071840286255, 0.2830924987792969, 0.4925927221775055]
[0.4900567829608917, 0.5624146461486816, 0.44603556394577026, 0.3136849105358124, 0.5176889300346375]
[0.4917965829372406, 0.5642513632774353, 0.44473153352737427, 0.292820006608963, 0.504958987236023]
[0.4913487136363983, 0.5804463028907776, 0.4399834871292114, 0.30732640624046326, 0.5062938928604126]
[0.49780312180519104, 0.552534282207489, 0.45925551652908325, 0.3597302734851837, 0.5109695196151733]
[0.49011462926864624, 0.5961307287216187, 0.424118310213089, 0.2584173381328583, 0.5267087817192078]
[0.44945499300956726, 0.5809990167617798, 0.40727242827415466, 0.26454320549964905, 0.505723237991333]
[0.4487622082233429, 0.5716210603713989, 0.4600348174571991, 0.3031274080276489, 0.45275557041168213]
[0.48734062910079956, 0.5675840973854065, 0.4272208511829376, 0.3075782358646393, 0.4991697072982788]
[0.4443826973438263, 0.5524235367774963, 0.4553716480731964, 0.3166394531726837, 0.47044873237609863]
[0.34735897183418274, 0.5675443410873413, 0.45503148436546326, 0.289093017578125, 0.43133050203323364]
[0.5347278118133545, 0.5911832451820374, 0.4151272773742676, 0.2818816900253296, 0.5398721098899841]
[0.3525565266609192, 0.5549966096878052, 0.4557444751262665, 0.29298844933509827, 0.43208077549934387]
[0.367067813873291, 0.5553856492042542, 0.4316283166408539, 0.2928391695022583, 0.4385031461715698]
[0.5354865789413452, 0.5888907313346863, 0.41922876238822937, 0.2605830132961273, 0.5253303050994873]
[0.4879893958568573, 0.5208569765090942, 0.49846595525741577, 0.4051470160484314, 0.5106921195983887]
[0.47729387879371643, 0.549319863319397, 0.4656659960746765, 0.3131614327430725, 0.5235105752944946]
[0.47159165143966675, 0.5814562439918518, 0.4314822256565094, 0.3037547171115875, 0.4885098934173584]
[0.4883858859539032, 0.5792937278747559, 0.4257093071937561, 0.2695125639438629, 0.5090283155441284]
[0.47159165143966675, 0.5814562439918518, 0.4314822256565094, 0.3037547171115875, 0.4885098934173584]
[0.3669274151325226, 0.5360048413276672, 0.5019614100456238, 0.503032922744751, 0.4591352641582489]
[0.47159165143966675, 0.5814562439918518, 0.4314822256565094, 0.3037547171115875, 0.4885098934173584]
[0.47159165143966675, 0.5814562439918518, 0.4314822256565094, 0.3037547171115875, 0.4885098934173584]
[0.3937707245349884, 0.5492760539054871, 0.4530792236328125, 0.3247606158256531, 0.44405263662338257]
[0.47159165143966675, 0.5814562439918518, 0.4314822256565094, 0.3037547171115875, 0.4885098934173584]
[0.5429532527923584, 0.6023605465888977, 0.41920751333236694, 0.253496378660202, 0.5664961934089661]
[0.56032395362854, 0.5890411734580994, 0.39332613348960876, 0.26293349266052246, 0.5688361525535583]
[0.44335368275642395, 0.5551772117614746, 0.43285420536994934, 0.3045223355293274, 0.4730846881866455]
[0.49955394864082336, 0.5558075904846191, 0.4725850522518158, 0.3279721140861511, 0.5354716181755066]
[0.41300567984580994, 0.5788825750350952, 0.46214303374290466, 0.2971653938293457, 0.4783300459384918]
[0.5037428736686707, 0.5896127223968506, 0.4428674876689911, 0.2649059593677521, 0.5499876141548157]
[0.4487622082233429, 0.5716210603713989, 0.4600348174571991, 0.3031274080276489, 0.45275557041168213]
[0.5395573973655701, 0.5662146806716919, 0.42676982283592224, 0.2932368814945221, 0.5153408050537109]
[0.47159165143966675, 0.5814562439918518, 0.4314822256565094, 0.3037547171115875, 0.4885098934173584]
[0.49951064586639404, 0.5733535885810852, 0.45119109749794006, 0.31953755021095276, 0.527462363243103]
[0.6245361566543579, 0.5732423663139343, 0.3625963032245636, 0.23570968210697174, 0.6066221594810486]
[0.4418814182281494, 0.5666748285293579, 0.42102041840553284, 0.2678277790546417, 0.49383386969566345]
[0.47159165143966675, 0.5814562439918518, 0.4314822256565094, 0.3037547171115875, 0.4885098934173584]
[0.529349148273468, 0.5630690455436707, 0.449837863445282, 0.32884979248046875, 0.5421083569526672]
[0.47159165143966675, 0.5814562439918518, 0.4314822256565094, 0.3037547171115875, 0.4885098934173584]
[0.500237226486206, 0.567940890789032, 0.43692144751548767, 0.28664493560791016, 0.5349071621894836]
[0.31652262806892395, 0.5350916981697083, 0.4873783588409424, 0.3966294527053833, 0.4527532160282135]
[0.4600536823272705, 0.5630570650100708, 0.44077345728874207, 0.324017196893692, 0.5132516026496887]
[0.4917932450771332, 0.5537838339805603, 0.4443914294242859, 0.3111642897129059, 0.524570107460022]
[0.4975699782371521, 0.5430204272270203, 0.4464811682701111, 0.3529794216156006, 0.5042088627815247]
[0.47159165143966675, 0.5814562439918518, 0.4314822256565094, 0.3037547171115875, 0.4885098934173584]
[0.47159165143966675, 0.5814562439918518, 0.4314822256565094, 0.3037547171115875, 0.4885098934173584]
[0.5563874244689941, 0.5639203786849976, 0.4112228751182556, 0.23698630928993225, 0.5319475531578064]
