1
【驾驶证新规】2013年1月1日施行：1、闯红灯，记6分，罚100元。2、酒驾，5年内不得再考取驾照。3、不系安全带，记3分，罚100元。4、副驾不系安全带，记1分，罚50元。5、行驶途中打手机，记3分，罚100元。6、行驶途中抽烟，记1分，罚100元。7、有意遮挡号牌，记12分，顶额处罚。8、超速驾驶，记6分。
[0.507197916507721, 0.4992734491825104, 0.5230459570884705, 0.3923965096473694, 0.5044406056404114]
[0.414080411195755, 0.5558691620826721, 0.43931686878204346, 0.27394405007362366, 0.45526739954948425]
[0.45214879512786865, 0.5640523433685303, 0.4504665434360504, 0.3125094771385193, 0.525687575340271]
[0.48995959758758545, 0.5882102251052856, 0.4360218942165375, 0.2700733244419098, 0.536587119102478]
[0.4249514639377594, 0.564417839050293, 0.4415294826030731, 0.3094896078109741, 0.464533269405365]
[0.47054505348205566, 0.5971421599388123, 0.427042692899704, 0.2746414244174957, 0.5224252343177795]
[0.5302340984344482, 0.5659490823745728, 0.4176010489463806, 0.30120205879211426, 0.5438267588615417]
[0.4660700261592865, 0.5552481412887573, 0.44418904185295105, 0.3403785526752472, 0.49698013067245483]
[0.5258017778396606, 0.5827217698097229, 0.4192657172679901, 0.26592761278152466, 0.5459774732589722]
[0.5087752938270569, 0.5867236256599426, 0.42720258235931396, 0.27741044759750366, 0.5561695098876953]
[0.4487622082233429, 0.5716210603713989, 0.4600348174571991, 0.3031274080276489, 0.45275557041168213]
[0.5187511444091797, 0.5657637715339661, 0.4381132125854492, 0.2819228768348694, 0.518878698348999]
[0.4907926917076111, 0.5637834668159485, 0.4414612948894501, 0.2947947084903717, 0.49108949303627014]
[0.5089210867881775, 0.5730936527252197, 0.4336540699005127, 0.2990749180316925, 0.5447762608528137]
[0.469119131565094, 0.5485464334487915, 0.49560803174972534, 0.3600708842277527, 0.5156031250953674]
[0.46257540583610535, 0.5478499531745911, 0.44950971007347107, 0.2945197522640228, 0.5136643648147583]
[0.5187511444091797, 0.5657637715339661, 0.4381132125854492, 0.2819228768348694, 0.518878698348999]
[0.4844873547554016, 0.5768294334411621, 0.43820613622665405, 0.29315951466560364, 0.5183793902397156]
[0.5051329731941223, 0.5899836421012878, 0.4247754216194153, 0.2757553160190582, 0.5170662999153137]
[0.5087323188781738, 0.584449291229248, 0.432859867811203, 0.27619263529777527, 0.5275717377662659]
[0.44682881236076355, 0.5421065092086792, 0.4378448724746704, 0.3100045621395111, 0.49234965443611145]
[0.38392719626426697, 0.553103506565094, 0.4663456976413727, 0.32969653606414795, 0.4384534955024719]
[0.5179731249809265, 0.5698075890541077, 0.41196250915527344, 0.2947218120098114, 0.5219332575798035]
[0.4537302255630493, 0.539648711681366, 0.4786367118358612, 0.34601494669914246, 0.520218014717102]
[0.4762137532234192, 0.5314376950263977, 0.4742989242076874, 0.3569534420967102, 0.5030299425125122]
[0.5035625696182251, 0.5540403127670288, 0.4372579753398895, 0.3310777246952057, 0.48975443840026855]
[0.4487622082233429, 0.5716210603713989, 0.4600348174571991, 0.3031274080276489, 0.45275557041168213]
[0.4694730341434479, 0.5346970558166504, 0.49365371465682983, 0.38149377703666687, 0.4924565851688385]
[0.4634665250778198, 0.5511293411254883, 0.4566437005996704, 0.3289923071861267, 0.5008173584938049]
[0.46842190623283386, 0.5804670453071594, 0.43650028109550476, 0.30999377369880676, 0.4927496314048767]
[0.47159165143966675, 0.5814562439918518, 0.4314822256565094, 0.3037547171115875, 0.4885098934173584]
[0.5260461568832397, 0.5862242579460144, 0.4310151934623718, 0.2730245292186737, 0.5295546650886536]
[0.5097792148590088, 0.5823710560798645, 0.4348955452442169, 0.285953164100647, 0.525955080986023]
[0.45056217908859253, 0.5370044708251953, 0.49902278184890747, 0.4196232557296753, 0.48332688212394714]
[0.4875570833683014, 0.5776491761207581, 0.4487576186656952, 0.2954670786857605, 0.5117471218109131]
[0.5240795612335205, 0.5555781722068787, 0.4595944583415985, 0.2976846396923065, 0.510613203048706]
[0.461830198764801, 0.575680673122406, 0.4416545331478119, 0.29968851804733276, 0.4721795618534088]
[0.36610469222068787, 0.5444068312644958, 0.46960949897766113, 0.3335321247577667, 0.41717788577079773]
[0.4381332993507385, 0.5514909029006958, 0.49438804388046265, 0.406308114528656, 0.4866274297237396]
[0.5567595362663269, 0.5848099589347839, 0.41182950139045715, 0.2735064625740051, 0.5486895442008972]
[0.5446621179580688, 0.5881183743476868, 0.43789246678352356, 0.29361188411712646, 0.5517810583114624]
[0.525554895401001, 0.5925226807594299, 0.4252380430698395, 0.27798691391944885, 0.5490571856498718]
[0.533505380153656, 0.5550286769866943, 0.4359775483608246, 0.2895452678203583, 0.560077965259552]
[0.4845203757286072, 0.5784969329833984, 0.4352650046348572, 0.2894875705242157, 0.5349028706550598]
[0.5364139676094055, 0.5382331609725952, 0.4689776599407196, 0.34025487303733826, 0.5009195804595947]
[0.4535183906555176, 0.5251020193099976, 0.49610742926597595, 0.38255563378334045, 0.4772644340991974]
[0.47906574606895447, 0.5658778548240662, 0.42663300037384033, 0.30111929774284363, 0.5100309252738953]
[0.3144278824329376, 0.5318082571029663, 0.4977875351905823, 0.3794845938682556, 0.4112037718296051]
[0.5119562745094299, 0.5424256324768066, 0.4286448061466217, 0.28521910309791565, 0.5047149658203125]
[0.44526177644729614, 0.5782157182693481, 0.43330898880958557, 0.3055168688297272, 0.4906873404979706]
[0.5354865789413452, 0.5888907313346863, 0.41922876238822937, 0.2605830132961273, 0.5253303050994873]
[0.5084975361824036, 0.5196199417114258, 0.48281046748161316, 0.36632850766181946, 0.5272861123085022]
[0.4570316672325134, 0.5535176992416382, 0.4445379078388214, 0.32423147559165955, 0.49778953194618225]
[0.41925451159477234, 0.5672967433929443, 0.43470388650894165, 0.29972872138023376, 0.46071305871009827]
[0.5244597792625427, 0.5673940777778625, 0.42901942133903503, 0.28732484579086304, 0.508772611618042]
[0.4487622082233429, 0.5716210603713989, 0.4600348174571991, 0.3031274080276489, 0.45275557041168213]
[0.44812414050102234, 0.5544938445091248, 0.48802879452705383, 0.3689659535884857, 0.4974643588066101]
[0.5292978882789612, 0.5630010962486267, 0.4329603612422943, 0.3094172179698944, 0.5257696509361267]
[0.38084888458251953, 0.5723817348480225, 0.4537689983844757, 0.2887296676635742, 0.4711882770061493]
[0.550237774848938, 0.5684727430343628, 0.42471015453338623, 0.2862514853477478, 0.5092301964759827]
[0.42911359667778015, 0.5583806037902832, 0.4441983699798584, 0.3178548216819763, 0.47514215111732483]
[0.46061936020851135, 0.5267506241798401, 0.46380606293678284, 0.32757583260536194, 0.47638705372810364]
[0.5367764234542847, 0.5777333974838257, 0.428732693195343, 0.28809604048728943, 0.5556680560112]
[0.5060401558876038, 0.566289484500885, 0.4756762683391571, 0.3501003384590149, 0.5177813768386841]
[0.501853346824646, 0.5597777962684631, 0.4472897946834564, 0.31169039011001587, 0.5205729603767395]
[0.4765429198741913, 0.562734067440033, 0.45181137323379517, 0.3319482207298279, 0.5209569334983826]
[0.4865579307079315, 0.5582113265991211, 0.43655288219451904, 0.2945505976676941, 0.5230499505996704]
[0.49511319398880005, 0.5745335221290588, 0.45779263973236084, 0.31834888458251953, 0.5195260047912598]
[0.4925921559333801, 0.5850316286087036, 0.4239097237586975, 0.28559553623199463, 0.5097174644470215]
[0.5023365616798401, 0.5676364898681641, 0.42480194568634033, 0.2815902531147003, 0.5057777762413025]
[0.4169754683971405, 0.5704298615455627, 0.4466968774795532, 0.2985106110572815, 0.4640920162200928]
[0.6083507537841797, 0.5727980732917786, 0.38121122121810913, 0.21876835823059082, 0.6046813726425171]
[0.5514830946922302, 0.600716769695282, 0.40208756923675537, 0.26747921109199524, 0.5547364950180054]
