1
一只幼猴紧紧搂住即将被“活取猴脑”的妈妈。（转）
[0.4636303186416626, 0.5762169361114502, 0.4427225589752197, 0.2428755909204483, 0.5603388547897339]
[0.4351010024547577, 0.515647828578949, 0.5123008489608765, 0.40823519229888916, 0.4763062298297882]
[0.539198100566864, 0.5773395895957947, 0.3911600410938263, 0.24911166727542877, 0.5605541467666626]
[0.49516159296035767, 0.5682517886161804, 0.426127165555954, 0.2897557020187378, 0.5268611907958984]
[0.5448973774909973, 0.5562458634376526, 0.41904571652412415, 0.2916109263896942, 0.5296438932418823]
[0.38359537720680237, 0.5754576325416565, 0.44644686579704285, 0.31942328810691833, 0.4621496796607971]
[0.3861103653907776, 0.5626804232597351, 0.42905399203300476, 0.2910979092121124, 0.48848703503608704]
[0.5437620878219604, 0.5880147218704224, 0.4180185794830322, 0.2880168855190277, 0.5477898120880127]
[0.527457058429718, 0.5809538960456848, 0.3827212452888489, 0.2485801875591278, 0.5489545464515686]
[0.4550020098686218, 0.5857141613960266, 0.43687936663627625, 0.30060404539108276, 0.49606090784072876]
[0.5300900936126709, 0.5719119906425476, 0.43985044956207275, 0.2950710356235504, 0.5523853302001953]
[0.5107702016830444, 0.5863991379737854, 0.42222467064857483, 0.29481247067451477, 0.5373814105987549]
[0.5962156057357788, 0.5904407501220703, 0.38337260484695435, 0.2478422075510025, 0.6013860106468201]
[0.45203518867492676, 0.5628248453140259, 0.4730824828147888, 0.33419087529182434, 0.5210151076316833]
[0.5562250018119812, 0.5887961387634277, 0.408488392829895, 0.24675337970256805, 0.5716971158981323]
[0.3861103653907776, 0.5626804232597351, 0.42905399203300476, 0.2910979092121124, 0.48848703503608704]
[0.45863988995552063, 0.5659455060958862, 0.43489184975624084, 0.3126068115234375, 0.504172146320343]
[0.4072372019290924, 0.566533088684082, 0.4494982361793518, 0.2836810052394867, 0.4749736189842224]
[0.46840107440948486, 0.5316237211227417, 0.46911561489105225, 0.34135493636131287, 0.4864923059940338]
[0.4836490750312805, 0.5492854118347168, 0.4432399272918701, 0.33870160579681396, 0.5250630378723145]
[0.5040035247802734, 0.5719863772392273, 0.43091994524002075, 0.27657848596572876, 0.5261465907096863]
[0.4775601029396057, 0.5787463188171387, 0.4295313060283661, 0.25577813386917114, 0.5538209676742554]
[0.4855341911315918, 0.5772338509559631, 0.4361569285392761, 0.30747053027153015, 0.49401721358299255]
[0.48634073138237, 0.5253456234931946, 0.48898476362228394, 0.3908080756664276, 0.499909907579422]
[0.5122714042663574, 0.5766435861587524, 0.418464332818985, 0.29385438561439514, 0.5439008474349976]
[0.4323941767215729, 0.5544331669807434, 0.4224732220172882, 0.29779642820358276, 0.4977603554725647]
[0.5253440737724304, 0.5760120153427124, 0.42588210105895996, 0.28014060854911804, 0.5467118620872498]
[0.48961323499679565, 0.5597885847091675, 0.4452509582042694, 0.3103225529193878, 0.5425313711166382]
[0.5042019486427307, 0.5658041834831238, 0.4560338258743286, 0.3354822099208832, 0.5173502564430237]
[0.556345522403717, 0.554287314414978, 0.4170444905757904, 0.28797563910484314, 0.5452689528465271]
[0.4922505021095276, 0.5804230570793152, 0.4228798449039459, 0.29691725969314575, 0.5168263912200928]
[0.539063572883606, 0.606177568435669, 0.42022374272346497, 0.2635993957519531, 0.5689997673034668]
[0.43973416090011597, 0.5654852390289307, 0.44427749514579773, 0.30878394842147827, 0.49469029903411865]
[0.4783172309398651, 0.5731002688407898, 0.4403168857097626, 0.29524412751197815, 0.5318438410758972]
[0.501011848449707, 0.5562345385551453, 0.4315531551837921, 0.2904507517814636, 0.5229119658470154]
[0.44971057772636414, 0.5574895143508911, 0.4351426064968109, 0.27894556522369385, 0.5226590633392334]
[0.555197536945343, 0.5754441022872925, 0.4093010723590851, 0.29862409830093384, 0.5508894324302673]
[0.49627360701560974, 0.5905317664146423, 0.4187026023864746, 0.2798047959804535, 0.5454195141792297]
[0.5262690782546997, 0.5705162882804871, 0.4114539623260498, 0.2837660014629364, 0.5542996525764465]
[0.5151567459106445, 0.5870704650878906, 0.43235936760902405, 0.2829122245311737, 0.5525214672088623]
[0.5227880477905273, 0.5993070602416992, 0.42560672760009766, 0.273342102766037, 0.5279191136360168]
[0.48111727833747864, 0.5614464282989502, 0.4489983916282654, 0.3158717155456543, 0.5457660555839539]
[0.5248804688453674, 0.5577627420425415, 0.42333707213401794, 0.28053387999534607, 0.5736910700798035]
[0.4972701966762543, 0.5468767285346985, 0.444711834192276, 0.3416125178337097, 0.5474648475646973]
[0.5090672969818115, 0.5749516487121582, 0.41779106855392456, 0.2654261887073517, 0.5597119331359863]
[0.4920361340045929, 0.5853665471076965, 0.42694857716560364, 0.2977432608604431, 0.5220065116882324]
[0.481875479221344, 0.5766965746879578, 0.4374455511569977, 0.29558035731315613, 0.546135663986206]
[0.33419448137283325, 0.5596022009849548, 0.44180619716644287, 0.30573782324790955, 0.4624442756175995]
[0.4340694844722748, 0.5338439345359802, 0.47444161772727966, 0.333088755607605, 0.5022053718566895]
[0.4487622082233429, 0.5716210603713989, 0.4600348174571991, 0.3031274080276489, 0.45275557041168213]
[0.4268477261066437, 0.572927713394165, 0.4346024692058563, 0.2940268814563751, 0.47123420238494873]
[0.48678624629974365, 0.5662785172462463, 0.4510863721370697, 0.2947111427783966, 0.5476168394088745]
[0.465774804353714, 0.5667376518249512, 0.43748167157173157, 0.3129067122936249, 0.5386850237846375]
[0.49555298686027527, 0.570673942565918, 0.4313119649887085, 0.2879068851470947, 0.5146951675415039]
[0.48439455032348633, 0.5728236436843872, 0.4379124045372009, 0.29257017374038696, 0.5292946100234985]
[0.5451405048370361, 0.5799071192741394, 0.4316512644290924, 0.266661137342453, 0.5196403861045837]
[0.41597193479537964, 0.5377134680747986, 0.43936771154403687, 0.27593380212783813, 0.4531511068344116]
[0.415768563747406, 0.5752907395362854, 0.46404314041137695, 0.28651702404022217, 0.5008600354194641]
[0.4859989285469055, 0.5644150972366333, 0.4460510313510895, 0.28915879130363464, 0.5416479110717773]
[0.45439526438713074, 0.5962569713592529, 0.4548235535621643, 0.2799784243106842, 0.4840525686740875]
[0.5147625207901001, 0.587129533290863, 0.42833659052848816, 0.2913086712360382, 0.5230453014373779]
[0.45456430315971375, 0.59392249584198, 0.42684507369995117, 0.2828825116157532, 0.5005093216896057]
[0.48277202248573303, 0.5497263669967651, 0.43382033705711365, 0.281053364276886, 0.5320536494255066]
[0.5043301582336426, 0.5776832699775696, 0.4275569021701813, 0.2968730926513672, 0.5189385414123535]
[0.4631228446960449, 0.5524851679801941, 0.44426509737968445, 0.30804014205932617, 0.49715548753738403]
[0.44459912180900574, 0.5497465133666992, 0.46474936604499817, 0.33977603912353516, 0.475776731967926]
[0.4760597050189972, 0.5162457823753357, 0.484896183013916, 0.4360940754413605, 0.5111633539199829]
[0.5342949628829956, 0.5844405293464661, 0.4041116535663605, 0.2717202305793762, 0.5563914179801941]
[0.5260192155838013, 0.5867605209350586, 0.4107624888420105, 0.2766268849372864, 0.5448395609855652]
[0.4659561216831207, 0.5669723749160767, 0.4634491205215454, 0.2989441156387329, 0.521315336227417]
[0.3861103653907776, 0.5626804232597351, 0.42905399203300476, 0.2910979092121124, 0.48848703503608704]
[0.48788028955459595, 0.5569795966148376, 0.4414386749267578, 0.3103291988372803, 0.5044763684272766]
[0.5314610600471497, 0.5747008919715881, 0.404264897108078, 0.2632709741592407, 0.5445014238357544]
[0.4912191331386566, 0.5942812561988831, 0.4357564449310303, 0.2854374945163727, 0.5386722087860107]
[0.4746202826499939, 0.5591074824333191, 0.4424925744533539, 0.3219562768936157, 0.5088158249855042]
[0.48558560013771057, 0.5751885175704956, 0.4418918490409851, 0.3049829304218292, 0.517758846282959]
[0.5106527805328369, 0.5637843608856201, 0.42992663383483887, 0.31087860465049744, 0.5513375997543335]
[0.5046364665031433, 0.5583046078681946, 0.4565316438674927, 0.3346973657608032, 0.5164104700088501]
[0.5405068397521973, 0.5530810356140137, 0.4565123915672302, 0.2996605336666107, 0.5296896696090698]
[0.43372195959091187, 0.5776039361953735, 0.4284563362598419, 0.27846717834472656, 0.47131162881851196]
[0.48961058259010315, 0.5701916217803955, 0.4265845715999603, 0.2921765446662903, 0.5472226738929749]
[0.38396739959716797, 0.5043472647666931, 0.4902140200138092, 0.38949841260910034, 0.43525633215904236]
[0.5231948494911194, 0.5706639885902405, 0.4039759039878845, 0.2555640935897827, 0.5700103640556335]
[0.4704100489616394, 0.5844781994819641, 0.42726215720176697, 0.2770676016807556, 0.531244158744812]
[0.39751529693603516, 0.5546889305114746, 0.4770132303237915, 0.32253506779670715, 0.4526456296443939]
[0.46257612109184265, 0.5723498463630676, 0.44124966859817505, 0.32257652282714844, 0.4803759753704071]
[0.5451405048370361, 0.5799071192741394, 0.4316512644290924, 0.266661137342453, 0.5196403861045837]
[0.5332412123680115, 0.5739429593086243, 0.4044216573238373, 0.2780857980251312, 0.5553173422813416]
[0.4069119095802307, 0.5498002171516418, 0.46079322695732117, 0.32044413685798645, 0.4488745927810669]
[0.5369836091995239, 0.568190336227417, 0.410799503326416, 0.23648352921009064, 0.5720548629760742]
[0.5716939568519592, 0.5717951059341431, 0.3894875943660736, 0.26071441173553467, 0.5886365175247192]
[0.4226619005203247, 0.557740330696106, 0.4375271201133728, 0.2768843472003937, 0.5181328058242798]
[0.49899542331695557, 0.5844178795814514, 0.4266652762889862, 0.2811167240142822, 0.5298309326171875]
[0.3861103653907776, 0.5626804232597351, 0.42905399203300476, 0.2910979092121124, 0.48848703503608704]
[0.5274407863616943, 0.5829343199729919, 0.4026745557785034, 0.2761255204677582, 0.5498096346855164]
[0.3861103653907776, 0.5626804232597351, 0.42905399203300476, 0.2910979092121124, 0.48848703503608704]
[0.5527909994125366, 0.5911781787872314, 0.4126613140106201, 0.2552831172943115, 0.5650671124458313]
[0.49066361784935, 0.5768001675605774, 0.43589431047439575, 0.31173229217529297, 0.5130518078804016]
[0.5279083847999573, 0.5812918543815613, 0.4028521478176117, 0.2738291025161743, 0.5518059134483337]
[0.49993014335632324, 0.5729935765266418, 0.42833295464515686, 0.28277722001075745, 0.533076286315918]
[0.4961718022823334, 0.5731173753738403, 0.4245503842830658, 0.31534937024116516, 0.5133507251739502]
