1
爆料称：小姑娘被开除了，为正义付出代价 。谦谦女是余姚工商银行的员工，当她看到这张支票的时候，十分气愤，吃顿鲍鱼五万多!财政局怎么能这样糟蹋纳税人的钱呢?于是上传了这张支票，现在她已经被银行开除，她的微博也删除了全部内容，真为她担心
[0.5069535374641418, 0.5221567153930664, 0.5226376056671143, 0.4334496259689331, 0.5249704718589783]
[0.5173446536064148, 0.5448542833328247, 0.4235318899154663, 0.283904492855072, 0.5386658310890198]
[0.5150569677352905, 0.5501852035522461, 0.4608162045478821, 0.30257654190063477, 0.5125898718833923]
[0.5432844161987305, 0.5633867383003235, 0.41639167070388794, 0.2788945734500885, 0.5524370074272156]
[0.499066561460495, 0.5783998966217041, 0.4253210127353668, 0.2899816036224365, 0.5350819230079651]
[0.5413920879364014, 0.5962595343589783, 0.42802029848098755, 0.26579996943473816, 0.5539268255233765]
[0.4492926299571991, 0.5932587385177612, 0.44531723856925964, 0.2746775448322296, 0.5033401250839233]
[0.5311943888664246, 0.5891888737678528, 0.4195583760738373, 0.25988703966140747, 0.5529438853263855]
[0.509345531463623, 0.5776107907295227, 0.4413887858390808, 0.3027249276638031, 0.5073446035385132]
[0.5110915303230286, 0.5375480055809021, 0.49930301308631897, 0.41168051958084106, 0.5696102380752563]
[0.5289807915687561, 0.5294144153594971, 0.44576749205589294, 0.33475008606910706, 0.536430835723877]
[0.5922049283981323, 0.5912452340126038, 0.39188554883003235, 0.23589371144771576, 0.5976003408432007]
[0.5327104926109314, 0.5812563300132751, 0.4077325463294983, 0.27779555320739746, 0.54082852602005]
[0.3750588595867157, 0.5629964470863342, 0.4185478389263153, 0.25888749957084656, 0.47137880325317383]
[0.53754723072052, 0.5776699781417847, 0.40877366065979004, 0.27756160497665405, 0.5438425540924072]
[0.5415143966674805, 0.5758033394813538, 0.39681878685951233, 0.2763732075691223, 0.5586824417114258]
[0.47807401418685913, 0.5450148582458496, 0.47087129950523376, 0.3212125897407532, 0.49459803104400635]
[0.44262829422950745, 0.49460864067077637, 0.47531482577323914, 0.3580035865306854, 0.46126851439476013]
[0.4436776638031006, 0.5699735879898071, 0.4369967579841614, 0.2904462218284607, 0.44389984011650085]
[0.5353521704673767, 0.5871042609214783, 0.45527738332748413, 0.31313273310661316, 0.5379698276519775]
[0.45839497447013855, 0.5489165186882019, 0.5355426073074341, 0.4019146263599396, 0.530039370059967]
[0.5522801876068115, 0.5908863544464111, 0.40073904395103455, 0.24819906055927277, 0.5713660717010498]
[0.5237465500831604, 0.5595520734786987, 0.43708235025405884, 0.2981122136116028, 0.5139188170433044]
[0.5905330181121826, 0.5681785941123962, 0.4173358678817749, 0.26111605763435364, 0.5729252696037292]
[0.5440748929977417, 0.5677799582481384, 0.41501694917678833, 0.2902691662311554, 0.562093198299408]
[0.44514089822769165, 0.5542056560516357, 0.44657644629478455, 0.3375244140625, 0.47890833020210266]
[0.4967750906944275, 0.5903119444847107, 0.4398220479488373, 0.2937318682670593, 0.5274138450622559]
[0.3601253628730774, 0.5588699579238892, 0.4370354115962982, 0.2802875339984894, 0.4537184536457062]
[0.44514089822769165, 0.5542056560516357, 0.44657644629478455, 0.3375244140625, 0.47890833020210266]
[0.44181719422340393, 0.5820717215538025, 0.43845880031585693, 0.3219086527824402, 0.47397422790527344]
[0.5455880761146545, 0.5675569176673889, 0.4081018567085266, 0.27002716064453125, 0.5467281937599182]
[0.47864457964897156, 0.5551967024803162, 0.49761468172073364, 0.33317407965660095, 0.4931248426437378]
[0.4960850775241852, 0.5596117973327637, 0.46950677037239075, 0.3145888149738312, 0.5139678716659546]
[0.5093721151351929, 0.5489028096199036, 0.44736775755882263, 0.3291502892971039, 0.5265292525291443]
[0.48319315910339355, 0.547812819480896, 0.4667377173900604, 0.300167053937912, 0.520898163318634]
[0.4694777727127075, 0.5681877732276917, 0.4406186044216156, 0.2983534038066864, 0.4982156753540039]
[0.5030037760734558, 0.5366623997688293, 0.4784960448741913, 0.362080842256546, 0.5314120054244995]
[0.46162042021751404, 0.5317551493644714, 0.4731621742248535, 0.34009701013565063, 0.49997377395629883]
[0.4816167652606964, 0.579641580581665, 0.4265521466732025, 0.27929437160491943, 0.5284968018531799]
[0.521979808807373, 0.5484263896942139, 0.46357282996177673, 0.34379106760025024, 0.5272758603096008]
[0.530747652053833, 0.5868570804595947, 0.40822264552116394, 0.2835887670516968, 0.5182311534881592]
[0.5013219118118286, 0.5655891299247742, 0.4367741644382477, 0.305021733045578, 0.5124308466911316]
[0.5201510190963745, 0.5740639567375183, 0.4291665554046631, 0.30031371116638184, 0.5300247669219971]
[0.43967220187187195, 0.5896763801574707, 0.43568944931030273, 0.2836969494819641, 0.5125840306282043]
[0.518490731716156, 0.5664001107215881, 0.4415222406387329, 0.28802135586738586, 0.5234245657920837]
[0.5486648082733154, 0.5776029825210571, 0.38906511664390564, 0.2485942393541336, 0.5677392482757568]
[0.48079052567481995, 0.5247862935066223, 0.49873507022857666, 0.41658395528793335, 0.546093225479126]
[0.5322338342666626, 0.5902182459831238, 0.41741329431533813, 0.27407482266426086, 0.5412721633911133]
[0.47692614793777466, 0.5344793796539307, 0.462436318397522, 0.34528812766075134, 0.5017104744911194]
[0.465034157037735, 0.5495750308036804, 0.46377524733543396, 0.31368446350097656, 0.49715206027030945]
[0.5156945586204529, 0.565966784954071, 0.4428946077823639, 0.2955407202243805, 0.5596410036087036]
[0.3638888895511627, 0.5174770951271057, 0.49174609780311584, 0.36963704228401184, 0.4293827712535858]
[0.46643227338790894, 0.546969473361969, 0.45607224106788635, 0.3171694576740265, 0.4574613571166992]
[0.4841029644012451, 0.5641102194786072, 0.4357268512248993, 0.28806138038635254, 0.510860025882721]
[0.4953550398349762, 0.5589293837547302, 0.4396301209926605, 0.32381415367126465, 0.5260185599327087]
[0.5100559592247009, 0.5904836654663086, 0.4198841154575348, 0.2821909785270691, 0.5293534994125366]
[0.5562674403190613, 0.5443620085716248, 0.4214298725128174, 0.29698047041893005, 0.5565242171287537]
[0.5565725564956665, 0.5664785504341125, 0.44365841150283813, 0.28196749091148376, 0.5443053245544434]
[0.5403496623039246, 0.5836042165756226, 0.42025524377822876, 0.28689318895339966, 0.5453214645385742]
[0.3601253628730774, 0.5588699579238892, 0.4370354115962982, 0.2802875339984894, 0.4537184536457062]
[0.4426731765270233, 0.5373601317405701, 0.5338934659957886, 0.4263266623020172, 0.5076435804367065]
[0.4245334565639496, 0.5221164226531982, 0.5062299370765686, 0.36879003047943115, 0.4583809971809387]
[0.4646470248699188, 0.522659420967102, 0.47735145688056946, 0.33998358249664307, 0.5095778703689575]
[0.35892540216445923, 0.5250787734985352, 0.539121150970459, 0.5414449572563171, 0.48727065324783325]
[0.45515546202659607, 0.5843039155006409, 0.4546286463737488, 0.30586645007133484, 0.5067950487136841]
[0.542021632194519, 0.5700058341026306, 0.41096770763397217, 0.26504743099212646, 0.5755874514579773]
[0.510906457901001, 0.5745686292648315, 0.41999486088752747, 0.2906687259674072, 0.5183898210525513]
[0.5479525923728943, 0.5467770099639893, 0.49711093306541443, 0.33556172251701355, 0.48591843247413635]
[0.33346760272979736, 0.5542339086532593, 0.44029879570007324, 0.3013506829738617, 0.4313089847564697]
[0.4997188150882721, 0.5356425642967224, 0.4903406798839569, 0.41564223170280457, 0.5391110777854919]
[0.37997591495513916, 0.5260059237480164, 0.4767773747444153, 0.3323163092136383, 0.4431193470954895]
[0.5431342124938965, 0.5682805776596069, 0.4726969003677368, 0.325269490480423, 0.496084600687027]
[0.5416696667671204, 0.5793046355247498, 0.39474305510520935, 0.2852451205253601, 0.5345643162727356]
[0.3525565266609192, 0.5549966096878052, 0.4557444751262665, 0.29298844933509827, 0.43208077549934387]
[0.521691083908081, 0.5878927707672119, 0.4193263351917267, 0.279192179441452, 0.5255200266838074]
[0.5121167302131653, 0.5395217537879944, 0.4709322154521942, 0.32051247358322144, 0.5204549431800842]
[0.5576221942901611, 0.5584750771522522, 0.43534722924232483, 0.2668344974517822, 0.5470072031021118]
[0.5193535685539246, 0.5306490659713745, 0.47086793184280396, 0.3542807996273041, 0.5428499579429626]
[0.5615742206573486, 0.577494740486145, 0.42350152134895325, 0.2647973597049713, 0.5629311203956604]
[0.5028136968612671, 0.5587632656097412, 0.425182580947876, 0.28902965784072876, 0.5579251050949097]
[0.4269419014453888, 0.5377660393714905, 0.48540765047073364, 0.38124457001686096, 0.4791131913661957]
[0.4935435652732849, 0.5768437385559082, 0.4358144998550415, 0.27676859498023987, 0.5287818908691406]
[0.5272536873817444, 0.5871959328651428, 0.40474992990493774, 0.26819518208503723, 0.5187954902648926]
[0.5387322902679443, 0.5567325353622437, 0.4256443381309509, 0.26719751954078674, 0.5327989459037781]
[0.5306597352027893, 0.5336058139801025, 0.4433140456676483, 0.319293349981308, 0.5570119023323059]
[0.4750133752822876, 0.5917802453041077, 0.45134514570236206, 0.29871898889541626, 0.5125719904899597]
[0.5140364766120911, 0.5329435467720032, 0.4610365629196167, 0.3002067506313324, 0.4796280264854431]
[0.3954673409461975, 0.5407385230064392, 0.44561153650283813, 0.3373262584209442, 0.4675612449645996]
[0.5338976383209229, 0.5620949268341064, 0.4518073797225952, 0.3083806335926056, 0.5364888310432434]
[0.4492926299571991, 0.5932587385177612, 0.44531723856925964, 0.2746775448322296, 0.5033401250839233]
[0.47419285774230957, 0.5342854261398315, 0.49161818623542786, 0.37579718232154846, 0.4778386354446411]
[0.5792626142501831, 0.5573091506958008, 0.41742950677871704, 0.27832692861557007, 0.5729284882545471]
[0.3525565266609192, 0.5549966096878052, 0.4557444751262665, 0.29298844933509827, 0.43208077549934387]
[0.4600847363471985, 0.5670287013053894, 0.41452735662460327, 0.28256526589393616, 0.506223201751709]
[0.5195380449295044, 0.5740266442298889, 0.4176938831806183, 0.2902807295322418, 0.533743679523468]
[0.5674898028373718, 0.5788464546203613, 0.4183424115180969, 0.2891875207424164, 0.532056987285614]
[0.5245839953422546, 0.5927827954292297, 0.42429885268211365, 0.27520552277565, 0.5424015522003174]
[0.5552210807800293, 0.5812285542488098, 0.39916712045669556, 0.26990804076194763, 0.5510366559028625]
[0.5590112805366516, 0.5697994232177734, 0.4135313034057617, 0.2738655209541321, 0.5442681312561035]
[0.46478036046028137, 0.5713120698928833, 0.44191455841064453, 0.3161610960960388, 0.5199759602546692]
[0.4262502193450928, 0.5866174101829529, 0.42672106623649597, 0.27551186084747314, 0.47627657651901245]
