1
【总统下跪致歉】我们的浙江丽水、浙江永康性侵幼女；我们的河南镇平、河南永城性侵幼女；我们的陕西略阳、贵州习水性侵幼女；我们的福建安溪、福建霞浦、四川宜宾、甘肃成县、辽宁营口性侵幼女；我们的湖南性侵幼女母亲被劳教……没人道歉！韩国总统李明博因7岁幼女被性侵给国民下跪致歉，万恶韩国！
[0.5676891803741455, 0.5281540155410767, 0.46387264132499695, 0.34823331236839294, 0.5660905241966248]
[0.564158022403717, 0.5401103496551514, 0.4049615263938904, 0.2923394739627838, 0.5363888740539551]
[0.5090926289558411, 0.6018798351287842, 0.4406072199344635, 0.2831183969974518, 0.5262677669525146]
[0.58903968334198, 0.5766561627388, 0.3926130533218384, 0.25371813774108887, 0.5641753673553467]
[0.5236281752586365, 0.55532306432724, 0.41998007893562317, 0.31125491857528687, 0.5577776432037354]
[0.49605679512023926, 0.5420178174972534, 0.4624451994895935, 0.32461023330688477, 0.5360434651374817]
[0.49671605229377747, 0.58619225025177, 0.4190165102481842, 0.28625091910362244, 0.5325676202774048]
[0.45185211300849915, 0.5801935791969299, 0.4396650195121765, 0.3000624477863312, 0.4969215393066406]
[0.48206934332847595, 0.554496705532074, 0.47023528814315796, 0.3252091705799103, 0.5106611847877502]
[0.4731627106666565, 0.5423344373703003, 0.44519951939582825, 0.3145575225353241, 0.5056203007698059]
[0.4675183594226837, 0.5603553652763367, 0.4693553149700165, 0.31685933470726013, 0.5129070281982422]
[0.5354011058807373, 0.5384390354156494, 0.4417271018028259, 0.3061954379081726, 0.5297838449478149]
[0.5214614272117615, 0.5430042147636414, 0.409146249294281, 0.2728848457336426, 0.5562335848808289]
[0.48475417494773865, 0.5598701238632202, 0.47091493010520935, 0.33263808488845825, 0.5023946166038513]
[0.5527235269546509, 0.5492815971374512, 0.41931307315826416, 0.2908487319946289, 0.5554202795028687]
[0.511255145072937, 0.5555015802383423, 0.44553065299987793, 0.29960352182388306, 0.5322266817092896]
[0.4961509108543396, 0.5667952299118042, 0.43440115451812744, 0.27967941761016846, 0.4751420319080353]
[0.5558083057403564, 0.5774219036102295, 0.4037272334098816, 0.2575414478778839, 0.547421395778656]
[0.4963203966617584, 0.5666004419326782, 0.42752543091773987, 0.30950838327407837, 0.5180014967918396]
[0.5698750615119934, 0.5552754998207092, 0.41748932003974915, 0.2995513379573822, 0.5662262439727783]
[0.5123333930969238, 0.5634721517562866, 0.44770342111587524, 0.31900542974472046, 0.5223456025123596]
[0.5883468389511108, 0.5239899754524231, 0.42014941573143005, 0.33971384167671204, 0.5643405914306641]
[0.5119665265083313, 0.5428009033203125, 0.44475722312927246, 0.31410902738571167, 0.5335590839385986]
[0.47088852524757385, 0.574874997138977, 0.45453932881355286, 0.30353134870529175, 0.5183705687522888]
[0.5597028732299805, 0.5909626483917236, 0.4037051200866699, 0.26256418228149414, 0.5795732140541077]
[0.4487849771976471, 0.547805905342102, 0.44835513830184937, 0.3154345452785492, 0.4828122556209564]
[0.5158497095108032, 0.603416383266449, 0.4363483190536499, 0.27257660031318665, 0.5301260948181152]
[0.5278939008712769, 0.5848226547241211, 0.416145920753479, 0.26652172207832336, 0.5356289148330688]
[0.5658259391784668, 0.5840677618980408, 0.39654815196990967, 0.24318739771842957, 0.5660092234611511]
[0.47143590450286865, 0.5258527398109436, 0.4874531030654907, 0.3696090877056122, 0.4965503215789795]
[0.5130532383918762, 0.5728031992912292, 0.40839579701423645, 0.27592507004737854, 0.5190327167510986]
[0.47191742062568665, 0.5724695920944214, 0.4500710964202881, 0.3263823688030243, 0.4936581254005432]
[0.37913817167282104, 0.5595465898513794, 0.4198589622974396, 0.27334490418434143, 0.4481532573699951]
[0.5085361003875732, 0.5443151593208313, 0.4178546667098999, 0.27473852038383484, 0.5522461533546448]
[0.5648384690284729, 0.539730429649353, 0.43641144037246704, 0.300337553024292, 0.5606938004493713]
[0.5572012662887573, 0.5808822512626648, 0.4050338864326477, 0.24813096225261688, 0.5745795965194702]
[0.42048779129981995, 0.5611466765403748, 0.45178893208503723, 0.28736448287963867, 0.46556997299194336]
[0.46653836965560913, 0.5480440855026245, 0.42435288429260254, 0.2912907302379608, 0.5150632858276367]
[0.5792183876037598, 0.5382394194602966, 0.44368693232536316, 0.3092503249645233, 0.5467952489852905]
[0.49998271465301514, 0.5306810140609741, 0.4585621654987335, 0.333301842212677, 0.523257315158844]
[0.5150303244590759, 0.5296170115470886, 0.4939470589160919, 0.41166749596595764, 0.5311607718467712]
[0.535976767539978, 0.5744867324829102, 0.41159215569496155, 0.26443302631378174, 0.5577162504196167]
[0.4905538260936737, 0.5404530763626099, 0.43952906131744385, 0.3014238476753235, 0.5274091362953186]
[0.5069422721862793, 0.5548692345619202, 0.46871790289878845, 0.34500524401664734, 0.5045381784439087]
[0.5262978076934814, 0.5412342548370361, 0.42310285568237305, 0.30952075123786926, 0.5402510166168213]
[0.49048683047294617, 0.5625520944595337, 0.43271902203559875, 0.2959540784358978, 0.5218470692634583]
[0.5471740961074829, 0.5798512101173401, 0.43310561776161194, 0.2873512804508209, 0.5749480128288269]
[0.4934074878692627, 0.5939226150512695, 0.4161868393421173, 0.2765255272388458, 0.5249212980270386]
[0.48379552364349365, 0.5937032699584961, 0.41920071840286255, 0.2830924987792969, 0.4925927221775055]
[0.5232322216033936, 0.566129744052887, 0.4353410601615906, 0.27941635251045227, 0.5528260469436646]
[0.447136789560318, 0.5592750906944275, 0.4522915482521057, 0.29623913764953613, 0.49555686116218567]
[0.5083548426628113, 0.5484769940376282, 0.4453369975090027, 0.3102848529815674, 0.5104988813400269]
[0.5086606740951538, 0.5848486423492432, 0.43364793062210083, 0.27889981865882874, 0.5290349125862122]
[0.4696716368198395, 0.5549660325050354, 0.4583151936531067, 0.33449068665504456, 0.5066695213317871]
[0.4543721079826355, 0.5794014930725098, 0.44608205556869507, 0.28616631031036377, 0.482683002948761]
[0.5512972474098206, 0.5847875475883484, 0.40717610716819763, 0.2565746009349823, 0.5480672121047974]
[0.5046390295028687, 0.5109328627586365, 0.5109235644340515, 0.44231027364730835, 0.5368217825889587]
[0.40870150923728943, 0.5195956230163574, 0.5064877271652222, 0.3904433250427246, 0.4490238130092621]
[0.5045261383056641, 0.576178252696991, 0.4151131808757782, 0.27837422490119934, 0.5044819116592407]
[0.48059776425361633, 0.5807077288627625, 0.4496743381023407, 0.28873130679130554, 0.5214752554893494]
[0.493684858083725, 0.570196270942688, 0.4236035645008087, 0.2895585000514984, 0.5220517516136169]
[0.40916207432746887, 0.5241336822509766, 0.4968394339084625, 0.3731435239315033, 0.4682426452636719]
[0.4696716368198395, 0.5549660325050354, 0.4583151936531067, 0.33449068665504456, 0.5066695213317871]
[0.3630986213684082, 0.5414658188819885, 0.5369498133659363, 0.4458942711353302, 0.43601828813552856]
[0.3630986213684082, 0.5414658188819885, 0.5369498133659363, 0.4458942711353302, 0.43601828813552856]
[0.5605022311210632, 0.5607951879501343, 0.4222954213619232, 0.29410070180892944, 0.5703068375587463]
[0.49914002418518066, 0.5502124428749084, 0.4305058419704437, 0.3093506395816803, 0.5010039806365967]
[0.4608345031738281, 0.5530369281768799, 0.474891722202301, 0.38627973198890686, 0.4687722325325012]
[0.5189844369888306, 0.5775348544120789, 0.41777125000953674, 0.2790358364582062, 0.5211558938026428]
[0.6071444153785706, 0.5561358332633972, 0.3788662552833557, 0.26329517364501953, 0.5770642161369324]
[0.572433352470398, 0.5638173818588257, 0.4181147515773773, 0.29869574308395386, 0.5558907389640808]
[0.5471758246421814, 0.5411772727966309, 0.42278459668159485, 0.29705068469047546, 0.5558912754058838]
[0.5418270826339722, 0.5700941681861877, 0.4239542782306671, 0.29484808444976807, 0.5356636643409729]
[0.47376155853271484, 0.5842004418373108, 0.4437146782875061, 0.2783433794975281, 0.5214635133743286]
[0.5026693344116211, 0.5267784595489502, 0.46355140209198, 0.3532751500606537, 0.5235148072242737]
[0.5245293974876404, 0.5517700910568237, 0.45815959572792053, 0.29899299144744873, 0.5463863611221313]
[0.4397992491722107, 0.5741373896598816, 0.4685797393321991, 0.3116041123867035, 0.4683571457862854]
[0.5711899399757385, 0.5268872380256653, 0.46825215220451355, 0.3180803656578064, 0.5372815728187561]
