1
求转发，可怜的小人！
[0.47058555483818054, 0.5709656476974487, 0.4511760473251343, 0.32136088609695435, 0.5209609270095825]
[0.45288971066474915, 0.5704715251922607, 0.4499361515045166, 0.3239871561527252, 0.5146521329879761]
[0.48833152651786804, 0.5848734974861145, 0.41766253113746643, 0.2897126376628876, 0.4962691366672516]
[0.49084800481796265, 0.5567684173583984, 0.4367969334125519, 0.3090042471885681, 0.51267009973526]
[0.5232282876968384, 0.5414387583732605, 0.47588446736335754, 0.42181769013404846, 0.5455812811851501]
[0.42406517267227173, 0.592087984085083, 0.4363042116165161, 0.27177485823631287, 0.4936925172805786]
[0.47508132457733154, 0.564221203327179, 0.43013957142829895, 0.2773735523223877, 0.505088746547699]
[0.5261365175247192, 0.5764765739440918, 0.44060656428337097, 0.30996549129486084, 0.5127466320991516]
[0.535949170589447, 0.5552766919136047, 0.4879797399044037, 0.40776142477989197, 0.5771223306655884]
[0.4698616862297058, 0.5858747363090515, 0.43830981850624084, 0.29008200764656067, 0.5087941884994507]
[0.45734095573425293, 0.5877761244773865, 0.4616280496120453, 0.27819502353668213, 0.5153759121894836]
[0.4793734550476074, 0.5526712536811829, 0.45261117815971375, 0.31721141934394836, 0.46883565187454224]
[0.4499775767326355, 0.5507429242134094, 0.44881561398506165, 0.3269146680831909, 0.4752228856086731]
[0.36299386620521545, 0.5451249480247498, 0.4561156928539276, 0.3238758444786072, 0.42134732007980347]
[0.5325873494148254, 0.5880876183509827, 0.42129048705101013, 0.2533036768436432, 0.5475322008132935]
[0.5082352161407471, 0.5720511078834534, 0.4389110207557678, 0.30868104100227356, 0.536342203617096]
[0.47177359461784363, 0.5730034708976746, 0.4348650574684143, 0.3206770122051239, 0.5129456520080566]
[0.4852282702922821, 0.5527120232582092, 0.45276644825935364, 0.3217039704322815, 0.5015475749969482]
[0.37470743060112, 0.5124677419662476, 0.5741623044013977, 0.6299740672111511, 0.4867649972438812]
[0.5397323966026306, 0.5986484289169312, 0.42316994071006775, 0.2700996696949005, 0.5608393549919128]
[0.4579889476299286, 0.5837423801422119, 0.4357684850692749, 0.29124167561531067, 0.493071049451828]
[0.5072579383850098, 0.5429717898368835, 0.4623909592628479, 0.32941263914108276, 0.5178422331809998]
[0.4826122522354126, 0.5730097889900208, 0.45205119252204895, 0.3171621263027191, 0.5189206004142761]
[0.528118908405304, 0.5852379202842712, 0.43063226342201233, 0.2623966634273529, 0.5555712580680847]
[0.489711731672287, 0.5202958583831787, 0.4956308603286743, 0.4494268596172333, 0.5237107872962952]
[0.49020904302597046, 0.5647844076156616, 0.4428912401199341, 0.307075560092926, 0.505567729473114]
[0.4853186011314392, 0.5630000829696655, 0.4379943013191223, 0.3272215723991394, 0.5140954852104187]
[0.36768266558647156, 0.5553683042526245, 0.44645723700523376, 0.2846674919128418, 0.45567676424980164]
[0.47548985481262207, 0.5538347363471985, 0.4293164312839508, 0.30639153718948364, 0.5479145050048828]
[0.5602223873138428, 0.5902909636497498, 0.4128839671611786, 0.26084670424461365, 0.5579249262809753]
[0.4606773257255554, 0.5636513829231262, 0.44206735491752625, 0.30772343277931213, 0.48575398325920105]
[0.5025270581245422, 0.5557019114494324, 0.4507047235965729, 0.3171190321445465, 0.5517025589942932]
[0.440765380859375, 0.5621584057807922, 0.4319426417350769, 0.28734996914863586, 0.4795689284801483]
[0.3754793107509613, 0.5617905259132385, 0.42819932103157043, 0.3060995638370514, 0.4858013689517975]
[0.4089055061340332, 0.5784577131271362, 0.45308005809783936, 0.2784103751182556, 0.48602575063705444]
[0.47996482253074646, 0.5506039261817932, 0.48824626207351685, 0.30831605195999146, 0.518602192401886]
[0.5066176652908325, 0.5804940462112427, 0.41721707582473755, 0.2834787964820862, 0.5652191638946533]
[0.4536188244819641, 0.5704575777053833, 0.45450255274772644, 0.2982822060585022, 0.5261330604553223]
[0.5093894004821777, 0.5796468257904053, 0.43758341670036316, 0.30192938446998596, 0.5517094135284424]
[0.3861103653907776, 0.5626804232597351, 0.42905399203300476, 0.2910979092121124, 0.48848703503608704]
[0.3693055808544159, 0.5102274417877197, 0.5370318293571472, 0.4407494068145752, 0.45539799332618713]
[0.4014793038368225, 0.569558322429657, 0.458955854177475, 0.29885298013687134, 0.46587464213371277]
[0.46621835231781006, 0.5858479738235474, 0.4375164210796356, 0.27165499329566956, 0.5038341283798218]
[0.4218110144138336, 0.5536492466926575, 0.4470214545726776, 0.3227895498275757, 0.47729718685150146]
[0.47112634778022766, 0.5833551287651062, 0.4385415017604828, 0.281551718711853, 0.519355058670044]
[0.4089055061340332, 0.5784577131271362, 0.45308005809783936, 0.2784103751182556, 0.48602575063705444]
[0.5442264676094055, 0.5517006516456604, 0.42099979519844055, 0.30311810970306396, 0.5568468570709229]
[0.5369003415107727, 0.5899842381477356, 0.4046042561531067, 0.26577138900756836, 0.5608696937561035]
[0.5546677112579346, 0.5571799278259277, 0.4346071481704712, 0.286983847618103, 0.5529794692993164]
[0.4755675792694092, 0.5366278290748596, 0.47905853390693665, 0.3240264058113098, 0.5086338520050049]
[0.5325873494148254, 0.5880876183509827, 0.42129048705101013, 0.2533036768436432, 0.5475322008132935]
[0.5135629177093506, 0.5626828670501709, 0.4523601830005646, 0.3289114236831665, 0.51777184009552]
[0.5388658046722412, 0.5506845116615295, 0.4339410960674286, 0.31922653317451477, 0.5565651655197144]
[0.4568644165992737, 0.5592268705368042, 0.43604499101638794, 0.32075586915016174, 0.49007076025009155]
