1
【中国双休日的来历】 1994年前后，中美入世谈判最艰难的时刻，美方突然向中方提出：在全世界都实行双休日的今天，中国必须尊重**，也给中国人双休日，并把这一项作为入世条件之一。1995年5月1日后起我国开始实行双休日工作制。❤喜欢请关注
[0.4989532232284546, 0.5301175117492676, 0.507840096950531, 0.39900872111320496, 0.5047105550765991]
[0.4367864727973938, 0.579820990562439, 0.4549923837184906, 0.2779645025730133, 0.4618493318557739]
[0.48274990916252136, 0.5597450733184814, 0.4516521692276001, 0.3403303027153015, 0.47158071398735046]
[0.5107102394104004, 0.581463634967804, 0.41926729679107666, 0.2807613015174866, 0.5279549956321716]
[0.4947819411754608, 0.5623816847801208, 0.4527853727340698, 0.2949351370334625, 0.5092276334762573]
[0.45893561840057373, 0.5879018902778625, 0.4575803279876709, 0.3105379045009613, 0.5271711945533752]
[0.43406713008880615, 0.556122899055481, 0.43110525608062744, 0.2949332296848297, 0.4627348780632019]
[0.4965021312236786, 0.5658145546913147, 0.4207318127155304, 0.27371278405189514, 0.5160475373268127]
[0.4659654498100281, 0.5440155267715454, 0.4597611427307129, 0.30814969539642334, 0.4717383086681366]
[0.48045340180397034, 0.549189031124115, 0.4801963269710541, 0.34908249974250793, 0.4969640374183655]
[0.505799412727356, 0.5860732793807983, 0.41970762610435486, 0.26163768768310547, 0.5485032796859741]
[0.506532609462738, 0.5959643125534058, 0.4126585125923157, 0.2743836045265198, 0.5137982964515686]
[0.4343705177307129, 0.560872495174408, 0.45832446217536926, 0.3199082016944885, 0.4800710678100586]
[0.43406713008880615, 0.556122899055481, 0.43110525608062744, 0.2949332296848297, 0.4627348780632019]
[0.4864693284034729, 0.5680584907531738, 0.4279964864253998, 0.2962840795516968, 0.4797399044036865]
[0.48508158326148987, 0.5592926144599915, 0.4503921568393707, 0.3022344708442688, 0.49873706698417664]
[0.47160792350769043, 0.5600154399871826, 0.44057711958885193, 0.2945706844329834, 0.49874579906463623]
[0.5104995965957642, 0.5651169419288635, 0.42067813873291016, 0.2834484279155731, 0.5348616242408752]
[0.5207014679908752, 0.5732124447822571, 0.41119781136512756, 0.274774968624115, 0.5243236422538757]
[0.5767059326171875, 0.5789222717285156, 0.395056813955307, 0.24259637296199799, 0.5974765419960022]
[0.49481016397476196, 0.5248403549194336, 0.4949986934661865, 0.40043380856513977, 0.5090391635894775]
[0.4962245225906372, 0.5632342100143433, 0.42881152033805847, 0.3058152496814728, 0.5148202180862427]
[0.4965021312236786, 0.5658145546913147, 0.4207318127155304, 0.27371278405189514, 0.5160475373268127]
[0.4585806131362915, 0.5645973682403564, 0.4419192373752594, 0.2968740165233612, 0.48848485946655273]
[0.5565642714500427, 0.5719650983810425, 0.40707510709762573, 0.2627198398113251, 0.5512858033180237]
[0.4965021312236786, 0.5658145546913147, 0.4207318127155304, 0.27371278405189514, 0.5160475373268127]
[0.478315144777298, 0.5673395991325378, 0.4303724467754364, 0.29507797956466675, 0.49956199526786804]
[0.5711637139320374, 0.6046131253242493, 0.40825480222702026, 0.2409580647945404, 0.5716554522514343]
[0.4965021312236786, 0.5658145546913147, 0.4207318127155304, 0.27371278405189514, 0.5160475373268127]
[0.5653793215751648, 0.582434892654419, 0.39132294058799744, 0.2585252821445465, 0.5461805462837219]
[0.43406713008880615, 0.556122899055481, 0.43110525608062744, 0.2949332296848297, 0.4627348780632019]
[0.527854323387146, 0.5857251286506653, 0.42558375000953674, 0.27191784977912903, 0.5264109373092651]
[0.3683246076107025, 0.51203453540802, 0.5032894015312195, 0.4029507339000702, 0.4117518961429596]
[0.49234774708747864, 0.49460431933403015, 0.49111029505729675, 0.3420926630496979, 0.47517281770706177]
[0.4888000786304474, 0.5808379650115967, 0.43173128366470337, 0.2807362675666809, 0.5004048347473145]
[0.5405879020690918, 0.5767730474472046, 0.4146076738834381, 0.25332632660865784, 0.5582501888275146]
[0.5132416486740112, 0.5765411257743835, 0.4204089343547821, 0.2780870497226715, 0.5275075435638428]
[0.43251746892929077, 0.5749543309211731, 0.4584381580352783, 0.30347421765327454, 0.46593722701072693]
[0.5316157937049866, 0.5893203020095825, 0.4216015338897705, 0.2831384837627411, 0.5378316640853882]
[0.5316157937049866, 0.5893203020095825, 0.4216015338897705, 0.2831384837627411, 0.5378316640853882]
[0.5256500840187073, 0.5821358561515808, 0.42880141735076904, 0.29133158922195435, 0.5417407751083374]
[0.46475961804389954, 0.5495620369911194, 0.45965299010276794, 0.3328491151332855, 0.4728580713272095]
[0.3109111189842224, 0.5382450222969055, 0.5010523200035095, 0.38788965344429016, 0.42233794927597046]
[0.4273104667663574, 0.5793328285217285, 0.42604923248291016, 0.2691956162452698, 0.476846307516098]
[0.4817531704902649, 0.5288270711898804, 0.4920889139175415, 0.37997162342071533, 0.5157626867294312]
[0.45523905754089355, 0.5711061954498291, 0.4435805082321167, 0.28342169523239136, 0.5009507536888123]
[0.5867961049079895, 0.5884237885475159, 0.41184332966804504, 0.24964912235736847, 0.5652227401733398]
[0.5518461465835571, 0.5688544511795044, 0.4117460548877716, 0.2706444561481476, 0.5799895524978638]
[0.5192591547966003, 0.5466400980949402, 0.4341958463191986, 0.3095969259738922, 0.4957576394081116]
[0.5450233221054077, 0.582683801651001, 0.4138708710670471, 0.27959802746772766, 0.5575610399246216]
[0.4740084409713745, 0.5281014442443848, 0.45216959714889526, 0.32341164350509644, 0.4617953300476074]
[0.4894498288631439, 0.5792453289031982, 0.41188669204711914, 0.27430829405784607, 0.5155461430549622]
[0.4515145719051361, 0.5479320287704468, 0.4466080665588379, 0.3011111617088318, 0.486092209815979]
[0.46124112606048584, 0.5487182140350342, 0.5034576058387756, 0.36754971742630005, 0.464103102684021]
[0.4691181778907776, 0.5501876473426819, 0.46511584520339966, 0.3608149290084839, 0.5094009637832642]
[0.4971279203891754, 0.5652430653572083, 0.41581976413726807, 0.2737031579017639, 0.5032685995101929]
[0.5653793215751648, 0.582434892654419, 0.39132294058799744, 0.2585252821445465, 0.5461805462837219]
[0.48559898138046265, 0.5566705465316772, 0.45273831486701965, 0.31525006890296936, 0.49131762981414795]
[0.5214676856994629, 0.5880189538002014, 0.4417608678340912, 0.2915767729282379, 0.5528004169464111]
[0.4473745822906494, 0.5660325884819031, 0.4481670558452606, 0.3205569386482239, 0.4827745854854584]
[0.532047688961029, 0.544051468372345, 0.43139350414276123, 0.30044129490852356, 0.5417538285255432]
[0.5261275768280029, 0.5689094662666321, 0.45607930421829224, 0.3147869408130646, 0.5355722904205322]
[0.4347555637359619, 0.5192514061927795, 0.5086274743080139, 0.36737656593322754, 0.46247899532318115]
[0.48188668489456177, 0.5539084076881409, 0.4789923429489136, 0.3613690137863159, 0.4744052290916443]
[0.4766574203968048, 0.5605525374412537, 0.46205610036849976, 0.30817070603370667, 0.48357954621315]
[0.42760151624679565, 0.521243691444397, 0.48876869678497314, 0.4248523712158203, 0.4952910542488098]
[0.47545939683914185, 0.5613489747047424, 0.4578997492790222, 0.33862292766571045, 0.5158551335334778]
[0.5086828470230103, 0.5758823752403259, 0.44252023100852966, 0.31438353657722473, 0.5248477458953857]
[0.4965021312236786, 0.5658145546913147, 0.4207318127155304, 0.27371278405189514, 0.5160475373268127]
[0.519915759563446, 0.5835500359535217, 0.4115980863571167, 0.28102463483810425, 0.5473834872245789]
[0.47772133350372314, 0.5726768374443054, 0.426145076751709, 0.2818177044391632, 0.498304545879364]
[0.4462331235408783, 0.5495014786720276, 0.476146399974823, 0.35547518730163574, 0.49999290704727173]
[0.46252915263175964, 0.5442875027656555, 0.4843904674053192, 0.3363035023212433, 0.48892223834991455]
[0.38399428129196167, 0.549791693687439, 0.4759405255317688, 0.34605303406715393, 0.45125454664230347]
[0.4989253878593445, 0.5576144456863403, 0.4524359703063965, 0.3483608067035675, 0.49802348017692566]
[0.514000415802002, 0.5209414958953857, 0.47990483045578003, 0.3628423810005188, 0.501288652420044]
[0.47424736618995667, 0.5424031615257263, 0.5149397253990173, 0.3614335358142853, 0.4743592143058777]
[0.5190943479537964, 0.5426479578018188, 0.45030656456947327, 0.30072131752967834, 0.4936276078224182]
[0.45523905754089355, 0.5711061954498291, 0.4435805082321167, 0.28342169523239136, 0.5009507536888123]
