1
紧急通知：请在座的各位，在短时期内不要吃牛肉及牛制品。。。因为在辽宁出现了570头牛有炭咀干菌噶出现。我的朋友是大型食品公司的主管，此事已经得到公司的确认。这是内部消息，也请互相通知一下你们的家人或者亲人。
[0.5310388803482056, 0.525468647480011, 0.476688951253891, 0.3884953558444977, 0.5508896112442017]
[0.3201788067817688, 0.5587741732597351, 0.4491569399833679, 0.2929486036300659, 0.4365408420562744]
[0.4487622082233429, 0.5716210603713989, 0.4600348174571991, 0.3031274080276489, 0.45275557041168213]
[0.5256226658821106, 0.5862609148025513, 0.41921380162239075, 0.284212201833725, 0.5416823029518127]
[0.5899038910865784, 0.548348605632782, 0.4163106381893158, 0.2743077576160431, 0.5532479286193848]
[0.36730384826660156, 0.5336801409721375, 0.47154536843299866, 0.32648786902427673, 0.4218059182167053]
[0.46588775515556335, 0.5844332575798035, 0.4792028069496155, 0.29634058475494385, 0.5108757019042969]
[0.48010170459747314, 0.5597341656684875, 0.4350530803203583, 0.30566126108169556, 0.4995674192905426]
[0.5267939567565918, 0.5512061715126038, 0.445917546749115, 0.3256056606769562, 0.5465869903564453]
[0.5306620001792908, 0.5873991250991821, 0.41947126388549805, 0.288286417722702, 0.5368110537528992]
[0.4993881285190582, 0.5761007070541382, 0.45286911725997925, 0.29434525966644287, 0.5197541117668152]
