1
刚刚收到广东省人民医院医生的紧急通知，各位最近都不要吃牛肉和牛肉制品，最近苏州和辽宁省有500多头牛都感染了碳锥杆菌~~~大家小心啊~~快D讲身边既朋友知道啦~~
[0.515911877155304, 0.5189861059188843, 0.4916006624698639, 0.38446763157844543, 0.5491480827331543]
[0.42441490292549133, 0.5676126480102539, 0.4618966281414032, 0.3119684159755707, 0.45158058404922485]
[0.43105632066726685, 0.5340707302093506, 0.4896298050880432, 0.3216877281665802, 0.47534897923469543]
[0.554267942905426, 0.5859257578849792, 0.4029131233692169, 0.24986891448497772, 0.573498547077179]
[0.4768933951854706, 0.5576285123825073, 0.4681165814399719, 0.3201388716697693, 0.5099523067474365]
[0.4760547876358032, 0.561172366142273, 0.4509691894054413, 0.32225096225738525, 0.47913143038749695]
[0.4487622082233429, 0.5716210603713989, 0.4600348174571991, 0.3031274080276489, 0.45275557041168213]
[0.4487622082233429, 0.5716210603713989, 0.4600348174571991, 0.3031274080276489, 0.45275557041168213]
[0.4487622082233429, 0.5716210603713989, 0.4600348174571991, 0.3031274080276489, 0.45275557041168213]
[0.4487622082233429, 0.5716210603713989, 0.4600348174571991, 0.3031274080276489, 0.45275557041168213]
[0.5167646408081055, 0.5892900824546814, 0.43205246329307556, 0.27814891934394836, 0.5488680005073547]
[0.5366210341453552, 0.5511710047721863, 0.42913976311683655, 0.2841102182865143, 0.5352895259857178]
[0.5487872958183289, 0.5975399613380432, 0.4078983664512634, 0.274571031332016, 0.5562111139297485]
