1
【交通新规】2013年1月1日施行:①闯红灯，记6分罚100元。②酒驾，5年内不得再考取驾照。③不系安全带，记3分罚100元。④副驾不系安全带，记1分罚50元。⑤行驶中拨打手机，记3分罚100元。⑥行驶中抽烟，记1分罚100元。⑦有意遮挡号牌，记12分顶额处罚。⑧超速驾驶，记6分！！转~
[0.46897366642951965, 0.49456244707107544, 0.5392128825187683, 0.397333025932312, 0.4937886595726013]
[0.5330319404602051, 0.5767329931259155, 0.41487815976142883, 0.28408122062683105, 0.5450937747955322]
[0.5244597792625427, 0.5673940777778625, 0.42901942133903503, 0.28732484579086304, 0.508772611618042]
[0.5393369793891907, 0.58296138048172, 0.4288594722747803, 0.27277204394340515, 0.5605922937393188]
[0.44371098279953003, 0.5461057424545288, 0.45343419909477234, 0.30714863538742065, 0.5096326470375061]
[0.4568884074687958, 0.5692499279975891, 0.4448908865451813, 0.2728584110736847, 0.4995991885662079]
[0.4609742760658264, 0.5656181573867798, 0.4370670020580292, 0.28012850880622864, 0.5065881013870239]
[0.491560161113739, 0.5592338442802429, 0.4687805771827698, 0.35741013288497925, 0.5633225440979004]
[0.5123113989830017, 0.5736698508262634, 0.4359005391597748, 0.2990666925907135, 0.5281581878662109]
[0.49770331382751465, 0.5644046068191528, 0.4213946759700775, 0.2609930634498596, 0.5242977142333984]
[0.5573934316635132, 0.5696948766708374, 0.42882493138313293, 0.277498722076416, 0.5186254978179932]
[0.45334163308143616, 0.5542361736297607, 0.49785667657852173, 0.3606637716293335, 0.4939517676830292]
[0.4464804232120514, 0.5490598678588867, 0.4511081576347351, 0.33433660864830017, 0.44254061579704285]
[0.5072540640830994, 0.5749410390853882, 0.4337233603000641, 0.3088552951812744, 0.5123006701469421]
[0.4089055061340332, 0.5784577131271362, 0.45308005809783936, 0.2784103751182556, 0.48602575063705444]
[0.5298077464103699, 0.5928977727890015, 0.4256591498851776, 0.28714707493782043, 0.5272103548049927]
[0.30986857414245605, 0.5557507276535034, 0.45321130752563477, 0.30203768610954285, 0.42892780900001526]
[0.5256791710853577, 0.5855020880699158, 0.4173910319805145, 0.285369873046875, 0.5323097109794617]
[0.4203636050224304, 0.5549377799034119, 0.44874757528305054, 0.29207828640937805, 0.4741944670677185]
[0.5046648979187012, 0.5675614476203918, 0.43291813135147095, 0.3271212577819824, 0.5118201971054077]
[0.5714418292045593, 0.5979588031768799, 0.41275033354759216, 0.24779461324214935, 0.5697973370552063]
[0.4755859673023224, 0.5496659874916077, 0.4529806971549988, 0.325999915599823, 0.4847794473171234]
[0.4114188551902771, 0.5533589720726013, 0.4522288739681244, 0.2992531359195709, 0.4748118817806244]
[0.4675010144710541, 0.5614174604415894, 0.47116249799728394, 0.34142959117889404, 0.5161200165748596]
[0.5070725679397583, 0.5795678496360779, 0.4309682846069336, 0.25872695446014404, 0.538472592830658]
[0.4143775701522827, 0.5551265478134155, 0.4536643624305725, 0.34790199995040894, 0.4412596523761749]
[0.47618839144706726, 0.5591449737548828, 0.4371543824672699, 0.2894771695137024, 0.4935190677642822]
[0.5476675629615784, 0.5565105676651001, 0.41270968317985535, 0.2745688855648041, 0.558964192867279]
[0.4735894203186035, 0.5463972687721252, 0.4639101028442383, 0.3157085180282593, 0.4833816885948181]
[0.4275378882884979, 0.5718470811843872, 0.44574612379074097, 0.29460960626602173, 0.4921588897705078]
[0.5208881497383118, 0.5742291212081909, 0.4125509560108185, 0.2835359573364258, 0.5640702247619629]
[0.4808543622493744, 0.5719955563545227, 0.4501223862171173, 0.30817365646362305, 0.49503418803215027]
[0.5334595441818237, 0.5873140692710876, 0.4060596227645874, 0.26209789514541626, 0.5440441966056824]
[0.4560207724571228, 0.5484886765480042, 0.4552499055862427, 0.30018162727355957, 0.4987347722053528]
[0.49483048915863037, 0.5679846405982971, 0.43432092666625977, 0.29966890811920166, 0.5160648822784424]
[0.4756162762641907, 0.5442136526107788, 0.4683075249195099, 0.32385873794555664, 0.530651330947876]
[0.4411100447177887, 0.5313409566879272, 0.4518625736236572, 0.3527100682258606, 0.45106300711631775]
[0.5901369452476501, 0.5767064690589905, 0.3932908773422241, 0.2558054029941559, 0.5931442975997925]
[0.4258822500705719, 0.5447425842285156, 0.4817611277103424, 0.3300238847732544, 0.49563053250312805]
[0.4893574118614197, 0.589061975479126, 0.4277043342590332, 0.2957337498664856, 0.5171022415161133]
[0.4522240459918976, 0.55560702085495, 0.47153449058532715, 0.33897528052330017, 0.4937419295310974]
[0.5257183313369751, 0.5688723921775818, 0.43623051047325134, 0.25748324394226074, 0.5577620267868042]
[0.5759679675102234, 0.5631675720214844, 0.41849008202552795, 0.26610028743743896, 0.5321016311645508]
[0.534669041633606, 0.5410614609718323, 0.45342308282852173, 0.3273220658302307, 0.5149219036102295]
[0.4727221727371216, 0.5825644135475159, 0.4555038809776306, 0.29050213098526, 0.5279691219329834]
[0.4779782295227051, 0.5754277110099792, 0.44573426246643066, 0.327175498008728, 0.500251054763794]
[0.5279144048690796, 0.5897513031959534, 0.4316050410270691, 0.2778770923614502, 0.5342473983764648]
[0.5325873494148254, 0.5880876183509827, 0.42129048705101013, 0.2533036768436432, 0.5475322008132935]
[0.46897366642951965, 0.49456244707107544, 0.5392128825187683, 0.397333025932312, 0.4937886595726013]
[0.46707960963249207, 0.5648526549339294, 0.46718940138816833, 0.3199646770954132, 0.5375584959983826]
[0.4905296266078949, 0.5521560311317444, 0.475506991147995, 0.3293549120426178, 0.5239808559417725]
[0.46247968077659607, 0.5532109141349792, 0.4634648859500885, 0.3384592533111572, 0.4713730812072754]
[0.4591219425201416, 0.5308203101158142, 0.46866753697395325, 0.3608371913433075, 0.48766905069351196]
[0.538105845451355, 0.5879831314086914, 0.41182050108909607, 0.26826104521751404, 0.5607741475105286]
[0.517492949962616, 0.5894491076469421, 0.409469872713089, 0.26804569363594055, 0.5326457619667053]
[0.4949088394641876, 0.5708831548690796, 0.4362531006336212, 0.31208091974258423, 0.5238596200942993]
[0.49331915378570557, 0.5831507444381714, 0.4265785813331604, 0.2894342839717865, 0.492064893245697]
[0.4520135819911957, 0.5443723201751709, 0.45236268639564514, 0.3134709894657135, 0.492792010307312]
[0.5064220428466797, 0.5677878856658936, 0.4298734962940216, 0.2959336042404175, 0.5258551836013794]
[0.5404797792434692, 0.5579464435577393, 0.4135657548904419, 0.2586294710636139, 0.5213018655776978]
[0.5410089492797852, 0.5560832619667053, 0.4306297302246094, 0.3022415041923523, 0.5181888937950134]
[0.52193683385849, 0.5809937119483948, 0.42153918743133545, 0.26938873529434204, 0.5280381441116333]
[0.40958625078201294, 0.4900296628475189, 0.5541135668754578, 0.4305364787578583, 0.46085914969444275]
