1
通过长达十天两会的召开.新的婚姻法中规定 男女双方只要年满18周岁就可以结婚.并不是之前女方满20周男方满22周才可制成婚约.如今结婚证是国家级证书.高考时还可加3学分.现在在大学期间结婚.学费还可减半;跨民族结婚 生一个孩子奖励一万.请大家相互转告.好完成那些早婚人的梦想.
[0.47210466861724854, 0.5135952830314636, 0.5405128598213196, 0.4859033226966858, 0.49863484501838684]
[0.5247292518615723, 0.5776963829994202, 0.421190083026886, 0.2869361340999603, 0.5636643171310425]
[0.4487622082233429, 0.5716210603713989, 0.4600348174571991, 0.3031274080276489, 0.45275557041168213]
[0.5459905862808228, 0.5780584812164307, 0.41445392370224, 0.2716013789176941, 0.5517297387123108]
[0.43928033113479614, 0.5755216479301453, 0.43812182545661926, 0.28464990854263306, 0.4676651954650879]
[0.4487622082233429, 0.5716210603713989, 0.4600348174571991, 0.3031274080276489, 0.45275557041168213]
[0.47636649012565613, 0.5611182451248169, 0.46053722500801086, 0.2927221655845642, 0.48907655477523804]
[0.48379552364349365, 0.5937032699584961, 0.41920071840286255, 0.2830924987792969, 0.4925927221775055]
[0.5449786186218262, 0.5210113525390625, 0.46002382040023804, 0.336027055978775, 0.5099967122077942]
[0.5135108232498169, 0.5610200762748718, 0.43239468336105347, 0.32505857944488525, 0.51182621717453]
[0.3499130308628082, 0.5376466512680054, 0.45704931020736694, 0.34535345435142517, 0.42106184363365173]
[0.4487622082233429, 0.5716210603713989, 0.4600348174571991, 0.3031274080276489, 0.45275557041168213]
[0.4934166967868805, 0.5868629217147827, 0.4470164477825165, 0.28823122382164, 0.4850083887577057]
[0.5664670467376709, 0.5731650590896606, 0.41402480006217957, 0.2927560806274414, 0.5282278656959534]
[0.4388132691383362, 0.5381770730018616, 0.4761236310005188, 0.3921068608760834, 0.49698689579963684]
[0.4375351369380951, 0.5263824462890625, 0.45628103613853455, 0.28995952010154724, 0.4579482972621918]
[0.4487622082233429, 0.5716210603713989, 0.4600348174571991, 0.3031274080276489, 0.45275557041168213]
[0.4487622082233429, 0.5716210603713989, 0.4600348174571991, 0.3031274080276489, 0.45275557041168213]
[0.5354865789413452, 0.5888907313346863, 0.41922876238822937, 0.2605830132961273, 0.5253303050994873]
[0.4889259338378906, 0.554774820804596, 0.4376876652240753, 0.32349929213523865, 0.5003489255905151]
[0.5315115451812744, 0.5855736136436462, 0.39861738681793213, 0.2707137167453766, 0.5307518839836121]
[0.5278265476226807, 0.551101803779602, 0.4552184045314789, 0.3131009042263031, 0.5200183391571045]
[0.5374776721000671, 0.580643892288208, 0.4701523184776306, 0.32751238346099854, 0.5274277329444885]
[0.4374012053012848, 0.564610481262207, 0.4545833170413971, 0.32780978083610535, 0.4916916787624359]
[0.477009654045105, 0.5368452072143555, 0.44024303555488586, 0.298168420791626, 0.4953134059906006]
[0.5223655104637146, 0.5369678735733032, 0.4911663234233856, 0.34389954805374146, 0.5017611980438232]
[0.5107733607292175, 0.5853630304336548, 0.4164483845233917, 0.29021766781806946, 0.5149073004722595]
[0.5315115451812744, 0.5855736136436462, 0.39861738681793213, 0.2707137167453766, 0.5307518839836121]
[0.4487622082233429, 0.5716210603713989, 0.4600348174571991, 0.3031274080276489, 0.45275557041168213]
[0.5340944528579712, 0.5722911953926086, 0.40477773547172546, 0.2461879700422287, 0.5605747103691101]
[0.48379552364349365, 0.5937032699584961, 0.41920071840286255, 0.2830924987792969, 0.4925927221775055]
[0.5232613682746887, 0.5670880675315857, 0.4425450265407562, 0.31023916602134705, 0.5345642566680908]
[0.48096656799316406, 0.5345281958580017, 0.4398505389690399, 0.31957921385765076, 0.452433317899704]
[0.5470628142356873, 0.5566948652267456, 0.45487862825393677, 0.2914486229419708, 0.52197265625]
[0.5293956995010376, 0.5687577724456787, 0.42389196157455444, 0.27622708678245544, 0.5030009746551514]
[0.5068265795707703, 0.5617270469665527, 0.42040637135505676, 0.2916952669620514, 0.5364869236946106]
[0.4787349998950958, 0.5864070653915405, 0.46172598004341125, 0.3074336647987366, 0.5079763531684875]
[0.5212396383285522, 0.5540788173675537, 0.447341650724411, 0.3422907888889313, 0.48936325311660767]
[0.5451405048370361, 0.5799071192741394, 0.4316512644290924, 0.266661137342453, 0.5196403861045837]
[0.4929567873477936, 0.5692195296287537, 0.464565634727478, 0.31300127506256104, 0.5189281702041626]
[0.38423973321914673, 0.5357365012168884, 0.4736686944961548, 0.3307955265045166, 0.42793282866477966]
[0.4487622082233429, 0.5716210603713989, 0.4600348174571991, 0.3031274080276489, 0.45275557041168213]
[0.6219227313995361, 0.5468941330909729, 0.393423467874527, 0.25033462047576904, 0.5987099409103394]
[0.5430647134780884, 0.5540809631347656, 0.4479692578315735, 0.317401647567749, 0.541476845741272]
[0.4373330771923065, 0.5288776755332947, 0.46447664499282837, 0.3464491069316864, 0.47290903329849243]
[0.5527135729789734, 0.5735700130462646, 0.4174261689186096, 0.26728641986846924, 0.5371688604354858]
[0.47489434480667114, 0.5593987107276917, 0.42756953835487366, 0.29687634110450745, 0.5003870129585266]
[0.4487622082233429, 0.5716210603713989, 0.4600348174571991, 0.3031274080276489, 0.45275557041168213]
[0.531034529209137, 0.5964253544807434, 0.42104029655456543, 0.2719763517379761, 0.5525156259536743]
[0.4275091290473938, 0.5750071406364441, 0.46545031666755676, 0.2975284159183502, 0.49462461471557617]
[0.4735080599784851, 0.5612049698829651, 0.45358872413635254, 0.3173600137233734, 0.4851190149784088]
[0.5168832540512085, 0.5921261310577393, 0.4003516435623169, 0.2718997597694397, 0.5358909964561462]
[0.3682872951030731, 0.5410106182098389, 0.43682804703712463, 0.29630130529403687, 0.4435845613479614]
[0.43388327956199646, 0.5271044373512268, 0.5373975038528442, 0.47939690947532654, 0.46319806575775146]
[0.5384645462036133, 0.5746728181838989, 0.4177899956703186, 0.2820303440093994, 0.5324811339378357]
[0.5186352133750916, 0.5740926265716553, 0.4314952790737152, 0.29406964778900146, 0.5284160375595093]
[0.4447079002857208, 0.5015954375267029, 0.4958985447883606, 0.40881893038749695, 0.44371557235717773]
[0.5046761631965637, 0.5429604053497314, 0.46043291687965393, 0.3213456869125366, 0.5227089524269104]
[0.4826709032058716, 0.5936363339424133, 0.44374194741249084, 0.292999267578125, 0.507942795753479]
[0.5519030094146729, 0.5867221355438232, 0.39555343985557556, 0.2536868751049042, 0.5470322966575623]
[0.47162070870399475, 0.5447947978973389, 0.46119168400764465, 0.3156505823135376, 0.47106173634529114]
[0.421489953994751, 0.5050734877586365, 0.4920153021812439, 0.38170212507247925, 0.4487767219543457]
[0.5207130908966064, 0.5581809282302856, 0.45351240038871765, 0.3198868930339813, 0.5297732353210449]
[0.5023884773254395, 0.5853433609008789, 0.4230899512767792, 0.30135607719421387, 0.5245050191879272]
[0.5447416305541992, 0.575604259967804, 0.3997216522693634, 0.28412798047065735, 0.5422266721725464]
[0.4276043176651001, 0.5261037945747375, 0.5215033292770386, 0.4089968800544739, 0.45882463455200195]
[0.5234488248825073, 0.5483334064483643, 0.47205519676208496, 0.32080450654029846, 0.5121334195137024]
[0.4936642646789551, 0.5432445406913757, 0.4331754148006439, 0.29872819781303406, 0.49492281675338745]
[0.5749762058258057, 0.5702961683273315, 0.43155741691589355, 0.27682092785835266, 0.5602852702140808]
[0.4455414116382599, 0.5582684874534607, 0.43604764342308044, 0.2936370372772217, 0.49480316042900085]
[0.4878760874271393, 0.5550668239593506, 0.47906357049942017, 0.33413395285606384, 0.5109772682189941]
[0.47370511293411255, 0.567931056022644, 0.4235353171825409, 0.30222147703170776, 0.4884817898273468]
[0.5641616582870483, 0.5824483036994934, 0.43679511547088623, 0.3019542396068573, 0.5629728436470032]
[0.4487622082233429, 0.5716210603713989, 0.4600348174571991, 0.3031274080276489, 0.45275557041168213]
[0.4749701917171478, 0.5595078468322754, 0.45009645819664, 0.3289218246936798, 0.4812454581260681]
[0.48359230160713196, 0.5927678942680359, 0.43945881724357605, 0.2975825071334839, 0.5169289112091064]
[0.5617507100105286, 0.5676942467689514, 0.40528756380081177, 0.25807902216911316, 0.5426977276802063]
[0.4780135452747345, 0.5598111152648926, 0.44792765378952026, 0.33102139830589294, 0.4987391531467438]
[0.3797859251499176, 0.5596243739128113, 0.4807373881340027, 0.3714835047721863, 0.4630984961986542]
[0.5307902693748474, 0.5628829002380371, 0.4033966064453125, 0.2944144904613495, 0.5395725965499878]
[0.5579684972763062, 0.552666187286377, 0.42539042234420776, 0.2669038772583008, 0.5797259211540222]
[0.5970333814620972, 0.5953679084777832, 0.3859974145889282, 0.2211015373468399, 0.6059547066688538]
[0.52199786901474, 0.577339768409729, 0.4283076822757721, 0.2818436026573181, 0.5505691766738892]
[0.5535065531730652, 0.5829693078994751, 0.4093189537525177, 0.2753307521343231, 0.5413081049919128]
[0.5263062119483948, 0.5880380272865295, 0.4391688406467438, 0.2949214577674866, 0.5361344218254089]
[0.5422282814979553, 0.5863180160522461, 0.40551844239234924, 0.2753317654132843, 0.556081235408783]
[0.44251498579978943, 0.5486627817153931, 0.48734042048454285, 0.3647322952747345, 0.49606218934059143]
