1
云南一只母猪生下8个小孩=震撼全世界！更多奇猪异事请点击
[0.5664095282554626, 0.585818350315094, 0.43930843472480774, 0.27314579486846924, 0.5482531785964966]
[0.565504789352417, 0.5866569876670837, 0.4333273768424988, 0.2601863145828247, 0.5505886673927307]
[0.565504789352417, 0.5866569876670837, 0.4333273768424988, 0.2601863145828247, 0.5505886673927307]
[0.565504789352417, 0.5866569876670837, 0.4333273768424988, 0.2601863145828247, 0.5505886673927307]
[0.5399930477142334, 0.5570913553237915, 0.4282849431037903, 0.3135073482990265, 0.5617878437042236]
[0.468990296125412, 0.5742843151092529, 0.4565789997577667, 0.30559664964675903, 0.47160160541534424]
[0.4750462472438812, 0.540977418422699, 0.4729752540588379, 0.3506484031677246, 0.4986952245235443]
[0.565504789352417, 0.5866569876670837, 0.4333273768424988, 0.2601863145828247, 0.5505886673927307]
[0.43284982442855835, 0.5757887959480286, 0.46108490228652954, 0.310757040977478, 0.45935678482055664]
[0.565504789352417, 0.5866569876670837, 0.4333273768424988, 0.2601863145828247, 0.5505886673927307]
[0.565504789352417, 0.5866569876670837, 0.4333273768424988, 0.2601863145828247, 0.5505886673927307]
[0.565504789352417, 0.5866569876670837, 0.4333273768424988, 0.2601863145828247, 0.5505886673927307]
[0.5424410104751587, 0.602057695388794, 0.4374203681945801, 0.26714152097702026, 0.5403971672058105]
[0.5311218500137329, 0.5805688500404358, 0.41002917289733887, 0.28420913219451904, 0.5636485815048218]
[0.5082085132598877, 0.5888280272483826, 0.4272860586643219, 0.27177610993385315, 0.5456066727638245]
[0.565504789352417, 0.5866569876670837, 0.4333273768424988, 0.2601863145828247, 0.5505886673927307]
[0.565504789352417, 0.5866569876670837, 0.4333273768424988, 0.2601863145828247, 0.5505886673927307]
[0.565504789352417, 0.5866569876670837, 0.4333273768424988, 0.2601863145828247, 0.5505886673927307]
[0.565504789352417, 0.5866569876670837, 0.4333273768424988, 0.2601863145828247, 0.5505886673927307]
[0.47037824988365173, 0.5697643160820007, 0.46419525146484375, 0.3386740982532501, 0.5284090042114258]
[0.565504789352417, 0.5866569876670837, 0.4333273768424988, 0.2601863145828247, 0.5505886673927307]
[0.5291121006011963, 0.5923258662223816, 0.415624737739563, 0.2743915021419525, 0.544005274772644]
[0.565504789352417, 0.5866569876670837, 0.4333273768424988, 0.2601863145828247, 0.5505886673927307]
[0.565504789352417, 0.5866569876670837, 0.4333273768424988, 0.2601863145828247, 0.5505886673927307]
[0.5297680497169495, 0.581358015537262, 0.4425666928291321, 0.2984345257282257, 0.5376521348953247]
[0.565504789352417, 0.5866569876670837, 0.4333273768424988, 0.2601863145828247, 0.5505886673927307]
[0.565504789352417, 0.5866569876670837, 0.4333273768424988, 0.2601863145828247, 0.5505886673927307]
[0.6014537811279297, 0.5571619272232056, 0.3726482093334198, 0.22153998911380768, 0.5945372581481934]
[0.527854323387146, 0.5857251286506653, 0.42558375000953674, 0.27191784977912903, 0.5264109373092651]
[0.565504789352417, 0.5866569876670837, 0.4333273768424988, 0.2601863145828247, 0.5505886673927307]
[0.4037868082523346, 0.549492597579956, 0.49141883850097656, 0.3600168228149414, 0.4705943465232849]
[0.5096266269683838, 0.5811516046524048, 0.41493499279022217, 0.2775145471096039, 0.5242461562156677]
[0.565504789352417, 0.5866569876670837, 0.4333273768424988, 0.2601863145828247, 0.5505886673927307]
[0.527854323387146, 0.5857251286506653, 0.42558375000953674, 0.27191784977912903, 0.5264109373092651]
[0.565504789352417, 0.5866569876670837, 0.4333273768424988, 0.2601863145828247, 0.5505886673927307]
[0.565504789352417, 0.5866569876670837, 0.4333273768424988, 0.2601863145828247, 0.5505886673927307]
[0.565504789352417, 0.5866569876670837, 0.4333273768424988, 0.2601863145828247, 0.5505886673927307]
[0.565504789352417, 0.5866569876670837, 0.4333273768424988, 0.2601863145828247, 0.5505886673927307]
[0.565504789352417, 0.5866569876670837, 0.4333273768424988, 0.2601863145828247, 0.5505886673927307]
[0.565504789352417, 0.5866569876670837, 0.4333273768424988, 0.2601863145828247, 0.5505886673927307]
[0.565504789352417, 0.5866569876670837, 0.4333273768424988, 0.2601863145828247, 0.5505886673927307]
[0.4897357225418091, 0.5549627542495728, 0.42548954486846924, 0.29637905955314636, 0.4966129958629608]
[0.5252029299736023, 0.576880931854248, 0.4093063771724701, 0.279260516166687, 0.5494678616523743]
[0.565504789352417, 0.5866569876670837, 0.4333273768424988, 0.2601863145828247, 0.5505886673927307]
[0.5027862787246704, 0.580219566822052, 0.44054704904556274, 0.30075740814208984, 0.5252977013587952]
[0.565504789352417, 0.5866569876670837, 0.4333273768424988, 0.2601863145828247, 0.5505886673927307]
[0.5513625144958496, 0.5909995436668396, 0.43181899189949036, 0.28315469622612, 0.5394847989082336]
[0.565504789352417, 0.5866569876670837, 0.4333273768424988, 0.2601863145828247, 0.5505886673927307]
[0.565504789352417, 0.5866569876670837, 0.4333273768424988, 0.2601863145828247, 0.5505886673927307]
[0.49504098296165466, 0.5715009570121765, 0.4332880675792694, 0.29910653829574585, 0.5014501214027405]
[0.44801607728004456, 0.5430110096931458, 0.47489479184150696, 0.33798685669898987, 0.48815011978149414]
[0.5307767987251282, 0.5905842781066895, 0.4222431778907776, 0.271236777305603, 0.5471266508102417]
[0.4818001389503479, 0.57095867395401, 0.43893131613731384, 0.27533650398254395, 0.4979764223098755]
[0.565504789352417, 0.5866569876670837, 0.4333273768424988, 0.2601863145828247, 0.5505886673927307]
[0.5134342908859253, 0.589725911617279, 0.41768771409988403, 0.2820774018764496, 0.5112767219543457]
[0.565504789352417, 0.5866569876670837, 0.4333273768424988, 0.2601863145828247, 0.5505886673927307]
[0.5082672238349915, 0.5819494724273682, 0.4251338243484497, 0.28732192516326904, 0.5239904522895813]
[0.565504789352417, 0.5866569876670837, 0.4333273768424988, 0.2601863145828247, 0.5505886673927307]
[0.4510432183742523, 0.5654886364936829, 0.4564145803451538, 0.3071148097515106, 0.5171526670455933]
[0.565504789352417, 0.5866569876670837, 0.4333273768424988, 0.2601863145828247, 0.5505886673927307]
[0.565504789352417, 0.5866569876670837, 0.4333273768424988, 0.2601863145828247, 0.5505886673927307]
[0.48379552364349365, 0.5937032699584961, 0.41920071840286255, 0.2830924987792969, 0.4925927221775055]
[0.565504789352417, 0.5866569876670837, 0.4333273768424988, 0.2601863145828247, 0.5505886673927307]
[0.565504789352417, 0.5866569876670837, 0.4333273768424988, 0.2601863145828247, 0.5505886673927307]
[0.5788859128952026, 0.5864474177360535, 0.43705299496650696, 0.27576744556427, 0.5536085367202759]
[0.5788859128952026, 0.5864474177360535, 0.43705299496650696, 0.27576744556427, 0.5536085367202759]
[0.5788859128952026, 0.5864474177360535, 0.43705299496650696, 0.27576744556427, 0.5536085367202759]
[0.4625312387943268, 0.5660130977630615, 0.4515347480773926, 0.33838173747062683, 0.4787391424179077]
[0.5788859128952026, 0.5864474177360535, 0.43705299496650696, 0.27576744556427, 0.5536085367202759]
[0.5774304270744324, 0.6065936088562012, 0.41549786925315857, 0.2480234056711197, 0.5604559779167175]
[0.565504789352417, 0.5866569876670837, 0.4333273768424988, 0.2601863145828247, 0.5505886673927307]
[0.5788859128952026, 0.5864474177360535, 0.43705299496650696, 0.27576744556427, 0.5536085367202759]
[0.5788859128952026, 0.5864474177360535, 0.43705299496650696, 0.27576744556427, 0.5536085367202759]
[0.5788859128952026, 0.5864474177360535, 0.43705299496650696, 0.27576744556427, 0.5536085367202759]
[0.47125929594039917, 0.5658600330352783, 0.43973010778427124, 0.3091517984867096, 0.47595834732055664]
[0.5788859128952026, 0.5864474177360535, 0.43705299496650696, 0.27576744556427, 0.5536085367202759]
[0.5788859128952026, 0.5864474177360535, 0.43705299496650696, 0.27576744556427, 0.5536085367202759]
[0.5073438882827759, 0.5681165456771851, 0.44057098031044006, 0.30381911993026733, 0.5034007430076599]
[0.565504789352417, 0.5866569876670837, 0.4333273768424988, 0.2601863145828247, 0.5505886673927307]
[0.5788859128952026, 0.5864474177360535, 0.43705299496650696, 0.27576744556427, 0.5536085367202759]
[0.5788859128952026, 0.5864474177360535, 0.43705299496650696, 0.27576744556427, 0.5536085367202759]
[0.5788859128952026, 0.5864474177360535, 0.43705299496650696, 0.27576744556427, 0.5536085367202759]
[0.498953640460968, 0.5745070576667786, 0.4352795481681824, 0.27380621433258057, 0.5337963700294495]
[0.5664095282554626, 0.585818350315094, 0.43930843472480774, 0.27314579486846924, 0.5482531785964966]
[0.5788859128952026, 0.5864474177360535, 0.43705299496650696, 0.27576744556427, 0.5536085367202759]
[0.5788859128952026, 0.5864474177360535, 0.43705299496650696, 0.27576744556427, 0.5536085367202759]
[0.5788859128952026, 0.5864474177360535, 0.43705299496650696, 0.27576744556427, 0.5536085367202759]
[0.5788859128952026, 0.5864474177360535, 0.43705299496650696, 0.27576744556427, 0.5536085367202759]
[0.5788859128952026, 0.5864474177360535, 0.43705299496650696, 0.27576744556427, 0.5536085367202759]
[0.5788859128952026, 0.5864474177360535, 0.43705299496650696, 0.27576744556427, 0.5536085367202759]
[0.4487622082233429, 0.5716210603713989, 0.4600348174571991, 0.3031274080276489, 0.45275557041168213]
[0.5788859128952026, 0.5864474177360535, 0.43705299496650696, 0.27576744556427, 0.5536085367202759]
[0.5071555376052856, 0.5908418297767639, 0.42342156171798706, 0.25815078616142273, 0.5186548233032227]
[0.5190491676330566, 0.5957909822463989, 0.4376770257949829, 0.28357788920402527, 0.5178558826446533]
[0.5788859128952026, 0.5864474177360535, 0.43705299496650696, 0.27576744556427, 0.5536085367202759]
[0.5788859128952026, 0.5864474177360535, 0.43705299496650696, 0.27576744556427, 0.5536085367202759]
[0.5788859128952026, 0.5864474177360535, 0.43705299496650696, 0.27576744556427, 0.5536085367202759]
[0.5788859128952026, 0.5864474177360535, 0.43705299496650696, 0.27576744556427, 0.5536085367202759]
[0.5788859128952026, 0.5864474177360535, 0.43705299496650696, 0.27576744556427, 0.5536085367202759]
[0.565504789352417, 0.5866569876670837, 0.4333273768424988, 0.2601863145828247, 0.5505886673927307]
[0.565504789352417, 0.5866569876670837, 0.4333273768424988, 0.2601863145828247, 0.5505886673927307]
