1
【帮转】一位可怜的94岁老奶奶，老伴去世，儿子伤寒死了，两个孙子在外面打工，她每天依靠捡垃圾为生，每天捡垃圾捡到凌晨2点，也只能转5、6元。奶奶双腿已经裂开，因为没钱，一直没有医治。求扩散~~每转一条微博，腾讯公益就像老奶奶捐出1毛钱，多转几次吧，不会脏了你微博，对么？via
[0.5296158194541931, 0.5486935973167419, 0.4980379045009613, 0.3250858783721924, 0.5575510859489441]
[0.5094811916351318, 0.5611926317214966, 0.44868823885917664, 0.34730181097984314, 0.48988136649131775]
[0.35272935032844543, 0.57756108045578, 0.4564403295516968, 0.3002152442932129, 0.44867509603500366]
[0.4089055061340332, 0.5784577131271362, 0.45308005809783936, 0.2784103751182556, 0.48602575063705444]
[0.46763473749160767, 0.5289402008056641, 0.5084158778190613, 0.37592747807502747, 0.5224786996841431]
[0.5249049067497253, 0.5779678821563721, 0.4224439561367035, 0.2594084143638611, 0.5529393553733826]
[0.48993900418281555, 0.5649045705795288, 0.44005969166755676, 0.33623507618904114, 0.5282838344573975]
[0.35272935032844543, 0.57756108045578, 0.4564403295516968, 0.3002152442932129, 0.44867509603500366]
[0.35272935032844543, 0.57756108045578, 0.4564403295516968, 0.3002152442932129, 0.44867509603500366]
[0.44420063495635986, 0.5822407603263855, 0.45290830731391907, 0.30039045214653015, 0.5102972984313965]
[0.4492926299571991, 0.5932587385177612, 0.44531723856925964, 0.2746775448322296, 0.5033401250839233]
[0.5325873494148254, 0.5880876183509827, 0.42129048705101013, 0.2533036768436432, 0.5475322008132935]
[0.5588754415512085, 0.5711379647254944, 0.42290619015693665, 0.29474398493766785, 0.555801510810852]
[0.5608706474304199, 0.5921117663383484, 0.4097330868244171, 0.24906928837299347, 0.5580546855926514]
[0.48379552364349365, 0.5937032699584961, 0.41920071840286255, 0.2830924987792969, 0.4925927221775055]
[0.47431060671806335, 0.5860564708709717, 0.42435362935066223, 0.250439316034317, 0.5015828013420105]
[0.4842996299266815, 0.5621399879455566, 0.44774308800697327, 0.3374923765659332, 0.5015612244606018]
[0.5260221362113953, 0.5173915028572083, 0.45139366388320923, 0.30865243077278137, 0.5053833723068237]
[0.5325873494148254, 0.5880876183509827, 0.42129048705101013, 0.2533036768436432, 0.5475322008132935]
[0.5072418451309204, 0.5651025772094727, 0.4217055141925812, 0.2980067729949951, 0.5054302215576172]
[0.35272935032844543, 0.57756108045578, 0.4564403295516968, 0.3002152442932129, 0.44867509603500366]
[0.4811404049396515, 0.5685669183731079, 0.428535133600235, 0.31990689039230347, 0.5171900987625122]
[0.547616720199585, 0.5786662101745605, 0.43001994490623474, 0.268674373626709, 0.5238481163978577]
[0.528727114200592, 0.5658106803894043, 0.45681390166282654, 0.32366883754730225, 0.5439720749855042]
[0.43701672554016113, 0.5181333422660828, 0.489352285861969, 0.40753719210624695, 0.5180402994155884]
[0.515234112739563, 0.5370932817459106, 0.4493345618247986, 0.3333531618118286, 0.4774593412876129]
[0.44566646218299866, 0.5826787352561951, 0.4597071409225464, 0.30523988604545593, 0.5070662498474121]
[0.5743733644485474, 0.5914013385772705, 0.40874046087265015, 0.24390168488025665, 0.577293872833252]
[0.5395274758338928, 0.591460108757019, 0.4135723114013672, 0.24070198833942413, 0.5533942580223083]
[0.533416211605072, 0.6024227738380432, 0.41555055975914, 0.2673138976097107, 0.5459352135658264]
[0.4817497432231903, 0.5573121309280396, 0.4759288728237152, 0.33431074023246765, 0.5441892743110657]
[0.5325873494148254, 0.5880876183509827, 0.42129048705101013, 0.2533036768436432, 0.5475322008132935]
[0.44365426898002625, 0.5676015019416809, 0.4562920331954956, 0.30821627378463745, 0.5118498206138611]
[0.5102502703666687, 0.5887362360954285, 0.41564813256263733, 0.28025904297828674, 0.5429390668869019]
[0.44420063495635986, 0.5822407603263855, 0.45290830731391907, 0.30039045214653015, 0.5102972984313965]
[0.4405338764190674, 0.5712083578109741, 0.4830953776836395, 0.3443134129047394, 0.5105510950088501]
[0.4804021120071411, 0.5637121796607971, 0.4629543721675873, 0.3042866289615631, 0.5172910690307617]
[0.44420063495635986, 0.5822407603263855, 0.45290830731391907, 0.30039045214653015, 0.5102972984313965]
[0.5031542778015137, 0.5354164242744446, 0.4581383764743805, 0.3350723385810852, 0.5202791094779968]
[0.5632971525192261, 0.6023535132408142, 0.4072880446910858, 0.26663443446159363, 0.5681238174438477]
[0.3664727509021759, 0.554492712020874, 0.4789113998413086, 0.287409245967865, 0.4113079607486725]
[0.49973753094673157, 0.57829350233078, 0.45331981778144836, 0.32994407415390015, 0.5315943956375122]
[0.5024873614311218, 0.5407941937446594, 0.46850329637527466, 0.39400967955589294, 0.49421989917755127]
[0.5982043147087097, 0.5932314991950989, 0.4054182171821594, 0.24324637651443481, 0.5832102298736572]
[0.5698150992393494, 0.5621780753135681, 0.4202597439289093, 0.2975371479988098, 0.5552065968513489]
[0.3861103653907776, 0.5626804232597351, 0.42905399203300476, 0.2910979092121124, 0.48848703503608704]
[0.5058897137641907, 0.5832006335258484, 0.43435025215148926, 0.26824602484703064, 0.5498504638671875]
[0.5222588181495667, 0.5842121243476868, 0.4168238341808319, 0.2533496916294098, 0.5385182499885559]
[0.5325873494148254, 0.5880876183509827, 0.42129048705101013, 0.2533036768436432, 0.5475322008132935]
[0.6235133409500122, 0.5670419931411743, 0.38048291206359863, 0.23408842086791992, 0.6203909516334534]
[0.4539299011230469, 0.5248026251792908, 0.43066903948783875, 0.29328978061676025, 0.492007851600647]
[0.5325873494148254, 0.5880876183509827, 0.42129048705101013, 0.2533036768436432, 0.5475322008132935]
[0.45409905910491943, 0.5732024908065796, 0.427956759929657, 0.29726019501686096, 0.49108684062957764]
[0.5140899419784546, 0.5826163291931152, 0.4472915530204773, 0.2767753601074219, 0.5420765280723572]
[0.48761361837387085, 0.5595698952674866, 0.4611617624759674, 0.34598395228385925, 0.5128077864646912]
[0.5260461568832397, 0.5862242579460144, 0.4310151934623718, 0.2730245292186737, 0.5295546650886536]
[0.5532159209251404, 0.573478102684021, 0.43103650212287903, 0.2965899109840393, 0.5679184794425964]
[0.3861103653907776, 0.5626804232597351, 0.42905399203300476, 0.2910979092121124, 0.48848703503608704]
[0.5322151184082031, 0.5926462411880493, 0.4272501766681671, 0.26525357365608215, 0.5620847344398499]
[0.48716187477111816, 0.585250973701477, 0.4232970178127289, 0.2700643539428711, 0.49718955159187317]
[0.5354865789413452, 0.5888907313346863, 0.41922876238822937, 0.2605830132961273, 0.5253303050994873]
[0.41404443979263306, 0.5363414287567139, 0.4475967586040497, 0.31245487928390503, 0.46976810693740845]
[0.48751696944236755, 0.5738409757614136, 0.4369329810142517, 0.29005634784698486, 0.5205778479576111]
[0.5325873494148254, 0.5880876183509827, 0.42129048705101013, 0.2533036768436432, 0.5475322008132935]
[0.4858832359313965, 0.5643408298492432, 0.4333958923816681, 0.2974768877029419, 0.5270441174507141]
[0.5325873494148254, 0.5880876183509827, 0.42129048705101013, 0.2533036768436432, 0.5475322008132935]
[0.48138657212257385, 0.581282913684845, 0.4503819942474365, 0.32127392292022705, 0.5004569888114929]
[0.5168880224227905, 0.5775877833366394, 0.41868162155151367, 0.2827880084514618, 0.534751832485199]
[0.5325873494148254, 0.5880876183509827, 0.42129048705101013, 0.2533036768436432, 0.5475322008132935]
[0.43484506011009216, 0.5810708403587341, 0.43384256958961487, 0.29356637597084045, 0.4844553470611572]
[0.48665881156921387, 0.5626916885375977, 0.46058374643325806, 0.31485357880592346, 0.5283923745155334]
[0.4148586690425873, 0.5903877019882202, 0.4521245062351227, 0.2954605221748352, 0.4740738570690155]
[0.3861103653907776, 0.5626804232597351, 0.42905399203300476, 0.2910979092121124, 0.48848703503608704]
[0.5006921887397766, 0.5797165036201477, 0.42792460322380066, 0.2615041434764862, 0.5440158247947693]
[0.5325873494148254, 0.5880876183509827, 0.42129048705101013, 0.2533036768436432, 0.5475322008132935]
[0.5034134984016418, 0.5822007656097412, 0.4375993609428406, 0.2653965651988983, 0.5038137435913086]
[0.49129214882850647, 0.5878006815910339, 0.4299944043159485, 0.3056810200214386, 0.5162088871002197]
[0.5325873494148254, 0.5880876183509827, 0.42129048705101013, 0.2533036768436432, 0.5475322008132935]
[0.44250813126564026, 0.5455896854400635, 0.5108886361122131, 0.42080819606781006, 0.48836997151374817]
[0.4333884119987488, 0.5502735376358032, 0.498817503452301, 0.378185898065567, 0.5014110207557678]
[0.36391472816467285, 0.5097512006759644, 0.4679059088230133, 0.31215330958366394, 0.41262704133987427]
[0.46860915422439575, 0.5463913679122925, 0.4577076733112335, 0.33187925815582275, 0.4836263954639435]
[0.49320706725120544, 0.563946545124054, 0.4539657533168793, 0.31152093410491943, 0.5038366913795471]
[0.6277270913124084, 0.537666380405426, 0.42318394780158997, 0.30911746621131897, 0.6100323796272278]
[0.46619927883148193, 0.5673832297325134, 0.4545946717262268, 0.3204801678657532, 0.5218225717544556]
[0.45335280895233154, 0.5513523817062378, 0.46884769201278687, 0.3664373457431793, 0.4825495779514313]
[0.4494225084781647, 0.5470303297042847, 0.46687155961990356, 0.41008585691452026, 0.48384809494018555]
[0.4857511818408966, 0.5433127880096436, 0.4965202212333679, 0.4265531599521637, 0.5211040377616882]
[0.47623467445373535, 0.5886679887771606, 0.4494381248950958, 0.2839435636997223, 0.49572330713272095]
[0.313589483499527, 0.5680854320526123, 0.4526626169681549, 0.303061306476593, 0.4274880290031433]
[0.4842720031738281, 0.5659844279289246, 0.49525171518325806, 0.35566452145576477, 0.5160871148109436]
[0.3664727509021759, 0.554492712020874, 0.4789113998413086, 0.287409245967865, 0.4113079607486725]
[0.4907827079296112, 0.5525404214859009, 0.4531361758708954, 0.34888941049575806, 0.5449989438056946]
[0.37658485770225525, 0.5815860629081726, 0.4417669177055359, 0.2919537425041199, 0.49002909660339355]
[0.4506866931915283, 0.5864230394363403, 0.44597578048706055, 0.2806970477104187, 0.5037842392921448]
[0.5325873494148254, 0.5880876183509827, 0.42129048705101013, 0.2533036768436432, 0.5475322008132935]
[0.5325873494148254, 0.5880876183509827, 0.42129048705101013, 0.2533036768436432, 0.5475322008132935]
[0.5247951149940491, 0.5781668424606323, 0.42105162143707275, 0.27567577362060547, 0.544675886631012]
[0.5029003024101257, 0.5558826327323914, 0.45103660225868225, 0.29887932538986206, 0.5372803807258606]
[0.4666149616241455, 0.5786313414573669, 0.4481075704097748, 0.2822289764881134, 0.5115751624107361]
[0.48751696944236755, 0.5738409757614136, 0.4369329810142517, 0.29005634784698486, 0.5205778479576111]
