1
【可怕！触目惊心的高铁黑洞！】前些天吉林耗资23亿的高铁项目，桥墩偷工减料用石块代替混凝土被曝光！令人胆颤心惊！国际媒体惊呼“坐中国高铁无异于自杀”！近日又有网友在南方某省发现，因河道干枯露出高铁桥墩同样是用石块代替混凝土！千亿高铁隐藏巨大灾难黑洞！悲剧
[0.5198511481285095, 0.527609646320343, 0.4716925621032715, 0.3643019497394562, 0.5133005380630493]
[0.6019617915153503, 0.5709367394447327, 0.39062926173210144, 0.24828198552131653, 0.6042978763580322]
[0.43526914715766907, 0.5317559838294983, 0.488751083612442, 0.32905900478363037, 0.4732936918735504]
[0.33315977454185486, 0.5180380940437317, 0.5227922201156616, 0.4777717888355255, 0.4694708287715912]
[0.5382407903671265, 0.5476917624473572, 0.4499981105327606, 0.31685543060302734, 0.543258547782898]
[0.5210256576538086, 0.5496104955673218, 0.45411449670791626, 0.3218427896499634, 0.5216003060340881]
[0.5281901955604553, 0.5814523696899414, 0.44597378373146057, 0.29302656650543213, 0.5271852016448975]
[0.43738415837287903, 0.5719547271728516, 0.43069174885749817, 0.28993654251098633, 0.5091231465339661]
[0.4487622082233429, 0.5716210603713989, 0.4600348174571991, 0.3031274080276489, 0.45275557041168213]
[0.5595993399620056, 0.5375957489013672, 0.43550390005111694, 0.28276652097702026, 0.5396643280982971]
[0.47112464904785156, 0.5676750540733337, 0.4544777572154999, 0.31846556067466736, 0.4842568039894104]
[0.5185933113098145, 0.5886591672897339, 0.41420748829841614, 0.28358691930770874, 0.5321028828620911]
[0.4778520166873932, 0.5365370512008667, 0.49446600675582886, 0.38699638843536377, 0.5221376419067383]
[0.5036354064941406, 0.5920942425727844, 0.4407959580421448, 0.3052463233470917, 0.5203818678855896]
[0.3888842761516571, 0.5578114986419678, 0.43612685799598694, 0.29782435297966003, 0.448803186416626]
[0.4263933300971985, 0.5788344740867615, 0.4432620406150818, 0.2651459872722626, 0.4914189577102661]
[0.4767528772354126, 0.5409607887268066, 0.43815869092941284, 0.29469311237335205, 0.5444377660751343]
[0.5084148645401001, 0.5889054536819458, 0.431538462638855, 0.2686481177806854, 0.557170033454895]
[0.5414384603500366, 0.5745155811309814, 0.43483293056488037, 0.3023572862148285, 0.5477458238601685]
[0.5181610584259033, 0.5488247275352478, 0.44138386845588684, 0.29600727558135986, 0.49320724606513977]
[0.5551425218582153, 0.5872989296913147, 0.4045848548412323, 0.26517608761787415, 0.5496717691421509]
[0.46847137808799744, 0.5602393746376038, 0.4321161210536957, 0.30252158641815186, 0.4765579104423523]
[0.5444123148918152, 0.5869832038879395, 0.4227558374404907, 0.271059513092041, 0.5721641182899475]
[0.5159070491790771, 0.5739313364028931, 0.41959428787231445, 0.3050851821899414, 0.5251202583312988]
[0.5202081203460693, 0.5729303359985352, 0.423178493976593, 0.27535706758499146, 0.552309513092041]
[0.452460914850235, 0.552908718585968, 0.4600285291671753, 0.33884114027023315, 0.48695963621139526]
[0.5398614406585693, 0.587478518486023, 0.4017077684402466, 0.2484615594148636, 0.571647584438324]
[0.5255441069602966, 0.5818212628364563, 0.44407975673675537, 0.28835853934288025, 0.5370444655418396]
[0.571722686290741, 0.5657576322555542, 0.40613853931427, 0.2845856547355652, 0.5697093605995178]
[0.5317731499671936, 0.5656684637069702, 0.4118531346321106, 0.2684928774833679, 0.5666201710700989]
[0.5026276707649231, 0.5412715673446655, 0.45774513483047485, 0.3096682131290436, 0.5295369625091553]
[0.42751452326774597, 0.5525707602500916, 0.47120344638824463, 0.3694531321525574, 0.5063851475715637]
[0.45676082372665405, 0.5663617253303528, 0.4475230276584625, 0.35666632652282715, 0.4973260760307312]
[0.5624904036521912, 0.5835537314414978, 0.40997514128685, 0.2641633450984955, 0.5743301510810852]
[0.5529844760894775, 0.5683771371841431, 0.3999130129814148, 0.2643596827983856, 0.5627663731575012]
[0.5675539970397949, 0.5736773610115051, 0.39331260323524475, 0.2464076429605484, 0.5674936771392822]
[0.37211844325065613, 0.5228766798973083, 0.5298763513565063, 0.4207421839237213, 0.4591130018234253]
[0.4838275611400604, 0.5551941394805908, 0.47236520051956177, 0.33805185556411743, 0.49859005212783813]
[0.4877994954586029, 0.5616384148597717, 0.4455258250236511, 0.3003963530063629, 0.5239886045455933]
[0.5213556289672852, 0.5823423862457275, 0.4192982316017151, 0.2933255136013031, 0.5205165147781372]
[0.5202644467353821, 0.5778456926345825, 0.44695228338241577, 0.29459089040756226, 0.5183904767036438]
[0.5094420313835144, 0.5626887083053589, 0.4392930269241333, 0.30723947286605835, 0.5227733850479126]
[0.5113005042076111, 0.562618613243103, 0.42718198895454407, 0.26963332295417786, 0.5099659562110901]
[0.5132670402526855, 0.5934965014457703, 0.4420536458492279, 0.27757078409194946, 0.5219869613647461]
[0.49975526332855225, 0.5874056220054626, 0.4230498969554901, 0.27203112840652466, 0.5168728828430176]
[0.5309336185455322, 0.5720882415771484, 0.4369124472141266, 0.2915409207344055, 0.5421867370605469]
[0.45756635069847107, 0.5658919215202332, 0.4388258755207062, 0.2880157232284546, 0.48327186703681946]
[0.593177080154419, 0.5741105079650879, 0.3993120491504669, 0.22898946702480316, 0.580013632774353]
[0.3524288237094879, 0.5324399471282959, 0.47872111201286316, 0.3424030542373657, 0.4352215528488159]
[0.44012051820755005, 0.5805869102478027, 0.4410313069820404, 0.27816545963287354, 0.4936925172805786]
[0.4162216782569885, 0.5454440116882324, 0.44665709137916565, 0.2854476869106293, 0.4580458104610443]
[0.5920398831367493, 0.5790758728981018, 0.39790552854537964, 0.23426462709903717, 0.5914362668991089]
[0.49440866708755493, 0.5838664770126343, 0.42963290214538574, 0.2810182571411133, 0.5211727619171143]
[0.574274480342865, 0.5867358446121216, 0.39525771141052246, 0.23766174912452698, 0.5753308534622192]
[0.5701701045036316, 0.5428927540779114, 0.4176779091358185, 0.2910098731517792, 0.535643994808197]
[0.4764624834060669, 0.5743107795715332, 0.46293020248413086, 0.2994759976863861, 0.5024193525314331]
[0.5390113592147827, 0.5710369348526001, 0.44704779982566833, 0.28880417346954346, 0.5415680408477783]
[0.48342403769493103, 0.5866010785102844, 0.44481775164604187, 0.2880881130695343, 0.503980278968811]
[0.5367233157157898, 0.562680184841156, 0.4773116409778595, 0.29534831643104553, 0.5536909699440002]
[0.4077005386352539, 0.5589812397956848, 0.44451284408569336, 0.28467801213264465, 0.44712886214256287]
[0.48358556628227234, 0.5795642137527466, 0.44331029057502747, 0.305280476808548, 0.5092303156852722]
[0.5220289826393127, 0.5785953998565674, 0.44212567806243896, 0.2768760621547699, 0.5308600068092346]
[0.5350443124771118, 0.5846379995346069, 0.4105020761489868, 0.24984994530677795, 0.5333541631698608]
[0.4949325621128082, 0.5803901553153992, 0.43082690238952637, 0.2655121684074402, 0.5327902436256409]
[0.4677402079105377, 0.5599066019058228, 0.4587532579898834, 0.3345779478549957, 0.5019705295562744]
[0.4739217758178711, 0.5772068500518799, 0.43828874826431274, 0.27464696764945984, 0.5046024322509766]
[0.6269341111183167, 0.5590517520904541, 0.38197654485702515, 0.25055602192878723, 0.6065475940704346]
[0.47407498955726624, 0.5799301862716675, 0.44853290915489197, 0.30296534299850464, 0.4912637770175934]
[0.45897695422172546, 0.5217280387878418, 0.46985068917274475, 0.3412230610847473, 0.49756336212158203]
[0.4788223206996918, 0.5516065359115601, 0.4717751741409302, 0.31066831946372986, 0.4972762167453766]
[0.4640548527240753, 0.5229988098144531, 0.48184338212013245, 0.3618413805961609, 0.4631725549697876]
[0.5244758129119873, 0.5839855670928955, 0.4321668744087219, 0.2705821394920349, 0.5259687304496765]
[0.47213980555534363, 0.5521208047866821, 0.425400048494339, 0.3083157241344452, 0.500373899936676]
[0.3629951775074005, 0.5386466383934021, 0.5073173642158508, 0.49939170479774475, 0.4456581473350525]
[0.34463927149772644, 0.5476061701774597, 0.45514360070228577, 0.30727070569992065, 0.4340726137161255]
[0.5631058216094971, 0.548221230506897, 0.4204590916633606, 0.279531866312027, 0.5646515488624573]
[0.4842208921909332, 0.5269961953163147, 0.46998363733291626, 0.4120069146156311, 0.5150365829467773]
[0.5653747320175171, 0.5958674550056458, 0.410073459148407, 0.2521335780620575, 0.5308053493499756]
[0.43372195959091187, 0.5776039361953735, 0.4284563362598419, 0.27846717834472656, 0.47131162881851196]
[0.6088536381721497, 0.5574162006378174, 0.4031936228275299, 0.23771946132183075, 0.600337564945221]
[0.5222907066345215, 0.5874363780021667, 0.40637558698654175, 0.2604471445083618, 0.5408733487129211]
[0.4749213457107544, 0.5689316391944885, 0.43823525309562683, 0.29392102360725403, 0.5279364585876465]
[0.49751096963882446, 0.5760007500648499, 0.4337840676307678, 0.2949337959289551, 0.5123721361160278]
[0.4825021028518677, 0.5584560632705688, 0.46155622601509094, 0.3143340051174164, 0.5202493071556091]
[0.5023645162582397, 0.5558589696884155, 0.42254140973091125, 0.29666563868522644, 0.5303761959075928]
[0.4670525789260864, 0.5681807994842529, 0.4716157615184784, 0.35732418298721313, 0.5055135488510132]
[0.5258436799049377, 0.5650638341903687, 0.4244702160358429, 0.2904004752635956, 0.5454384088516235]
[0.5170472264289856, 0.5537799000740051, 0.444842666387558, 0.287406325340271, 0.5257959961891174]
[0.4921247065067291, 0.5401940941810608, 0.5000048875808716, 0.346099317073822, 0.5062335133552551]
[0.5347278118133545, 0.5911832451820374, 0.4151272773742676, 0.2818816900253296, 0.5398721098899841]
[0.47251462936401367, 0.5591694116592407, 0.4349295496940613, 0.3164377212524414, 0.482164591550827]
[0.4667276442050934, 0.5696398615837097, 0.46819502115249634, 0.3262799382209778, 0.47892066836357117]
[0.4263933300971985, 0.5788344740867615, 0.4432620406150818, 0.2651459872722626, 0.4914189577102661]
[0.5201781392097473, 0.5537756681442261, 0.42868924140930176, 0.2912738025188446, 0.5475451946258545]
[0.5102236270904541, 0.5612848997116089, 0.4223456084728241, 0.2853439152240753, 0.5109532475471497]
[0.5469620227813721, 0.56028151512146, 0.4101676642894745, 0.28947916626930237, 0.5502111911773682]
[0.30553874373435974, 0.5259513854980469, 0.5161173939704895, 0.46306517720222473, 0.4398641586303711]
[0.4571221172809601, 0.5814083218574524, 0.45304909348487854, 0.26916947960853577, 0.46953657269477844]
[0.3137812912464142, 0.5486873984336853, 0.43560394644737244, 0.283470094203949, 0.4484351873397827]
[0.5426984429359436, 0.5548147559165955, 0.42249980568885803, 0.29055941104888916, 0.572516679763794]
[0.526153028011322, 0.5473331809043884, 0.4255412220954895, 0.27512452006340027, 0.5347145199775696]
