1
【全世界最小的猫】美国伊利诺斯州发现了一只小巧可爱的猫,这只小猫名叫皮堡斯,今年两岁,体重只有3磅,相当于一袋糖果。它是世界上最小的猫,现已列入吉尼斯世界纪录。皮堡斯已达到猫的正常发育年龄,但是体形仍然如果小巧,实 属罕见。专家指出皮堡斯体形小巧可能是由于基因缺陷造成的
[0.35806041955947876, 0.5098006725311279, 0.49875321984291077, 0.44422635436058044, 0.48306694626808167]
[0.4514324963092804, 0.5575992465019226, 0.45350131392478943, 0.340752512216568, 0.48385897278785706]
[0.5366459488868713, 0.5610517859458923, 0.439659059047699, 0.3150249421596527, 0.5500050187110901]
[0.5283478498458862, 0.548512876033783, 0.44396722316741943, 0.33168700337409973, 0.49995869398117065]
[0.47259944677352905, 0.593752920627594, 0.43989187479019165, 0.28773680329322815, 0.5086028575897217]
[0.41470807790756226, 0.5607758164405823, 0.45179492235183716, 0.29750967025756836, 0.5017493367195129]
[0.47886502742767334, 0.5698426961898804, 0.42141374945640564, 0.2808580696582794, 0.540389358997345]
[0.4224623143672943, 0.5310166478157043, 0.4833473861217499, 0.3322949707508087, 0.47232481837272644]
[0.494396835565567, 0.5638185739517212, 0.42650458216667175, 0.296255499124527, 0.5147783756256104]
[0.4585781991481781, 0.5758819580078125, 0.475660502910614, 0.3299312889575958, 0.5328047275543213]
[0.43616726994514465, 0.575471043586731, 0.44283127784729004, 0.31767114996910095, 0.4673008322715759]
[0.4836743474006653, 0.5533961057662964, 0.4640931487083435, 0.34256064891815186, 0.4974765181541443]
[0.48450371623039246, 0.5532829761505127, 0.47040772438049316, 0.32646921277046204, 0.4952133893966675]
[0.4272163212299347, 0.578639805316925, 0.4649880826473236, 0.29797032475471497, 0.4680140018463135]
[0.4884817898273468, 0.5822746157646179, 0.4424271583557129, 0.31309542059898376, 0.5151697397232056]
[0.45342954993247986, 0.534416913986206, 0.46450209617614746, 0.3487670123577118, 0.5022020936012268]
[0.4226011633872986, 0.5476330518722534, 0.4822063446044922, 0.35250505805015564, 0.49213266372680664]
[0.3899694085121155, 0.536910355091095, 0.4742554724216461, 0.3464461863040924, 0.4413709044456482]
[0.4514324963092804, 0.5575992465019226, 0.45350131392478943, 0.340752512216568, 0.48385897278785706]
[0.5490131378173828, 0.5693166851997375, 0.40272313356399536, 0.2589111328125, 0.5380809903144836]
[0.4483753740787506, 0.570918083190918, 0.4515416920185089, 0.3073323965072632, 0.5116873979568481]
[0.41963979601860046, 0.5576360821723938, 0.45870083570480347, 0.3578883707523346, 0.5015183687210083]
[0.4514324963092804, 0.5575992465019226, 0.45350131392478943, 0.340752512216568, 0.48385897278785706]
[0.45371678471565247, 0.569689154624939, 0.4429141879081726, 0.302676260471344, 0.48186585307121277]
[0.4498295187950134, 0.5676798224449158, 0.4408431053161621, 0.2755010724067688, 0.4973367750644684]
[0.41770294308662415, 0.5581198930740356, 0.4833105206489563, 0.3443373739719391, 0.45709043741226196]
[0.35005369782447815, 0.548804759979248, 0.45135074853897095, 0.3015742003917694, 0.4178348481655121]
[0.522595226764679, 0.5525138974189758, 0.43665605783462524, 0.3315209150314331, 0.5089268684387207]
[0.4369323253631592, 0.5433152914047241, 0.48393988609313965, 0.36876943707466125, 0.4744626581668854]
[0.4329153597354889, 0.5494564175605774, 0.47806769609451294, 0.35944005846977234, 0.5003024935722351]
[0.5422282814979553, 0.5863180160522461, 0.40551844239234924, 0.2753317654132843, 0.556081235408783]
[0.4514324963092804, 0.5575992465019226, 0.45350131392478943, 0.340752512216568, 0.48385897278785706]
[0.44214409589767456, 0.5488420724868774, 0.46411508321762085, 0.3383033573627472, 0.48117905855178833]
[0.4797009825706482, 0.5596190690994263, 0.4476321041584015, 0.32049500942230225, 0.5043801665306091]
[0.4861767292022705, 0.5760040283203125, 0.49317389726638794, 0.3765091001987457, 0.5413534045219421]
[0.41608911752700806, 0.5585305690765381, 0.44266602396965027, 0.3050398826599121, 0.45468786358833313]
[0.4514324963092804, 0.5575992465019226, 0.45350131392478943, 0.340752512216568, 0.48385897278785706]
[0.45934179425239563, 0.5375170111656189, 0.47631531953811646, 0.3583608567714691, 0.4774719774723053]
[0.5317234992980957, 0.5438410639762878, 0.4325929880142212, 0.2920817732810974, 0.5023780465126038]
[0.4514324963092804, 0.5575992465019226, 0.45350131392478943, 0.340752512216568, 0.48385897278785706]
[0.423435777425766, 0.5451046824455261, 0.45899996161460876, 0.3249651789665222, 0.44507405161857605]
[0.5411682724952698, 0.5985032320022583, 0.4204472005367279, 0.27660292387008667, 0.5480135083198547]
[0.5139617323875427, 0.5929368138313293, 0.41964560747146606, 0.23943687975406647, 0.5214974880218506]
[0.4514324963092804, 0.5575992465019226, 0.45350131392478943, 0.340752512216568, 0.48385897278785706]
[0.44214409589767456, 0.5488420724868774, 0.46411508321762085, 0.3383033573627472, 0.48117905855178833]
[0.4337799847126007, 0.5581875443458557, 0.46441975235939026, 0.3112872838973999, 0.4895854592323303]
[0.5184523463249207, 0.5916410684585571, 0.4415890872478485, 0.3083324134349823, 0.5303223133087158]
[0.4532186686992645, 0.5286136269569397, 0.4765511453151703, 0.3566317558288574, 0.4517863094806671]
[0.5512261390686035, 0.5829716920852661, 0.4285249412059784, 0.2811618149280548, 0.5435426831245422]
[0.5113210678100586, 0.588008463382721, 0.44943585991859436, 0.30547401309013367, 0.5155020356178284]
[0.5502533316612244, 0.5312448740005493, 0.41978147625923157, 0.28317323327064514, 0.554564893245697]
[0.5038875937461853, 0.5587436556816101, 0.4571942687034607, 0.32672128081321716, 0.5148874521255493]
[0.46247145533561707, 0.5604885816574097, 0.438374400138855, 0.27777236700057983, 0.5340550541877747]
[0.4514324963092804, 0.5575992465019226, 0.45350131392478943, 0.340752512216568, 0.48385897278785706]
[0.5734049081802368, 0.5974615216255188, 0.40466177463531494, 0.24938790500164032, 0.5567083954811096]
[0.4384862780570984, 0.5539058446884155, 0.4892812669277191, 0.36801373958587646, 0.48936131596565247]
[0.48204851150512695, 0.5712979435920715, 0.44772982597351074, 0.29387611150741577, 0.5292870998382568]
[0.45919373631477356, 0.5318818688392639, 0.4511776566505432, 0.31910720467567444, 0.46710288524627686]
[0.463152140378952, 0.5117660164833069, 0.5017340183258057, 0.429874986410141, 0.48630496859550476]
[0.6499391794204712, 0.5081978440284729, 0.4774957001209259, 0.3624647259712219, 0.6216922402381897]
[0.30616506934165955, 0.54447340965271, 0.48273080587387085, 0.4133690893650055, 0.47033044695854187]
[0.4514324963092804, 0.5575992465019226, 0.45350131392478943, 0.340752512216568, 0.48385897278785706]
[0.5382331609725952, 0.5504261255264282, 0.468932181596756, 0.31899353861808777, 0.5204060077667236]
[0.4514324963092804, 0.5575992465019226, 0.45350131392478943, 0.340752512216568, 0.48385897278785706]
[0.43486079573631287, 0.562911331653595, 0.4422192871570587, 0.31602194905281067, 0.44533026218414307]
[0.4336610436439514, 0.5127326250076294, 0.48996326327323914, 0.38356491923332214, 0.45705488324165344]
[0.5581864714622498, 0.586881160736084, 0.41482964158058167, 0.2502492666244507, 0.571598470211029]
[0.4979402422904968, 0.5739293098449707, 0.43813225626945496, 0.29434263706207275, 0.5432174801826477]
[0.45911452174186707, 0.5592776536941528, 0.4454271197319031, 0.3042157292366028, 0.48213571310043335]
[0.6309479475021362, 0.5599254965782166, 0.38114166259765625, 0.24809253215789795, 0.6088895201683044]
[0.44214409589767456, 0.5488420724868774, 0.46411508321762085, 0.3383033573627472, 0.48117905855178833]
[0.34565335512161255, 0.5559512376785278, 0.4809473752975464, 0.36586856842041016, 0.43450042605400085]
[0.4949325621128082, 0.5739879608154297, 0.43777716159820557, 0.2934388518333435, 0.5009133219718933]
[0.4058290421962738, 0.5439988374710083, 0.4648311138153076, 0.3408212661743164, 0.4584813714027405]
[0.48195257782936096, 0.555115282535553, 0.44802969694137573, 0.3281058073043823, 0.524352490901947]
[0.47561725974082947, 0.5652433633804321, 0.42989736795425415, 0.29548871517181396, 0.49945664405822754]
[0.5246831178665161, 0.582088053226471, 0.39999908208847046, 0.27273786067962646, 0.5241221189498901]
[0.5472107529640198, 0.5549865365028381, 0.4135799705982208, 0.3061921000480652, 0.5285884737968445]
[0.4514324963092804, 0.5575992465019226, 0.45350131392478943, 0.340752512216568, 0.48385897278785706]
[0.5189160108566284, 0.555179238319397, 0.4435441792011261, 0.3088906407356262, 0.5259495973587036]
[0.5022985339164734, 0.5569902658462524, 0.41776618361473083, 0.2892344295978546, 0.48284292221069336]
[0.4248179793357849, 0.5295127630233765, 0.49680617451667786, 0.38197582960128784, 0.4859898090362549]
