1
上海今天下午六点开始，高清探头全面启动，副驾驶不系安全带相同处罚， 开车打电话罚50'闯红灯200，越线停车100，今天晚六点至凌2点为期60天，全国交警集中查处酒驾，一经查获，一率6个月，五年不考，每月3，7，13，17，23，和每周五，六，由市局组织检查，上午12至下午2点，晚上7点至9点！
[0.5360010862350464, 0.49543824791908264, 0.5279091000556946, 0.4335257411003113, 0.5012434124946594]
[0.49682706594467163, 0.5810371041297913, 0.43933767080307007, 0.29759034514427185, 0.5344055891036987]
[0.48120465874671936, 0.5657331943511963, 0.41672149300575256, 0.27912938594818115, 0.5072565674781799]
[0.6045587658882141, 0.5566189885139465, 0.4132542610168457, 0.2903185784816742, 0.5884196162223816]
[0.527165412902832, 0.5774646401405334, 0.42221885919570923, 0.2800706624984741, 0.5628741383552551]
[0.5711544752120972, 0.5917998552322388, 0.407341331243515, 0.26189300417900085, 0.5726853013038635]
[0.4961201548576355, 0.5716705918312073, 0.45421239733695984, 0.2989305555820465, 0.5369521975517273]
[0.5237259268760681, 0.5867820978164673, 0.4280693531036377, 0.265051007270813, 0.5567975044250488]
[0.522059440612793, 0.5838100910186768, 0.42667439579963684, 0.270308256149292, 0.5406533479690552]
[0.4523189663887024, 0.5754238963127136, 0.44865742325782776, 0.30883172154426575, 0.4821333885192871]
[0.48972034454345703, 0.5766235589981079, 0.43273109197616577, 0.29305025935173035, 0.5185093879699707]
[0.5340538620948792, 0.5829338431358337, 0.4009520411491394, 0.2687975764274597, 0.5412759184837341]
[0.4878905117511749, 0.5806525349617004, 0.415412575006485, 0.2771230936050415, 0.4979000389575958]
[0.47888562083244324, 0.5527671575546265, 0.4432676434516907, 0.3305627107620239, 0.5060843229293823]
[0.45823052525520325, 0.5753856301307678, 0.44934308528900146, 0.28870251774787903, 0.48356059193611145]
[0.48461174964904785, 0.5888528823852539, 0.422053724527359, 0.29228025674819946, 0.5189018845558167]
[0.5165026783943176, 0.5724803805351257, 0.43102002143859863, 0.2961723506450653, 0.5402730107307434]
[0.46747928857803345, 0.5520278811454773, 0.44257059693336487, 0.2967935800552368, 0.5007382035255432]
[0.5133426189422607, 0.5620734691619873, 0.4420430362224579, 0.349276602268219, 0.5053362846374512]
[0.42426609992980957, 0.5635848641395569, 0.4517405927181244, 0.3463532030582428, 0.4480230510234833]
[0.4622267782688141, 0.5550031661987305, 0.44901254773139954, 0.31301984190940857, 0.47635188698768616]
[0.4558834731578827, 0.5652661919593811, 0.4228951930999756, 0.31598353385925293, 0.4777163863182068]
[0.5136439204216003, 0.5673827528953552, 0.4374186396598816, 0.2899078130722046, 0.5071980357170105]
[0.4487622082233429, 0.5716210603713989, 0.4600348174571991, 0.3031274080276489, 0.45275557041168213]
[0.3920077383518219, 0.576043426990509, 0.4396255612373352, 0.27480509877204895, 0.47796615958213806]
[0.5354865789413452, 0.5888907313346863, 0.41922876238822937, 0.2605830132961273, 0.5253303050994873]
[0.48732930421829224, 0.579900860786438, 0.4213372766971588, 0.26814842224121094, 0.5111282467842102]
[0.45680469274520874, 0.5288435220718384, 0.46154528856277466, 0.32879143953323364, 0.5124825835227966]
[0.5309998393058777, 0.5863420367240906, 0.43746352195739746, 0.28048351407051086, 0.5599967241287231]
[0.47570550441741943, 0.568290114402771, 0.4245603084564209, 0.28609371185302734, 0.5253990888595581]
[0.5540162324905396, 0.5875867605209351, 0.41325002908706665, 0.2513178884983063, 0.5564886331558228]
[0.4192448556423187, 0.5419573783874512, 0.4885503053665161, 0.3747902512550354, 0.4868893027305603]
[0.5242977738380432, 0.5865076184272766, 0.4265786111354828, 0.2885076403617859, 0.5249975919723511]
[0.37212827801704407, 0.5128782987594604, 0.48361411690711975, 0.37534889578819275, 0.43532827496528625]
[0.513779878616333, 0.5317964553833008, 0.4523584246635437, 0.34407907724380493, 0.49221745133399963]
[0.5026867985725403, 0.5748356580734253, 0.42390239238739014, 0.28510743379592896, 0.5045221447944641]
[0.4722481369972229, 0.5838780403137207, 0.4213729798793793, 0.27469587326049805, 0.5372926592826843]
[0.4639381170272827, 0.5393933653831482, 0.48506873846054077, 0.35846030712127686, 0.516417384147644]
[0.5253064632415771, 0.5758277773857117, 0.43127599358558655, 0.2668822705745697, 0.5320302844047546]
[0.4196569621562958, 0.5720420479774475, 0.4232177734375, 0.27251794934272766, 0.4754868149757385]
[0.4886073172092438, 0.5743770003318787, 0.43713560700416565, 0.2889609634876251, 0.5114208459854126]
[0.5290947556495667, 0.5773255228996277, 0.42027780413627625, 0.28076836466789246, 0.5533887147903442]
[0.40828391909599304, 0.5565339922904968, 0.45115411281585693, 0.31944918632507324, 0.4644567370414734]
[0.5689449310302734, 0.583541750907898, 0.41405874490737915, 0.2723275423049927, 0.5793744325637817]
[0.5427297353744507, 0.570737898349762, 0.43835997581481934, 0.28338104486465454, 0.5402147769927979]
[0.416271448135376, 0.5763152837753296, 0.4356174170970917, 0.290353387594223, 0.4663355350494385]
[0.5231016874313354, 0.5689670443534851, 0.44486522674560547, 0.2967703342437744, 0.5428187251091003]
[0.5325873494148254, 0.5880876183509827, 0.42129048705101013, 0.2533036768436432, 0.5475322008132935]
[0.5390745997428894, 0.5751883387565613, 0.4117235541343689, 0.25519731640815735, 0.5579046010971069]
[0.4487622082233429, 0.5716210603713989, 0.4600348174571991, 0.3031274080276489, 0.45275557041168213]
[0.5374683141708374, 0.5773215293884277, 0.4244705140590668, 0.27068573236465454, 0.5694968104362488]
[0.48617222905158997, 0.5690279603004456, 0.4355999529361725, 0.30566295981407166, 0.5207982659339905]
[0.40798044204711914, 0.5506144762039185, 0.43710991740226746, 0.2983852028846741, 0.46085235476493835]
[0.4869781732559204, 0.5689908862113953, 0.4290693700313568, 0.28768518567085266, 0.49246346950531006]
[0.5290540456771851, 0.5847821831703186, 0.4153134524822235, 0.27914780378341675, 0.5425087213516235]
[0.512919008731842, 0.5834489464759827, 0.4280749559402466, 0.27573448419570923, 0.533903956413269]
[0.5102003216743469, 0.5724219679832458, 0.45203885436058044, 0.3132813274860382, 0.5135135054588318]
[0.5352597236633301, 0.548093318939209, 0.4473598897457123, 0.34350818395614624, 0.519318699836731]
[0.5315115451812744, 0.5855736136436462, 0.39861738681793213, 0.2707137167453766, 0.5307518839836121]
[0.5064482092857361, 0.5747733116149902, 0.4621300995349884, 0.3015905022621155, 0.5195251703262329]
[0.45262807607650757, 0.5239403247833252, 0.4860837459564209, 0.3864673674106598, 0.481463223695755]
[0.4799793064594269, 0.5454385280609131, 0.4672163426876068, 0.37614545226097107, 0.4998481869697571]
[0.5652127861976624, 0.5736294984817505, 0.40667977929115295, 0.26027584075927734, 0.5653000473976135]
[0.5055021047592163, 0.5518046617507935, 0.42486798763275146, 0.29274335503578186, 0.5452892780303955]
[0.5535418391227722, 0.5951646566390991, 0.4027711749076843, 0.2501104176044464, 0.5523548126220703]
[0.33346760272979736, 0.5542339086532593, 0.44029879570007324, 0.3013506829738617, 0.4313089847564697]
[0.48290252685546875, 0.5770171284675598, 0.4592214822769165, 0.28296783566474915, 0.530953586101532]
[0.46842190623283386, 0.5804670453071594, 0.43650028109550476, 0.30999377369880676, 0.4927496314048767]
[0.5164905786514282, 0.5752236843109131, 0.4266251027584076, 0.3003987967967987, 0.5110805630683899]
[0.5381066203117371, 0.5703938603401184, 0.41547080874443054, 0.2670418620109558, 0.5482560992240906]
[0.5258598327636719, 0.5447085499763489, 0.44100916385650635, 0.3045886158943176, 0.5275833606719971]
[0.49948054552078247, 0.5451220870018005, 0.4401199519634247, 0.31900736689567566, 0.5181106925010681]
[0.46842190623283386, 0.5804670453071594, 0.43650028109550476, 0.30999377369880676, 0.4927496314048767]
[0.5311036109924316, 0.5612764954566956, 0.43361562490463257, 0.29045242071151733, 0.5458897948265076]
[0.566215991973877, 0.564330518245697, 0.42664635181427, 0.28878548741340637, 0.560896635055542]
[0.4947237968444824, 0.5740867853164673, 0.4599563181400299, 0.2938263416290283, 0.5081424713134766]
[0.5159985423088074, 0.5712477564811707, 0.44171762466430664, 0.2919766306877136, 0.5512327551841736]
[0.49411672353744507, 0.5668970346450806, 0.44414931535720825, 0.31923893094062805, 0.5046558380126953]
[0.4886293113231659, 0.5853961110115051, 0.4266262650489807, 0.2999948263168335, 0.48019328713417053]
[0.5045860409736633, 0.5349091291427612, 0.4740479290485382, 0.34489500522613525, 0.5242295861244202]
[0.5815322995185852, 0.6069886684417725, 0.38153076171875, 0.22405582666397095, 0.5964508056640625]
[0.45085373520851135, 0.534574031829834, 0.45298901200294495, 0.3382467031478882, 0.4831089973449707]
[0.51915442943573, 0.5803794860839844, 0.4241429269313812, 0.28491532802581787, 0.5511540174484253]
[0.5012014508247375, 0.5640984177589417, 0.4547480344772339, 0.2947292923927307, 0.5283448100090027]
[0.3841489255428314, 0.5552390217781067, 0.46032726764678955, 0.3357419967651367, 0.45132702589035034]
[0.459156334400177, 0.560135006904602, 0.4823527932167053, 0.33929339051246643, 0.49000081419944763]
[0.5177327394485474, 0.5596491694450378, 0.4485819339752197, 0.3226237893104553, 0.5211438536643982]
[0.4487622082233429, 0.5716210603713989, 0.4600348174571991, 0.3031274080276489, 0.45275557041168213]
[0.5599738955497742, 0.6017252206802368, 0.4296983778476715, 0.2646147310733795, 0.5595058798789978]
[0.35079485177993774, 0.5343835949897766, 0.4737050533294678, 0.37414440512657166, 0.42000558972358704]
[0.3741980791091919, 0.5256945490837097, 0.49258753657341003, 0.3334974944591522, 0.445734441280365]
[0.491123765707016, 0.558836042881012, 0.4564036726951599, 0.325776606798172, 0.521314263343811]
[0.3933316767215729, 0.5380852222442627, 0.4809781014919281, 0.3339498043060303, 0.4469158947467804]
[0.5290947556495667, 0.5773255228996277, 0.42027780413627625, 0.28076836466789246, 0.5533887147903442]
[0.4487622082233429, 0.5716210603713989, 0.4600348174571991, 0.3031274080276489, 0.45275557041168213]
[0.416271448135376, 0.5763152837753296, 0.4356174170970917, 0.290353387594223, 0.4663355350494385]
[0.4521874487400055, 0.5346131920814514, 0.48641330003738403, 0.39769577980041504, 0.4559682309627533]
[0.4332892894744873, 0.5452390313148499, 0.48460066318511963, 0.37543055415153503, 0.47485822439193726]
[0.45955798029899597, 0.5605957508087158, 0.45125871896743774, 0.3119511008262634, 0.46328240633010864]
[0.4487622082233429, 0.5716210603713989, 0.4600348174571991, 0.3031274080276489, 0.45275557041168213]
[0.46035999059677124, 0.5772647261619568, 0.44458144903182983, 0.30500391125679016, 0.5073897838592529]
