1
湖南长沙一自称警察的夫妇，众目睽睽之下将中南大学一位医学博士生（也是职业医生）打得血流满面之后，嫌不过瘾，又电话招来砍刀队，在处理现场的警察目睹下，将这名博士生砍成重伤。整个过程已经被监控录像全程拍下。此凶徒夫妇被指系长沙市前领导的亲戚，当地警方至今未抓人。
[0.5277279615402222, 0.5371773838996887, 0.5092699527740479, 0.3282942771911621, 0.5241958498954773]
[0.5896202325820923, 0.6009964942932129, 0.3933485150337219, 0.243545264005661, 0.5743495225906372]
[0.4462738633155823, 0.5824833512306213, 0.4306223690509796, 0.270920068025589, 0.4974871277809143]
[0.5134630799293518, 0.581595242023468, 0.4421086311340332, 0.2714789807796478, 0.5155710577964783]
[0.47091084718704224, 0.522413432598114, 0.4991427958011627, 0.3897377550601959, 0.5205466747283936]
[0.5047823786735535, 0.5490553975105286, 0.4373440146446228, 0.28528860211372375, 0.5190713405609131]
[0.4347188174724579, 0.5426102876663208, 0.4645959436893463, 0.3374483585357666, 0.4844856262207031]
[0.48349493741989136, 0.5561391115188599, 0.4416353404521942, 0.3277812600135803, 0.5026755928993225]
[0.42519649863243103, 0.5401053428649902, 0.45729631185531616, 0.3364056348800659, 0.47839978337287903]
[0.48349493741989136, 0.5561391115188599, 0.4416353404521942, 0.3277812600135803, 0.5026755928993225]
[0.6322439908981323, 0.4912120997905731, 0.45412707328796387, 0.34463775157928467, 0.5728536248207092]
[0.4430396258831024, 0.576646625995636, 0.45309796929359436, 0.2852652072906494, 0.5087626576423645]
[0.5333666801452637, 0.5500439405441284, 0.40739548206329346, 0.2756662964820862, 0.5713526606559753]
[0.3891327679157257, 0.5110666751861572, 0.5297952890396118, 0.4505951702594757, 0.44872063398361206]
[0.4926419258117676, 0.5892310738563538, 0.446515291929245, 0.288444846868515, 0.5192427635192871]
[0.5279716849327087, 0.5390403270721436, 0.4784483015537262, 0.33436328172683716, 0.556797981262207]
[0.5215713381767273, 0.5655539035797119, 0.43603676557540894, 0.30041396617889404, 0.5189154744148254]
[0.5271140336990356, 0.572614312171936, 0.42278823256492615, 0.26724299788475037, 0.5578846335411072]
[0.5586605668067932, 0.5535315275192261, 0.4147515892982483, 0.27240943908691406, 0.5539073348045349]
[0.5011025667190552, 0.5899615287780762, 0.44400784373283386, 0.29144635796546936, 0.5245561003684998]
[0.4558119475841522, 0.582688570022583, 0.42941200733184814, 0.2887082099914551, 0.4995737075805664]
[0.5422435402870178, 0.5971928834915161, 0.4244024455547333, 0.2672978639602661, 0.5503331422805786]
[0.5146291255950928, 0.5832594037055969, 0.4296470582485199, 0.3007073700428009, 0.5074506402015686]
[0.52899569272995, 0.5621515512466431, 0.41886207461357117, 0.2704612612724304, 0.5452867150306702]
[0.4455414116382599, 0.5582684874534607, 0.43604764342308044, 0.2936370372772217, 0.49480316042900085]
[0.5132670402526855, 0.5934965014457703, 0.4420536458492279, 0.27757078409194946, 0.5219869613647461]
[0.5162459015846252, 0.5825656652450562, 0.4178197383880615, 0.2454393059015274, 0.5354138612747192]
[0.47596418857574463, 0.5460714101791382, 0.4728989005088806, 0.3165923058986664, 0.5147160887718201]
[0.5730787515640259, 0.5982206463813782, 0.42028871178627014, 0.25213029980659485, 0.567033052444458]
[0.4851232171058655, 0.5790669918060303, 0.43178310990333557, 0.30351173877716064, 0.4954175353050232]
[0.4113972783088684, 0.547248125076294, 0.4729074239730835, 0.3496242165565491, 0.47519221901893616]
[0.4602288007736206, 0.5603377223014832, 0.46805232763290405, 0.35141903162002563, 0.48433446884155273]
[0.4490746259689331, 0.5396112203598022, 0.4376382827758789, 0.3666515648365021, 0.4937698245048523]
[0.4089055061340332, 0.5784577131271362, 0.45308005809783936, 0.2784103751182556, 0.48602575063705444]
[0.4721791446208954, 0.5471935868263245, 0.45392611622810364, 0.3055580258369446, 0.5130554437637329]
[0.4564707279205322, 0.591661810874939, 0.4418676495552063, 0.29364466667175293, 0.4804918169975281]
[0.43660250306129456, 0.5680364370346069, 0.44578588008880615, 0.2917059659957886, 0.4851471781730652]
[0.4656030535697937, 0.5569340586662292, 0.44687801599502563, 0.31060460209846497, 0.49469509720802307]
[0.5271604061126709, 0.5809317231178284, 0.4332854747772217, 0.27861088514328003, 0.534415602684021]
[0.5608618855476379, 0.5709052085876465, 0.40605515241622925, 0.2725570499897003, 0.5734167695045471]
[0.5170285701751709, 0.5473171472549438, 0.45037591457366943, 0.3288537561893463, 0.5113795399665833]
[0.5079337358474731, 0.5681866407394409, 0.42749667167663574, 0.3058817684650421, 0.4751235246658325]
[0.49608418345451355, 0.5477919578552246, 0.4414413869380951, 0.3622567057609558, 0.5331236720085144]
[0.43527674674987793, 0.5792534351348877, 0.4588243365287781, 0.28042787313461304, 0.47053176164627075]
[0.5947802066802979, 0.5937387943267822, 0.40614765882492065, 0.2609902322292328, 0.5789334774017334]
[0.4517053961753845, 0.5211670994758606, 0.4889758825302124, 0.3665544092655182, 0.48576462268829346]
[0.5069116353988647, 0.593052327632904, 0.45520150661468506, 0.30449604988098145, 0.5316835641860962]
[0.4108883738517761, 0.5558293461799622, 0.4864400327205658, 0.31678885221481323, 0.4581596851348877]
[0.4487622082233429, 0.5716210603713989, 0.4600348174571991, 0.3031274080276489, 0.45275557041168213]
[0.628394603729248, 0.538820207118988, 0.376424640417099, 0.2621632218360901, 0.607333242893219]
[0.5386590361595154, 0.5584561824798584, 0.427557110786438, 0.30839353799819946, 0.5279237627983093]
[0.5248588919639587, 0.5920242071151733, 0.4098336398601532, 0.25938406586647034, 0.559520959854126]
[0.5061249732971191, 0.5964364409446716, 0.43027356266975403, 0.28900888562202454, 0.5389128923416138]
[0.5699661374092102, 0.5776939392089844, 0.407688707113266, 0.25801733136177063, 0.573752760887146]
[0.4764808416366577, 0.5840956568717957, 0.44100692868232727, 0.2881038188934326, 0.4970720708370209]
[0.4512358009815216, 0.5516694784164429, 0.45712172985076904, 0.3279362916946411, 0.48203831911087036]
[0.4919296205043793, 0.5439151525497437, 0.46915584802627563, 0.35460174083709717, 0.4940222203731537]
[0.5138861536979675, 0.5905272960662842, 0.44004008173942566, 0.28453823924064636, 0.5323504209518433]
[0.4549476206302643, 0.5309814214706421, 0.47288280725479126, 0.3527628183364868, 0.4589805603027344]
[0.5462838411331177, 0.5688386559486389, 0.4220322370529175, 0.2856254279613495, 0.5587186217308044]
[0.4950815439224243, 0.5763878226280212, 0.4309879541397095, 0.3013588488101959, 0.5227488279342651]
[0.5132670402526855, 0.5934965014457703, 0.4420536458492279, 0.27757078409194946, 0.5219869613647461]
[0.513810932636261, 0.5422400236129761, 0.44090670347213745, 0.34944698214530945, 0.5197200775146484]
[0.5232802629470825, 0.5423656702041626, 0.43324244022369385, 0.28737086057662964, 0.5523423552513123]
[0.45868584513664246, 0.586336076259613, 0.45127370953559875, 0.29319360852241516, 0.4790647029876709]
[0.5126060843467712, 0.5480924248695374, 0.44465309381484985, 0.31958475708961487, 0.5110908150672913]
[0.5811026692390442, 0.5715547204017639, 0.4039522707462311, 0.25042665004730225, 0.5865117907524109]
[0.521771252155304, 0.5480736494064331, 0.46764424443244934, 0.3357320725917816, 0.5412017703056335]
[0.5354865789413452, 0.5888907313346863, 0.41922876238822937, 0.2605830132961273, 0.5253303050994873]
[0.48925143480300903, 0.551581621170044, 0.4434799551963806, 0.2996722459793091, 0.5056339502334595]
[0.5137261152267456, 0.5603838562965393, 0.4639919698238373, 0.2960054874420166, 0.5408684015274048]
[0.4444626271724701, 0.5796604752540588, 0.42106014490127563, 0.27564737200737, 0.4757292568683624]
[0.5184252858161926, 0.5502066016197205, 0.40739139914512634, 0.2611781060695648, 0.5394468307495117]
[0.4938937723636627, 0.547398030757904, 0.4310758411884308, 0.3118363618850708, 0.5415831208229065]
[0.5326501727104187, 0.5597571730613708, 0.42575201392173767, 0.2806243598461151, 0.5497457385063171]
[0.5097641348838806, 0.5664164423942566, 0.44558876752853394, 0.2976957857608795, 0.5235682129859924]
[0.4925921559333801, 0.5850316286087036, 0.4239097237586975, 0.28559553623199463, 0.5097174644470215]
[0.49555298686027527, 0.570673942565918, 0.4313119649887085, 0.2879068851470947, 0.5146951675415039]
[0.48443812131881714, 0.5598454475402832, 0.4560949206352234, 0.3169359564781189, 0.5143049359321594]
[0.45314326882362366, 0.5814121961593628, 0.44588321447372437, 0.29331034421920776, 0.4663558304309845]
[0.47108718752861023, 0.5668295621871948, 0.43703359365463257, 0.3190609812736511, 0.48170170187950134]
[0.4422488510608673, 0.5545666813850403, 0.5072987079620361, 0.3781556189060211, 0.47444871068000793]
[0.45314326882362366, 0.5814121961593628, 0.44588321447372437, 0.29331034421920776, 0.4663558304309845]
[0.47425612807273865, 0.5785049200057983, 0.4397018551826477, 0.3021250367164612, 0.4918173551559448]
[0.5306317210197449, 0.6074514985084534, 0.4270767867565155, 0.2711300849914551, 0.5435031652450562]
[0.5902979373931885, 0.559671938419342, 0.3684575855731964, 0.25229981541633606, 0.5787976980209351]
[0.4986622929573059, 0.5785344243049622, 0.42304688692092896, 0.28575634956359863, 0.5303265452384949]
[0.4686250686645508, 0.5501445531845093, 0.4581512212753296, 0.2883511483669281, 0.4773913323879242]
[0.4102100133895874, 0.5800226926803589, 0.45531120896339417, 0.28771865367889404, 0.44651055335998535]
[0.49523070454597473, 0.5585775971412659, 0.4540744721889496, 0.32960590720176697, 0.5342066884040833]
[0.5168762803077698, 0.5595372915267944, 0.4439351260662079, 0.31776201725006104, 0.5276266932487488]
[0.5068889856338501, 0.5870459079742432, 0.4379504919052124, 0.28662583231925964, 0.5270571112632751]
[0.48843976855278015, 0.5708127617835999, 0.45720186829566956, 0.3194633722305298, 0.5166037082672119]
[0.5105384588241577, 0.5690923929214478, 0.4469206631183624, 0.28826001286506653, 0.5175476670265198]
[0.5236322283744812, 0.5708087086677551, 0.408040851354599, 0.2595157027244568, 0.5106870532035828]
[0.511255145072937, 0.5555015802383423, 0.44553065299987793, 0.29960352182388306, 0.5322266817092896]
[0.5322036743164062, 0.5761202573776245, 0.41827628016471863, 0.28618183732032776, 0.5585867762565613]
[0.5244108438491821, 0.5750575065612793, 0.4294954538345337, 0.29919031262397766, 0.5455008745193481]
[0.48254090547561646, 0.5687271952629089, 0.42472562193870544, 0.29934605956077576, 0.5138360857963562]
[0.43910345435142517, 0.5251597762107849, 0.5097002387046814, 0.3835430443286896, 0.49056223034858704]
[0.5001901388168335, 0.5669606328010559, 0.4484335482120514, 0.30924057960510254, 0.5124923586845398]
