1
爱心接力： 大家好，我是医院里面的护士。前几天医院来了一位小女孩，她叫胡云星，女，6岁，运城人。大家帮忙救救她，她患有罕见的“布加氏综合征”对激素已经产生抗体，体重不断上升，每天不停地重复一句话：妈妈，疼!她爸妈整天哭着跪在大街上乞讨为她治病。可惜一天只能乞讨几十来块。
[0.501071035861969, 0.5167950391769409, 0.5155363082885742, 0.4000818133354187, 0.5443449020385742]
[0.4714389741420746, 0.5214470028877258, 0.49635958671569824, 0.42962756752967834, 0.5118408203125]
[0.4725840985774994, 0.5745614171028137, 0.4105384647846222, 0.2696724534034729, 0.5184663534164429]
[0.49727925658226013, 0.5973763465881348, 0.42933180928230286, 0.27647799253463745, 0.537307858467102]
[0.49727925658226013, 0.5973763465881348, 0.42933180928230286, 0.27647799253463745, 0.537307858467102]
[0.47949182987213135, 0.5647385120391846, 0.412458598613739, 0.28492793440818787, 0.5279106497764587]
[0.5528683066368103, 0.5964096784591675, 0.43556201457977295, 0.28103896975517273, 0.5291304588317871]
[0.5325873494148254, 0.5880876183509827, 0.42129048705101013, 0.2533036768436432, 0.5475322008132935]
[0.4779013395309448, 0.550862193107605, 0.4704127311706543, 0.3525621294975281, 0.5114147663116455]
[0.5115236043930054, 0.580611526966095, 0.436032772064209, 0.298041433095932, 0.5654289126396179]
[0.44204825162887573, 0.5648837089538574, 0.448106050491333, 0.32863983511924744, 0.4783065915107727]
[0.49727925658226013, 0.5973763465881348, 0.42933180928230286, 0.27647799253463745, 0.537307858467102]
[0.6120957136154175, 0.5599684715270996, 0.3866722583770752, 0.23708294332027435, 0.5952876806259155]
[0.3970370590686798, 0.566718339920044, 0.44130685925483704, 0.30424490571022034, 0.46984779834747314]
[0.42466989159584045, 0.5675459504127502, 0.4576699137687683, 0.30477985739707947, 0.474833607673645]
[0.4673314094543457, 0.5037370920181274, 0.5195985436439514, 0.43040186166763306, 0.47817593812942505]
[0.4383559823036194, 0.5795822739601135, 0.4175054430961609, 0.27643531560897827, 0.5017744302749634]
[0.4749786853790283, 0.5709946751594543, 0.4416651129722595, 0.29809609055519104, 0.5133923888206482]
[0.49727925658226013, 0.5973763465881348, 0.42933180928230286, 0.27647799253463745, 0.537307858467102]
[0.5058897137641907, 0.5832006335258484, 0.43435025215148926, 0.26824602484703064, 0.5498504638671875]
[0.49727925658226013, 0.5973763465881348, 0.42933180928230286, 0.27647799253463745, 0.537307858467102]
