1
【阿婆厕所捡婴儿 被计生干部查获后活活摔死】15日下午，刘阿婆从乡财政所厕所粪便中将孩子捞起，简单清洗，剪脐带打针消毒。处理妥当正给孩子喂水时，武汉黄陂区蔡店乡计生办5人出现，夺走孩子掼在地上，用脚踢，放稻田里淹。引起当地群众的公愤。弃婴本是村民黄求生家超生子···
[0.5305156707763672, 0.5483776330947876, 0.4823071360588074, 0.3545171022415161, 0.5588866472244263]
[0.47518089413642883, 0.5844701528549194, 0.4386751353740692, 0.2857070863246918, 0.5236069560050964]
[0.5753025412559509, 0.5833282470703125, 0.3875216245651245, 0.23450560867786407, 0.5870677828788757]
[0.5143256783485413, 0.5832125544548035, 0.4501611590385437, 0.2874848246574402, 0.5365292429924011]
[0.5436549186706543, 0.5714688897132874, 0.4122581481933594, 0.28433918952941895, 0.560367226600647]
[0.5374176502227783, 0.5954917073249817, 0.42640572786331177, 0.2668091654777527, 0.548222005367279]
[0.5185332298278809, 0.5979981422424316, 0.4238531291484833, 0.2804935872554779, 0.5281396508216858]
[0.4743029475212097, 0.5854304432868958, 0.44025111198425293, 0.29503631591796875, 0.5051436424255371]
[0.428634375333786, 0.5166049599647522, 0.5126581788063049, 0.43758445978164673, 0.48899245262145996]
[0.5227890014648438, 0.5350748300552368, 0.4403252899646759, 0.30248209834098816, 0.5461334586143494]
[0.46585872769355774, 0.5164857506752014, 0.4965173006057739, 0.33852359652519226, 0.5176955461502075]
[0.45522961020469666, 0.5870183706283569, 0.43771204352378845, 0.280740886926651, 0.5057815909385681]
[0.5132670402526855, 0.5934965014457703, 0.4420536458492279, 0.27757078409194946, 0.5219869613647461]
[0.5545653700828552, 0.5777177214622498, 0.4060773551464081, 0.2729329764842987, 0.5580316781997681]
[0.48687195777893066, 0.5645398497581482, 0.46938255429267883, 0.36858800053596497, 0.5314107537269592]
[0.4472213685512543, 0.5484699010848999, 0.4717230796813965, 0.33263328671455383, 0.5024381279945374]
[0.5491952300071716, 0.5918990969657898, 0.42066478729248047, 0.26386961340904236, 0.5615143775939941]
[0.4202370047569275, 0.5659773945808411, 0.4379008710384369, 0.3180716335773468, 0.4647733271121979]
[0.537360668182373, 0.5652197003364563, 0.4185425341129303, 0.29097920656204224, 0.5336824655532837]
[0.5115563869476318, 0.5800977349281311, 0.4239727258682251, 0.28645095229148865, 0.5322046875953674]
[0.516481339931488, 0.5917481184005737, 0.4435672461986542, 0.2787536084651947, 0.5294630527496338]
[0.5507168173789978, 0.5893343687057495, 0.4157836139202118, 0.27023184299468994, 0.5490692853927612]
[0.5213242769241333, 0.5332369208335876, 0.46775656938552856, 0.4262308180332184, 0.5266998410224915]
[0.3850163221359253, 0.5471715927124023, 0.47335606813430786, 0.3234105408191681, 0.4239177405834198]
[0.3392409086227417, 0.555451512336731, 0.4395296573638916, 0.3152984082698822, 0.43491458892822266]
[0.5498497486114502, 0.5798252820968628, 0.3986639678478241, 0.2453700453042984, 0.5546538233757019]
[0.4807998836040497, 0.5601997375488281, 0.4294337034225464, 0.3194858133792877, 0.5307418704032898]
[0.609786868095398, 0.5481126308441162, 0.38360458612442017, 0.2301345318555832, 0.6055128574371338]
[0.5338400602340698, 0.5884048342704773, 0.4044473171234131, 0.26790544390678406, 0.5400835275650024]
[0.4059756398200989, 0.5465207099914551, 0.4727812111377716, 0.3143453598022461, 0.4382149577140808]
[0.5116270184516907, 0.5704313516616821, 0.416533499956131, 0.2982437312602997, 0.5266678929328918]
[0.41212353110313416, 0.540022611618042, 0.4829252064228058, 0.38128358125686646, 0.46395859122276306]
[0.49109822511672974, 0.5728765726089478, 0.4264562726020813, 0.2776396870613098, 0.5245682597160339]
[0.5753025412559509, 0.5833282470703125, 0.3875216245651245, 0.23450560867786407, 0.5870677828788757]
[0.5435070395469666, 0.5993574857711792, 0.40115755796432495, 0.2694820165634155, 0.5435105562210083]
[0.5988407731056213, 0.5502824783325195, 0.36410146951675415, 0.2502277195453644, 0.5949252843856812]
[0.5651516318321228, 0.5531669855117798, 0.42113277316093445, 0.2910017669200897, 0.5667409896850586]
[0.4656873047351837, 0.5728832483291626, 0.45638328790664673, 0.3843323290348053, 0.487597793340683]
[0.4325595200061798, 0.533699095249176, 0.46557554602622986, 0.3726467192173004, 0.44558167457580566]
[0.4178958833217621, 0.5325319766998291, 0.5093481540679932, 0.3917483687400818, 0.41698867082595825]
[0.5067607164382935, 0.5819416642189026, 0.4185640215873718, 0.28162404894828796, 0.5252562165260315]
[0.5239334106445312, 0.5611586570739746, 0.4300858676433563, 0.2872534692287445, 0.5275953412055969]
[0.47685858607292175, 0.5565864443778992, 0.467629998922348, 0.3221456706523895, 0.5064883232116699]
[0.49939337372779846, 0.551045298576355, 0.44890984892845154, 0.30186450481414795, 0.5253376960754395]
[0.529710590839386, 0.5941684246063232, 0.42454636096954346, 0.2891249358654022, 0.5510489344596863]
[0.44417494535446167, 0.5659139156341553, 0.44526541233062744, 0.3544372320175171, 0.47682517766952515]
[0.495588481426239, 0.5571441650390625, 0.4361170530319214, 0.30405089259147644, 0.5194053053855896]
[0.4189586639404297, 0.5354630351066589, 0.44542115926742554, 0.28925272822380066, 0.44327056407928467]
[0.41212353110313416, 0.540022611618042, 0.4829252064228058, 0.38128358125686646, 0.46395859122276306]
