1
阿婆厕所捡婴儿 被计生干部查获后活活摔死 跟 求证。
[0.42493870854377747, 0.5098327398300171, 0.4743439555168152, 0.34563368558883667, 0.47709453105926514]
[0.4349985718727112, 0.5690861940383911, 0.46498745679855347, 0.31382569670677185, 0.4877203106880188]
[0.4533546566963196, 0.511594295501709, 0.46282047033309937, 0.36182329058647156, 0.49522438645362854]
[0.4487622082233429, 0.5716210603713989, 0.4600348174571991, 0.3031274080276489, 0.45275557041168213]
[0.5053421258926392, 0.5481542348861694, 0.46620917320251465, 0.3470243811607361, 0.5322368741035461]
[0.5139351487159729, 0.5719740986824036, 0.4286971986293793, 0.30290406942367554, 0.5161014199256897]
[0.4888884425163269, 0.5482167601585388, 0.4449737071990967, 0.34196770191192627, 0.510930061340332]
[0.4225780963897705, 0.5417357087135315, 0.45750391483306885, 0.3332669734954834, 0.4776139557361603]
[0.47433269023895264, 0.5781806707382202, 0.4210267663002014, 0.2878434360027313, 0.5147324800491333]
[0.4371844232082367, 0.5502843260765076, 0.4623718857765198, 0.3356838524341583, 0.4777386486530304]
[0.5566813349723816, 0.5832299590110779, 0.4091879427433014, 0.24903853237628937, 0.5672604441642761]
[0.5896202325820923, 0.6009964942932129, 0.3933485150337219, 0.243545264005661, 0.5743495225906372]
[0.5209309458732605, 0.533677339553833, 0.42843034863471985, 0.32638147473335266, 0.5433396100997925]
[0.477521687746048, 0.5851191282272339, 0.4358082115650177, 0.2826486825942993, 0.5386361479759216]
[0.49528592824935913, 0.5675841569900513, 0.41651496291160583, 0.2950874865055084, 0.5369848608970642]
[0.3664727509021759, 0.554492712020874, 0.4789113998413086, 0.287409245967865, 0.4113079607486725]
[0.47318583726882935, 0.5469161868095398, 0.4308612644672394, 0.3292631506919861, 0.5098217725753784]
[0.5047233700752258, 0.5619124174118042, 0.43124115467071533, 0.30039626359939575, 0.5097551345825195]
[0.511255145072937, 0.5555015802383423, 0.44553065299987793, 0.29960352182388306, 0.5322266817092896]
[0.41970884799957275, 0.5604250431060791, 0.49775823950767517, 0.3694082498550415, 0.47047147154808044]
[0.5185332298278809, 0.5979981422424316, 0.4238531291484833, 0.2804935872554779, 0.5281396508216858]
[0.5372027158737183, 0.5562688112258911, 0.4188135862350464, 0.29444533586502075, 0.5623801350593567]
[0.5040810704231262, 0.537969172000885, 0.47597736120224, 0.34003347158432007, 0.5347059965133667]
[0.5273148417472839, 0.5733153820037842, 0.4399723708629608, 0.3014605939388275, 0.5450650453567505]
[0.5093468427658081, 0.5673531293869019, 0.41933852434158325, 0.3047254979610443, 0.5151984691619873]
[0.5158803462982178, 0.5536090731620789, 0.43142610788345337, 0.3270842432975769, 0.5327925682067871]
[0.5330047011375427, 0.5387788414955139, 0.45768189430236816, 0.3266761898994446, 0.5495516657829285]
[0.48818808794021606, 0.5530741214752197, 0.4506891071796417, 0.3124050498008728, 0.5186415314674377]
[0.4494161307811737, 0.5883888602256775, 0.4300898313522339, 0.26284223794937134, 0.5032985210418701]
[0.5512352585792542, 0.5549237728118896, 0.4052017033100128, 0.2853071689605713, 0.5524734854698181]
[0.5532942414283752, 0.5922162532806396, 0.40702024102211, 0.27298325300216675, 0.564769446849823]
[0.4717881381511688, 0.5469128489494324, 0.44779279828071594, 0.34299448132514954, 0.5164642333984375]
[0.5122954249382019, 0.5628923773765564, 0.4154419004917145, 0.29875755310058594, 0.518730103969574]
[0.5188670754432678, 0.577964186668396, 0.41542553901672363, 0.2824673056602478, 0.5431790351867676]
[0.5114630460739136, 0.5622448921203613, 0.4324011504650116, 0.31022316217422485, 0.5322769284248352]
[0.49197468161582947, 0.5504509210586548, 0.4371567666530609, 0.32169660925865173, 0.5032399296760559]
[0.50739985704422, 0.5431177020072937, 0.42761966586112976, 0.3284185528755188, 0.5322063565254211]
[0.5491952300071716, 0.5918990969657898, 0.42066478729248047, 0.26386961340904236, 0.5615143775939941]
[0.5405868291854858, 0.5793131589889526, 0.3987058401107788, 0.2504521310329437, 0.5524519085884094]
[0.4601503014564514, 0.5803269147872925, 0.44179409742355347, 0.28724274039268494, 0.5021133422851562]
[0.5096197128295898, 0.5896445512771606, 0.42333337664604187, 0.28228479623794556, 0.5219572186470032]
[0.5377155542373657, 0.5771601796150208, 0.43239107728004456, 0.29412370920181274, 0.5413578748703003]
[0.47837117314338684, 0.5681925415992737, 0.4333626329898834, 0.3022446036338806, 0.5041676759719849]
[0.3740631937980652, 0.5555712580680847, 0.45133572816848755, 0.31124547123908997, 0.4631096124649048]
[0.5725617408752441, 0.587104320526123, 0.4058893620967865, 0.2532719373703003, 0.5781118273735046]
[0.5037484169006348, 0.5678627490997314, 0.43256881833076477, 0.3030848205089569, 0.527723491191864]
[0.4171661138534546, 0.5395024418830872, 0.512675940990448, 0.42533835768699646, 0.4938454031944275]
[0.5481823682785034, 0.5679475665092468, 0.4341619908809662, 0.28664445877075195, 0.5518040060997009]
[0.4553748667240143, 0.5727919340133667, 0.4317489266395569, 0.2778279185295105, 0.533848226070404]
[0.46135228872299194, 0.547107994556427, 0.4626683294773102, 0.34366023540496826, 0.49706757068634033]
[0.5090017914772034, 0.5928217768669128, 0.4176779091358185, 0.2741379141807556, 0.5251357555389404]
[0.5292752385139465, 0.568561851978302, 0.439088374376297, 0.29962170124053955, 0.5564148426055908]
[0.5896202325820923, 0.6009964942932129, 0.3933485150337219, 0.243545264005661, 0.5743495225906372]
[0.5610039234161377, 0.6018708944320679, 0.4203011691570282, 0.2508716583251953, 0.5610689520835876]
[0.5136179327964783, 0.5371942520141602, 0.4851425588130951, 0.3789536654949188, 0.5566604733467102]
[0.511255145072937, 0.5555015802383423, 0.44553065299987793, 0.29960352182388306, 0.5322266817092896]
[0.4530438184738159, 0.5423048138618469, 0.48797598481178284, 0.40154170989990234, 0.4854990541934967]
[0.5759307146072388, 0.5911906957626343, 0.39929306507110596, 0.2533612847328186, 0.5503028631210327]
[0.4970969259738922, 0.5443665981292725, 0.40831294655799866, 0.27870646119117737, 0.5491423010826111]
[0.5476086139678955, 0.5862934589385986, 0.4034702181816101, 0.2695004343986511, 0.5584790110588074]
[0.47662630677223206, 0.5442083477973938, 0.4558560252189636, 0.3325987756252289, 0.5053297281265259]
[0.5491952300071716, 0.5918990969657898, 0.42066478729248047, 0.26386961340904236, 0.5615143775939941]
[0.4352276921272278, 0.5293998718261719, 0.47612687945365906, 0.34710291028022766, 0.48190683126449585]
[0.49488338828086853, 0.542572557926178, 0.4546509385108948, 0.3263309895992279, 0.5131742358207703]
[0.5455970168113708, 0.5574696660041809, 0.41161659359931946, 0.2933598458766937, 0.5444608926773071]
[0.5283995866775513, 0.569170355796814, 0.43950045108795166, 0.2965232729911804, 0.5456735491752625]
[0.5725617408752441, 0.587104320526123, 0.4058893620967865, 0.2532719373703003, 0.5781118273735046]
[0.5343647003173828, 0.5791273713111877, 0.41712161898612976, 0.2805401682853699, 0.5218197703361511]
[0.49100416898727417, 0.5672375559806824, 0.41654491424560547, 0.3126617670059204, 0.5236464738845825]
[0.4202689528465271, 0.5757107138633728, 0.4309403896331787, 0.27894097566604614, 0.466061532497406]
[0.6092566251754761, 0.5839726328849792, 0.3768681287765503, 0.23225677013397217, 0.59420245885849]
[0.5076469779014587, 0.5642721652984619, 0.4395168125629425, 0.294717401266098, 0.5336251258850098]
[0.5007271766662598, 0.5664111971855164, 0.4177723824977875, 0.2805980145931244, 0.5269928574562073]
[0.515781581401825, 0.5762342214584351, 0.4145078659057617, 0.28844550251960754, 0.5639870762825012]
[0.4819406569004059, 0.5528761744499207, 0.403978168964386, 0.2753307521343231, 0.5200225710868835]
[0.4848925471305847, 0.5206044912338257, 0.4754042625427246, 0.3674009442329407, 0.48740848898887634]
[0.5322810411453247, 0.5343721508979797, 0.4529576003551483, 0.35033729672431946, 0.5519844889640808]
[0.5205467343330383, 0.5661511421203613, 0.44495952129364014, 0.29826900362968445, 0.5242303013801575]
[0.4517227113246918, 0.5288494229316711, 0.4879537522792816, 0.3899720311164856, 0.5046730041503906]
[0.5325873494148254, 0.5880876183509827, 0.42129048705101013, 0.2533036768436432, 0.5475322008132935]
[0.47605547308921814, 0.5561974048614502, 0.4296777844429016, 0.3104342818260193, 0.46628060936927795]
[0.4580997824668884, 0.5385320782661438, 0.4408932626247406, 0.2992379665374756, 0.4964330196380615]
[0.5129082202911377, 0.540810763835907, 0.4537581205368042, 0.31718143820762634, 0.5220013856887817]
[0.5514306426048279, 0.5425912141799927, 0.3939819931983948, 0.2524530291557312, 0.5553113222122192]
[0.5218863487243652, 0.5723345279693604, 0.4215478301048279, 0.2963056266307831, 0.5412362217903137]
[0.49640506505966187, 0.5833321809768677, 0.4126153886318207, 0.2682577073574066, 0.526804506778717]
[0.5040504932403564, 0.5723969340324402, 0.4405481517314911, 0.28811725974082947, 0.5165842175483704]
[0.5896202325820923, 0.6009964942932129, 0.3933485150337219, 0.243545264005661, 0.5743495225906372]
[0.5067607164382935, 0.5819416642189026, 0.4185640215873718, 0.28162404894828796, 0.5252562165260315]
[0.50127774477005, 0.5954647064208984, 0.427768737077713, 0.2701976001262665, 0.5298063158988953]
[0.5129733085632324, 0.5638598203659058, 0.4424559772014618, 0.2829076051712036, 0.520971953868866]
[0.49047261476516724, 0.5766049027442932, 0.4290362596511841, 0.29459789395332336, 0.5311752557754517]
[0.520828902721405, 0.5958337187767029, 0.41460275650024414, 0.28498318791389465, 0.5354667901992798]
