1
近日福建省泉州市警察局抓到拐卖小孩犯罪团伙，现场获救了一名5岁的小孩。因他还小，说不清楚自己家的详细地址和家里的电话。天天哭着要回去，很可怜！只知道他是云南昭通市人！如果你认识他，麻烦你转告他家人到福建省泉州市公安局来接他。如果你不认识，麻烦你帮忙转发下。让他们一家团圆。谢谢！
[0.5367828011512756, 0.5210292935371399, 0.468726247549057, 0.359287291765213, 0.5568081140518188]
[0.3717663288116455, 0.5591752529144287, 0.44442230463027954, 0.2877909243106842, 0.4457230567932129]
[0.47023507952690125, 0.5565944910049438, 0.44505318999290466, 0.32629698514938354, 0.4922495186328888]
[0.3525565266609192, 0.5549966096878052, 0.4557444751262665, 0.29298844933509827, 0.43208077549934387]
[0.44518062472343445, 0.5381035208702087, 0.486064612865448, 0.4005710482597351, 0.4819309711456299]
[0.44868555665016174, 0.5860459804534912, 0.4319647550582886, 0.2945186197757721, 0.4875697195529938]
[0.47719261050224304, 0.573628306388855, 0.4382547438144684, 0.31060054898262024, 0.5009282827377319]
[0.44756948947906494, 0.5554623007774353, 0.46293631196022034, 0.3083459138870239, 0.4961238503456116]
[0.40191471576690674, 0.5568675994873047, 0.4784826338291168, 0.33860841393470764, 0.48032212257385254]
[0.6078826785087585, 0.5707478523254395, 0.3655558228492737, 0.22177572548389435, 0.5965967774391174]
[0.445904940366745, 0.563453197479248, 0.4410410523414612, 0.32104337215423584, 0.47486811876296997]
[0.4143611192703247, 0.5371711254119873, 0.5155473351478577, 0.448173463344574, 0.49035540223121643]
[0.42755404114723206, 0.5774667859077454, 0.45067089796066284, 0.2674386203289032, 0.49183210730552673]
[0.47173070907592773, 0.5658484101295471, 0.4426805078983307, 0.2968226373195648, 0.5040815472602844]
[0.5392621755599976, 0.5588776469230652, 0.41180428862571716, 0.2773650586605072, 0.5417298674583435]
[0.4492926299571991, 0.5932587385177612, 0.44531723856925964, 0.2746775448322296, 0.5033401250839233]
[0.4765423834323883, 0.5532313585281372, 0.4445497691631317, 0.3303537368774414, 0.4828172028064728]
