1
- 通过长达十天两会的召开.新的婚姻法中规定 男女双方只要年满18周岁就可以结婚.并不是之前女方满20周男方满22周才可制成婚约.如今结婚证是国家级证书.高考时还可加3学分.现在在大学期间结婚.学费还可减半;跨民族结婚 生一个孩子奖励一万.结婚吧咱。
[0.41684985160827637, 0.5186155438423157, 0.5385352373123169, 0.4475846290588379, 0.4537268877029419]
[0.5371441841125488, 0.560139000415802, 0.43485623598098755, 0.2821049094200134, 0.5434956550598145]
[0.5244597792625427, 0.5673940777778625, 0.42901942133903503, 0.28732484579086304, 0.508772611618042]
[0.5561572909355164, 0.5937171578407288, 0.41795048117637634, 0.2560843825340271, 0.5541695356369019]
[0.4753667116165161, 0.573082685470581, 0.44138503074645996, 0.2978596091270447, 0.5268892645835876]
[0.509585976600647, 0.5587379932403564, 0.47159460186958313, 0.35253414511680603, 0.5055227279663086]
[0.48972219228744507, 0.558524489402771, 0.4300750195980072, 0.2934216856956482, 0.48971885442733765]
[0.48463502526283264, 0.551826000213623, 0.4597378075122833, 0.3156313896179199, 0.5199735164642334]
[0.5250766277313232, 0.5819512009620667, 0.42678484320640564, 0.28166255354881287, 0.548005998134613]
[0.49325498938560486, 0.5946826338768005, 0.43706801533699036, 0.2781893312931061, 0.5281903147697449]
[0.4487622082233429, 0.5716210603713989, 0.4600348174571991, 0.3031274080276489, 0.45275557041168213]
[0.42474791407585144, 0.5560133457183838, 0.47838887572288513, 0.33187222480773926, 0.480522483587265]
[0.548370361328125, 0.5880765914916992, 0.4371141493320465, 0.28266263008117676, 0.5526161193847656]
[0.4979044198989868, 0.5618051886558533, 0.4417598247528076, 0.2892337441444397, 0.5158186554908752]
[0.5417131781578064, 0.5850932002067566, 0.41965922713279724, 0.28818953037261963, 0.5481328964233398]
[0.5251531600952148, 0.5668160915374756, 0.43362000584602356, 0.28881675004959106, 0.5259860157966614]
[0.5087323188781738, 0.584449291229248, 0.432859867811203, 0.27619263529777527, 0.5275717377662659]
[0.4487622082233429, 0.5716210603713989, 0.4600348174571991, 0.3031274080276489, 0.45275557041168213]
[0.47795069217681885, 0.5571675896644592, 0.43077078461647034, 0.2602030038833618, 0.5178218483924866]
[0.5241401791572571, 0.605085551738739, 0.42481592297554016, 0.27901390194892883, 0.5206963419914246]
[0.4416761100292206, 0.5664674639701843, 0.43613240122795105, 0.29978251457214355, 0.48072120547294617]
[0.5292345285415649, 0.560326874256134, 0.43025898933410645, 0.3183232247829437, 0.5174711346626282]
[0.5070468783378601, 0.5720576643943787, 0.4450463652610779, 0.3153449296951294, 0.5133621692657471]
[0.5016698837280273, 0.5536237359046936, 0.46503499150276184, 0.3468024730682373, 0.5082622170448303]
[0.3209726810455322, 0.5202499032020569, 0.5203853845596313, 0.3719478249549866, 0.44437870383262634]
[0.48379552364349365, 0.5937032699584961, 0.41920071840286255, 0.2830924987792969, 0.4925927221775055]
[0.520602285861969, 0.5922062993049622, 0.4009891748428345, 0.263202041387558, 0.5304512977600098]
[0.4819319546222687, 0.5945106744766235, 0.44158464670181274, 0.31667155027389526, 0.5040233731269836]
[0.5044102668762207, 0.5620009303092957, 0.42756643891334534, 0.32565832138061523, 0.49114930629730225]
[0.5639593005180359, 0.5603399872779846, 0.4314700663089752, 0.2955985963344574, 0.5182119011878967]
[0.4576188325881958, 0.5582354664802551, 0.4457995295524597, 0.3103537857532501, 0.5040500164031982]
[0.467303603887558, 0.5620303153991699, 0.43901559710502625, 0.30168744921684265, 0.5083688497543335]
[0.4973893165588379, 0.5658584237098694, 0.43615520000457764, 0.3080257475376129, 0.5147654414176941]
