1
特蕾莎修女多次访华，并谦卑地请求在中国开办慈善机构，照顾中国穷人。但中国官员拒绝并告诉她：中国没有穷人。她把一生奉献给世界穷人 ，无数国家欢迎她，只有中国拒绝她。她临终说：“我遗憾没有将福音传给中国穷人，我只能无数次流泪为中国穷人祷告……”
[0.5454184412956238, 0.5712855458259583, 0.43455103039741516, 0.30506086349487305, 0.5703591704368591]
[0.4951452314853668, 0.5660641193389893, 0.4105614125728607, 0.24025651812553406, 0.5128023624420166]
[0.5823124647140503, 0.5887305736541748, 0.41453614830970764, 0.2714131474494934, 0.5705648064613342]
[0.5268782377243042, 0.5917807221412659, 0.4214022159576416, 0.27102887630462646, 0.5688003897666931]
[0.5556240081787109, 0.5875920057296753, 0.4332263171672821, 0.2699911594390869, 0.5331202149391174]
[0.4951452314853668, 0.5660641193389893, 0.4105614125728607, 0.24025651812553406, 0.5128023624420166]
[0.4711935520172119, 0.5655215382575989, 0.44245439767837524, 0.3177441358566284, 0.5384682416915894]
[0.5010381937026978, 0.552297830581665, 0.41886451840400696, 0.29429930448532104, 0.5268337726593018]
[0.5522698163986206, 0.5461107492446899, 0.4234410524368286, 0.263846755027771, 0.5814739465713501]
[0.422168493270874, 0.5620645880699158, 0.43487682938575745, 0.2819502055644989, 0.4910062551498413]
[0.5642983913421631, 0.5979214310646057, 0.4293169677257538, 0.27249717712402344, 0.582757294178009]
[0.5799700021743774, 0.5728905200958252, 0.39739030599594116, 0.26887747645378113, 0.5644840002059937]
[0.47126269340515137, 0.5466195344924927, 0.44414275884628296, 0.3009944558143616, 0.498888224363327]
[0.5003740787506104, 0.5652137398719788, 0.39596617221832275, 0.2509828209877014, 0.5419475436210632]
[0.5210443139076233, 0.5727638602256775, 0.44260865449905396, 0.2996863126754761, 0.5369453430175781]
[0.46428442001342773, 0.5534539818763733, 0.42618924379348755, 0.29562807083129883, 0.5219009518623352]
[0.4995225965976715, 0.5568357706069946, 0.4468572437763214, 0.32690316438674927, 0.5093051791191101]
[0.5756401419639587, 0.5760972499847412, 0.41795554757118225, 0.2500205636024475, 0.572693943977356]
[0.5087040662765503, 0.5479335188865662, 0.47420892119407654, 0.36127519607543945, 0.509218156337738]
[0.53394615650177, 0.5699928998947144, 0.4146977961063385, 0.27724891901016235, 0.5529457330703735]
[0.5444586277008057, 0.5468783378601074, 0.4333522617816925, 0.279367595911026, 0.5678999423980713]
[0.5065133571624756, 0.59761643409729, 0.42019960284233093, 0.27459049224853516, 0.5263276696205139]
[0.49067676067352295, 0.5494367480278015, 0.46203312277793884, 0.31200990080833435, 0.4916514456272125]
[0.40753838419914246, 0.5289997458457947, 0.4628332257270813, 0.31922218203544617, 0.44466882944107056]
[0.5198144316673279, 0.5734074711799622, 0.4334476590156555, 0.2966235876083374, 0.5349081754684448]
[0.49196815490722656, 0.5702214241027832, 0.4189281463623047, 0.2846427857875824, 0.5406824946403503]
[0.511255145072937, 0.5555015802383423, 0.44553065299987793, 0.29960352182388306, 0.5322266817092896]
[0.5392447710037231, 0.5822327733039856, 0.4106139838695526, 0.2733079493045807, 0.5361642241477966]
[0.5249351263046265, 0.5571116209030151, 0.4258568286895752, 0.2854939103126526, 0.5471704006195068]
[0.4949488043785095, 0.5562289357185364, 0.43332093954086304, 0.29183897376060486, 0.478197306394577]
[0.4227792024612427, 0.48541510105133057, 0.49018165469169617, 0.58519047498703, 0.5393552184104919]
[0.47023242712020874, 0.5672659873962402, 0.44494062662124634, 0.29080432653427124, 0.49971359968185425]
[0.4553755223751068, 0.5592824220657349, 0.4452747702598572, 0.32296624779701233, 0.48365169763565063]
[0.528731107711792, 0.5487789511680603, 0.4544915556907654, 0.32853513956069946, 0.5500661134719849]
[0.5391071438789368, 0.5621380805969238, 0.43072226643562317, 0.28660961985588074, 0.5456381440162659]
[0.36010265350341797, 0.5179992318153381, 0.45714256167411804, 0.32962724566459656, 0.45945408940315247]
[0.5325873494148254, 0.5880876183509827, 0.42129048705101013, 0.2533036768436432, 0.5475322008132935]
[0.5423672199249268, 0.5725431442260742, 0.4160723090171814, 0.26960283517837524, 0.5436461567878723]
[0.4849562346935272, 0.5469732284545898, 0.44333070516586304, 0.3061263859272003, 0.4958581030368805]
[0.4592268168926239, 0.5623577237129211, 0.4327080547809601, 0.28133782744407654, 0.5189327001571655]
[0.4845302402973175, 0.534803569316864, 0.47319740056991577, 0.35412919521331787, 0.506493866443634]
[0.5035345554351807, 0.5734736323356628, 0.43687209486961365, 0.3034747242927551, 0.5351518392562866]
[0.3863493800163269, 0.5098571181297302, 0.5345480442047119, 0.43872207403182983, 0.43039727210998535]
[0.4964786171913147, 0.5704571008682251, 0.4280177652835846, 0.26481959223747253, 0.5255085825920105]
[0.36913660168647766, 0.5662729740142822, 0.4699186384677887, 0.2938256859779358, 0.4446377158164978]
[0.5039099454879761, 0.5707674622535706, 0.4608566164970398, 0.3499129116535187, 0.5118479132652283]
[0.5099909901618958, 0.567242443561554, 0.41757261753082275, 0.2935190200805664, 0.5374018549919128]
[0.4326459467411041, 0.5806037187576294, 0.4285236597061157, 0.2925577461719513, 0.47688189148902893]
[0.4780891537666321, 0.5338629484176636, 0.5161363482475281, 0.4597838819026947, 0.5195627808570862]
[0.5930489897727966, 0.5350869297981262, 0.4317168891429901, 0.2809218764305115, 0.5536097288131714]
[0.5482083559036255, 0.5491930246353149, 0.4367351531982422, 0.2946954071521759, 0.5508559942245483]
[0.49868056178092957, 0.5834627151489258, 0.42682674527168274, 0.2814079523086548, 0.5194879174232483]
[0.46966806054115295, 0.5373042225837708, 0.45747503638267517, 0.3794725835323334, 0.5196559429168701]
[0.5606805086135864, 0.581872284412384, 0.4016381502151489, 0.24889259040355682, 0.5764707922935486]
[0.5688438415527344, 0.5890757441520691, 0.3990509510040283, 0.2537112534046173, 0.5730592608451843]
[0.5109252333641052, 0.573269248008728, 0.4380059242248535, 0.3215901553630829, 0.5496957302093506]
[0.522002100944519, 0.5571073293685913, 0.4182159900665283, 0.27930474281311035, 0.5556079149246216]
[0.49754950404167175, 0.5355303287506104, 0.4738423228263855, 0.31632259488105774, 0.5146352052688599]
[0.4642588794231415, 0.5346209406852722, 0.44212085008621216, 0.2821422517299652, 0.5048602819442749]
[0.5451405048370361, 0.5799071192741394, 0.4316512644290924, 0.266661137342453, 0.5196403861045837]
[0.5422015190124512, 0.547709047794342, 0.4225623607635498, 0.2994062900543213, 0.5514208078384399]
[0.41730988025665283, 0.5647932887077332, 0.44848257303237915, 0.33154577016830444, 0.4798588454723358]
[0.4232218861579895, 0.5590571761131287, 0.42360392212867737, 0.2491959035396576, 0.48168474435806274]
[0.5445739030838013, 0.5529167652130127, 0.4229751527309418, 0.2788931429386139, 0.5309168696403503]
[0.31990018486976624, 0.5525758862495422, 0.43066975474357605, 0.2608432173728943, 0.42882633209228516]
[0.5430394411087036, 0.5479562282562256, 0.4116940200328827, 0.2854700982570648, 0.5776529312133789]
[0.5449952483177185, 0.5807772874832153, 0.40352559089660645, 0.2618822455406189, 0.5657480955123901]
[0.5162083506584167, 0.5749799013137817, 0.416969358921051, 0.2783210277557373, 0.5741192698478699]
[0.43439289927482605, 0.5593927502632141, 0.4475723206996918, 0.2827596068382263, 0.4573603570461273]
[0.5394970178604126, 0.5782760977745056, 0.43651944398880005, 0.26916244626045227, 0.511790931224823]
[0.41955140233039856, 0.5483975410461426, 0.44638216495513916, 0.28179171681404114, 0.4854964017868042]
[0.49975526332855225, 0.5874056220054626, 0.4230498969554901, 0.27203112840652466, 0.5168728828430176]
[0.4521791934967041, 0.5974459052085876, 0.4918642044067383, 0.3508952856063843, 0.5145284533500671]
[0.46693792939186096, 0.5272361040115356, 0.4794193208217621, 0.36797860264778137, 0.5088204145431519]
[0.5546966791152954, 0.539825439453125, 0.4152042865753174, 0.28433629870414734, 0.5133461356163025]
[0.5395602583885193, 0.5718523859977722, 0.39505457878112793, 0.2687424421310425, 0.5415815711021423]
[0.5739896893501282, 0.5859419703483582, 0.40094855427742004, 0.2619858980178833, 0.5726138353347778]
[0.455128014087677, 0.5540022253990173, 0.4771701991558075, 0.37585896253585815, 0.4872662425041199]
[0.49779602885246277, 0.5630592107772827, 0.4125865399837494, 0.28362080454826355, 0.5369871258735657]
[0.46622657775878906, 0.5322246551513672, 0.4603143334388733, 0.36139485239982605, 0.5061044692993164]
[0.4831007719039917, 0.5717165470123291, 0.4346594214439392, 0.3027188181877136, 0.49499937891960144]
[0.49842336773872375, 0.5316617488861084, 0.4555787146091461, 0.3378186821937561, 0.5232288837432861]
[0.46622657775878906, 0.5322246551513672, 0.4603143334388733, 0.36139485239982605, 0.5061044692993164]
[0.49819183349609375, 0.5695810914039612, 0.4092336595058441, 0.28381651639938354, 0.5330636501312256]
[0.5385457873344421, 0.5925493240356445, 0.41120070219039917, 0.2950524687767029, 0.5404145121574402]
[0.5468639731407166, 0.5829648971557617, 0.4002593457698822, 0.2548941373825073, 0.5673775672912598]
[0.38886380195617676, 0.5384917259216309, 0.4822845160961151, 0.3620697855949402, 0.43226444721221924]
[0.4717383086681366, 0.5377813577651978, 0.47646379470825195, 0.2901536226272583, 0.5414268970489502]
[0.5645879507064819, 0.5612078309059143, 0.40355876088142395, 0.2567541301250458, 0.5436568856239319]
[0.5490688681602478, 0.5822931528091431, 0.3832370638847351, 0.257006973028183, 0.5417091250419617]
[0.5282555818557739, 0.5645617842674255, 0.433795303106308, 0.3091793954372406, 0.5196197628974915]
[0.2924250364303589, 0.5497272610664368, 0.46138840913772583, 0.32763800024986267, 0.4338511824607849]
[0.4964786171913147, 0.5704571008682251, 0.4280177652835846, 0.26481959223747253, 0.5255085825920105]
[0.4470939338207245, 0.5103877782821655, 0.46243470907211304, 0.35351768136024475, 0.4607864022254944]
[0.39481666684150696, 0.5638349652290344, 0.4519926607608795, 0.3508278429508209, 0.4444447159767151]
[0.4964786171913147, 0.5704571008682251, 0.4280177652835846, 0.26481959223747253, 0.5255085825920105]
[0.5361984372138977, 0.5449275374412537, 0.4348561465740204, 0.2881549000740051, 0.5566172003746033]
[0.4846947491168976, 0.5338522791862488, 0.48097190260887146, 0.3735765516757965, 0.5284003019332886]
[0.5320232510566711, 0.5793940424919128, 0.4436752200126648, 0.29803550243377686, 0.5460519790649414]
[0.4964786171913147, 0.5704571008682251, 0.4280177652835846, 0.26481959223747253, 0.5255085825920105]
[0.40338170528411865, 0.5680822134017944, 0.48317745327949524, 0.3258790075778961, 0.4733399450778961]
