1
求证【到了拼老公的时代了！法院副院长？】北京朝阳门一带,一辆MINI，没驾驶证，多次违章,闯红灯，超速。差点把一位过马路老奶奶撞倒。交警拦下后该女子叫嚣老公是个非常有钱有权有势的XX领导！你知道我男人是谁吗？说出来吓死你们！有网友爆料：京M87187女车主的老公为北京市人民法院副院长赵航
[0.4835596978664398, 0.5160233974456787, 0.5208909511566162, 0.38821473717689514, 0.5323001742362976]
[0.5896202325820923, 0.6009964942932129, 0.3933485150337219, 0.243545264005661, 0.5743495225906372]
[0.46993887424468994, 0.549652099609375, 0.45338714122772217, 0.28921422362327576, 0.48809388279914856]
[0.5196273922920227, 0.565883219242096, 0.42927882075309753, 0.3090737462043762, 0.5355428457260132]
[0.5637115240097046, 0.5732923150062561, 0.4165723919868469, 0.2727184593677521, 0.5511323809623718]
[0.34784436225891113, 0.5533972978591919, 0.45290350914001465, 0.30419689416885376, 0.43495282530784607]
[0.5101673007011414, 0.5839344263076782, 0.42223384976387024, 0.29178810119628906, 0.536217451095581]
[0.468423455953598, 0.5532450675964355, 0.450399786233902, 0.3366074860095978, 0.5041006803512573]
[0.5039711594581604, 0.5775251984596252, 0.42243313789367676, 0.28438475728034973, 0.5221356749534607]
[0.5466565489768982, 0.5736874938011169, 0.4112078845500946, 0.26192396879196167, 0.5801172256469727]
[0.4358273446559906, 0.523263156414032, 0.48804426193237305, 0.37556886672973633, 0.4739827811717987]
[0.5373192429542542, 0.5830796957015991, 0.42673352360725403, 0.29799938201904297, 0.5193265676498413]
[0.548934280872345, 0.5561085343360901, 0.4327200949192047, 0.2959451675415039, 0.5250402092933655]
[0.6141903400421143, 0.5344718098640442, 0.4055849611759186, 0.2523183822631836, 0.6026903390884399]
[0.3614334762096405, 0.5614999532699585, 0.4764012098312378, 0.3208269476890564, 0.427006334066391]
[0.5535699129104614, 0.5594030022621155, 0.41738060116767883, 0.27745628356933594, 0.5567464828491211]
[0.4515168070793152, 0.5606144070625305, 0.45167824625968933, 0.29340431094169617, 0.5236891508102417]
[0.5275495052337646, 0.5496007204055786, 0.47409573197364807, 0.3044437766075134, 0.5080816149711609]
[0.47807222604751587, 0.5641292929649353, 0.45651403069496155, 0.3145597279071808, 0.5070958137512207]
[0.5528168678283691, 0.5704764723777771, 0.43974417448043823, 0.26055392622947693, 0.5459608435630798]
[0.4253096282482147, 0.570911169052124, 0.44122517108917236, 0.29563337564468384, 0.4696376621723175]
[0.5070764422416687, 0.5800716280937195, 0.438736230134964, 0.30616649985313416, 0.5118837952613831]
[0.43824514746665955, 0.5349410772323608, 0.4417547285556793, 0.31116533279418945, 0.4795970916748047]
[0.4961446225643158, 0.5644176602363586, 0.42093607783317566, 0.2726017236709595, 0.5305594801902771]
[0.5203762054443359, 0.5838677883148193, 0.40737050771713257, 0.2770597040653229, 0.5265580415725708]
[0.546504557132721, 0.5668658018112183, 0.4227795898914337, 0.2830457091331482, 0.5737597346305847]
[0.4956875145435333, 0.5862857103347778, 0.4149650037288666, 0.27314791083335876, 0.5157160758972168]
[0.558840274810791, 0.5865426063537598, 0.41705992817878723, 0.2716130316257477, 0.5519213080406189]
[0.528118908405304, 0.5852379202842712, 0.43063226342201233, 0.2623966634273529, 0.5555712580680847]
[0.48355546593666077, 0.5511849522590637, 0.4669220745563507, 0.3339579403400421, 0.4774439036846161]
[0.48638758063316345, 0.5501401424407959, 0.4476793706417084, 0.3023296594619751, 0.4745470881462097]
[0.48291710019111633, 0.5418844819068909, 0.4639751613140106, 0.30387917160987854, 0.5125803351402283]
[0.4639386832714081, 0.5716317296028137, 0.4477826952934265, 0.2893126308917999, 0.49350860714912415]
[0.5603558421134949, 0.5745408535003662, 0.3996824622154236, 0.2584382891654968, 0.5475971698760986]
[0.5054905414581299, 0.5275446772575378, 0.4773101806640625, 0.3202183246612549, 0.5300539135932922]
[0.5430249571800232, 0.5838664770126343, 0.4070616364479065, 0.2599969506263733, 0.5366150140762329]
[0.5247620940208435, 0.5844518542289734, 0.4142201840877533, 0.27058351039886475, 0.5497316122055054]
[0.5087799429893494, 0.5767132043838501, 0.45440495014190674, 0.28788867592811584, 0.5369219183921814]
[0.5125861763954163, 0.5948236584663391, 0.43544602394104004, 0.28392720222473145, 0.5319533944129944]
[0.447065144777298, 0.5557758212089539, 0.5124355554580688, 0.3651931583881378, 0.49009549617767334]
[0.45323777198791504, 0.520584762096405, 0.4810779392719269, 0.3626266121864319, 0.461294025182724]
[0.4881839156150818, 0.5733214616775513, 0.43854770064353943, 0.2826600968837738, 0.5232245922088623]
[0.5152634382247925, 0.5850837826728821, 0.4303845167160034, 0.2670544683933258, 0.5368582010269165]
[0.4038812816143036, 0.5472887754440308, 0.46412211656570435, 0.34783029556274414, 0.48149949312210083]
[0.5023214221000671, 0.5732654929161072, 0.4405122697353363, 0.2841579020023346, 0.5396448969841003]
[0.5058897137641907, 0.5832006335258484, 0.43435025215148926, 0.26824602484703064, 0.5498504638671875]
[0.547616720199585, 0.5786662101745605, 0.43001994490623474, 0.268674373626709, 0.5238481163978577]
[0.5010743737220764, 0.5183792114257812, 0.46437153220176697, 0.33784905076026917, 0.54897540807724]
[0.4713369607925415, 0.5737524032592773, 0.4387147128582001, 0.2864515781402588, 0.4949149191379547]
[0.5504692792892456, 0.5941439867019653, 0.4114815294742584, 0.2734121084213257, 0.5399234294891357]
[0.5363566875457764, 0.5858104228973389, 0.44529369473457336, 0.29451844096183777, 0.5441447496414185]
[0.3164766728878021, 0.5175414085388184, 0.48691338300704956, 0.32921257615089417, 0.4417080879211426]
[0.5062138438224792, 0.5660175681114197, 0.4138655662536621, 0.30031415820121765, 0.5154420733451843]
[0.49223586916923523, 0.5803111791610718, 0.44358524680137634, 0.2989721894264221, 0.5426616668701172]
[0.47978976368904114, 0.5661224126815796, 0.4582248628139496, 0.3050336539745331, 0.5170845985412598]
[0.40946701169013977, 0.5887787938117981, 0.4351293444633484, 0.271552175283432, 0.48296448588371277]
[0.538396954536438, 0.5907691121101379, 0.429887980222702, 0.26312145590782166, 0.5668554306030273]
[0.5362428426742554, 0.5775802731513977, 0.4232092499732971, 0.27480894327163696, 0.535590410232544]
[0.5070725679397583, 0.5795678496360779, 0.4309682846069336, 0.25872695446014404, 0.538472592830658]
[0.4460366666316986, 0.5526334047317505, 0.46848437190055847, 0.33284783363342285, 0.493715763092041]
[0.4978027641773224, 0.582832932472229, 0.43767523765563965, 0.2764671742916107, 0.5227353572845459]
[0.5731115341186523, 0.5304574370384216, 0.43263620138168335, 0.2996603846549988, 0.572475254535675]
[0.5244210958480835, 0.5795039534568787, 0.4279419183731079, 0.29499998688697815, 0.5553393959999084]
[0.5293108224868774, 0.5907981395721436, 0.4407007396221161, 0.2793116569519043, 0.5529780387878418]
[0.5132670402526855, 0.5934965014457703, 0.4420536458492279, 0.27757078409194946, 0.5219869613647461]
[0.4950651228427887, 0.6005449891090393, 0.4329058825969696, 0.27872440218925476, 0.5216822028160095]
[0.5396221876144409, 0.5523498058319092, 0.4434317648410797, 0.2934201955795288, 0.5457862615585327]
[0.37377190589904785, 0.5644818544387817, 0.4947831630706787, 0.33440127968788147, 0.44308871030807495]
[0.5556905269622803, 0.5637567639350891, 0.43063271045684814, 0.26888659596443176, 0.543332040309906]
[0.4526338577270508, 0.5237765312194824, 0.47847115993499756, 0.3416455090045929, 0.5010825395584106]
[0.48057055473327637, 0.57651287317276, 0.4390086829662323, 0.2941281199455261, 0.5065724849700928]
[0.5203461647033691, 0.5783154368400574, 0.42207953333854675, 0.2909437417984009, 0.5251195430755615]
[0.5273939371109009, 0.5349739789962769, 0.45814698934555054, 0.3130834102630615, 0.5365833044052124]
[0.5629432797431946, 0.5837855935096741, 0.40446221828460693, 0.2599140405654907, 0.5683416724205017]
[0.49362778663635254, 0.5686898231506348, 0.448426216840744, 0.3163256049156189, 0.5258322358131409]
[0.47597384452819824, 0.5676358342170715, 0.4419329762458801, 0.29239654541015625, 0.5194024443626404]
[0.5314624309539795, 0.5905582904815674, 0.4107275903224945, 0.2563171982765198, 0.53498375415802]
[0.5203054547309875, 0.5638725757598877, 0.43951740860939026, 0.2998107671737671, 0.5394055247306824]
[0.6282061338424683, 0.536335825920105, 0.42910680174827576, 0.3097325265407562, 0.6068108081817627]
[0.4569743275642395, 0.5603484511375427, 0.45866718888282776, 0.3313799202442169, 0.4841143786907196]
[0.40856418013572693, 0.5197608470916748, 0.48468801379203796, 0.35170623660087585, 0.45170432329177856]
[0.4896153509616852, 0.5534306168556213, 0.4430316686630249, 0.3083806335926056, 0.5127384662628174]
[0.4493846893310547, 0.5522208213806152, 0.46536704897880554, 0.3322993814945221, 0.5001776814460754]
[0.4906781315803528, 0.5783492922782898, 0.4262095093727112, 0.28757670521736145, 0.5329889059066772]
[0.5195798873901367, 0.5706908106803894, 0.4227200150489807, 0.2934266924858093, 0.5428047776222229]
[0.5000040531158447, 0.5812486410140991, 0.4252132177352905, 0.28924399614334106, 0.5113700032234192]
[0.5509173274040222, 0.5845791697502136, 0.3955498933792114, 0.2668468654155731, 0.550653338432312]
[0.5161662697792053, 0.5923447012901306, 0.41079825162887573, 0.269746869802475, 0.5342565774917603]
[0.47259971499443054, 0.5616846680641174, 0.45841121673583984, 0.3140523135662079, 0.5138797163963318]
[0.4226231873035431, 0.546079158782959, 0.5278142094612122, 0.38538554310798645, 0.4648216664791107]
[0.4413440525531769, 0.5645490884780884, 0.4584388732910156, 0.3346942365169525, 0.466082364320755]
[0.365306556224823, 0.54314124584198, 0.5292640924453735, 0.530716598033905, 0.466565877199173]
[0.47875213623046875, 0.545624852180481, 0.44782358407974243, 0.282280296087265, 0.5137456059455872]
[0.470386803150177, 0.5412448644638062, 0.4700234532356262, 0.32419323921203613, 0.4808458685874939]
[0.5363298654556274, 0.563692033290863, 0.4164196848869324, 0.2744638919830322, 0.5606421828269958]
[0.45652735233306885, 0.5642130374908447, 0.4740101099014282, 0.3128102123737335, 0.4961432218551636]
[0.4566957652568817, 0.5492256879806519, 0.4569796025753021, 0.33424925804138184, 0.5061051845550537]
[0.5634029507637024, 0.5783467292785645, 0.39400532841682434, 0.27352380752563477, 0.574043333530426]
[0.47735780477523804, 0.5549836158752441, 0.44462111592292786, 0.3164364993572235, 0.4981640875339508]
[0.43646466732025146, 0.5558664798736572, 0.4597892165184021, 0.3703565299510956, 0.47939297556877136]
[0.5882648825645447, 0.5848264694213867, 0.3874976933002472, 0.26113811135292053, 0.5697052478790283]
