1
别用正在充电的手机接听电话，关爱自己，切记！！！！！【转】（
[0.548742413520813, 0.5836227536201477, 0.40534302592277527, 0.2557496130466461, 0.5551440119743347]
[0.354827344417572, 0.5223314762115479, 0.4826866686344147, 0.35413092374801636, 0.4388739764690399]
[0.38128283619880676, 0.5690225958824158, 0.439844012260437, 0.2889440059661865, 0.453940212726593]
[0.437174528837204, 0.5576170682907104, 0.45838937163352966, 0.3288872539997101, 0.48681125044822693]
[0.5531229376792908, 0.5735966563224792, 0.41050687432289124, 0.2741905748844147, 0.5325888395309448]
[0.5090932846069336, 0.5814112424850464, 0.4486531615257263, 0.29032832384109497, 0.5222540497779846]
[0.5562837719917297, 0.5755518078804016, 0.4039939045906067, 0.260302871465683, 0.5551753640174866]
[0.48891523480415344, 0.5986390709877014, 0.4251663088798523, 0.2733253836631775, 0.5165185332298279]
[0.5074410438537598, 0.5427542924880981, 0.4746541380882263, 0.30695459246635437, 0.5237848162651062]
[0.4456518292427063, 0.5538647174835205, 0.4508793354034424, 0.3136993646621704, 0.4948851466178894]
[0.47159165143966675, 0.5814562439918518, 0.4314822256565094, 0.3037547171115875, 0.4885098934173584]
[0.4330121874809265, 0.5786426663398743, 0.4466964900493622, 0.2950664460659027, 0.49187907576560974]
[0.5854254961013794, 0.592943549156189, 0.39255064725875854, 0.23464220762252808, 0.5787299871444702]
[0.5056399703025818, 0.5712970495223999, 0.425638347864151, 0.2811429798603058, 0.5285833477973938]
[0.5112226605415344, 0.5835253596305847, 0.42492595314979553, 0.2605832815170288, 0.5462679266929626]
[0.5106170177459717, 0.5718124508857727, 0.4646762013435364, 0.3011349141597748, 0.5462328791618347]
[0.48716187477111816, 0.585250973701477, 0.4232970178127289, 0.2700643539428711, 0.49718955159187317]
[0.46842190623283386, 0.5804670453071594, 0.43650028109550476, 0.30999377369880676, 0.4927496314048767]
