1
转【顶贴，让丫火起来！】北京朝阳门一辆MINI，没驾驶证，多次违章、闯红灯、超速，差点把一位过马路老奶奶撞倒。交警拦下后该女子叫嚣老公是有钱有权有势的XX领导！你知道我男人是谁吗？说出来吓死你们！爆料：京M87187女车主的老公为北京市法院副院长赵航！
[0.4475744068622589, 0.49623239040374756, 0.5514237880706787, 0.44280463457107544, 0.5283116102218628]
[0.5634510517120361, 0.576485812664032, 0.4028920829296112, 0.27710384130477905, 0.5550682544708252]
[0.5376664996147156, 0.5818344950675964, 0.40923240780830383, 0.2849736213684082, 0.5599235892295837]
[0.4751230478286743, 0.5903809666633606, 0.4345051646232605, 0.28113582730293274, 0.5022387504577637]
[0.4547845423221588, 0.5607252717018127, 0.43987905979156494, 0.3294132649898529, 0.4831903576850891]
[0.5064446330070496, 0.5889101028442383, 0.419043630361557, 0.26481565833091736, 0.5276729464530945]
[0.5164210796356201, 0.5597925782203674, 0.4245220422744751, 0.2717552185058594, 0.49491438269615173]
[0.4593455493450165, 0.5561710596084595, 0.4355345368385315, 0.3130017817020416, 0.48296114802360535]
[0.34750816226005554, 0.5560660362243652, 0.45347926020622253, 0.2995207607746124, 0.4459770917892456]
[0.4243395924568176, 0.5168802738189697, 0.48213085532188416, 0.31662237644195557, 0.4695015251636505]
[0.4466744661331177, 0.5629993677139282, 0.43119868636131287, 0.2900967001914978, 0.4997512102127075]
[0.4770899713039398, 0.5754257440567017, 0.4357369840145111, 0.2885863780975342, 0.5056637525558472]
[0.4745011031627655, 0.5943877100944519, 0.443830281496048, 0.2917470335960388, 0.49984753131866455]
[0.42441490292549133, 0.5676126480102539, 0.4618966281414032, 0.3119684159755707, 0.45158058404922485]
[0.3664727509021759, 0.554492712020874, 0.4789113998413086, 0.287409245967865, 0.4113079607486725]
[0.5243953466415405, 0.5685281753540039, 0.420064777135849, 0.29561927914619446, 0.5245071649551392]
[0.4686402976512909, 0.5732307434082031, 0.45481762290000916, 0.3210467994213104, 0.5302107930183411]
[0.49430832266807556, 0.557075023651123, 0.43328753113746643, 0.31014683842658997, 0.5027555227279663]
[0.4933103322982788, 0.5720505714416504, 0.4385797083377838, 0.30037885904312134, 0.5308706760406494]
[0.45752012729644775, 0.5556796789169312, 0.46609142422676086, 0.32892563939094543, 0.49158498644828796]
[0.49147722125053406, 0.5667471885681152, 0.43205153942108154, 0.30409613251686096, 0.5419235229492188]
[0.5896202325820923, 0.6009964942932129, 0.3933485150337219, 0.243545264005661, 0.5743495225906372]
[0.597577691078186, 0.5901740193367004, 0.4038197696208954, 0.25312507152557373, 0.5729352831840515]
[0.43613311648368835, 0.5558813214302063, 0.47574272751808167, 0.34962910413742065, 0.4847654402256012]
[0.5121511220932007, 0.60237056016922, 0.4230426251888275, 0.27097228169441223, 0.5119544267654419]
[0.5703381896018982, 0.5967199802398682, 0.40342387557029724, 0.24365559220314026, 0.5887026786804199]
[0.5171595215797424, 0.5517634749412537, 0.45336994528770447, 0.32607781887054443, 0.5280986428260803]
[0.5559781789779663, 0.6035416722297668, 0.4103216230869293, 0.21856637299060822, 0.5783398747444153]
[0.47503069043159485, 0.5417435765266418, 0.47429901361465454, 0.34963664412498474, 0.48478156328201294]
[0.5188766121864319, 0.5413872599601746, 0.461663156747818, 0.30649304389953613, 0.5164800882339478]
[0.5590767860412598, 0.5875763893127441, 0.4159550070762634, 0.2586914896965027, 0.5630000233650208]
[0.5442086458206177, 0.5838913321495056, 0.4341636896133423, 0.2884214520454407, 0.5527026057243347]
[0.46309325098991394, 0.5874428153038025, 0.43864911794662476, 0.2807779312133789, 0.5027848482131958]
[0.4072195291519165, 0.5161029696464539, 0.5133689641952515, 0.41256004571914673, 0.43713462352752686]
[0.5774304270744324, 0.6065936088562012, 0.41549786925315857, 0.2480234056711197, 0.5604559779167175]
[0.46226733922958374, 0.5879988670349121, 0.43538832664489746, 0.27348455786705017, 0.506307065486908]
[0.45661452412605286, 0.5762133002281189, 0.43181276321411133, 0.2804068624973297, 0.49216100573539734]
[0.48945415019989014, 0.529181182384491, 0.5104712843894958, 0.3821556270122528, 0.5042485594749451]
[0.4956178665161133, 0.5798213481903076, 0.41505712270736694, 0.29313620924949646, 0.5056296586990356]
[0.417434424161911, 0.5476505756378174, 0.4657996892929077, 0.3318009674549103, 0.4695027768611908]
[0.46634727716445923, 0.5471274852752686, 0.4760650396347046, 0.38314831256866455, 0.4903547763824463]
[0.38937345147132874, 0.5430043935775757, 0.46144962310791016, 0.3260830044746399, 0.43011268973350525]
[0.44183793663978577, 0.5630263090133667, 0.43576061725616455, 0.2911537289619446, 0.4741436243057251]
[0.45706993341445923, 0.5781415104866028, 0.4537397623062134, 0.29366442561149597, 0.4815216064453125]
[0.4598758816719055, 0.581083357334137, 0.42160147428512573, 0.28882262110710144, 0.49149414896965027]
[0.5165916085243225, 0.5615524053573608, 0.45344120264053345, 0.28007128834724426, 0.5239412784576416]
[0.44501030445098877, 0.5367448329925537, 0.4428895115852356, 0.30729252099990845, 0.488556444644928]
[0.33674192428588867, 0.5128675103187561, 0.5211435556411743, 0.36996743083000183, 0.40392789244651794]
[0.45290490984916687, 0.5429584980010986, 0.4579276442527771, 0.3392195701599121, 0.47652482986450195]
[0.4377157986164093, 0.5447802543640137, 0.4459964334964752, 0.319664865732193, 0.500830352306366]
[0.5013049840927124, 0.5589302778244019, 0.44501742720603943, 0.2997467517852783, 0.5085375308990479]
[0.48725661635398865, 0.5939903259277344, 0.4395016133785248, 0.2847200632095337, 0.5046349763870239]
[0.5115578770637512, 0.5756731033325195, 0.4167565703392029, 0.2858865559101105, 0.5351549386978149]
[0.3268236219882965, 0.5389528274536133, 0.5219038724899292, 0.50946444272995, 0.47896814346313477]
[0.5182761549949646, 0.5628567934036255, 0.44018301367759705, 0.30715879797935486, 0.5190734267234802]
[0.5357370972633362, 0.5859594345092773, 0.4238845705986023, 0.2560187578201294, 0.5683467984199524]
[0.4946087598800659, 0.5410500168800354, 0.4966008961200714, 0.400143027305603, 0.5223603844642639]
[0.5304144620895386, 0.5666747689247131, 0.39806652069091797, 0.243022158741951, 0.5520344376564026]
[0.5123078227043152, 0.5793240666389465, 0.4485815763473511, 0.27440014481544495, 0.5297420024871826]
[0.46309325098991394, 0.5874428153038025, 0.43864911794662476, 0.2807779312133789, 0.5027848482131958]
[0.47615817189216614, 0.5789718627929688, 0.46307963132858276, 0.3062848448753357, 0.5259249210357666]
[0.49292826652526855, 0.5511618256568909, 0.44998055696487427, 0.3028818666934967, 0.5078542232513428]
[0.5091578960418701, 0.5649673342704773, 0.4311622381210327, 0.2970067262649536, 0.5301058292388916]
[0.47986531257629395, 0.5781831741333008, 0.43983426690101624, 0.2989746630191803, 0.49183061718940735]
[0.44334253668785095, 0.5485691428184509, 0.4809446632862091, 0.32787325978279114, 0.4658978283405304]
[0.4320048391819, 0.5759859681129456, 0.44140103459358215, 0.2776584327220917, 0.5068966746330261]
[0.5091208815574646, 0.5543420314788818, 0.4468115568161011, 0.3246711492538452, 0.5129586458206177]
[0.4737561047077179, 0.5664004683494568, 0.4226537346839905, 0.297363817691803, 0.49489039182662964]
[0.411275714635849, 0.5353832244873047, 0.49352410435676575, 0.36541759967803955, 0.464278906583786]
[0.48793262243270874, 0.5542541742324829, 0.45595523715019226, 0.32204651832580566, 0.5196224451065063]
[0.4741050601005554, 0.557094395160675, 0.4477784335613251, 0.2960028350353241, 0.5151707530021667]
[0.5753989815711975, 0.5500929355621338, 0.40398868918418884, 0.2568832337856293, 0.5815818309783936]
[0.4980997145175934, 0.602588951587677, 0.43790435791015625, 0.2876602113246918, 0.5151460766792297]
[0.48106899857521057, 0.582095742225647, 0.42413267493247986, 0.2816146910190582, 0.5060140490531921]
[0.5038126111030579, 0.5398259162902832, 0.4583701491355896, 0.34200015664100647, 0.5250187516212463]
[0.5132670402526855, 0.5934965014457703, 0.4420536458492279, 0.27757078409194946, 0.5219869613647461]
[0.518521249294281, 0.5650902986526489, 0.4555753767490387, 0.3322724401950836, 0.5368067622184753]
[0.5498805046081543, 0.5756574273109436, 0.4391270577907562, 0.2582230567932129, 0.5436553359031677]
[0.4704713821411133, 0.5353165864944458, 0.4472143054008484, 0.33943280577659607, 0.4876493215560913]
[0.5203461647033691, 0.5783154368400574, 0.42207953333854675, 0.2909437417984009, 0.5251195430755615]
[0.4189586639404297, 0.5354630351066589, 0.44542115926742554, 0.28925272822380066, 0.44327056407928467]
[0.4189586639404297, 0.5354630351066589, 0.44542115926742554, 0.28925272822380066, 0.44327056407928467]
[0.4290383756160736, 0.5868959426879883, 0.44638684391975403, 0.2868163585662842, 0.4898380637168884]
[0.4924071133136749, 0.5440880656242371, 0.4703260660171509, 0.3306007981300354, 0.5410287976264954]
