1
【抓人贩子！】公安部A级通缉令缉拿10名拐卖儿童妇女逃犯(左起)：余昌海、王细灵、陈莲香、陈小东、安金良。下排左起：赵超超、熊建桥、刘秀清、彭家宝、化明。现在逃。对发现线索的举报人、缉捕有功的单位或个人，每抓获一名将给予人民币5万元奖励。请大家帮忙转发出去！！！
[0.531283438205719, 0.5266043543815613, 0.4888578951358795, 0.3863479793071747, 0.5516674518585205]
[0.5173487663269043, 0.5706864595413208, 0.4136275351047516, 0.28773829340934753, 0.5499393939971924]
[0.44399288296699524, 0.5816325545310974, 0.4424910545349121, 0.308303564786911, 0.49348074197769165]
[0.34744858741760254, 0.5429310202598572, 0.4532841145992279, 0.3027432858943939, 0.42800265550613403]
[0.3398396968841553, 0.5476844906806946, 0.45029187202453613, 0.32170358300209045, 0.4453848600387573]
[0.47560474276542664, 0.585627019405365, 0.44582313299179077, 0.2681199908256531, 0.5330360531806946]
[0.5404128432273865, 0.5823633670806885, 0.4184034764766693, 0.2794688045978546, 0.539771318435669]
[0.5173487663269043, 0.5706864595413208, 0.4136275351047516, 0.28773829340934753, 0.5499393939971924]
[0.4551995098590851, 0.5922648310661316, 0.4540148973464966, 0.29140207171440125, 0.4736001789569855]
[0.5066089630126953, 0.5727876424789429, 0.4213404953479767, 0.29914116859436035, 0.5397083163261414]
[0.5201930403709412, 0.5781200528144836, 0.4210655987262726, 0.2729867398738861, 0.5487545728683472]
[0.46228912472724915, 0.5666425824165344, 0.4207584857940674, 0.26051053404808044, 0.5089671015739441]
[0.5070725679397583, 0.5795678496360779, 0.4309682846069336, 0.25872695446014404, 0.538472592830658]
[0.5070725679397583, 0.5795678496360779, 0.4309682846069336, 0.25872695446014404, 0.538472592830658]
[0.4551995098590851, 0.5922648310661316, 0.4540148973464966, 0.29140207171440125, 0.4736001789569855]
[0.5096237659454346, 0.5661660432815552, 0.43453168869018555, 0.3090175688266754, 0.513035237789154]
[0.563944935798645, 0.5909736156463623, 0.3955481946468353, 0.25595811009407043, 0.554882824420929]
[0.47702717781066895, 0.5497140884399414, 0.4382520914077759, 0.3043217360973358, 0.523615837097168]
[0.4935566782951355, 0.5911229252815247, 0.43142908811569214, 0.285776823759079, 0.5159080624580383]
[0.33104246854782104, 0.5482609272003174, 0.4548468589782715, 0.3064330220222473, 0.44686195254325867]
[0.4551995098590851, 0.5922648310661316, 0.4540148973464966, 0.29140207171440125, 0.4736001789569855]
[0.5493749380111694, 0.5628910660743713, 0.39151743054389954, 0.2597154676914215, 0.5733679533004761]
[0.5025349259376526, 0.5496820211410522, 0.42068353295326233, 0.28153446316719055, 0.5173512697219849]
[0.44538405537605286, 0.5627009272575378, 0.45764803886413574, 0.29033800959587097, 0.4789237380027771]
[0.48720964789390564, 0.5155292749404907, 0.5007839202880859, 0.42064666748046875, 0.5041030645370483]
[0.473603755235672, 0.5715874433517456, 0.41860491037368774, 0.2890259027481079, 0.5000831484794617]
[0.5009242296218872, 0.5638131499290466, 0.4228048026561737, 0.30470308661460876, 0.5293523073196411]
[0.500848114490509, 0.5716917514801025, 0.45558369159698486, 0.29567259550094604, 0.5354800820350647]
[0.5068889856338501, 0.5870459079742432, 0.4379504919052124, 0.28662583231925964, 0.5270571112632751]
[0.5272266864776611, 0.5797735452651978, 0.4392784833908081, 0.27935874462127686, 0.5579851865768433]
[0.5325873494148254, 0.5880876183509827, 0.42129048705101013, 0.2533036768436432, 0.5475322008132935]
[0.5968958735466003, 0.5387057065963745, 0.40270036458969116, 0.28261998295783997, 0.5923659205436707]
[0.459835410118103, 0.5720179080963135, 0.4460042119026184, 0.2633120119571686, 0.49174216389656067]
[0.5251824259757996, 0.582587718963623, 0.43673089146614075, 0.2925310730934143, 0.5100972652435303]
[0.3525565266609192, 0.5549966096878052, 0.4557444751262665, 0.29298844933509827, 0.43208077549934387]
[0.5082901120185852, 0.5548701286315918, 0.4354456663131714, 0.31457003951072693, 0.526585578918457]
[0.4911750555038452, 0.5762920379638672, 0.4469292461872101, 0.3033355176448822, 0.48047900199890137]
[0.46050354838371277, 0.5831215977668762, 0.43322157859802246, 0.2884511947631836, 0.5093989968299866]
[0.5587354302406311, 0.5822094678878784, 0.4114382863044739, 0.24210140109062195, 0.5696989297866821]
[0.4733608663082123, 0.5588110685348511, 0.4665226936340332, 0.30537664890289307, 0.5020391941070557]
[0.44538405537605286, 0.5627009272575378, 0.45764803886413574, 0.29033800959587097, 0.4789237380027771]
[0.5325873494148254, 0.5880876183509827, 0.42129048705101013, 0.2533036768436432, 0.5475322008132935]
[0.545479953289032, 0.5634803175926208, 0.4156287610530853, 0.289279043674469, 0.5298113226890564]
[0.5076683163642883, 0.5813682079315186, 0.4229680299758911, 0.2698361873626709, 0.5229488015174866]
[0.49141353368759155, 0.5696133375167847, 0.4741877615451813, 0.29786282777786255, 0.518665611743927]
[0.468434602022171, 0.5375878214836121, 0.48515504598617554, 0.36303189396858215, 0.47405150532722473]
[0.4328209161758423, 0.5847628712654114, 0.4398055374622345, 0.30403581261634827, 0.4869525134563446]
[0.5566813349723816, 0.5832299590110779, 0.4091879427433014, 0.24903853237628937, 0.5672604441642761]
[0.5346328020095825, 0.5888404250144958, 0.4016622006893158, 0.2667278051376343, 0.5558882355690002]
[0.5142374634742737, 0.5641351342201233, 0.4114328920841217, 0.29984620213508606, 0.5416291356086731]
[0.5212425589561462, 0.5812553763389587, 0.44236814975738525, 0.27114155888557434, 0.5537505149841309]
[0.4551995098590851, 0.5922648310661316, 0.4540148973464966, 0.29140207171440125, 0.4736001789569855]
[0.45735058188438416, 0.53342205286026, 0.4941129982471466, 0.36080288887023926, 0.48619088530540466]
[0.5381563305854797, 0.5917387008666992, 0.4286445379257202, 0.26943960785865784, 0.5519766807556152]
[0.3978816866874695, 0.5683643817901611, 0.4505457282066345, 0.2896011471748352, 0.4818468689918518]
[0.4089055061340332, 0.5784577131271362, 0.45308005809783936, 0.2784103751182556, 0.48602575063705444]
[0.48859578371047974, 0.5869032144546509, 0.43202176690101624, 0.2928864061832428, 0.5244095921516418]
[0.6213006377220154, 0.5887928009033203, 0.3743557929992676, 0.22075854241847992, 0.6083024144172668]
[0.48995959758758545, 0.5882102251052856, 0.4360218942165375, 0.2700733244419098, 0.536587119102478]
[0.5229999423027039, 0.5473446249961853, 0.42689603567123413, 0.2702674865722656, 0.5473385453224182]
[0.500848114490509, 0.5716917514801025, 0.45558369159698486, 0.29567259550094604, 0.5354800820350647]
[0.5492490530014038, 0.5621343851089478, 0.3849908113479614, 0.25210994482040405, 0.5479186773300171]
[0.45320016145706177, 0.5730516910552979, 0.42979755997657776, 0.28666236996650696, 0.5045585632324219]
[0.5168607234954834, 0.5803845524787903, 0.4368702471256256, 0.25243595242500305, 0.5531020760536194]
[0.40793249011039734, 0.5552268624305725, 0.45872387290000916, 0.3060329556465149, 0.47153183817863464]
[0.5514923334121704, 0.5461723804473877, 0.4166218638420105, 0.32358449697494507, 0.5514934659004211]
[0.5768586993217468, 0.5464792847633362, 0.39131131768226624, 0.27436354756355286, 0.5786154270172119]
[0.4637405276298523, 0.5658451914787292, 0.4661601483821869, 0.3208196759223938, 0.5242096185684204]
[0.5283012390136719, 0.5914251804351807, 0.4320566654205322, 0.27345696091651917, 0.5506661534309387]
[0.5311431288719177, 0.5917567610740662, 0.406473845243454, 0.26846766471862793, 0.5596047043800354]
[0.4982542097568512, 0.5693232417106628, 0.4312745928764343, 0.32030704617500305, 0.49588003754615784]
[0.5150696039199829, 0.5838263034820557, 0.45215386152267456, 0.31890547275543213, 0.539824366569519]
[0.5038849711418152, 0.5743765830993652, 0.4530867636203766, 0.285427987575531, 0.5156270265579224]
[0.4763275980949402, 0.5326603055000305, 0.47295618057250977, 0.4047221541404724, 0.5215786695480347]
[0.5050961375236511, 0.5642812848091125, 0.42558953166007996, 0.27702632546424866, 0.5090861320495605]
[0.4536662697792053, 0.5803783535957336, 0.42550405859947205, 0.28379490971565247, 0.49296846985816956]
[0.500994086265564, 0.5742422342300415, 0.4491831362247467, 0.2924157381057739, 0.5312075018882751]
[0.4446076452732086, 0.5792165994644165, 0.4425930678844452, 0.29505443572998047, 0.4813304543495178]
[0.5169016718864441, 0.5993424654006958, 0.4322763681411743, 0.2946062684059143, 0.5579461455345154]
[0.5234993100166321, 0.5867257118225098, 0.4265076518058777, 0.28786957263946533, 0.5538044571876526]
[0.5328930020332336, 0.5855846405029297, 0.4420679807662964, 0.27708593010902405, 0.5508436560630798]
[0.3098928928375244, 0.5511468052864075, 0.4705789387226105, 0.32566845417022705, 0.4360714852809906]
[0.5124577283859253, 0.5795897245407104, 0.4160041809082031, 0.27681005001068115, 0.5343393683433533]
[0.36980804800987244, 0.5156272053718567, 0.484321266412735, 0.35843098163604736, 0.4424266815185547]
[0.42238450050354004, 0.5729814171791077, 0.44463327527046204, 0.28731054067611694, 0.4580375552177429]
[0.5272266864776611, 0.5797735452651978, 0.4392784833908081, 0.27935874462127686, 0.5579851865768433]
[0.4397829473018646, 0.557152271270752, 0.45513492822647095, 0.32592540979385376, 0.5014994144439697]
[0.49421653151512146, 0.5891072154045105, 0.4394283592700958, 0.271999329328537, 0.5394225716590881]
[0.4818236827850342, 0.5802104473114014, 0.44523072242736816, 0.3248864710330963, 0.5040439963340759]
[0.4089055061340332, 0.5784577131271362, 0.45308005809783936, 0.2784103751182556, 0.48602575063705444]
[0.4770682156085968, 0.5372495651245117, 0.44574174284935, 0.3293723165988922, 0.5154387950897217]
[0.4486984610557556, 0.5632063150405884, 0.4435417652130127, 0.3233558237552643, 0.48937585949897766]
[0.4793771803379059, 0.5819854736328125, 0.44936805963516235, 0.3045578896999359, 0.5056263208389282]
[0.4793771803379059, 0.5819854736328125, 0.44936805963516235, 0.3045578896999359, 0.5056263208389282]
[0.46721261739730835, 0.5913695096969604, 0.439655601978302, 0.2853555977344513, 0.5067744851112366]
[0.4974339008331299, 0.5827049016952515, 0.42923101782798767, 0.28162306547164917, 0.5258266925811768]
[0.5325873494148254, 0.5880876183509827, 0.42129048705101013, 0.2533036768436432, 0.5475322008132935]
[0.48439744114875793, 0.5627086162567139, 0.4395431876182556, 0.3059394359588623, 0.5059478282928467]
[0.5404128432273865, 0.5823633670806885, 0.4184034764766693, 0.2794688045978546, 0.539771318435669]
[0.47927069664001465, 0.524825394153595, 0.48021626472473145, 0.4122403860092163, 0.46157222986221313]
[0.5411283373832703, 0.5456371307373047, 0.42745593190193176, 0.2852807343006134, 0.5501888990402222]
