1
中国红十字会——你们凭什么购买这么多路虎？一种无耻可以肆无忌惮！一种诈骗可以正大光明！一种抢劫可以毫无顾忌！一种挥霍可以明目张胆！一种贪污可以合情合理！一种发言可以掩盖真相！——最后，一种法律对它视而不见！一个国家的慈善机构，贪婪到连慈善捐款都不放过，你们到底是什么人——？？？
[0.47094103693962097, 0.5367223024368286, 0.4661376178264618, 0.30916300415992737, 0.5328093767166138]
[0.48791810870170593, 0.5425769686698914, 0.46759065985679626, 0.3738466203212738, 0.5359252095222473]
[0.5536933541297913, 0.586437463760376, 0.4143221378326416, 0.2783183753490448, 0.5496890544891357]
[0.5522453784942627, 0.5838704705238342, 0.4247962236404419, 0.26821261644363403, 0.539992094039917]
[0.48826366662979126, 0.5578681230545044, 0.4419192671775818, 0.3002776801586151, 0.5135853886604309]
[0.5311017036437988, 0.5926706194877625, 0.4177016019821167, 0.26298952102661133, 0.5479559302330017]
[0.5328194499015808, 0.5550611615180969, 0.42876511812210083, 0.29998278617858887, 0.5216802954673767]
[0.5271063446998596, 0.6012611389160156, 0.42654192447662354, 0.26165875792503357, 0.5398086309432983]
[0.3807080388069153, 0.5127597451210022, 0.5468704104423523, 0.5596317648887634, 0.4672705829143524]
[0.47411835193634033, 0.5608463287353516, 0.43894726037979126, 0.2946360409259796, 0.518211841583252]
[0.48680612444877625, 0.5347144603729248, 0.4721214175224304, 0.3657800555229187, 0.5179585218429565]
[0.4669235348701477, 0.5617988109588623, 0.4415121078491211, 0.29028257727622986, 0.4838034510612488]
[0.47094103693962097, 0.5367223024368286, 0.4661376178264618, 0.30916300415992737, 0.5328093767166138]
[0.526810884475708, 0.5267281532287598, 0.44601675868034363, 0.3626013398170471, 0.49967673420906067]
[0.3072885572910309, 0.5462142825126648, 0.45011675357818604, 0.3187411427497864, 0.437751442193985]
[0.5704545974731445, 0.5889748334884644, 0.4140762686729431, 0.24595800042152405, 0.5753574967384338]
[0.5085487365722656, 0.5874825716018677, 0.4245782494544983, 0.29952186346054077, 0.5417468547821045]
[0.5621121525764465, 0.5685102939605713, 0.4384259879589081, 0.29686832427978516, 0.5608178377151489]
[0.5124772191047668, 0.5324748754501343, 0.434014230966568, 0.333984911441803, 0.5113733410835266]
[0.46661871671676636, 0.5836977958679199, 0.436079204082489, 0.27481111884117126, 0.4732847213745117]
[0.5585161447525024, 0.553740918636322, 0.4027995467185974, 0.3067895174026489, 0.567142903804779]
[0.4490109384059906, 0.563457727432251, 0.4325021803379059, 0.2930613160133362, 0.48191356658935547]
[0.5774304270744324, 0.6065936088562012, 0.41549786925315857, 0.2480234056711197, 0.5604559779167175]
[0.5189769864082336, 0.5762600302696228, 0.4578416645526886, 0.2894946336746216, 0.5215743184089661]
[0.5166869163513184, 0.587832510471344, 0.4178979694843292, 0.2645699083805084, 0.5179214477539062]
