1
【我们都是受害者！】羊城晚报爆出一条新闻，“中国电力违法收费27.4亿，这一数字还仅仅是专项检查核实的数字”。那么这高额的违法收入是如何获取的呢？电表生产企业道出实情：一些电力公司为获取不正当的利益，私下要求企业在生产电表过程中将电表调快，而且是越快越好。否则拒绝购买该厂家电表.
[0.475020170211792, 0.5133113265037537, 0.5219224095344543, 0.41679152846336365, 0.5001611709594727]
[0.4706539213657379, 0.5702946186065674, 0.4572886824607849, 0.3291510045528412, 0.49902936816215515]
[0.4576306641101837, 0.5636800527572632, 0.44380661845207214, 0.29793161153793335, 0.49446678161621094]
[0.47688791155815125, 0.551399290561676, 0.43112677335739136, 0.2861282527446747, 0.5146911144256592]
[0.4810228645801544, 0.5958312153816223, 0.43222400546073914, 0.27012068033218384, 0.511214017868042]
[0.5368552803993225, 0.5443857908248901, 0.4123082756996155, 0.24149903655052185, 0.5567204356193542]
[0.5030933022499084, 0.5508974194526672, 0.4505443572998047, 0.3041769862174988, 0.5417681336402893]
[0.44658833742141724, 0.5242985486984253, 0.434613972902298, 0.30219709873199463, 0.4600270390510559]
[0.5381022095680237, 0.5555549263954163, 0.41225919127464294, 0.2564835250377655, 0.5552659630775452]
[0.5501289963722229, 0.5867308974266052, 0.42729124426841736, 0.26508021354675293, 0.5449956059455872]
[0.5045198798179626, 0.5718472003936768, 0.4359509348869324, 0.2915912866592407, 0.5319597721099854]
[0.4788782596588135, 0.5826971530914307, 0.43358442187309265, 0.2817519009113312, 0.5105212926864624]
[0.5354390144348145, 0.5403438210487366, 0.4987342953681946, 0.39454346895217896, 0.5136263966560364]
[0.5270941257476807, 0.5771695971488953, 0.405490905046463, 0.2775055170059204, 0.5454769134521484]
[0.5350158214569092, 0.5471867322921753, 0.45365267992019653, 0.318888396024704, 0.5013881921768188]
[0.4150536060333252, 0.5409834980964661, 0.499269962310791, 0.3861822783946991, 0.5106694102287292]
[0.5235718488693237, 0.5774872303009033, 0.43454739451408386, 0.29335981607437134, 0.512802004814148]
[0.42252570390701294, 0.5620421767234802, 0.44143834710121155, 0.28576743602752686, 0.468731164932251]
[0.45756202936172485, 0.5719537138938904, 0.43919336795806885, 0.30302950739860535, 0.484536737203598]
[0.4856204688549042, 0.5832960605621338, 0.4276166558265686, 0.2970089614391327, 0.5051611065864563]
[0.4571877419948578, 0.5637772083282471, 0.44555404782295227, 0.29449430108070374, 0.5153295397758484]
[0.5119832158088684, 0.5188375115394592, 0.4801243543624878, 0.34109485149383545, 0.5253733992576599]
[0.5456634163856506, 0.528792142868042, 0.4327848553657532, 0.3365550637245178, 0.5333724021911621]
[0.562260091304779, 0.5546149015426636, 0.4141247272491455, 0.27201056480407715, 0.5427494645118713]
[0.45095640420913696, 0.5525022149085999, 0.45690810680389404, 0.28421568870544434, 0.46876657009124756]
[0.49626821279525757, 0.5746883153915405, 0.42003703117370605, 0.2505815327167511, 0.48886600136756897]
[0.5149213075637817, 0.5745115280151367, 0.4294396936893463, 0.2818833291530609, 0.5206738114356995]
[0.4418743848800659, 0.5572676062583923, 0.4447838366031647, 0.31566575169563293, 0.4944079518318176]
[0.4817410111427307, 0.5727177858352661, 0.42840176820755005, 0.31054311990737915, 0.5129825472831726]
[0.5372000336647034, 0.571802020072937, 0.41158849000930786, 0.25642508268356323, 0.5514678359031677]
[0.4679371416568756, 0.5512771010398865, 0.43449923396110535, 0.28186550736427307, 0.5065858960151672]
[0.515026330947876, 0.594116747379303, 0.42144083976745605, 0.2696443498134613, 0.5530027151107788]
[0.5070725679397583, 0.5795678496360779, 0.4309682846069336, 0.25872695446014404, 0.538472592830658]
[0.4299260973930359, 0.5258774757385254, 0.5414167046546936, 0.4377725422382355, 0.5178511142730713]
[0.4492926299571991, 0.5932587385177612, 0.44531723856925964, 0.2746775448322296, 0.5033401250839233]
[0.5149213075637817, 0.5745115280151367, 0.4294396936893463, 0.2818833291530609, 0.5206738114356995]
[0.4462738633155823, 0.5824833512306213, 0.4306223690509796, 0.270920068025589, 0.4974871277809143]
[0.5266455411911011, 0.5558760166168213, 0.44517141580581665, 0.3172139525413513, 0.5102362632751465]
[0.4448363482952118, 0.5384435653686523, 0.4672355651855469, 0.30471232533454895, 0.473842054605484]
[0.4492926299571991, 0.5932587385177612, 0.44531723856925964, 0.2746775448322296, 0.5033401250839233]
[0.43684422969818115, 0.581285834312439, 0.4605584442615509, 0.27337655425071716, 0.4964803159236908]
[0.5286725163459778, 0.5801516175270081, 0.428742378950119, 0.283596396446228, 0.5107074975967407]
[0.5327839851379395, 0.5684612989425659, 0.4286327660083771, 0.2798454463481903, 0.5202795267105103]
[0.543641209602356, 0.5902517437934875, 0.41021209955215454, 0.2597765624523163, 0.563270092010498]
[0.48271939158439636, 0.54304039478302, 0.4221633970737457, 0.2854618728160858, 0.507597804069519]
[0.47125667333602905, 0.5539667010307312, 0.4657105803489685, 0.34178516268730164, 0.4875178635120392]
