1
CCTV今天播出交通新规： 1闯红灯记6分罚100元。2 酒驾记12分5年内不得再考取驾照。3 不系安全带记3分罚100元。4 副驾不系安全带记1分罚50元。5 行驶中拨打手机记3分罚100元。6 行驶中抽烟记1分罚100元。7 有意遮挡号牌记12分，顶额处罚。8 超速驾驶记6分。9 副驾驶有不满14周岁乘坐的记6分罚300元。
[0.5510452389717102, 0.5285842418670654, 0.46408718824386597, 0.3012658655643463, 0.5435053706169128]
[0.43952012062072754, 0.5721630454063416, 0.43128228187561035, 0.26132309436798096, 0.49659866094589233]
[0.5519495010375977, 0.5742112994194031, 0.4113897979259491, 0.2529010772705078, 0.5305972695350647]
[0.529861569404602, 0.5965381264686584, 0.41801172494888306, 0.2693980932235718, 0.5547053813934326]
[0.5233440399169922, 0.5783416032791138, 0.40109115839004517, 0.27635684609413147, 0.5347243547439575]
[0.4285949468612671, 0.5556353330612183, 0.4720103144645691, 0.3012737035751343, 0.5189809203147888]
[0.47297754883766174, 0.5784582495689392, 0.45566990971565247, 0.3317144513130188, 0.4910292327404022]
[0.47425612807273865, 0.5785049200057983, 0.4397018551826477, 0.3021250367164612, 0.4918173551559448]
[0.35568761825561523, 0.5145648121833801, 0.5066379308700562, 0.41631296277046204, 0.42375823855400085]
[0.36836370825767517, 0.520057737827301, 0.504663348197937, 0.3704525828361511, 0.44482842087745667]
[0.416271448135376, 0.5763152837753296, 0.4356174170970917, 0.290353387594223, 0.4663355350494385]
[0.4883323311805725, 0.5388439893722534, 0.4500194489955902, 0.3256493806838989, 0.5098775029182434]
[0.5123070478439331, 0.5834670662879944, 0.43767935037612915, 0.29719024896621704, 0.5194726586341858]
[0.5254665613174438, 0.5561815500259399, 0.42099565267562866, 0.2655472755432129, 0.5327225923538208]
[0.5227184891700745, 0.5784533023834229, 0.42742112278938293, 0.294222891330719, 0.5295946002006531]
[0.5396073460578918, 0.5779703855514526, 0.398825466632843, 0.2625539004802704, 0.5587285757064819]
[0.5338190793991089, 0.5624887943267822, 0.44700121879577637, 0.30067986249923706, 0.49146270751953125]
[0.4827251732349396, 0.5734991431236267, 0.4359648823738098, 0.2983691990375519, 0.508455753326416]
[0.4976610243320465, 0.5720658898353577, 0.4845563769340515, 0.3456733822822571, 0.5142297744750977]
[0.5242977738380432, 0.5865076184272766, 0.4265786111354828, 0.2885076403617859, 0.5249975919723511]
[0.5608955025672913, 0.5411178469657898, 0.4332982301712036, 0.3176093101501465, 0.5345266461372375]
[0.5139967203140259, 0.5827115178108215, 0.4361962676048279, 0.2895612418651581, 0.5232816934585571]
[0.45932266116142273, 0.5471914410591125, 0.48034384846687317, 0.34112292528152466, 0.502397358417511]
[0.518970251083374, 0.5874257683753967, 0.4161071181297302, 0.27027130126953125, 0.5472483038902283]
[0.49143242835998535, 0.5696369409561157, 0.4214218854904175, 0.3032814562320709, 0.495490700006485]
[0.47479185461997986, 0.5467909574508667, 0.47718191146850586, 0.36850467324256897, 0.5198794603347778]
[0.43708544969558716, 0.5615367293357849, 0.4633195996284485, 0.3409961760044098, 0.45560890436172485]
[0.5339677929878235, 0.5750200748443604, 0.4463374614715576, 0.29222962260246277, 0.5480448603630066]
[0.48742446303367615, 0.557290256023407, 0.4481753408908844, 0.33271682262420654, 0.4901345670223236]
[0.4532640278339386, 0.5653570890426636, 0.47587379813194275, 0.33225172758102417, 0.4576690196990967]
[0.4882490634918213, 0.5554777383804321, 0.44724729657173157, 0.3129640519618988, 0.5259212851524353]
[0.3536585867404938, 0.561711847782135, 0.4298149049282074, 0.27608194947242737, 0.44226711988449097]
[0.527654767036438, 0.5927730798721313, 0.4200781583786011, 0.2674620449542999, 0.5398604869842529]
[0.48853421211242676, 0.563843846321106, 0.4258492588996887, 0.28572624921798706, 0.5149558782577515]
[0.4372141659259796, 0.5687118172645569, 0.4436055123806, 0.3027395009994507, 0.4697531759738922]
[0.40314027667045593, 0.530368447303772, 0.5499268770217896, 0.581868588924408, 0.46724310517311096]
[0.5577255487442017, 0.5323252081871033, 0.46673980355262756, 0.3777618110179901, 0.519704282283783]
[0.29854029417037964, 0.5235781669616699, 0.4758179783821106, 0.37105828523635864, 0.42557093501091003]
[0.6217067241668701, 0.5897952318191528, 0.3784712851047516, 0.22169186174869537, 0.6077483296394348]
[0.5388399958610535, 0.5951144099235535, 0.42488157749176025, 0.2587372362613678, 0.5624582171440125]
[0.4712640643119812, 0.5232142806053162, 0.4677151143550873, 0.3549101948738098, 0.5177692174911499]
