1
好心人帮忙转发下！昨日福建省泉州市警察局抓到几个拐卖小孩犯罪团伙，现场获救了一名5岁的小孩。因他还小，说不清楚自己家的详细地址，他是云南昭通市人！福建省泉州市公安局、也许你简简单单的转发，就能帮他找到他的家人。让他们一家团圆！请看到的每一个朋友都能帮忙转一下！就是这位小男孩
[0.5539664626121521, 0.5632174015045166, 0.4504725933074951, 0.27063027024269104, 0.5402588844299316]
[0.503074049949646, 0.5649002194404602, 0.43046361207962036, 0.2786787450313568, 0.49977627396583557]
[0.5013099312782288, 0.5804131031036377, 0.4103657007217407, 0.2577294111251831, 0.49768298864364624]
[0.5202724933624268, 0.5823451280593872, 0.41196513175964355, 0.2557675838470459, 0.5223912596702576]
[0.5202724933624268, 0.5823451280593872, 0.41196513175964355, 0.2557675838470459, 0.5223912596702576]
[0.5202724933624268, 0.5823451280593872, 0.41196513175964355, 0.2557675838470459, 0.5223912596702576]
[0.528118908405304, 0.5852379202842712, 0.43063226342201233, 0.2623966634273529, 0.5555712580680847]
[0.5202724933624268, 0.5823451280593872, 0.41196513175964355, 0.2557675838470459, 0.5223912596702576]
[0.5202724933624268, 0.5823451280593872, 0.41196513175964355, 0.2557675838470459, 0.5223912596702576]
[0.5014159679412842, 0.53840571641922, 0.4519514739513397, 0.32793816924095154, 0.48843851685523987]
[0.36357560753822327, 0.5267605185508728, 0.5061586499214172, 0.40573638677597046, 0.45535770058631897]
[0.49769333004951477, 0.544499397277832, 0.3837123215198517, 0.24029196798801422, 0.5322815775871277]
[0.49769333004951477, 0.544499397277832, 0.3837123215198517, 0.24029196798801422, 0.5322815775871277]
[0.49769333004951477, 0.544499397277832, 0.3837123215198517, 0.24029196798801422, 0.5322815775871277]
[0.49769333004951477, 0.544499397277832, 0.3837123215198517, 0.24029196798801422, 0.5322815775871277]
[0.49769333004951477, 0.544499397277832, 0.3837123215198517, 0.24029196798801422, 0.5322815775871277]
[0.48050063848495483, 0.583234429359436, 0.4331950545310974, 0.29657572507858276, 0.541448712348938]
[0.47166481614112854, 0.5759022235870361, 0.44340813159942627, 0.3029998242855072, 0.49477317929267883]
[0.48957985639572144, 0.5859458446502686, 0.4314673840999603, 0.2518801689147949, 0.53775554895401]
