1
家乐福发生突发事件，营业时间所有出入口用铁门封闭，不许进不许出，原因是一名女士在结账时跟在身边的孩子突然失踪，幸亏及时报警，家乐福立刻封闭所有出入口寻找孩子，后来孩子在二楼卫生间找到，头发被剃光，衣服已经被换掉，人口贩子不知去向，团伙作案手法迅速，年关将至，请大家务必带好孩子。
[0.5140904188156128, 0.5340014100074768, 0.5308666825294495, 0.42533740401268005, 0.5591317415237427]
[0.5280112028121948, 0.575932502746582, 0.4384564161300659, 0.2927897870540619, 0.5475114583969116]
[0.5140237212181091, 0.5653725266456604, 0.41786694526672363, 0.30868664383888245, 0.5452455878257751]
[0.4969436228275299, 0.579301655292511, 0.4271862804889679, 0.292890340089798, 0.5144254565238953]
[0.4659039378166199, 0.5311362147331238, 0.5107608437538147, 0.3774890899658203, 0.518049955368042]
[0.4515199661254883, 0.5537956953048706, 0.4499984383583069, 0.29784342646598816, 0.5103458762168884]
[0.48891523480415344, 0.5986390709877014, 0.4251663088798523, 0.2733253836631775, 0.5165185332298279]
[0.46768897771835327, 0.5400095582008362, 0.4808163642883301, 0.35820046067237854, 0.5161252021789551]
[0.5068587064743042, 0.5785504579544067, 0.43313103914260864, 0.3014443516731262, 0.5207523107528687]
[0.5237448215484619, 0.5361000895500183, 0.423742413520813, 0.2801617383956909, 0.550231397151947]
[0.482632040977478, 0.5613443851470947, 0.4493218958377838, 0.3464541435241699, 0.5194058418273926]
[0.5480552911758423, 0.536379337310791, 0.41254234313964844, 0.31300485134124756, 0.5613203644752502]
[0.48891523480415344, 0.5986390709877014, 0.4251663088798523, 0.2733253836631775, 0.5165185332298279]
[0.48891523480415344, 0.5986390709877014, 0.4251663088798523, 0.2733253836631775, 0.5165185332298279]
[0.5467562079429626, 0.5792186260223389, 0.41334623098373413, 0.29114800691604614, 0.5337034463882446]
[0.4796745479106903, 0.582604706287384, 0.46083807945251465, 0.304949015378952, 0.5317569375038147]
[0.5372219085693359, 0.5890485644340515, 0.42175164818763733, 0.25345391035079956, 0.5628937482833862]
[0.4908975064754486, 0.5980681777000427, 0.4547976851463318, 0.2832533121109009, 0.5100966095924377]
[0.46190181374549866, 0.5545709133148193, 0.4591176211833954, 0.34329113364219666, 0.49982839822769165]
[0.4687015116214752, 0.5667902827262878, 0.4354284703731537, 0.3096219599246979, 0.48267725110054016]
[0.5163349509239197, 0.583338737487793, 0.4297671616077423, 0.27192777395248413, 0.5512848496437073]
[0.4562127888202667, 0.5727598667144775, 0.436779648065567, 0.311820387840271, 0.4974744915962219]
[0.5662887692451477, 0.5740150213241577, 0.4027833640575409, 0.25664132833480835, 0.5823478698730469]
[0.48578014969825745, 0.5809255242347717, 0.44528478384017944, 0.30783697962760925, 0.534615695476532]
[0.47180765867233276, 0.5654230713844299, 0.46786051988601685, 0.3479152321815491, 0.5118682384490967]
[0.5306906700134277, 0.5786778330802917, 0.41420212388038635, 0.3008335530757904, 0.5395053029060364]
[0.48556312918663025, 0.5625299215316772, 0.46473056077957153, 0.31392359733581543, 0.49805116653442383]
[0.4518972337245941, 0.576698899269104, 0.43340179324150085, 0.3056502938270569, 0.5214268565177917]
[0.5205469727516174, 0.5879776477813721, 0.43260931968688965, 0.2823982834815979, 0.5440430641174316]
[0.4565298557281494, 0.5047489404678345, 0.49757304787635803, 0.3511315882205963, 0.5253691673278809]
[0.41411828994750977, 0.5648520588874817, 0.47812023758888245, 0.31017741560935974, 0.4488661587238312]
[0.5165899991989136, 0.5706859230995178, 0.4404962658882141, 0.29956910014152527, 0.5266034603118896]
[0.5386834740638733, 0.5666220784187317, 0.43208086490631104, 0.3076123893260956, 0.5239844918251038]
[0.4739338457584381, 0.5547388195991516, 0.4528082609176636, 0.2840273380279541, 0.4993572235107422]
[0.5514229536056519, 0.589118480682373, 0.41416841745376587, 0.2525023818016052, 0.5688425302505493]
[0.47074609994888306, 0.5730346441268921, 0.47514891624450684, 0.30048906803131104, 0.5063973665237427]
[0.5481877326965332, 0.5946312546730042, 0.4127618074417114, 0.24726763367652893, 0.5697609186172485]
[0.5484653115272522, 0.5953417420387268, 0.4067000448703766, 0.25042322278022766, 0.5709047317504883]
[0.5149213075637817, 0.5745115280151367, 0.4294396936893463, 0.2818833291530609, 0.5206738114356995]
[0.48585352301597595, 0.5823436379432678, 0.43739715218544006, 0.30035513639450073, 0.5175966024398804]
[0.5185933113098145, 0.5886591672897339, 0.41420748829841614, 0.28358691930770874, 0.5321028828620911]
[0.5473429560661316, 0.5755621790885925, 0.41714659333229065, 0.28181102871894836, 0.5385991930961609]
[0.536135733127594, 0.5611088275909424, 0.4063161313533783, 0.2771224081516266, 0.561988115310669]
[0.5159100294113159, 0.5966045260429382, 0.433411568403244, 0.2640968859195709, 0.5494867563247681]
[0.46580278873443604, 0.5308796763420105, 0.4664609134197235, 0.37175706028938293, 0.5050897002220154]
[0.5227214694023132, 0.5742994546890259, 0.4122437834739685, 0.2911095917224884, 0.5366150736808777]
[0.5326565504074097, 0.613871693611145, 0.42189180850982666, 0.2729127109050751, 0.5246680378913879]
[0.47979867458343506, 0.5706050992012024, 0.4575015902519226, 0.3072124719619751, 0.5397742986679077]
[0.5151761174201965, 0.5878428220748901, 0.42387694120407104, 0.27509409189224243, 0.5351584553718567]
[0.4525372087955475, 0.5368325114250183, 0.4603528082370758, 0.3016384541988373, 0.48894134163856506]
[0.46730703115463257, 0.5870420932769775, 0.42112162709236145, 0.29118138551712036, 0.4858253300189972]
[0.5536606311798096, 0.5648276805877686, 0.4181230068206787, 0.31946197152137756, 0.5483505725860596]
[0.5306043028831482, 0.5918071269989014, 0.4120328426361084, 0.2784620523452759, 0.5337756872177124]
[0.46387818455696106, 0.577248752117157, 0.4447576701641083, 0.3161609470844269, 0.5145533680915833]
[0.4020446240901947, 0.5766873359680176, 0.4548684358596802, 0.3060776889324188, 0.44420772790908813]
[0.33849993348121643, 0.561667263507843, 0.44212400913238525, 0.3038422763347626, 0.44034862518310547]
[0.58711177110672, 0.5724513530731201, 0.4253269135951996, 0.30482617020606995, 0.5568305850028992]
[0.5332590341567993, 0.5675227046012878, 0.41418397426605225, 0.29805976152420044, 0.5459132790565491]
[0.4954093396663666, 0.5560145974159241, 0.45000389218330383, 0.3129410445690155, 0.49654608964920044]
[0.49760591983795166, 0.573441207408905, 0.42763543128967285, 0.29179665446281433, 0.5332068800926208]
[0.4937794506549835, 0.5722624063491821, 0.4740370512008667, 0.32106733322143555, 0.5340015292167664]
[0.5185933113098145, 0.5886591672897339, 0.41420748829841614, 0.28358691930770874, 0.5321028828620911]
[0.5069399476051331, 0.5297296047210693, 0.49967464804649353, 0.42756229639053345, 0.5057926177978516]
[0.46220773458480835, 0.5746537446975708, 0.44620367884635925, 0.29913976788520813, 0.4942237436771393]
[0.5021631121635437, 0.5605360269546509, 0.4791370630264282, 0.3164907991886139, 0.5140160322189331]
[0.5587078332901001, 0.561452329158783, 0.414074182510376, 0.27249035239219666, 0.5624661445617676]
[0.5360697507858276, 0.5571879148483276, 0.4222526550292969, 0.2801315486431122, 0.5338315963745117]
[0.5438017845153809, 0.5942021012306213, 0.41521143913269043, 0.26803213357925415, 0.5571514964103699]
[0.4536662697792053, 0.5803783535957336, 0.42550405859947205, 0.28379490971565247, 0.49296846985816956]
[0.6277270913124084, 0.537666380405426, 0.42318394780158997, 0.30911746621131897, 0.6100323796272278]
[0.4694002568721771, 0.5649533271789551, 0.4605894982814789, 0.34377521276474, 0.507908821105957]
[0.5357559323310852, 0.5675173401832581, 0.41985100507736206, 0.2939426898956299, 0.5429513454437256]
[0.5337656140327454, 0.5843768119812012, 0.4288833439350128, 0.27294886112213135, 0.5614446401596069]
[0.34160882234573364, 0.5363171696662903, 0.5593417286872864, 0.5211008191108704, 0.4715600311756134]
[0.4752984941005707, 0.5473695993423462, 0.47681206464767456, 0.3554058074951172, 0.526645839214325]
[0.5438017845153809, 0.5942021012306213, 0.41521143913269043, 0.26803213357925415, 0.5571514964103699]
[0.5347278118133545, 0.5911832451820374, 0.4151272773742676, 0.2818816900253296, 0.5398721098899841]
[0.4792461097240448, 0.5477377772331238, 0.4991467297077179, 0.3807944059371948, 0.5002213716506958]
[0.5087242722511292, 0.5554523468017578, 0.4261365830898285, 0.3037203848361969, 0.543412446975708]
[0.4536033868789673, 0.5902352333068848, 0.42786499857902527, 0.2693879008293152, 0.5087438821792603]
[0.4818546772003174, 0.5671708583831787, 0.4427948296070099, 0.3154818117618561, 0.5104961395263672]
[0.42945781350135803, 0.5772936344146729, 0.4433571398258209, 0.30711984634399414, 0.47839245200157166]
[0.5235449075698853, 0.5692585110664368, 0.42536208033561707, 0.27453485131263733, 0.5661870241165161]
[0.4098535478115082, 0.5852023959159851, 0.44997814297676086, 0.2825776934623718, 0.4879596531391144]
[0.48891523480415344, 0.5986390709877014, 0.4251663088798523, 0.2733253836631775, 0.5165185332298279]
[0.48891523480415344, 0.5986390709877014, 0.4251663088798523, 0.2733253836631775, 0.5165185332298279]
[0.5193667411804199, 0.5859175324440002, 0.4296014606952667, 0.28303682804107666, 0.5322579145431519]
[0.4798910617828369, 0.5196780562400818, 0.480291485786438, 0.41026315093040466, 0.5050302147865295]
[0.4492926299571991, 0.5932587385177612, 0.44531723856925964, 0.2746775448322296, 0.5033401250839233]
[0.5515999794006348, 0.5665683150291443, 0.42789584398269653, 0.2868378758430481, 0.5605052709579468]
[0.3899281919002533, 0.5223155617713928, 0.4772144854068756, 0.3641410768032074, 0.4600726068019867]
[0.5064620971679688, 0.5886023640632629, 0.44459182024002075, 0.2970823347568512, 0.5465471744537354]
[0.5185933113098145, 0.5886591672897339, 0.41420748829841614, 0.28358691930770874, 0.5321028828620911]
[0.45030245184898376, 0.5812917351722717, 0.44409507513046265, 0.303041011095047, 0.49695298075675964]
[0.5098143219947815, 0.5662238001823425, 0.43819770216941833, 0.2870311737060547, 0.5329864621162415]
[0.45235690474510193, 0.5607296228408813, 0.47061875462532043, 0.3051772117614746, 0.5256586074829102]
[0.48891523480415344, 0.5986390709877014, 0.4251663088798523, 0.2733253836631775, 0.5165185332298279]
[0.5347278118133545, 0.5911832451820374, 0.4151272773742676, 0.2818816900253296, 0.5398721098899841]
[0.521691083908081, 0.5878927707672119, 0.4193263351917267, 0.279192179441452, 0.5255200266838074]
[0.5316824913024902, 0.5648842453956604, 0.43262824416160583, 0.2903292775154114, 0.5592054724693298]
[0.5185933113098145, 0.5886591672897339, 0.41420748829841614, 0.28358691930770874, 0.5321028828620911]
