1
转 网友曝料，江苏省东海县女镇党委书记徐艳，因不愿陪县委书记关永健上床，竟然被警察毒打致子宫破裂。徐艳一怒揭开6亿贪污大案---东海县石梁河水库水淹地补偿款案，县委书记关永健一个人竟贪污6亿多元。关永健每年搞全县科级干部大调整，仅此每年受贿2000万以上。--转自人网
[0.5555473566055298, 0.5257073640823364, 0.5053221583366394, 0.34304356575012207, 0.5541911721229553]
[0.5359647274017334, 0.580148458480835, 0.4181049168109894, 0.28232601284980774, 0.5439196825027466]
[0.5341401100158691, 0.5533297061920166, 0.4457915723323822, 0.28998157382011414, 0.546577513217926]
[0.3925565183162689, 0.5331863760948181, 0.4571455419063568, 0.343332976102829, 0.44308072328567505]
[0.3664727509021759, 0.554492712020874, 0.4789113998413086, 0.287409245967865, 0.4113079607486725]
[0.49667122960090637, 0.5211827754974365, 0.5069202184677124, 0.3696158528327942, 0.47587820887565613]
[0.4809025228023529, 0.537373423576355, 0.5130749344825745, 0.3987830877304077, 0.5237240791320801]
[0.5768039226531982, 0.5820726752281189, 0.41555559635162354, 0.2703518569469452, 0.574173629283905]
[0.5062493681907654, 0.5459491014480591, 0.43465712666511536, 0.32223275303840637, 0.5120639801025391]
[0.42441490292549133, 0.5676126480102539, 0.4618966281414032, 0.3119684159755707, 0.45158058404922485]
[0.4883424639701843, 0.5189891457557678, 0.49358609318733215, 0.3942212164402008, 0.5201342105865479]
[0.3979164958000183, 0.5394190549850464, 0.458394318819046, 0.2992342412471771, 0.48006105422973633]
[0.5118061900138855, 0.560652494430542, 0.4218134880065918, 0.2835293114185333, 0.5388826727867126]
[0.5418356657028198, 0.5605573654174805, 0.4316781461238861, 0.29025939106941223, 0.559260368347168]
[0.48581600189208984, 0.563331663608551, 0.42907145619392395, 0.3082742393016815, 0.48099976778030396]
[0.48342403769493103, 0.5866010785102844, 0.44481775164604187, 0.2880881130695343, 0.503980278968811]
[0.47072353959083557, 0.4803304374217987, 0.5661510229110718, 0.5139339566230774, 0.48473578691482544]
[0.48927783966064453, 0.5686374306678772, 0.43072035908699036, 0.2741484045982361, 0.5456847548484802]
[0.4936091899871826, 0.5750102400779724, 0.4250756502151489, 0.3010826110839844, 0.5126615762710571]
[0.402227520942688, 0.50969398021698, 0.46574336290359497, 0.30180850625038147, 0.4933280944824219]
[0.4817256033420563, 0.585483729839325, 0.422700971364975, 0.27148139476776123, 0.5196688771247864]
[0.539331316947937, 0.5649243593215942, 0.4201776385307312, 0.2584286332130432, 0.5516902208328247]
[0.4987226128578186, 0.579487681388855, 0.4206370413303375, 0.2836722433567047, 0.5149919986724854]
[0.5290577411651611, 0.5436354279518127, 0.4506388008594513, 0.31013137102127075, 0.5360410213470459]
[0.5633725523948669, 0.5567647814750671, 0.43772512674331665, 0.2620392143726349, 0.5838371515274048]
[0.4794628918170929, 0.568787157535553, 0.4436533749103546, 0.3277939558029175, 0.5088967084884644]
[0.5065109729766846, 0.5771952271461487, 0.44564345479011536, 0.2843603491783142, 0.505842387676239]
[0.469875693321228, 0.559543788433075, 0.458096981048584, 0.3210855722427368, 0.5057099461555481]
[0.48563745617866516, 0.5321828722953796, 0.4477376639842987, 0.28303173184394836, 0.4582892060279846]
[0.48460373282432556, 0.5551398396492004, 0.4312684237957001, 0.2994155287742615, 0.5178122520446777]
[0.5421488285064697, 0.5630027055740356, 0.41221028566360474, 0.2976979911327362, 0.5263577699661255]
[0.4276951849460602, 0.555846095085144, 0.4967060387134552, 0.33810433745384216, 0.4920690953731537]
[0.4097115397453308, 0.5594273209571838, 0.45424461364746094, 0.3027457296848297, 0.48244327306747437]
[0.4307674169540405, 0.5406766533851624, 0.4622175097465515, 0.3430324196815491, 0.4651590585708618]
[0.4482641816139221, 0.5054882168769836, 0.448579341173172, 0.25918859243392944, 0.4997962415218353]
[0.5262224674224854, 0.5567954778671265, 0.4063540995121002, 0.28977686166763306, 0.5270299911499023]
[0.46180400252342224, 0.5439857840538025, 0.4608919620513916, 0.3290831744670868, 0.4908473789691925]
[0.39716869592666626, 0.5566132664680481, 0.4562976062297821, 0.30822092294692993, 0.4726765751838684]
[0.5414401888847351, 0.5522186160087585, 0.4084130823612213, 0.2772500813007355, 0.5696612596511841]
[0.5384485721588135, 0.5671045184135437, 0.42782413959503174, 0.31214579939842224, 0.5417051315307617]
[0.4487622082233429, 0.5716210603713989, 0.4600348174571991, 0.3031274080276489, 0.45275557041168213]
[0.567974328994751, 0.5834425687789917, 0.42487138509750366, 0.27010267972946167, 0.5745648145675659]
[0.5330578088760376, 0.5793074369430542, 0.40289226174354553, 0.2722969353199005, 0.5419977307319641]
[0.5249962210655212, 0.5897022485733032, 0.41324830055236816, 0.2600330710411072, 0.5366438627243042]
[0.461830198764801, 0.575680673122406, 0.4416545331478119, 0.29968851804733276, 0.4721795618534088]
[0.6033231019973755, 0.5806841254234314, 0.37889739871025085, 0.23005136847496033, 0.6015064716339111]
[0.5058897137641907, 0.5832006335258484, 0.43435025215148926, 0.26824602484703064, 0.5498504638671875]
[0.5179932117462158, 0.5746267437934875, 0.45086798071861267, 0.3187200129032135, 0.5404506325721741]
[0.5402778387069702, 0.5766859650611877, 0.4432741701602936, 0.2824481725692749, 0.5705547332763672]
[0.4790222942829132, 0.5926933884620667, 0.44540074467658997, 0.2874264121055603, 0.49520960450172424]
[0.5547010898590088, 0.5494160056114197, 0.42938947677612305, 0.2954423129558563, 0.5370681285858154]
[0.48849236965179443, 0.5753605961799622, 0.43530312180519104, 0.30743536353111267, 0.5148018002510071]
[0.48616933822631836, 0.5707504153251648, 0.4281759262084961, 0.3074449896812439, 0.469718873500824]
[0.3978816866874695, 0.5683643817901611, 0.4505457282066345, 0.2896011471748352, 0.4818468689918518]
[0.46315547823905945, 0.5931227207183838, 0.457610547542572, 0.28896406292915344, 0.5122556686401367]
[0.5217891931533813, 0.5851165652275085, 0.43435370922088623, 0.3072150945663452, 0.528086245059967]
[0.5203461647033691, 0.5783154368400574, 0.42207953333854675, 0.2909437417984009, 0.5251195430755615]
[0.5315003991127014, 0.5521751046180725, 0.4575599133968353, 0.312210351228714, 0.5381242632865906]
[0.5719585418701172, 0.5884292721748352, 0.3981068432331085, 0.2649466097354889, 0.5798148512840271]
[0.44571951031684875, 0.5579184889793396, 0.46218907833099365, 0.33258843421936035, 0.4860420823097229]
[0.4365580081939697, 0.5504083037376404, 0.47486358880996704, 0.35151568055152893, 0.4910283088684082]
[0.4032517671585083, 0.5358937978744507, 0.4648653268814087, 0.32723763585090637, 0.4334163963794708]
[0.571895182132721, 0.5890126824378967, 0.40936213731765747, 0.27726298570632935, 0.5377269983291626]
[0.4855666160583496, 0.5737991333007812, 0.41789087653160095, 0.26002880930900574, 0.5181673169136047]
[0.457647442817688, 0.563066303730011, 0.4193650484085083, 0.2746123969554901, 0.534399151802063]
[0.5292325615882874, 0.5877446532249451, 0.4156159460544586, 0.24175910651683807, 0.5675719380378723]
[0.5396718382835388, 0.5938645601272583, 0.4064280688762665, 0.2734859883785248, 0.5414891242980957]
[0.5277512073516846, 0.5747568011283875, 0.4337783455848694, 0.2812912166118622, 0.5562397241592407]
[0.5151746273040771, 0.5333337783813477, 0.46413135528564453, 0.3231077492237091, 0.502569317817688]
[0.49527105689048767, 0.5838744044303894, 0.4177907109260559, 0.277783066034317, 0.48924946784973145]
[0.46529704332351685, 0.5354079604148865, 0.4784371554851532, 0.3681555390357971, 0.4546753764152527]
[0.4920106828212738, 0.600675106048584, 0.41507139801979065, 0.27095720171928406, 0.517119824886322]
[0.49805915355682373, 0.5621770620346069, 0.4693602919578552, 0.35157573223114014, 0.5214662551879883]
[0.5445104241371155, 0.5572319626808167, 0.4051588475704193, 0.28726011514663696, 0.56870037317276]
[0.3321322500705719, 0.5619553327560425, 0.44466179609298706, 0.28787761926651, 0.4495306611061096]
[0.5177080035209656, 0.5905455350875854, 0.40326449275016785, 0.2731575667858124, 0.5430392622947693]
[0.5054196119308472, 0.5792151689529419, 0.42595016956329346, 0.28528743982315063, 0.5308122038841248]
[0.5254375338554382, 0.5399063229560852, 0.4444740116596222, 0.3034798204898834, 0.5366349220275879]
[0.4189586639404297, 0.5354630351066589, 0.44542115926742554, 0.28925272822380066, 0.44327056407928467]
[0.6237443089485168, 0.5336981415748596, 0.37372997403144836, 0.2578584551811218, 0.6178768873214722]
[0.42751505970954895, 0.5566449165344238, 0.45550739765167236, 0.29844850301742554, 0.47816553711891174]
[0.49427536129951477, 0.5715909600257874, 0.4348929822444916, 0.2981087267398834, 0.5110843181610107]
[0.47843053936958313, 0.5219893455505371, 0.5049158334732056, 0.4424430727958679, 0.53696608543396]
[0.5068899989128113, 0.5665711164474487, 0.4301127791404724, 0.2920217514038086, 0.5225833058357239]
[0.5096197128295898, 0.5896445512771606, 0.42333337664604187, 0.28228479623794556, 0.5219572186470032]
[0.5070725679397583, 0.5795678496360779, 0.4309682846069336, 0.25872695446014404, 0.538472592830658]
[0.5132670402526855, 0.5934965014457703, 0.4420536458492279, 0.27757078409194946, 0.5219869613647461]
[0.46574047207832336, 0.5622869729995728, 0.45863428711891174, 0.3114113509654999, 0.5040687918663025]
[0.44463300704956055, 0.5589112639427185, 0.4498751759529114, 0.31018227338790894, 0.47373390197753906]
[0.5813238620758057, 0.5228866934776306, 0.46399036049842834, 0.3537761867046356, 0.5652340054512024]
[0.49322250485420227, 0.591105580329895, 0.43914520740509033, 0.2846454381942749, 0.5031400322914124]
[0.5040205717086792, 0.5619140267372131, 0.41600286960601807, 0.27240315079689026, 0.5476648807525635]
[0.4894963800907135, 0.5423581004142761, 0.45499172806739807, 0.3516719937324524, 0.5028553605079651]
[0.4093426465988159, 0.5520793795585632, 0.42749789357185364, 0.2784327268600464, 0.4556732773780823]
[0.39833536744117737, 0.5500496625900269, 0.4910654127597809, 0.36694103479385376, 0.4500643014907837]
[0.45690423250198364, 0.5734966397285461, 0.4741946756839752, 0.2866877019405365, 0.5058268904685974]
[0.5450006723403931, 0.5615060329437256, 0.4322584569454193, 0.3114483654499054, 0.5595142245292664]
[0.4254700243473053, 0.589383602142334, 0.45294204354286194, 0.2816542088985443, 0.4676010310649872]
[0.5599883198738098, 0.5514678359031677, 0.40333375334739685, 0.2665848135948181, 0.5872307419776917]
[0.3698428273200989, 0.5436661839485168, 0.4319998323917389, 0.26707351207733154, 0.43440917134284973]
[0.4263933300971985, 0.5788344740867615, 0.4432620406150818, 0.2651459872722626, 0.4914189577102661]
