1
【亲，睡觉时把手机扔远点】近十年来，胶质瘤患者明显增多。胶质瘤是最常见的脑肿瘤，致死和致残率极高。其高发与过度使用电子产品有关，贴身携带手机、常煲电话粥、睡觉时手机放枕边，会导致人体内辐射累积，让体内自我修复系统“疲劳”。儿童头皮与头骨都较薄，对辐射更敏感。（都市快报）
[0.4908764958381653, 0.533911406993866, 0.5034341812133789, 0.4126601219177246, 0.5634926557540894]
[0.5614250898361206, 0.5752615928649902, 0.3976888954639435, 0.24958108365535736, 0.5761246681213379]
[0.46877047419548035, 0.5647978186607361, 0.42887499928474426, 0.29213765263557434, 0.5116134881973267]
[0.5228678584098816, 0.5771709680557251, 0.4261831045150757, 0.2506944537162781, 0.5360384583473206]
[0.4549492299556732, 0.5745956301689148, 0.4517357051372528, 0.3163157105445862, 0.5006592869758606]
[0.4817007780075073, 0.5500016212463379, 0.47044724225997925, 0.34695911407470703, 0.4979001581668854]
[0.5467263460159302, 0.5607713460922241, 0.42311301827430725, 0.30053070187568665, 0.5372878313064575]
[0.416271448135376, 0.5763152837753296, 0.4356174170970917, 0.290353387594223, 0.4663355350494385]
[0.5084739923477173, 0.5696600079536438, 0.43230265378952026, 0.27200257778167725, 0.5395103693008423]
[0.4825155436992645, 0.5658973455429077, 0.43653497099876404, 0.2950040102005005, 0.5268823504447937]
[0.496015727519989, 0.5231324434280396, 0.4610505998134613, 0.3064929246902466, 0.4826202690601349]
[0.4840977191925049, 0.575455904006958, 0.4517715573310852, 0.30421411991119385, 0.5405855774879456]
[0.520992636680603, 0.5827069878578186, 0.4244594871997833, 0.28366222977638245, 0.5596110820770264]
[0.3989906907081604, 0.5329493284225464, 0.44851914048194885, 0.2825281023979187, 0.4374726414680481]
[0.4797752797603607, 0.5774299502372742, 0.43022751808166504, 0.29552507400512695, 0.5319115519523621]
[0.4662525951862335, 0.5539764165878296, 0.4523378014564514, 0.32428911328315735, 0.48721054196357727]
[0.5397875905036926, 0.5747454762458801, 0.44086185097694397, 0.3111076354980469, 0.5618295073509216]
[0.45203515887260437, 0.5637509226799011, 0.4349076747894287, 0.31328514218330383, 0.47431978583335876]
[0.455366849899292, 0.5646480321884155, 0.451157808303833, 0.3235168159008026, 0.4697909653186798]
[0.5325873494148254, 0.5880876183509827, 0.42129048705101013, 0.2533036768436432, 0.5475322008132935]
[0.43473318219184875, 0.5791374444961548, 0.4508882761001587, 0.3109890818595886, 0.48563867807388306]
[0.4806232452392578, 0.5819617509841919, 0.43598130345344543, 0.27963948249816895, 0.528819739818573]
[0.44490712881088257, 0.5723442435264587, 0.44461578130722046, 0.3115234971046448, 0.46517589688301086]
[0.4817848205566406, 0.5824292302131653, 0.4524420201778412, 0.27277758717536926, 0.5245298147201538]
[0.4908764958381653, 0.533911406993866, 0.5034341812133789, 0.4126601219177246, 0.5634926557540894]
[0.49774983525276184, 0.5757408738136292, 0.44442570209503174, 0.3150852918624878, 0.5407396554946899]
[0.5062201023101807, 0.57032710313797, 0.4480949938297272, 0.3109202980995178, 0.4918292462825775]
[0.5359944701194763, 0.5825049877166748, 0.41244903206825256, 0.26725539565086365, 0.5338192582130432]
[0.49472111463546753, 0.5837411880493164, 0.41316714882850647, 0.28177976608276367, 0.5161533355712891]
[0.44048547744750977, 0.5739219188690186, 0.45809099078178406, 0.2917229235172272, 0.5094588994979858]
[0.5306184887886047, 0.5868372917175293, 0.42738741636276245, 0.28520938754081726, 0.5330178141593933]
[0.49948418140411377, 0.566609263420105, 0.42492949962615967, 0.27766966819763184, 0.5292973518371582]
[0.48502886295318604, 0.593768835067749, 0.42668983340263367, 0.26276251673698425, 0.5112794637680054]
[0.45353633165359497, 0.5707405209541321, 0.4601772129535675, 0.3009786009788513, 0.5155062079429626]
[0.5344774127006531, 0.5800469517707825, 0.43034833669662476, 0.2658917307853699, 0.5589059591293335]
[0.5050004720687866, 0.5668677687644958, 0.43715375661849976, 0.27327632904052734, 0.5183603763580322]
[0.6150046586990356, 0.5741888284683228, 0.36398816108703613, 0.2345670908689499, 0.6039349436759949]
[0.5039153099060059, 0.5669023990631104, 0.4308052659034729, 0.2910490036010742, 0.4872452914714813]
[0.3732011616230011, 0.5326882004737854, 0.4717266857624054, 0.37621504068374634, 0.45189791917800903]
[0.5498838424682617, 0.5772735476493835, 0.4133681058883667, 0.2619785666465759, 0.5634289383888245]
[0.421312153339386, 0.5161153078079224, 0.4944539964199066, 0.38195210695266724, 0.4968118667602539]
[0.4676315188407898, 0.5497787594795227, 0.49156397581100464, 0.33788686990737915, 0.5337976813316345]
[0.5347278118133545, 0.5911832451820374, 0.4151272773742676, 0.2818816900253296, 0.5398721098899841]
[0.43152180314064026, 0.5463575124740601, 0.48172977566719055, 0.3566588759422302, 0.49624431133270264]
[0.5117613673210144, 0.5910757184028625, 0.42396804690361023, 0.27364635467529297, 0.5438485741615295]
[0.5391407608985901, 0.5715987086296082, 0.4139203727245331, 0.28798556327819824, 0.5508207678794861]
[0.3980938494205475, 0.5837812423706055, 0.4634314179420471, 0.3098258376121521, 0.4597850441932678]
[0.5355715751647949, 0.5899299383163452, 0.4268665313720703, 0.26878267526626587, 0.5577254295349121]
[0.5040469169616699, 0.563940703868866, 0.4457315504550934, 0.30246174335479736, 0.5467032194137573]
[0.5178801417350769, 0.5886592268943787, 0.43537095189094543, 0.2852303087711334, 0.5507665872573853]
[0.47263598442077637, 0.5592048168182373, 0.4805339574813843, 0.33669760823249817, 0.5020832419395447]
[0.5255772471427917, 0.5647993683815002, 0.421425461769104, 0.3275521695613861, 0.506062924861908]
[0.48995959758758545, 0.5882102251052856, 0.4360218942165375, 0.2700733244419098, 0.536587119102478]
[0.5362991690635681, 0.582072913646698, 0.42241501808166504, 0.2562520503997803, 0.555308997631073]
[0.45329371094703674, 0.5688381195068359, 0.4289989769458771, 0.293609082698822, 0.4904572367668152]
[0.4263218641281128, 0.547201931476593, 0.4830631613731384, 0.3743036091327667, 0.47280752658843994]
[0.5298077464103699, 0.5928977727890015, 0.4256591498851776, 0.28714707493782043, 0.5272103548049927]
[0.45527759194374084, 0.5769728422164917, 0.45399007201194763, 0.3036813735961914, 0.5227909684181213]
[0.5126080513000488, 0.536073625087738, 0.46506789326667786, 0.3199629783630371, 0.4870778024196625]
[0.5510486960411072, 0.568325400352478, 0.3982718884944916, 0.2667902708053589, 0.5296596884727478]
[0.5058108568191528, 0.6003548502922058, 0.42622217535972595, 0.2639741003513336, 0.5312622785568237]
[0.4957609176635742, 0.5703914165496826, 0.4302085041999817, 0.2967654764652252, 0.5267060995101929]
[0.5101807117462158, 0.570587694644928, 0.42369651794433594, 0.30124953389167786, 0.5225600600242615]
[0.457057386636734, 0.5659518837928772, 0.43649813532829285, 0.2905498743057251, 0.4947604537010193]
[0.4907113313674927, 0.5735676288604736, 0.44200897216796875, 0.29858294129371643, 0.5339316129684448]
[0.5221900343894958, 0.57091224193573, 0.42682141065597534, 0.27439069747924805, 0.5637209415435791]
[0.48305413126945496, 0.5694680213928223, 0.4706973433494568, 0.3302517533302307, 0.532929539680481]
[0.43502143025398254, 0.5676864385604858, 0.4597742557525635, 0.30105677247047424, 0.4762190878391266]
[0.4979180097579956, 0.5757371187210083, 0.44255331158638, 0.3202016055583954, 0.5061352252960205]
[0.5614250898361206, 0.5752615928649902, 0.3976888954639435, 0.24958108365535736, 0.5761246681213379]
[0.5382950305938721, 0.582835853099823, 0.43770843744277954, 0.2856321632862091, 0.5555461645126343]
[0.484927237033844, 0.586699366569519, 0.4213767349720001, 0.2822798788547516, 0.5201547741889954]
[0.5041210651397705, 0.5815398693084717, 0.42548394203186035, 0.2942083179950714, 0.5107850432395935]
[0.5828585624694824, 0.5664924383163452, 0.3850305676460266, 0.24553273618221283, 0.5914885401725769]
[0.43903443217277527, 0.5471593141555786, 0.4555305242538452, 0.31659990549087524, 0.47233158349990845]
[0.5534747242927551, 0.5491829514503479, 0.41785600781440735, 0.3065416216850281, 0.5263408422470093]
[0.5910822153091431, 0.5629838109016418, 0.39856255054473877, 0.27405422925949097, 0.5859595537185669]
[0.4654872417449951, 0.5397667288780212, 0.4782250225543976, 0.3526141941547394, 0.5169866681098938]
[0.515056848526001, 0.5540130138397217, 0.4233711361885071, 0.29921311140060425, 0.5238667726516724]
[0.5095487833023071, 0.5276780128479004, 0.45303887128829956, 0.3239726126194, 0.5193966031074524]
[0.46664944291114807, 0.5537262558937073, 0.463294118642807, 0.3156612813472748, 0.5335557460784912]
[0.38348862528800964, 0.5703240036964417, 0.45522043108940125, 0.3061020076274872, 0.4681374728679657]
[0.5614250898361206, 0.5752615928649902, 0.3976888954639435, 0.24958108365535736, 0.5761246681213379]
[0.4125501215457916, 0.5542511940002441, 0.4580311179161072, 0.34601253271102905, 0.4640785753726959]
[0.48995959758758545, 0.5882102251052856, 0.4360218942165375, 0.2700733244419098, 0.536587119102478]
[0.4635992646217346, 0.5708968043327332, 0.4408363103866577, 0.2837285101413727, 0.5241026878356934]
[0.4489748179912567, 0.5608624815940857, 0.45222365856170654, 0.33002227544784546, 0.47517165541648865]
[0.49363017082214355, 0.5677967667579651, 0.43879392743110657, 0.2954277992248535, 0.5285900831222534]
[0.4723496735095978, 0.5588608980178833, 0.4674850106239319, 0.3264024257659912, 0.5142220258712769]
[0.48182472586631775, 0.5842097997665405, 0.4460073411464691, 0.2884373068809509, 0.5379976034164429]
[0.514062762260437, 0.5772377848625183, 0.437476247549057, 0.2880358099937439, 0.5592997670173645]
[0.46842190623283386, 0.5804670453071594, 0.43650028109550476, 0.30999377369880676, 0.4927496314048767]
[0.57015460729599, 0.5985986590385437, 0.40163037180900574, 0.2568325698375702, 0.5742675065994263]
[0.5038047432899475, 0.584435224533081, 0.4348870813846588, 0.3100817799568176, 0.5511415004730225]
[0.3771943747997284, 0.5417178273200989, 0.47832638025283813, 0.35051843523979187, 0.4353407621383667]
[0.3459089398384094, 0.5645376443862915, 0.44009602069854736, 0.2836068868637085, 0.4638625383377075]
[0.5614250898361206, 0.5752615928649902, 0.3976888954639435, 0.24958108365535736, 0.5761246681213379]
[0.525793194770813, 0.5905510187149048, 0.40917786955833435, 0.2708503007888794, 0.5534033179283142]
[0.5491918325424194, 0.5687918663024902, 0.41145241260528564, 0.27333855628967285, 0.5434757471084595]
[0.49761685729026794, 0.5777846574783325, 0.42459291219711304, 0.2792431116104126, 0.5200966596603394]
[0.524665355682373, 0.5669887065887451, 0.4227401912212372, 0.2514092028141022, 0.5771628022193909]
