1
前几天湖州莉莉玛莲有人被人在酒吧当场把小鸡鸡给切了，而且事情闹大了，我猜大概是男模上了哪个大哥的女人吧，天啊，太恐怖了，酒吧果然不适合我这种很乖的文艺青年~
[0.5115745663642883, 0.5273412466049194, 0.5206271409988403, 0.43958428502082825, 0.5282578468322754]
[0.5206912159919739, 0.5755590200424194, 0.42817458510398865, 0.29504796862602234, 0.5423021912574768]
[0.5093672275543213, 0.5485707521438599, 0.4640815556049347, 0.36678311228752136, 0.5060119032859802]
[0.5558348298072815, 0.5477868914604187, 0.40953975915908813, 0.27276888489723206, 0.5593417882919312]
[0.5354865789413452, 0.5888907313346863, 0.41922876238822937, 0.2605830132961273, 0.5253303050994873]
[0.43372195959091187, 0.5776039361953735, 0.4284563362598419, 0.27846717834472656, 0.47131162881851196]
[0.4816233813762665, 0.5798804759979248, 0.446804940700531, 0.28410929441452026, 0.533933699131012]
[0.5500806570053101, 0.5885575413703918, 0.4249185621738434, 0.2626662850379944, 0.5510078072547913]
[0.49975526332855225, 0.5874056220054626, 0.4230498969554901, 0.27203112840652466, 0.5168728828430176]
[0.5052578449249268, 0.5870197415351868, 0.4050655663013458, 0.27020883560180664, 0.5216692686080933]
[0.4487622082233429, 0.5716210603713989, 0.4600348174571991, 0.3031274080276489, 0.45275557041168213]
[0.5122714042663574, 0.5766435861587524, 0.418464332818985, 0.29385438561439514, 0.5439008474349976]
[0.46114620566368103, 0.5880480408668518, 0.43819350004196167, 0.2841244637966156, 0.4857713282108307]
[0.4800635874271393, 0.5493797659873962, 0.47036799788475037, 0.37018707394599915, 0.4964425265789032]
[0.518589973449707, 0.5602208971977234, 0.4472164511680603, 0.3241761326789856, 0.5221472978591919]
[0.5084124803543091, 0.5941175222396851, 0.4219353497028351, 0.27441146969795227, 0.5471367239952087]
[0.524305522441864, 0.5733186602592468, 0.4304979741573334, 0.2907591164112091, 0.5215781927108765]
[0.49516013264656067, 0.5676395297050476, 0.44724076986312866, 0.30855417251586914, 0.5137420296669006]
[0.4249514639377594, 0.564417839050293, 0.4415294826030731, 0.3094896078109741, 0.464533269405365]
[0.4332925081253052, 0.5548081994056702, 0.4723232388496399, 0.38094207644462585, 0.4694134593009949]
[0.40147772431373596, 0.5442149639129639, 0.46316471695899963, 0.3661205470561981, 0.4511905014514923]
[0.5580922961235046, 0.5530509948730469, 0.4131881892681122, 0.2712014615535736, 0.5695449113845825]
[0.5030094385147095, 0.5477100014686584, 0.44999557733535767, 0.3050041198730469, 0.5116932988166809]
[0.5049693584442139, 0.5832920074462891, 0.4497738480567932, 0.28837352991104126, 0.5112717151641846]
[0.4900948107242584, 0.5391495227813721, 0.4656420052051544, 0.35076820850372314, 0.5089997053146362]
[0.5099872350692749, 0.5922541618347168, 0.4274226427078247, 0.2800758481025696, 0.5270835757255554]
[0.47615525126457214, 0.5578026175498962, 0.47032859921455383, 0.3302629888057709, 0.514005720615387]
[0.49358072876930237, 0.5454830527305603, 0.44652655720710754, 0.3277738094329834, 0.5532669425010681]
[0.44717496633529663, 0.5726832151412964, 0.47763368487358093, 0.31983980536460876, 0.47406861186027527]
[0.517238199710846, 0.5628636479377747, 0.45931631326675415, 0.3404196798801422, 0.5316912531852722]
[0.4661143720149994, 0.5765808820724487, 0.4166732728481293, 0.2753598690032959, 0.5176638960838318]
[0.48140648007392883, 0.5503792762756348, 0.44190850853919983, 0.3085254728794098, 0.5156643390655518]
[0.481047660112381, 0.5416616797447205, 0.4743953049182892, 0.32023298740386963, 0.48981156945228577]
[0.5354865789413452, 0.5888907313346863, 0.41922876238822937, 0.2605830132961273, 0.5253303050994873]
[0.5376712083816528, 0.5376073122024536, 0.44800031185150146, 0.34513935446739197, 0.5434939861297607]
[0.45492443442344666, 0.5533284544944763, 0.47459107637405396, 0.3446946144104004, 0.5081620216369629]
[0.45636647939682007, 0.5818310976028442, 0.47355830669403076, 0.28682076930999756, 0.4986250102519989]
[0.5129916667938232, 0.5443670749664307, 0.458545982837677, 0.2919594347476959, 0.461247056722641]
[0.41937410831451416, 0.5513477921485901, 0.46713486313819885, 0.357076495885849, 0.45846283435821533]
[0.502269983291626, 0.5688827633857727, 0.44989025592803955, 0.3059532046318054, 0.5204723477363586]
[0.44343364238739014, 0.5630773901939392, 0.45777469873428345, 0.3231166899204254, 0.4935106933116913]
[0.46114620566368103, 0.5880480408668518, 0.43819350004196167, 0.2841244637966156, 0.4857713282108307]
[0.4701951742172241, 0.578376829624176, 0.45746251940727234, 0.3047063946723938, 0.49742648005485535]
[0.3681318759918213, 0.5241912603378296, 0.5043405890464783, 0.53571617603302, 0.49783965945243835]
[0.5371928215026855, 0.5727591514587402, 0.4032977521419525, 0.2987549901008606, 0.5365145802497864]
[0.5438017845153809, 0.5942021012306213, 0.41521143913269043, 0.26803213357925415, 0.5571514964103699]
[0.5416126847267151, 0.5822172164916992, 0.4209049940109253, 0.28684931993484497, 0.5524837374687195]
[0.5193629860877991, 0.5856478810310364, 0.41173920035362244, 0.282301664352417, 0.5441094636917114]
[0.4321458637714386, 0.5254032015800476, 0.4518803358078003, 0.2971474528312683, 0.5074629187583923]
[0.4564822316169739, 0.5702394843101501, 0.45299968123435974, 0.30390527844429016, 0.5048831701278687]
[0.5507229566574097, 0.5995416641235352, 0.398634135723114, 0.251420259475708, 0.5748211741447449]
[0.4978093206882477, 0.5700441598892212, 0.41700857877731323, 0.2857465445995331, 0.5107370018959045]
[0.5352630615234375, 0.5710227489471436, 0.42619800567626953, 0.2722318768501282, 0.5266902446746826]
[0.5600073933601379, 0.56910640001297, 0.4120720326900482, 0.28001531958580017, 0.5444107055664062]
[0.5713992714881897, 0.5640497803688049, 0.4114120304584503, 0.26471850275993347, 0.5404539108276367]
[0.45432382822036743, 0.5524243116378784, 0.46691200137138367, 0.34151938557624817, 0.4810599386692047]
[0.4024633467197418, 0.49513718485832214, 0.5543544292449951, 0.5045269131660461, 0.4661772549152374]
[0.38929513096809387, 0.5260263085365295, 0.49671196937561035, 0.36502254009246826, 0.45757773518562317]
[0.5322265625, 0.5769954323768616, 0.4165574908256531, 0.26815053820610046, 0.5588484406471252]
[0.5370978116989136, 0.5626977682113647, 0.44573500752449036, 0.28168588876724243, 0.5170992016792297]
[0.5188670754432678, 0.577964186668396, 0.41542553901672363, 0.2824673056602478, 0.5431790351867676]
[0.5434468388557434, 0.5773633718490601, 0.43510839343070984, 0.28873178362846375, 0.5601983070373535]
[0.5715352892875671, 0.5643881559371948, 0.41054779291152954, 0.2761523127555847, 0.5380334258079529]
[0.46523523330688477, 0.5519335269927979, 0.4630476236343384, 0.32950079441070557, 0.47890689969062805]
[0.4999733567237854, 0.5728732347488403, 0.43302908539772034, 0.2771832048892975, 0.5340343713760376]
[0.46655985713005066, 0.552679181098938, 0.46116045117378235, 0.3386205732822418, 0.47420603036880493]
[0.5084124803543091, 0.5941175222396851, 0.4219353497028351, 0.27441146969795227, 0.5471367239952087]
[0.5296816229820251, 0.562044620513916, 0.4303017258644104, 0.2902272641658783, 0.5087909698486328]
[0.5252333283424377, 0.5787491798400879, 0.4324275255203247, 0.28267383575439453, 0.5181191563606262]
[0.4473663866519928, 0.5571383833885193, 0.4626598060131073, 0.3084929585456848, 0.5093483924865723]
[0.5244597792625427, 0.5673940777778625, 0.42901942133903503, 0.28732484579086304, 0.508772611618042]
[0.5258913040161133, 0.5504025816917419, 0.43875473737716675, 0.3075066804885864, 0.5373905301094055]
[0.4737333059310913, 0.6044455170631409, 0.43854159116744995, 0.27192071080207825, 0.49753108620643616]
[0.5200986266136169, 0.5681059956550598, 0.4021710753440857, 0.2635621130466461, 0.5545092225074768]
[0.49945032596588135, 0.5749066472053528, 0.4052436351776123, 0.28415706753730774, 0.5105091333389282]
[0.5105701684951782, 0.5712831616401672, 0.42169710993766785, 0.29109856486320496, 0.5367116928100586]
[0.48018866777420044, 0.5717114210128784, 0.43045949935913086, 0.3063998520374298, 0.5235260725021362]
[0.5066916346549988, 0.5772134065628052, 0.4632563889026642, 0.28734922409057617, 0.5298671722412109]
[0.529861569404602, 0.5965381264686584, 0.41801172494888306, 0.2693980932235718, 0.5547053813934326]
[0.5063783526420593, 0.565693736076355, 0.4381559491157532, 0.3032688498497009, 0.5037179589271545]
[0.48641929030418396, 0.5550994277000427, 0.45036256313323975, 0.33404433727264404, 0.49873968958854675]
[0.49560943245887756, 0.5683673024177551, 0.43715474009513855, 0.3054806888103485, 0.5447749495506287]
[0.5135927200317383, 0.5753625631332397, 0.4085422456264496, 0.268787682056427, 0.5438949465751648]
[0.436691552400589, 0.5524653792381287, 0.4438478946685791, 0.304458886384964, 0.502527117729187]
[0.5295543670654297, 0.5607460141181946, 0.45371779799461365, 0.3090592622756958, 0.5439738631248474]
[0.5314816236495972, 0.5886542797088623, 0.41722968220710754, 0.27103936672210693, 0.5626637935638428]
[0.5506623983383179, 0.5941867232322693, 0.40757519006729126, 0.2562706172466278, 0.5687735080718994]
[0.5659124851226807, 0.5705052614212036, 0.4025651812553406, 0.2866034507751465, 0.5505099296569824]
[0.44890332221984863, 0.5541890859603882, 0.45937106013298035, 0.3424815833568573, 0.48907941579818726]
[0.48379552364349365, 0.5937032699584961, 0.41920071840286255, 0.2830924987792969, 0.4925927221775055]
[0.5139481425285339, 0.5560834407806396, 0.432137668132782, 0.29943135380744934, 0.517227828502655]
[0.5451405048370361, 0.5799071192741394, 0.4316512644290924, 0.266661137342453, 0.5196403861045837]
[0.47569772601127625, 0.561594545841217, 0.4406547546386719, 0.35527312755584717, 0.4901590943336487]
[0.3664727509021759, 0.554492712020874, 0.4789113998413086, 0.287409245967865, 0.4113079607486725]
[0.5394970178604126, 0.5782760977745056, 0.43651944398880005, 0.26916244626045227, 0.511790931224823]
[0.4715060889720917, 0.5728715658187866, 0.4708561897277832, 0.3325918912887573, 0.47739189863204956]
[0.47759824991226196, 0.5650522708892822, 0.44808995723724365, 0.3052440285682678, 0.5041080117225647]
[0.5061784386634827, 0.5815293788909912, 0.4465392529964447, 0.28224584460258484, 0.5200448036193848]
[0.4945303797721863, 0.5777397751808167, 0.45880189538002014, 0.31766071915626526, 0.5025973916053772]
[0.5312575697898865, 0.5646575093269348, 0.4285471439361572, 0.2876499593257904, 0.5542349815368652]
[0.506150484085083, 0.5816972255706787, 0.43343284726142883, 0.26474082469940186, 0.5321705341339111]
