1
新版假币又来了。开头是CE86和CH31，这次仿真水平超过HD90版。100元编号CE86、CH31、HB90、WJ1开头均为假币。50元编号FA开头的均为假币。10元编号AB77、AB88、AB99开头的均为假币，请转发给你的朋友，让更多的人知道。
[0.5525331497192383, 0.5234341025352478, 0.48955225944519043, 0.3700900077819824, 0.5602219700813293]
[0.4987202286720276, 0.5581637024879456, 0.44406095147132874, 0.31386318802833557, 0.5122509598731995]
[0.5386820435523987, 0.5307840704917908, 0.4542676508426666, 0.31555768847465515, 0.5229484438896179]
[0.5353553891181946, 0.5851202607154846, 0.41054224967956543, 0.2682839334011078, 0.5468543767929077]
[0.4339086413383484, 0.5429682731628418, 0.46694058179855347, 0.32989704608917236, 0.4903482496738434]
[0.5279299020767212, 0.5824030637741089, 0.4027767777442932, 0.2723763585090637, 0.5677484273910522]
[0.5360398888587952, 0.584168016910553, 0.4234260320663452, 0.2642444968223572, 0.5561829209327698]
[0.4836801588535309, 0.5310057401657104, 0.4789194166660309, 0.32225894927978516, 0.5172115564346313]
[0.4836801588535309, 0.5310057401657104, 0.4789194166660309, 0.32225894927978516, 0.5172115564346313]
[0.5452736616134644, 0.5461930632591248, 0.43327948451042175, 0.2848065197467804, 0.544546365737915]
[0.4934592545032501, 0.5749694108963013, 0.43626150488853455, 0.2820388674736023, 0.4921107292175293]
[0.43217116594314575, 0.5602433681488037, 0.45640698075294495, 0.2937905490398407, 0.47785788774490356]
[0.5707074403762817, 0.5960172414779663, 0.40786346793174744, 0.25324201583862305, 0.5725856423377991]
[0.465535968542099, 0.5235536694526672, 0.5083953738212585, 0.40009889006614685, 0.5187004208564758]
[0.43845394253730774, 0.5802232027053833, 0.45645174384117126, 0.30800333619117737, 0.4627227485179901]
[0.38084888458251953, 0.5723817348480225, 0.4537689983844757, 0.2887296676635742, 0.4711882770061493]
[0.5338117480278015, 0.5767449140548706, 0.4003039598464966, 0.2669839560985565, 0.5576996803283691]
[0.5096269249916077, 0.5836262106895447, 0.42756569385528564, 0.29188400506973267, 0.5045678019523621]
