1
先生，您好！有网友爆料说：“前不久免费午餐和安利合作，用400万做慈善晚宴，其中安利出280万，免费午餐出120万，后晚会总共募捐到了130万，也就是说免费午餐120万花出去，募捐回来10万元” 请问这是客观事实吗？期待您和团队的回答！谢谢
[0.46047574281692505, 0.4987332820892334, 0.49670639634132385, 0.42652174830436707, 0.4868661165237427]
[0.39213255047798157, 0.5620205998420715, 0.4641587734222412, 0.29670584201812744, 0.44038063287734985]
[0.3536585867404938, 0.561711847782135, 0.4298149049282074, 0.27608194947242737, 0.44226711988449097]
[0.5093383193016052, 0.5665433406829834, 0.4526834785938263, 0.31829211115837097, 0.5289401412010193]
[0.5130331516265869, 0.590657114982605, 0.4193006753921509, 0.28428927063941956, 0.5230390429496765]
[0.5261369347572327, 0.5482603907585144, 0.4374180734157562, 0.2932913601398468, 0.5409407019615173]
[0.5677034854888916, 0.5730307102203369, 0.4118139445781708, 0.2816013991832733, 0.5926769375801086]
[0.4447113871574402, 0.5441144704818726, 0.4478990435600281, 0.3083728849887848, 0.4722837805747986]
[0.5390792489051819, 0.5806993842124939, 0.40279293060302734, 0.2731751501560211, 0.541084349155426]
[0.5464406609535217, 0.5694471597671509, 0.41281068325042725, 0.2784329950809479, 0.5464072227478027]
[0.5361887812614441, 0.48772552609443665, 0.5760453343391418, 0.599831223487854, 0.531116783618927]
[0.5221018195152283, 0.5809482336044312, 0.40619727969169617, 0.2888600528240204, 0.5502693057060242]
[0.48037323355674744, 0.5924035906791687, 0.44852304458618164, 0.2936307191848755, 0.5189001560211182]
[0.5096458196640015, 0.5474857687950134, 0.45981940627098083, 0.2900558114051819, 0.5013099908828735]
[0.34750816226005554, 0.5560660362243652, 0.45347926020622253, 0.2995207607746124, 0.4459770917892456]
[0.5451487898826599, 0.5763320922851562, 0.4058489501476288, 0.2767470180988312, 0.5445196032524109]
[0.4647880494594574, 0.551183819770813, 0.4471452832221985, 0.31296685338020325, 0.4987888038158417]
[0.4561598002910614, 0.5748304128646851, 0.4413904547691345, 0.2797032594680786, 0.4753152132034302]
[0.5145431756973267, 0.5489063262939453, 0.45375320315361023, 0.3333269953727722, 0.5554959774017334]
[0.5476111173629761, 0.5759256482124329, 0.4244801998138428, 0.27845239639282227, 0.5478403568267822]
[0.4853317439556122, 0.5854285359382629, 0.41040879487991333, 0.26913198828697205, 0.53239905834198]
[0.5272536873817444, 0.5871959328651428, 0.40474992990493774, 0.26819518208503723, 0.5187954902648926]
[0.5324840545654297, 0.5846384167671204, 0.4256218671798706, 0.2715659737586975, 0.5433948040008545]
[0.4409683644771576, 0.5533576607704163, 0.46680036187171936, 0.30591073632240295, 0.47648999094963074]
[0.494993656873703, 0.57355797290802, 0.44136324524879456, 0.28500983119010925, 0.5296882390975952]
[0.42222118377685547, 0.5594177842140198, 0.46000203490257263, 0.3048178553581238, 0.478493869304657]
[0.5461224913597107, 0.5780118703842163, 0.41657891869544983, 0.2636308968067169, 0.5649212002754211]
[0.5273253917694092, 0.5279471278190613, 0.4681081771850586, 0.4157286584377289, 0.5692587494850159]
[0.5357527136802673, 0.5780959725379944, 0.4011203646659851, 0.26794615387916565, 0.5593790411949158]
[0.5011444687843323, 0.5449546575546265, 0.4821487367153168, 0.3833044767379761, 0.5335615277290344]
[0.46988242864608765, 0.547918975353241, 0.4830628037452698, 0.3287144899368286, 0.4926883280277252]
[0.4567394256591797, 0.5073651671409607, 0.5341363549232483, 0.4737280607223511, 0.5379685759544373]
[0.5139850974082947, 0.5170958042144775, 0.4481336772441864, 0.31035852432250977, 0.5182035565376282]
[0.4503483474254608, 0.5116281509399414, 0.5255825519561768, 0.42015495896339417, 0.45901361107826233]
[0.49507206678390503, 0.5444861650466919, 0.4561614692211151, 0.3137145936489105, 0.47796642780303955]
[0.5510756373405457, 0.5715138912200928, 0.4365409314632416, 0.28048446774482727, 0.5516730546951294]
[0.44168320298194885, 0.4979743957519531, 0.5099671483039856, 0.3971017301082611, 0.4656103849411011]
[0.512608528137207, 0.5632234811782837, 0.44202327728271484, 0.31007352471351624, 0.5185470581054688]
[0.5439121723175049, 0.5853744745254517, 0.43454328179359436, 0.2687207758426666, 0.5637962222099304]
[0.43649759888648987, 0.5675882697105408, 0.45818307995796204, 0.3049917221069336, 0.5180647373199463]
[0.5410356521606445, 0.5602136850357056, 0.43144041299819946, 0.29881957173347473, 0.5336390137672424]
[0.47441941499710083, 0.5840791463851929, 0.44724810123443604, 0.2845224142074585, 0.5168268084526062]
[0.46220263838768005, 0.5548877716064453, 0.4652499854564667, 0.3157244622707367, 0.5108080506324768]
[0.5388475656509399, 0.5734550356864929, 0.41563302278518677, 0.2964833974838257, 0.5472214221954346]
[0.5326883792877197, 0.5773229598999023, 0.40289852023124695, 0.26350343227386475, 0.5461734533309937]
[0.38024309277534485, 0.4946892559528351, 0.5874783992767334, 0.6694703102111816, 0.48260483145713806]
[0.49530890583992004, 0.548513650894165, 0.4289436936378479, 0.2884742319583893, 0.5194864273071289]
[0.49354857206344604, 0.5545360445976257, 0.4643763601779938, 0.3130488693714142, 0.5090187191963196]
[0.3681696355342865, 0.5630155801773071, 0.44367003440856934, 0.2779144048690796, 0.45403996109962463]
[0.4889661371707916, 0.5223318934440613, 0.5029821395874023, 0.38551098108291626, 0.5075640678405762]
[0.4763614535331726, 0.5660220384597778, 0.449479341506958, 0.2724359929561615, 0.49625810980796814]
[0.558186948299408, 0.49779969453811646, 0.5745781064033508, 0.4750046133995056, 0.5972618460655212]
[0.5114642977714539, 0.5374017953872681, 0.5030925869941711, 0.3803477883338928, 0.5263100266456604]
[0.5442235469818115, 0.5540023446083069, 0.46356678009033203, 0.2821269631385803, 0.513068437576294]
[0.4157745838165283, 0.5174456834793091, 0.5048078894615173, 0.37817108631134033, 0.4524809718132019]
[0.39315304160118103, 0.48741257190704346, 0.6085803508758545, 0.6742545366287231, 0.4710293114185333]
[0.4620744287967682, 0.5604807138442993, 0.46087732911109924, 0.32983556389808655, 0.4842524826526642]
[0.49830400943756104, 0.52712482213974, 0.4649978280067444, 0.3382035195827484, 0.48026278614997864]
[0.4858582019805908, 0.5396904945373535, 0.4695557653903961, 0.3211807608604431, 0.5144078731536865]
[0.5172647833824158, 0.5367836356163025, 0.47121313214302063, 0.32524076104164124, 0.5180283188819885]
[0.43916061520576477, 0.5710299611091614, 0.4540655314922333, 0.29147395491600037, 0.5009223818778992]
[0.4501931667327881, 0.5819311141967773, 0.44501975178718567, 0.2982936203479767, 0.4877775013446808]
[0.461830198764801, 0.575680673122406, 0.4416545331478119, 0.29968851804733276, 0.4721795618534088]
[0.5160178542137146, 0.5895063281059265, 0.4181462824344635, 0.26784566044807434, 0.5280237793922424]
[0.46127232909202576, 0.550115168094635, 0.49746575951576233, 0.3377179801464081, 0.49798789620399475]
[0.41485095024108887, 0.5144414901733398, 0.5061419010162354, 0.41554704308509827, 0.45587217807769775]
[0.5023630261421204, 0.5474755167961121, 0.46582913398742676, 0.33559495210647583, 0.5003514289855957]
[0.5210119485855103, 0.5603439807891846, 0.40692761540412903, 0.30946171283721924, 0.5239112973213196]
[0.5245043635368347, 0.5326748490333557, 0.4335136115550995, 0.3364918828010559, 0.5349559783935547]
[0.4491625428199768, 0.520540714263916, 0.518562376499176, 0.4266778528690338, 0.47511038184165955]
[0.49157458543777466, 0.5450511574745178, 0.45117032527923584, 0.3178592920303345, 0.5026314854621887]
[0.5263457298278809, 0.5321218967437744, 0.44444265961647034, 0.3155185282230377, 0.539638102054596]
[0.5324307680130005, 0.5301926136016846, 0.48272356390953064, 0.3721705675125122, 0.546023964881897]
[0.4681808650493622, 0.5213497281074524, 0.5027965903282166, 0.3799324929714203, 0.4998425245285034]
[0.41586509346961975, 0.517528235912323, 0.5334362387657166, 0.5153892040252686, 0.4735855758190155]
[0.4953405559062958, 0.5362451076507568, 0.47376593947410583, 0.3441649079322815, 0.5208762884140015]
[0.5038837790489197, 0.5409395098686218, 0.4618399739265442, 0.2824820578098297, 0.5232406258583069]
[0.47723388671875, 0.5202422738075256, 0.4985256791114807, 0.4046574831008911, 0.4790538251399994]
[0.5254188776016235, 0.5396174788475037, 0.4453173279762268, 0.3272358477115631, 0.5314040184020996]
[0.497920960187912, 0.5085662007331848, 0.5004429817199707, 0.4150307774543762, 0.5158491730690002]
[0.5483417510986328, 0.5436215400695801, 0.42085981369018555, 0.2952204644680023, 0.5450727939605713]
[0.5677855014801025, 0.5741678476333618, 0.3790414035320282, 0.25205275416374207, 0.5461403131484985]
[0.5089418888092041, 0.5363366007804871, 0.4557814300060272, 0.330057829618454, 0.5400975942611694]
[0.4189586639404297, 0.5354630351066589, 0.44542115926742554, 0.28925272822380066, 0.44327056407928467]
[0.47226929664611816, 0.5728393793106079, 0.4530159533023834, 0.3164953291416168, 0.5080648064613342]
[0.5470287203788757, 0.5564843416213989, 0.4604949355125427, 0.35596323013305664, 0.511134147644043]
[0.5281838178634644, 0.5944190621376038, 0.42588067054748535, 0.2749827802181244, 0.5269945859909058]
[0.49467840790748596, 0.5429004430770874, 0.46710044145584106, 0.36007848381996155, 0.5048534870147705]
[0.5382031202316284, 0.5863085389137268, 0.4162900745868683, 0.2723270654678345, 0.5561426877975464]
[0.49753621220588684, 0.5426744818687439, 0.4643385410308838, 0.3479934334754944, 0.5022314786911011]
[0.5187088251113892, 0.5295979976654053, 0.44009941816329956, 0.31300801038742065, 0.5467686057090759]
[0.5216550230979919, 0.5593519806861877, 0.4384112060070038, 0.2833606004714966, 0.5443575382232666]
[0.5209269523620605, 0.5646900534629822, 0.4344049394130707, 0.27818596363067627, 0.5544866323471069]
[0.5150344967842102, 0.5351677536964417, 0.47026532888412476, 0.3319568336009979, 0.500226616859436]
[0.5065237283706665, 0.5788620114326477, 0.44326868653297424, 0.2778322398662567, 0.5262438654899597]
