1
【阿司匹林】在睡眠时心脏病突发, 剧烈胸疼足以把人从沉睡中痛醒, 立刻口含两颗阿司匹林嚼碎了咽下去，接着立刻联络急救中心，然后坐在椅子或沙发上静候援助，千万别躺下！心脏科医师强调，如果每个看到这条微博的人， 能够转发10份给其他人，肯定至少有一条命将会被救回。 请扩散！
[0.5323875546455383, 0.5061349868774414, 0.49141377210617065, 0.4236930012702942, 0.5721035003662109]
[0.38084888458251953, 0.5723817348480225, 0.4537689983844757, 0.2887296676635742, 0.4711882770061493]
[0.48594173789024353, 0.5715168714523315, 0.4409475028514862, 0.31182312965393066, 0.516068696975708]
[0.5359944701194763, 0.5825049877166748, 0.41244903206825256, 0.26725539565086365, 0.5338192582130432]
[0.4996010363101959, 0.5779752731323242, 0.4194614887237549, 0.2959947884082794, 0.5192316770553589]
[0.5359944701194763, 0.5825049877166748, 0.41244903206825256, 0.26725539565086365, 0.5338192582130432]
[0.4551995098590851, 0.5922648310661316, 0.4540148973464966, 0.29140207171440125, 0.4736001789569855]
[0.436398983001709, 0.5779030919075012, 0.4910983443260193, 0.3259291350841522, 0.5088028907775879]
[0.4950147569179535, 0.566582202911377, 0.4252603054046631, 0.289504736661911, 0.5119991302490234]
[0.45610979199409485, 0.549895167350769, 0.46674594283103943, 0.29355388879776, 0.5287138223648071]
[0.4958180785179138, 0.5644900798797607, 0.4243001639842987, 0.31019529700279236, 0.4934732913970947]
[0.5386254787445068, 0.5884461998939514, 0.41596680879592896, 0.24830585718154907, 0.5690349340438843]
[0.4089055061340332, 0.5784577131271362, 0.45308005809783936, 0.2784103751182556, 0.48602575063705444]
[0.528118908405304, 0.5852379202842712, 0.43063226342201233, 0.2623966634273529, 0.5555712580680847]
[0.4014793038368225, 0.569558322429657, 0.458955854177475, 0.29885298013687134, 0.46587464213371277]
[0.3139108121395111, 0.56053626537323, 0.4509721100330353, 0.2867964208126068, 0.4229436218738556]
[0.47985953092575073, 0.5861272215843201, 0.41600361466407776, 0.2714333236217499, 0.5083557963371277]
[0.5136300325393677, 0.5524527430534363, 0.450984925031662, 0.29204559326171875, 0.5383672118186951]
[0.4439730644226074, 0.5525459051132202, 0.4765595495700836, 0.30337709188461304, 0.5202041268348694]
[0.35272935032844543, 0.57756108045578, 0.4564403295516968, 0.3002152442932129, 0.44867509603500366]
[0.4089055061340332, 0.5784577131271362, 0.45308005809783936, 0.2784103751182556, 0.48602575063705444]
[0.5613324046134949, 0.5737791657447815, 0.40856924653053284, 0.2545585334300995, 0.5687971711158752]
[0.5325873494148254, 0.5880876183509827, 0.42129048705101013, 0.2533036768436432, 0.5475322008132935]
[0.5325873494148254, 0.5880876183509827, 0.42129048705101013, 0.2533036768436432, 0.5475322008132935]
[0.5690295696258545, 0.5359545350074768, 0.43216028809547424, 0.2884120047092438, 0.568325936794281]
[0.5004034042358398, 0.5782150626182556, 0.4413691759109497, 0.2700614035129547, 0.5254084467887878]
[0.509245753288269, 0.5746938586235046, 0.42008212208747864, 0.27138400077819824, 0.5373514890670776]
[0.5208978652954102, 0.5623548626899719, 0.4529828429222107, 0.3038009703159332, 0.5088217258453369]
[0.5132416486740112, 0.5765411257743835, 0.4204089343547821, 0.2780870497226715, 0.5275075435638428]
[0.4644891917705536, 0.5760709643363953, 0.46030279994010925, 0.3285196125507355, 0.5133364796638489]
[0.4414505660533905, 0.5720164775848389, 0.4522358477115631, 0.3096686005592346, 0.5100983381271362]
[0.532475471496582, 0.5655434727668762, 0.41917699575424194, 0.2556023895740509, 0.5353220701217651]
[0.5325873494148254, 0.5880876183509827, 0.42129048705101013, 0.2533036768436432, 0.5475322008132935]
[0.5006605982780457, 0.5719724893569946, 0.4332031309604645, 0.29817408323287964, 0.49897071719169617]
[0.3525565266609192, 0.5549966096878052, 0.4557444751262665, 0.29298844933509827, 0.43208077549934387]
[0.3525565266609192, 0.5549966096878052, 0.4557444751262665, 0.29298844933509827, 0.43208077549934387]
[0.5170198082923889, 0.5719574093818665, 0.4365955889225006, 0.27786535024642944, 0.5515296459197998]
[0.5384196043014526, 0.5900314450263977, 0.4386093020439148, 0.28639164566993713, 0.5693938732147217]
[0.48731061816215515, 0.5909108519554138, 0.43158838152885437, 0.2863759398460388, 0.5115746259689331]
[0.528118908405304, 0.5852379202842712, 0.43063226342201233, 0.2623966634273529, 0.5555712580680847]
[0.5292607545852661, 0.571061372756958, 0.419076144695282, 0.27241960167884827, 0.5556628704071045]
[0.5038973689079285, 0.587378978729248, 0.40642327070236206, 0.2676316797733307, 0.5322965383529663]
[0.4794519245624542, 0.5692566633224487, 0.44438737630844116, 0.2989232540130615, 0.5280503630638123]
[0.5325873494148254, 0.5880876183509827, 0.42129048705101013, 0.2533036768436432, 0.5475322008132935]
[0.402288556098938, 0.5905177593231201, 0.44589176774024963, 0.28131723403930664, 0.4771340489387512]
[0.5370659828186035, 0.582029402256012, 0.44882819056510925, 0.27160531282424927, 0.5478818416595459]
[0.49819183349609375, 0.5695810914039612, 0.4092336595058441, 0.28381651639938354, 0.5330636501312256]
[0.3601253628730774, 0.5588699579238892, 0.4370354115962982, 0.2802875339984894, 0.4537184536457062]
[0.48662859201431274, 0.5780473947525024, 0.44094395637512207, 0.3068375885486603, 0.517450213432312]
[0.5093457698822021, 0.5876648426055908, 0.4191682040691376, 0.2787339985370636, 0.530184805393219]
[0.47172531485557556, 0.5771894454956055, 0.45230647921562195, 0.30402761697769165, 0.5198848843574524]
[0.3525565266609192, 0.5549966096878052, 0.4557444751262665, 0.29298844933509827, 0.43208077549934387]
[0.5143315196037292, 0.5480039119720459, 0.4412495791912079, 0.31315580010414124, 0.5070521831512451]
[0.5008894205093384, 0.5425121784210205, 0.47360309958457947, 0.3699531555175781, 0.5071132183074951]
[0.36009731888771057, 0.55852210521698, 0.46835485100746155, 0.3164057433605194, 0.4326237738132477]
[0.5253722667694092, 0.5617316961288452, 0.43443167209625244, 0.29438257217407227, 0.5144045948982239]
[0.49822676181793213, 0.550092339515686, 0.4334075450897217, 0.3109399676322937, 0.49076196551322937]
[0.40025946497917175, 0.5434929132461548, 0.4479711949825287, 0.31841954588890076, 0.4591919779777527]
[0.4917965829372406, 0.5642513632774353, 0.44473153352737427, 0.292820006608963, 0.504958987236023]
[0.3525565266609192, 0.5549966096878052, 0.4557444751262665, 0.29298844933509827, 0.43208077549934387]
[0.4755237102508545, 0.5938897728919983, 0.43617796897888184, 0.25363796949386597, 0.5189237594604492]
[0.46144288778305054, 0.5369455814361572, 0.4529019296169281, 0.33915331959724426, 0.49937766790390015]
[0.5325873494148254, 0.5880876183509827, 0.42129048705101013, 0.2533036768436432, 0.5475322008132935]
[0.510421097278595, 0.5801152586936951, 0.43231093883514404, 0.29189857840538025, 0.5449271202087402]
[0.5685380101203918, 0.5512712597846985, 0.43961989879608154, 0.3015820384025574, 0.5544520020484924]
[0.4934166967868805, 0.5868629217147827, 0.4470164477825165, 0.28823122382164, 0.4850083887577057]
[0.4659089744091034, 0.5618245601654053, 0.4595252275466919, 0.3210957944393158, 0.5318509340286255]
[0.538827657699585, 0.527687668800354, 0.49114078283309937, 0.4252696931362152, 0.5293934345245361]
[0.44161340594291687, 0.5783250331878662, 0.455453485250473, 0.30567875504493713, 0.467227965593338]
[0.5325873494148254, 0.5880876183509827, 0.42129048705101013, 0.2533036768436432, 0.5475322008132935]
[0.3601253628730774, 0.5588699579238892, 0.4370354115962982, 0.2802875339984894, 0.4537184536457062]
[0.35272935032844543, 0.57756108045578, 0.4564403295516968, 0.3002152442932129, 0.44867509603500366]
[0.5437143445014954, 0.5944238305091858, 0.4122130572795868, 0.2500787079334259, 0.5690805912017822]
[0.528118908405304, 0.5852379202842712, 0.43063226342201233, 0.2623966634273529, 0.5555712580680847]
[0.5325873494148254, 0.5880876183509827, 0.42129048705101013, 0.2533036768436432, 0.5475322008132935]
[0.3525565266609192, 0.5549966096878052, 0.4557444751262665, 0.29298844933509827, 0.43208077549934387]
[0.4089055061340332, 0.5784577131271362, 0.45308005809783936, 0.2784103751182556, 0.48602575063705444]
[0.4803957939147949, 0.5403499603271484, 0.4724530577659607, 0.38096150755882263, 0.5003435015678406]
[0.538105845451355, 0.5879831314086914, 0.41182050108909607, 0.26826104521751404, 0.5607741475105286]
[0.5085778832435608, 0.5941634178161621, 0.43843746185302734, 0.3079201281070709, 0.5372860431671143]
[0.5325873494148254, 0.5880876183509827, 0.42129048705101013, 0.2533036768436432, 0.5475322008132935]
[0.48593369126319885, 0.577058732509613, 0.4522586762905121, 0.31052345037460327, 0.519398033618927]
[0.3525565266609192, 0.5549966096878052, 0.4557444751262665, 0.29298844933509827, 0.43208077549934387]
[0.5295900106430054, 0.5926889181137085, 0.4220169484615326, 0.25753217935562134, 0.5628342628479004]
[0.5044606924057007, 0.5550330877304077, 0.4296378195285797, 0.3676831126213074, 0.5229493975639343]
[0.5325873494148254, 0.5880876183509827, 0.42129048705101013, 0.2533036768436432, 0.5475322008132935]
[0.4547320604324341, 0.569023847579956, 0.4364457130432129, 0.3255592882633209, 0.48127302527427673]
[0.46683943271636963, 0.587967038154602, 0.44354572892189026, 0.28898513317108154, 0.5260834693908691]
[0.39203938841819763, 0.5776962637901306, 0.46261146664619446, 0.30288541316986084, 0.46955639123916626]
[0.5179608464241028, 0.5628402233123779, 0.41704779863357544, 0.2914830148220062, 0.5373506546020508]
[0.48995959758758545, 0.5882102251052856, 0.4360218942165375, 0.2700733244419098, 0.536587119102478]
[0.5182236433029175, 0.5170469880104065, 0.4588269293308258, 0.3316921293735504, 0.5515291094779968]
[0.3601253628730774, 0.5588699579238892, 0.4370354115962982, 0.2802875339984894, 0.4537184536457062]
[0.5386254787445068, 0.5884461998939514, 0.41596680879592896, 0.24830585718154907, 0.5690349340438843]
[0.43564122915267944, 0.5618467926979065, 0.4745674431324005, 0.3473759591579437, 0.4958033561706543]
[0.49025624990463257, 0.5791881680488586, 0.43188297748565674, 0.29184743762016296, 0.5482211709022522]
[0.481694757938385, 0.5626204013824463, 0.4433748722076416, 0.3220274746417999, 0.49646538496017456]
[0.5640655755996704, 0.5776913166046143, 0.4045541286468506, 0.23712992668151855, 0.5858005285263062]
[0.49642667174339294, 0.5822112560272217, 0.43456169962882996, 0.2630503177642822, 0.5531877875328064]
[0.511618435382843, 0.5724495649337769, 0.4386617839336395, 0.28999167680740356, 0.5326382517814636]
[0.4755237102508545, 0.5938897728919983, 0.43617796897888184, 0.25363796949386597, 0.5189237594604492]
