1
【坑爹交通新规】1.闯黄灯、闯红灯，6分，100元；2.酒驾，12分，5年内不得再考驾照；3.不系安全带，3分，100元；4.副驾不系安全带，1分，50元；5.行驶中拨打手机，3分，100元；6.行驶中抽烟，1分，100元；7.有意遮挡号牌，12分，顶额处罚；8.超速驾驶，6分；9.副驾驶有不满14周岁乘坐的，6分，300元。
[0.5124902129173279, 0.537358283996582, 0.5224965214729309, 0.41434887051582336, 0.5648252367973328]
[0.36718448996543884, 0.5647724270820618, 0.4945612847805023, 0.3357868790626526, 0.455135315656662]
[0.434255450963974, 0.5427632927894592, 0.4748503863811493, 0.3260849416255951, 0.48732230067253113]
[0.49693283438682556, 0.5146423578262329, 0.4821019172668457, 0.3927762806415558, 0.5090844631195068]
[0.446458637714386, 0.565096914768219, 0.4428931176662445, 0.298732191324234, 0.4999234080314636]
[0.4799152612686157, 0.5594832897186279, 0.43557339906692505, 0.290446013212204, 0.5167230367660522]
[0.3783750534057617, 0.5377490520477295, 0.4642374813556671, 0.33401408791542053, 0.4501236081123352]
[0.46747952699661255, 0.5445953607559204, 0.45934218168258667, 0.33663830161094666, 0.5043416619300842]
[0.5413877367973328, 0.5374987721443176, 0.4331206977367401, 0.2912940979003906, 0.5514918565750122]
[0.4981653392314911, 0.586291491985321, 0.4130634367465973, 0.27747800946235657, 0.5251455903053284]
[0.5466549396514893, 0.5700832009315491, 0.41214895248413086, 0.26844581961631775, 0.5352970361709595]
[0.5122100114822388, 0.5768168568611145, 0.4120461642742157, 0.2667083442211151, 0.5395333170890808]
[0.5142225623130798, 0.5616129636764526, 0.40919971466064453, 0.286620557308197, 0.517772912979126]
[0.5287383198738098, 0.5262030959129333, 0.46568793058395386, 0.3537062108516693, 0.5333866477012634]
[0.434255450963974, 0.5427632927894592, 0.4748503863811493, 0.3260849416255951, 0.48732230067253113]
[0.47648829221725464, 0.5586045980453491, 0.4472639560699463, 0.325497031211853, 0.49871116876602173]
[0.4867449998855591, 0.566469132900238, 0.43331027030944824, 0.28099533915519714, 0.5095456838607788]
[0.4247756004333496, 0.5782074928283691, 0.4490647315979004, 0.2731862962245941, 0.4997544288635254]
[0.43403273820877075, 0.5305507779121399, 0.5119093656539917, 0.4245956838130951, 0.47410568594932556]
[0.45730891823768616, 0.5307847261428833, 0.45450451970100403, 0.30155959725379944, 0.48372456431388855]
[0.44411590695381165, 0.5324504375457764, 0.456192284822464, 0.34317049384117126, 0.4912654459476471]
[0.5354865789413452, 0.5888907313346863, 0.41922876238822937, 0.2605830132961273, 0.5253303050994873]
[0.5647692680358887, 0.5399951934814453, 0.4587131142616272, 0.2974693477153778, 0.5208269357681274]
[0.5209246873855591, 0.5854716300964355, 0.4109135568141937, 0.2807520925998688, 0.5398833155632019]
[0.47228381037712097, 0.5640403032302856, 0.4356451630592346, 0.35823071002960205, 0.5244801044464111]
[0.5106639862060547, 0.5831007361412048, 0.4133283495903015, 0.2815224230289459, 0.5379273891448975]
[0.4906679391860962, 0.5812228322029114, 0.4204446077346802, 0.2761880159378052, 0.5027510523796082]
[0.5404911637306213, 0.5775552988052368, 0.4207621216773987, 0.2774171531200409, 0.5678116679191589]
[0.46209973096847534, 0.560062825679779, 0.42035165429115295, 0.27489611506462097, 0.4754510223865509]
[0.5187511444091797, 0.5657637715339661, 0.4381132125854492, 0.2819228768348694, 0.518878698348999]
[0.5794029831886292, 0.5390704870223999, 0.41577857732772827, 0.29548606276512146, 0.5954200029373169]
[0.5517464280128479, 0.5202443599700928, 0.4577293395996094, 0.3450923264026642, 0.5062411427497864]
