1
重庆这回又出名了【周克华生死不明】近日，某组织调查员从段志鹏的同学、同事和亲友处，直级而非间接地，得到了不容置疑和最明确的答覆：“段志鹏，死了！”而周克华生死不明。现场死者，是湖南省长沙市雨花公安分局雨花派出所的民警段志鹏。图为段父母喊冤，段父是资深警官
[0.5185952186584473, 0.5590639710426331, 0.48213085532188416, 0.31101301312446594, 0.5376529097557068]
[0.506348192691803, 0.5093477964401245, 0.45707082748413086, 0.3719349205493927, 0.5129295587539673]
[0.448994904756546, 0.5782154202461243, 0.4208793044090271, 0.27681803703308105, 0.49035128951072693]
[0.5467106699943542, 0.579529881477356, 0.41874992847442627, 0.25691351294517517, 0.5732977390289307]
[0.45429933071136475, 0.5903477072715759, 0.4612334668636322, 0.26865634322166443, 0.5083881616592407]
[0.5268789529800415, 0.5868507027626038, 0.44236117601394653, 0.27966979146003723, 0.5416578650474548]
[0.43086016178131104, 0.5460991859436035, 0.4963143467903137, 0.3499452471733093, 0.488838255405426]
[0.5576242208480835, 0.5875967741012573, 0.40774357318878174, 0.2572237253189087, 0.5628207325935364]
[0.5132670402526855, 0.5934965014457703, 0.4420536458492279, 0.27757078409194946, 0.5219869613647461]
[0.5258028507232666, 0.5578093528747559, 0.44554418325424194, 0.2907927334308624, 0.5253114104270935]
[0.4090421199798584, 0.5594003200531006, 0.4516752362251282, 0.31255900859832764, 0.4357629120349884]
[0.4803781807422638, 0.5727162957191467, 0.45902130007743835, 0.3127870559692383, 0.5291227698326111]
[0.43267300724983215, 0.5425232648849487, 0.4731518626213074, 0.30682381987571716, 0.47043895721435547]
[0.42603054642677307, 0.5613785982131958, 0.4564002454280853, 0.29733806848526, 0.4892845153808594]
[0.4294924736022949, 0.5803290605545044, 0.4365004897117615, 0.2778374254703522, 0.467949241399765]
[0.507203221321106, 0.5742253661155701, 0.44009366631507874, 0.3014013469219208, 0.5318123698234558]
[0.5781469345092773, 0.5859339833259583, 0.39225322008132935, 0.25105318427085876, 0.5771957039833069]
[0.5574203729629517, 0.5891329050064087, 0.444689005613327, 0.26704612374305725, 0.5749378204345703]
[0.5411900877952576, 0.5884541273117065, 0.43880146741867065, 0.2942470610141754, 0.5452009439468384]
[0.5159546732902527, 0.5924538373947144, 0.4183056652545929, 0.2616354823112488, 0.5345652103424072]
[0.5313576459884644, 0.6026405096054077, 0.4191370904445648, 0.2678663730621338, 0.5368920564651489]
[0.5595993399620056, 0.5375957489013672, 0.43550390005111694, 0.28276652097702026, 0.5396643280982971]
[0.5502562522888184, 0.5681448578834534, 0.3895566165447235, 0.26632317900657654, 0.5711522102355957]
[0.532329797744751, 0.5746803283691406, 0.4223060607910156, 0.31676721572875977, 0.5218064188957214]
[0.5811979174613953, 0.5590242743492126, 0.41776400804519653, 0.2842838764190674, 0.5715833306312561]
[0.42829254269599915, 0.5596067905426025, 0.46055182814598083, 0.32085752487182617, 0.47039327025413513]
[0.5297896862030029, 0.5609061121940613, 0.44071120023727417, 0.29942587018013, 0.5527549386024475]
[0.518126368522644, 0.5680078268051147, 0.4234108030796051, 0.28826677799224854, 0.5371027588844299]
[0.48558464646339417, 0.5592525601387024, 0.49124789237976074, 0.32820993661880493, 0.5421977043151855]
[0.526249349117279, 0.5422613024711609, 0.45900899171829224, 0.3577324450016022, 0.5403360724449158]
[0.474873811006546, 0.5709584951400757, 0.4285130798816681, 0.32088106870651245, 0.4730857014656067]
[0.5078368186950684, 0.5690827369689941, 0.4182787239551544, 0.28373047709465027, 0.5237148404121399]
[0.4487622082233429, 0.5716210603713989, 0.4600348174571991, 0.3031274080276489, 0.45275557041168213]
[0.4696716368198395, 0.5549660325050354, 0.4583151936531067, 0.33449068665504456, 0.5066695213317871]
[0.47372299432754517, 0.5274102091789246, 0.48312556743621826, 0.39156630635261536, 0.5084468126296997]
[0.5581741333007812, 0.5441931486129761, 0.4790330231189728, 0.35298600792884827, 0.529110312461853]
[0.5896202325820923, 0.6009964942932129, 0.3933485150337219, 0.243545264005661, 0.5743495225906372]
[0.4189586639404297, 0.5354630351066589, 0.44542115926742554, 0.28925272822380066, 0.44327056407928467]
[0.46661871671676636, 0.5836977958679199, 0.436079204082489, 0.27481111884117126, 0.4732847213745117]
[0.594815731048584, 0.5818422436714172, 0.40158379077911377, 0.24790944159030914, 0.6072102189064026]
[0.4189586639404297, 0.5354630351066589, 0.44542115926742554, 0.28925272822380066, 0.44327056407928467]
[0.5481877326965332, 0.5946312546730042, 0.4127618074417114, 0.24726763367652893, 0.5697609186172485]
[0.5370755195617676, 0.5739754438400269, 0.4486323297023773, 0.30675753951072693, 0.538564145565033]
[0.44876885414123535, 0.5404362678527832, 0.5002139210700989, 0.40319129824638367, 0.48570695519447327]
[0.5335190296173096, 0.5853165984153748, 0.41649770736694336, 0.28945913910865784, 0.5208126306533813]
[0.5034998059272766, 0.5720197558403015, 0.4298422038555145, 0.30398914217948914, 0.48383280634880066]
[0.5081255435943604, 0.5756791830062866, 0.45423781871795654, 0.3270820677280426, 0.5027313232421875]
[0.505612850189209, 0.5672457814216614, 0.42308253049850464, 0.27803823351860046, 0.5377669334411621]
[0.4189586639404297, 0.5354630351066589, 0.44542115926742554, 0.28925272822380066, 0.44327056407928467]
[0.5073582530021667, 0.5549277663230896, 0.43901848793029785, 0.32798677682876587, 0.5403754711151123]
[0.48379552364349365, 0.5937032699584961, 0.41920071840286255, 0.2830924987792969, 0.4925927221775055]
[0.4727992117404938, 0.550140917301178, 0.454847127199173, 0.3035963177680969, 0.4852840304374695]
[0.5031958818435669, 0.5378122925758362, 0.4821680784225464, 0.3777608275413513, 0.5451325178146362]
[0.5501174330711365, 0.5847133994102478, 0.4340440630912781, 0.2679384648799896, 0.5609579086303711]
[0.5051677227020264, 0.5366297364234924, 0.4865994155406952, 0.3502996563911438, 0.5150688290596008]
[0.5510793328285217, 0.5797843933105469, 0.3951072096824646, 0.27263814210891724, 0.5524799227714539]
[0.48336800932884216, 0.5486804842948914, 0.46266883611679077, 0.3408381938934326, 0.4770187735557556]
[0.5522177219390869, 0.5830165147781372, 0.4054393768310547, 0.2514895796775818, 0.5687549710273743]
[0.41890424489974976, 0.5850306153297424, 0.4443127512931824, 0.2831730246543884, 0.47026100754737854]
[0.4487622082233429, 0.5716210603713989, 0.4600348174571991, 0.3031274080276489, 0.45275557041168213]
[0.5550665855407715, 0.5536332726478577, 0.4104587435722351, 0.27432799339294434, 0.5510997772216797]
[0.6447618007659912, 0.5129294991493225, 0.6069669723510742, 0.6400999426841736, 0.6250627040863037]
[0.46819841861724854, 0.5290758609771729, 0.46045708656311035, 0.32854583859443665, 0.4681534767150879]
[0.49620550870895386, 0.5542252659797668, 0.46996045112609863, 0.326364129781723, 0.5215001106262207]
[0.5227066278457642, 0.5532088875770569, 0.4311126470565796, 0.30245956778526306, 0.5444917678833008]
[0.5053219795227051, 0.5698138475418091, 0.4426535964012146, 0.3095238506793976, 0.5089371204376221]
[0.4487622082233429, 0.5716210603713989, 0.4600348174571991, 0.3031274080276489, 0.45275557041168213]
[0.4477039873600006, 0.5621259212493896, 0.4466918706893921, 0.34068310260772705, 0.48220551013946533]
[0.36347439885139465, 0.5405830144882202, 0.47358179092407227, 0.34062016010284424, 0.439229279756546]
[0.4985477328300476, 0.5931411385536194, 0.4268622398376465, 0.2883148491382599, 0.49974191188812256]
[0.4212711751461029, 0.5292072296142578, 0.48869335651397705, 0.36600515246391296, 0.49611371755599976]
[0.5103481411933899, 0.5576140880584717, 0.4510403871536255, 0.3225153386592865, 0.4970099925994873]
[0.40617290139198303, 0.5721001029014587, 0.45987820625305176, 0.3161650598049164, 0.4728088080883026]
[0.49692249298095703, 0.6007773876190186, 0.4522540867328644, 0.28067705035209656, 0.5132925510406494]
[0.49747002124786377, 0.5726183652877808, 0.4263642728328705, 0.2870649993419647, 0.4682333171367645]
[0.5119593143463135, 0.569097101688385, 0.4254128038883209, 0.2994369566440582, 0.515618622303009]
[0.48096105456352234, 0.5518816113471985, 0.4442172348499298, 0.3250487148761749, 0.4984104037284851]
[0.5309619307518005, 0.5606123805046082, 0.4604937732219696, 0.31144604086875916, 0.5570398569107056]
[0.5244601368904114, 0.5871192812919617, 0.4483538269996643, 0.2947666049003601, 0.5293501019477844]
[0.5794220566749573, 0.5810022950172424, 0.37893107533454895, 0.23903946578502655, 0.5784790515899658]
[0.5435613393783569, 0.5306429862976074, 0.438722163438797, 0.30653637647628784, 0.5307980179786682]
[0.5077411532402039, 0.5527634620666504, 0.4729463756084442, 0.3628472089767456, 0.5214735865592957]
[0.4421963393688202, 0.537216305732727, 0.4605025351047516, 0.367069810628891, 0.45979276299476624]
[0.5896202325820923, 0.6009964942932129, 0.3933485150337219, 0.243545264005661, 0.5743495225906372]
[0.5265185832977295, 0.5493617653846741, 0.4800757169723511, 0.356964111328125, 0.5437273979187012]
[0.5502533316612244, 0.5312448740005493, 0.41978147625923157, 0.28317323327064514, 0.554564893245697]
[0.5132670402526855, 0.5934965014457703, 0.4420536458492279, 0.27757078409194946, 0.5219869613647461]
[0.44452542066574097, 0.5656055808067322, 0.42767074704170227, 0.3127005100250244, 0.5196487903594971]
[0.5433715581893921, 0.5697375535964966, 0.4497504234313965, 0.3169686496257782, 0.5207964777946472]
[0.41292741894721985, 0.5526029467582703, 0.4688768982887268, 0.3204781413078308, 0.49713534116744995]
[0.4595528542995453, 0.5543791651725769, 0.47543439269065857, 0.3679787814617157, 0.49680864810943604]
[0.3880086839199066, 0.5540907979011536, 0.43499287962913513, 0.2881982624530792, 0.4370020925998688]
[0.48219025135040283, 0.5611575841903687, 0.4248092472553253, 0.2893102467060089, 0.48969611525535583]
[0.5525513291358948, 0.5466101765632629, 0.44301164150238037, 0.29206383228302, 0.5418858528137207]
[0.38384491205215454, 0.5383278131484985, 0.48253774642944336, 0.3191828429698944, 0.4355238676071167]
[0.41890424489974976, 0.5850306153297424, 0.4443127512931824, 0.2831730246543884, 0.47026100754737854]
[0.4474121034145355, 0.5492140054702759, 0.46268430352211, 0.3041152060031891, 0.4907372295856476]
[0.552111804485321, 0.5777013897895813, 0.42243286967277527, 0.26946982741355896, 0.5236706137657166]
[0.6286411881446838, 0.5189725756645203, 0.44536101818084717, 0.3235274851322174, 0.5988548398017883]
[0.5133004784584045, 0.5766196250915527, 0.44646453857421875, 0.3108261227607727, 0.5290563106536865]
[0.5634143948554993, 0.5805681347846985, 0.40314990282058716, 0.24998444318771362, 0.5767130851745605]
