1
#三记新闻#国务院将于近日正式批复上海市《关于撤消静安区建制将原静安区行政区域拆分划入长宁区和黄浦区的请示》，同意自2013年1月起撤消上海市静安区，以富民路--常德路为界线，其西面整体并入上海市长宁区；其东面整体并入上海市黄浦区；涉及拆分的街道做相应的调整
[0.5138861536979675, 0.5227763056755066, 0.5364972949028015, 0.46263572573661804, 0.5426746606826782]
[0.5310723185539246, 0.5956569910049438, 0.40604594349861145, 0.26164230704307556, 0.5412033200263977]
[0.4773257076740265, 0.5649427771568298, 0.4277607798576355, 0.2862274944782257, 0.509145975112915]
[0.5003272294998169, 0.5770363211631775, 0.416634202003479, 0.26962316036224365, 0.5244626402854919]
[0.4487622082233429, 0.5716210603713989, 0.4600348174571991, 0.3031274080276489, 0.45275557041168213]
[0.5160208940505981, 0.5898265838623047, 0.440719336271286, 0.27817127108573914, 0.5472899079322815]
[0.49426671862602234, 0.5585032105445862, 0.4716034233570099, 0.2646142542362213, 0.5027851462364197]
[0.5738659501075745, 0.571927547454834, 0.39478152990341187, 0.24529172480106354, 0.5926916599273682]
[0.4487622082233429, 0.5716210603713989, 0.4600348174571991, 0.3031274080276489, 0.45275557041168213]
[0.48319727182388306, 0.5891227722167969, 0.41570988297462463, 0.27448052167892456, 0.5152469277381897]
[0.4832140803337097, 0.5586767196655273, 0.45734524726867676, 0.3199109137058258, 0.5147872567176819]
[0.5063420534133911, 0.5784409642219543, 0.4216257333755493, 0.2838708162307739, 0.5147342085838318]
[0.6131245493888855, 0.5901902318000793, 0.38884076476097107, 0.22842095792293549, 0.5960181355476379]
[0.46367982029914856, 0.5193551182746887, 0.5093124508857727, 0.4090343713760376, 0.4924781024456024]
[0.5548773407936096, 0.5745112895965576, 0.43092697858810425, 0.3006180226802826, 0.5114006996154785]
[0.49590301513671875, 0.549945056438446, 0.48188701272010803, 0.33287137746810913, 0.5427441000938416]
[0.5735470652580261, 0.5774863958358765, 0.40450119972229004, 0.274941623210907, 0.5653790235519409]
[0.42740345001220703, 0.5862472057342529, 0.459237277507782, 0.30124911665916443, 0.4579195976257324]
[0.5511294603347778, 0.5858116149902344, 0.4041522741317749, 0.25002187490463257, 0.5692523717880249]
[0.38994061946868896, 0.54835444688797, 0.45157572627067566, 0.30253303050994873, 0.45604079961776733]
[0.439216673374176, 0.5526994466781616, 0.44366827607154846, 0.2687031328678131, 0.4687840938568115]
[0.5809295773506165, 0.584498405456543, 0.3990570306777954, 0.239293172955513, 0.5776413083076477]
[0.6457452774047852, 0.5345456004142761, 0.42648041248321533, 0.3056524991989136, 0.622497022151947]
[0.5309489369392395, 0.5397437214851379, 0.4489533007144928, 0.3013708293437958, 0.5307952165603638]
[0.52150559425354, 0.5695304274559021, 0.47045689821243286, 0.3146386444568634, 0.5387027859687805]
[0.5234097242355347, 0.556459367275238, 0.45871421694755554, 0.3225571811199188, 0.5227704048156738]
[0.5944908261299133, 0.5888126492500305, 0.3922778069972992, 0.24734584987163544, 0.5660235285758972]
[0.4029715657234192, 0.5370527505874634, 0.4771871864795685, 0.38380172848701477, 0.49941954016685486]
[0.4583130478858948, 0.5493723154067993, 0.4908984303474426, 0.31167855858802795, 0.5000295042991638]
[0.4661945700645447, 0.5494210124015808, 0.4938153922557831, 0.3427099883556366, 0.5097367167472839]
[0.4880620837211609, 0.5569066405296326, 0.44452691078186035, 0.28037530183792114, 0.5205362439155579]
[0.4729869067668915, 0.5726773142814636, 0.5006023049354553, 0.3145570755004883, 0.48878219723701477]
[0.5046065449714661, 0.5682500600814819, 0.458942711353302, 0.3047536313533783, 0.5189586877822876]
[0.5354865789413452, 0.5888907313346863, 0.41922876238822937, 0.2605830132961273, 0.5253303050994873]
[0.5139617323875427, 0.5929368138313293, 0.41964560747146606, 0.23943687975406647, 0.5214974880218506]
[0.47760024666786194, 0.5655685663223267, 0.44734418392181396, 0.3142921030521393, 0.4843515157699585]
[0.4796212315559387, 0.5545087456703186, 0.4639781415462494, 0.2850850522518158, 0.5233349204063416]
[0.5036889314651489, 0.5721733570098877, 0.4576849937438965, 0.3362325429916382, 0.5304020643234253]
[0.5010275840759277, 0.5385915040969849, 0.46557503938674927, 0.30257946252822876, 0.49721217155456543]
[0.4518463909626007, 0.5648698806762695, 0.4438379406929016, 0.29807808995246887, 0.46937432885169983]
[0.4487622082233429, 0.5716210603713989, 0.4600348174571991, 0.3031274080276489, 0.45275557041168213]
[0.5540098547935486, 0.5932283997535706, 0.3980678915977478, 0.24479444324970245, 0.5728326439857483]
[0.5683686137199402, 0.5591360330581665, 0.4146805703639984, 0.2707500457763672, 0.5545907020568848]
[0.5614953637123108, 0.5872273445129395, 0.4072626829147339, 0.2791159152984619, 0.5397410988807678]
[0.47362783551216125, 0.5380169749259949, 0.47375181317329407, 0.3138032853603363, 0.47217509150505066]
[0.48740100860595703, 0.5884922742843628, 0.4255204498767853, 0.28881075978279114, 0.5182716846466064]
[0.49258729815483093, 0.5691379308700562, 0.4553988575935364, 0.2932586371898651, 0.49691665172576904]
[0.4403091073036194, 0.5746010541915894, 0.43354758620262146, 0.27033671736717224, 0.4858759939670563]
[0.5181610584259033, 0.5488247275352478, 0.44138386845588684, 0.29600727558135986, 0.49320724606513977]
[0.5554535984992981, 0.5811558365821838, 0.42099666595458984, 0.24937577545642853, 0.5435225367546082]
[0.5483741164207458, 0.5836812257766724, 0.40605878829956055, 0.2519381642341614, 0.5667477250099182]
[0.5271409153938293, 0.5589302182197571, 0.42994388937950134, 0.32327884435653687, 0.5097033381462097]
[0.38633784651756287, 0.540422260761261, 0.45636215806007385, 0.28729248046875, 0.4552721679210663]
[0.4970676302909851, 0.5651412606239319, 0.4588763415813446, 0.30038830637931824, 0.5387425422668457]
[0.458845853805542, 0.5667756199836731, 0.4478219151496887, 0.29387035965919495, 0.4892595708370209]
[0.5354549884796143, 0.5919370651245117, 0.44638052582740784, 0.2592386305332184, 0.546174943447113]
[0.5183119773864746, 0.5790956616401672, 0.4587936997413635, 0.3019222617149353, 0.5403082966804504]
[0.5484700202941895, 0.5829342007637024, 0.42812982201576233, 0.2716575860977173, 0.546349287033081]
[0.49883583188056946, 0.5889372229576111, 0.45462751388549805, 0.27584442496299744, 0.5434086322784424]
[0.5741756558418274, 0.5488300323486328, 0.3946518003940582, 0.271944135427475, 0.5783627033233643]
[0.42028746008872986, 0.5605367422103882, 0.45452603697776794, 0.30946028232574463, 0.4743693470954895]
[0.5420015454292297, 0.5712777376174927, 0.43701186776161194, 0.2761021852493286, 0.5671721696853638]
[0.5410279035568237, 0.5763463377952576, 0.4538007080554962, 0.2811410427093506, 0.5466211438179016]
[0.49982088804244995, 0.5523760914802551, 0.430959016084671, 0.2741864323616028, 0.5087882876396179]
[0.5911241173744202, 0.5783409476280212, 0.4113740622997284, 0.2538284659385681, 0.5906054377555847]
[0.482114315032959, 0.5840016603469849, 0.4297642409801483, 0.2787552773952484, 0.5352768898010254]
[0.5040568113327026, 0.5830820798873901, 0.46486592292785645, 0.306286096572876, 0.5359340906143188]
[0.5505272150039673, 0.5539519190788269, 0.4217540919780731, 0.2675475776195526, 0.5346012115478516]
[0.4253096282482147, 0.570911169052124, 0.44122517108917236, 0.29563337564468384, 0.4696376621723175]
[0.4857270419597626, 0.5949710607528687, 0.424375057220459, 0.27232685685157776, 0.5121985077857971]
[0.5006670951843262, 0.5951042175292969, 0.41259652376174927, 0.2746138572692871, 0.5281970500946045]
[0.5577635765075684, 0.5708215236663818, 0.42724815011024475, 0.27058082818984985, 0.5503725409507751]
[0.4487622082233429, 0.5716210603713989, 0.4600348174571991, 0.3031274080276489, 0.45275557041168213]
[0.4436612129211426, 0.5748522877693176, 0.43262699246406555, 0.3064986765384674, 0.49577662348747253]
