1
【求扩散】Mico是中美混血男孩，3周岁，身高1米左右，偏瘦，寸头，离开时身穿绿色棉布大衣、深蓝色裤子、咖色皮鞋，能说简单的中文及英文。于1月7日16：33分左右，在爱绿双语幼儿园门口育秀路段（大润发周边）被抢走，至今下落未明，他的妈妈已近崩溃，望知情者提供线索，求扩散！
[0.5216454267501831, 0.51377934217453, 0.501240611076355, 0.41104641556739807, 0.5480988621711731]
[0.5216943025588989, 0.5929062962532043, 0.4264630377292633, 0.2686305642127991, 0.5163858532905579]
[0.4487622082233429, 0.5716210603713989, 0.4600348174571991, 0.3031274080276489, 0.45275557041168213]
[0.44526177644729614, 0.5782157182693481, 0.43330898880958557, 0.3055168688297272, 0.4906873404979706]
[0.44403716921806335, 0.5640455484390259, 0.45428231358528137, 0.3107399344444275, 0.499132364988327]
[0.42659512162208557, 0.5524711012840271, 0.4963332712650299, 0.3764318823814392, 0.4899657070636749]
[0.42666250467300415, 0.5905225276947021, 0.44653692841529846, 0.2874535024166107, 0.4850093424320221]
[0.4211788773536682, 0.5360345840454102, 0.47058263421058655, 0.31347501277923584, 0.46383756399154663]
[0.4492926299571991, 0.5932587385177612, 0.44531723856925964, 0.2746775448322296, 0.5033401250839233]
[0.5395790338516235, 0.5773192644119263, 0.42372554540634155, 0.29397886991500854, 0.5398991703987122]
[0.4947473704814911, 0.5985990762710571, 0.4390704035758972, 0.26892513036727905, 0.5450524091720581]
[0.4877585470676422, 0.5713223218917847, 0.4312690794467926, 0.30217060446739197, 0.5234306454658508]
[0.48481979966163635, 0.5930529832839966, 0.42546895146369934, 0.27266812324523926, 0.5225622057914734]
[0.43766775727272034, 0.5961133241653442, 0.4260490834712982, 0.2770228385925293, 0.5087606906890869]
[0.4932481348514557, 0.5596999526023865, 0.44171828031539917, 0.3208047151565552, 0.5208092331886292]
[0.45913732051849365, 0.5786662697792053, 0.4426482617855072, 0.31457841396331787, 0.48679640889167786]
[0.4420968294143677, 0.5878811478614807, 0.4384720027446747, 0.30555301904678345, 0.48736974596977234]
[0.48481979966163635, 0.5930529832839966, 0.42546895146369934, 0.27266812324523926, 0.5225622057914734]
[0.5209234952926636, 0.5412696599960327, 0.42619621753692627, 0.2841060757637024, 0.5541144013404846]
[0.5663497447967529, 0.5938563942909241, 0.4111268222332001, 0.2582033574581146, 0.5802584886550903]
[0.4816259443759918, 0.5889919996261597, 0.4380851089954376, 0.2937888205051422, 0.5146961808204651]
[0.5497098565101624, 0.5746435523033142, 0.42208242416381836, 0.27654531598091125, 0.5582218766212463]
[0.5719871520996094, 0.5804396867752075, 0.3953310549259186, 0.25496944785118103, 0.5656379461288452]
[0.5334787368774414, 0.5553448796272278, 0.4346424639225006, 0.3140813410282135, 0.5644135475158691]
[0.43251484632492065, 0.5854920744895935, 0.442504346370697, 0.3062572479248047, 0.49327993392944336]
[0.5432178378105164, 0.564820408821106, 0.4318216145038605, 0.28867587447166443, 0.5496293306350708]
[0.3698428273200989, 0.5436661839485168, 0.4319998323917389, 0.26707351207733154, 0.43440917134284973]
[0.483012318611145, 0.5862990021705627, 0.416858971118927, 0.26927539706230164, 0.524318277835846]
[0.5252243876457214, 0.5595682859420776, 0.42671796679496765, 0.29698413610458374, 0.5293709635734558]
[0.5435803532600403, 0.5841186046600342, 0.4060695469379425, 0.28164634108543396, 0.5320804715156555]
[0.5040035247802734, 0.5719863772392273, 0.43091994524002075, 0.27657848596572876, 0.5261465907096863]
[0.36549586057662964, 0.5772210359573364, 0.4699344336986542, 0.30159273743629456, 0.46216413378715515]
[0.4972079396247864, 0.5619238615036011, 0.4449881613254547, 0.30208081007003784, 0.5289199948310852]
[0.5016975402832031, 0.5395768880844116, 0.5013347268104553, 0.3815424144268036, 0.5440137982368469]
[0.545815646648407, 0.5772083401679993, 0.4372676908969879, 0.3043864071369171, 0.5619174242019653]
[0.3340166211128235, 0.5334752202033997, 0.4971473515033722, 0.46939659118652344, 0.45189401507377625]
[0.3525565266609192, 0.5549966096878052, 0.4557444751262665, 0.29298844933509827, 0.43208077549934387]
[0.44116437435150146, 0.5575146079063416, 0.46758130192756653, 0.3681678771972656, 0.4891696572303772]
[0.35982218384742737, 0.538769543170929, 0.4631967544555664, 0.3294796645641327, 0.42146065831184387]
[0.42018193006515503, 0.5439609289169312, 0.4774722158908844, 0.375713974237442, 0.45356330275535583]
[0.4628768563270569, 0.5844707489013672, 0.452014684677124, 0.29890790581703186, 0.5247848033905029]
[0.45836731791496277, 0.5641246438026428, 0.47905996441841125, 0.3487347364425659, 0.5261085033416748]
[0.574697732925415, 0.5756683349609375, 0.39976558089256287, 0.2637142241001129, 0.5769898295402527]
[0.5300923585891724, 0.5771641135215759, 0.4144470989704132, 0.2782636284828186, 0.5460481643676758]
[0.46090757846832275, 0.5628901124000549, 0.4371405243873596, 0.3375813961029053, 0.4973941445350647]
[0.5311424136161804, 0.5883880853652954, 0.42714542150497437, 0.26603373885154724, 0.5614336133003235]
[0.38332992792129517, 0.5376198887825012, 0.5093718767166138, 0.42103609442710876, 0.4398672580718994]
[0.5098967552185059, 0.5693387985229492, 0.4234648644924164, 0.29128366708755493, 0.5325527787208557]
[0.4999673366546631, 0.5747628808021545, 0.43346962332725525, 0.31343385577201843, 0.5245578289031982]
[0.4526462256908417, 0.5484272241592407, 0.44996488094329834, 0.30607274174690247, 0.49527281522750854]
[0.5380776524543762, 0.5986366271972656, 0.4311177730560303, 0.29656460881233215, 0.531943142414093]
[0.5240200757980347, 0.5376327037811279, 0.447746604681015, 0.3129929006099701, 0.5293619632720947]
[0.42021945118904114, 0.5535901188850403, 0.4439277648925781, 0.27874788641929626, 0.46632319688796997]
[0.4929537773132324, 0.5499189496040344, 0.47196894884109497, 0.3383985459804535, 0.5260998010635376]
[0.4199555218219757, 0.5149118304252625, 0.48581019043922424, 0.3383112847805023, 0.46760445833206177]
