1
年底了，是治安最差的时间！最近又有新骗术出现，而且手段恶劣！大家记住以外希望也多转发，也许你的一条转发就可以救你一个好朋友的财产和性命的安全
[0.46006932854652405, 0.5456405282020569, 0.5003839135169983, 0.394815057516098, 0.5210101008415222]
[0.6277270913124084, 0.537666380405426, 0.42318394780158997, 0.30911746621131897, 0.6100323796272278]
[0.5438017845153809, 0.5942021012306213, 0.41521143913269043, 0.26803213357925415, 0.5571514964103699]
[0.4487622082233429, 0.5716210603713989, 0.4600348174571991, 0.3031274080276489, 0.45275557041168213]
[0.5192872881889343, 0.563301682472229, 0.4557899534702301, 0.3436352014541626, 0.48283326625823975]
[0.5167646408081055, 0.5892900824546814, 0.43205246329307556, 0.27814891934394836, 0.5488680005073547]
[0.48043936491012573, 0.5663583874702454, 0.4434043765068054, 0.31668034195899963, 0.49674662947654724]
[0.5091683268547058, 0.5610700249671936, 0.4454348087310791, 0.3260379433631897, 0.5057076811790466]
[0.5325894355773926, 0.5868740081787109, 0.42791205644607544, 0.2699560821056366, 0.5468476414680481]
[0.5336651802062988, 0.5806278586387634, 0.40497341752052307, 0.26742538809776306, 0.5443421006202698]
[0.46442583203315735, 0.5537663102149963, 0.45649147033691406, 0.35440218448638916, 0.5147275328636169]
[0.4665498733520508, 0.5699456930160522, 0.4522362947463989, 0.2931576371192932, 0.5288050770759583]
[0.48466092348098755, 0.5749630331993103, 0.45997464656829834, 0.32617393136024475, 0.5027029514312744]
[0.5271816849708557, 0.5955565571784973, 0.40311387181282043, 0.27700814604759216, 0.550804078578949]
[0.5179268717765808, 0.5727359652519226, 0.45415833592414856, 0.2970971465110779, 0.5364896059036255]
[0.5143684148788452, 0.5078879594802856, 0.4709461033344269, 0.36230748891830444, 0.515969455242157]
[0.5222588181495667, 0.5842121243476868, 0.4168238341808319, 0.2533496916294098, 0.5385182499885559]
[0.482499897480011, 0.5504215955734253, 0.4622313678264618, 0.3411342203617096, 0.5010440945625305]
[0.558176577091217, 0.5837705731391907, 0.4205693006515503, 0.26933491230010986, 0.5672476291656494]
[0.5011241436004639, 0.5811467170715332, 0.4353267550468445, 0.28445255756378174, 0.5032854676246643]
[0.4892122149467468, 0.5488561987876892, 0.4428894519805908, 0.3252062499523163, 0.5173322558403015]
[0.5105515718460083, 0.5851712822914124, 0.4309345483779907, 0.2819294333457947, 0.5545450448989868]
[0.44526177644729614, 0.5782157182693481, 0.43330898880958557, 0.3055168688297272, 0.4906873404979706]
[0.4789558947086334, 0.5311073064804077, 0.4754827320575714, 0.3337743580341339, 0.5155576467514038]
[0.5027301907539368, 0.5653337240219116, 0.4449176788330078, 0.2923838794231415, 0.5135116577148438]
[0.5123381614685059, 0.5833501815795898, 0.41425821185112, 0.2830236554145813, 0.5291207432746887]
[0.5617456436157227, 0.5832226872444153, 0.4466215670108795, 0.3036055564880371, 0.5404168963432312]
[0.5537115335464478, 0.557429850101471, 0.42122867703437805, 0.29101333022117615, 0.5662583112716675]
[0.4869696795940399, 0.5874089598655701, 0.4232264757156372, 0.2789022922515869, 0.5314278602600098]
[0.4375351369380951, 0.5263824462890625, 0.45628103613853455, 0.28995952010154724, 0.4579482972621918]
[0.5818557143211365, 0.5559524297714233, 0.38433700799942017, 0.25045740604400635, 0.6042628884315491]
[0.4536033868789673, 0.5902352333068848, 0.42786499857902527, 0.2693879008293152, 0.5087438821792603]
[0.5185933113098145, 0.5886591672897339, 0.41420748829841614, 0.28358691930770874, 0.5321028828620911]
[0.5152867436408997, 0.5771677494049072, 0.4295511543750763, 0.3128807544708252, 0.5299146771430969]
[0.5159150958061218, 0.57582026720047, 0.43674224615097046, 0.3098223805427551, 0.5252232551574707]
[0.5438017845153809, 0.5942021012306213, 0.41521143913269043, 0.26803213357925415, 0.5571514964103699]
[0.5345762968063354, 0.562260627746582, 0.44100451469421387, 0.32086148858070374, 0.5355309844017029]
[0.5603127479553223, 0.5729849934577942, 0.4240584969520569, 0.27715277671813965, 0.5498236417770386]
[0.5344591736793518, 0.5649744272232056, 0.42618319392204285, 0.27829697728157043, 0.546736478805542]
[0.4773608148097992, 0.5646093487739563, 0.4282253384590149, 0.29076895117759705, 0.4843465983867645]
[0.47159165143966675, 0.5814562439918518, 0.4314822256565094, 0.3037547171115875, 0.4885098934173584]
[0.4562179446220398, 0.5249640941619873, 0.494060218334198, 0.356686532497406, 0.5021536350250244]
[0.44084301590919495, 0.5651320815086365, 0.46155574917793274, 0.2913345992565155, 0.48457905650138855]
[0.5485115647315979, 0.5835122466087341, 0.4153922200202942, 0.2607633173465729, 0.5730648636817932]
[0.5419104695320129, 0.5843262672424316, 0.41738954186439514, 0.2578645348548889, 0.5723794102668762]
[0.5692790150642395, 0.6046239137649536, 0.4112240970134735, 0.25323522090911865, 0.5667697191238403]
[0.48622316122055054, 0.5531361103057861, 0.4384966194629669, 0.2950153052806854, 0.5175468921661377]
[0.5298077464103699, 0.5928977727890015, 0.4256591498851776, 0.28714707493782043, 0.5272103548049927]
[0.5249486565589905, 0.581489622592926, 0.4285993278026581, 0.2805015742778778, 0.5414203405380249]
[0.5062859058380127, 0.5844190120697021, 0.43014824390411377, 0.2772379517555237, 0.5449161529541016]
[0.5777385830879211, 0.579087495803833, 0.4105103015899658, 0.2586381733417511, 0.572417676448822]
[0.5125385522842407, 0.5796700119972229, 0.3996920883655548, 0.2846522033214569, 0.5386928915977478]
[0.5602555871009827, 0.5746005773544312, 0.40357765555381775, 0.2751562297344208, 0.5503395199775696]
[0.5099518299102783, 0.576209545135498, 0.43395093083381653, 0.27039623260498047, 0.5415763258934021]
[0.36788254976272583, 0.5393860936164856, 0.5499843955039978, 0.6037508845329285, 0.5063170194625854]
[0.3790876567363739, 0.5444054007530212, 0.45044681429862976, 0.2812511920928955, 0.4570056200027466]
[0.5274399518966675, 0.5693529844284058, 0.4022277593612671, 0.28591132164001465, 0.5373780727386475]
[0.5096980333328247, 0.545977771282196, 0.4339291453361511, 0.3399052321910858, 0.5345360636711121]
[0.4329189360141754, 0.5757614374160767, 0.4582577049732208, 0.3175777792930603, 0.526719331741333]
[0.48495498299598694, 0.568797767162323, 0.4190167486667633, 0.2895245850086212, 0.5182791352272034]
[0.43398594856262207, 0.5692685842514038, 0.4507209360599518, 0.2903500497341156, 0.5018542408943176]
[0.5069199800491333, 0.5824869871139526, 0.439395934343338, 0.29244011640548706, 0.5450155735015869]
[0.4933214783668518, 0.5352886915206909, 0.48309841752052307, 0.359747052192688, 0.5453670620918274]
[0.40969738364219666, 0.5489934682846069, 0.4212947189807892, 0.3045172393321991, 0.46589070558547974]
[0.416271448135376, 0.5763152837753296, 0.4356174170970917, 0.290353387594223, 0.4663355350494385]
[0.5052326917648315, 0.586373507976532, 0.4326860308647156, 0.2840307652950287, 0.5413597226142883]
[0.5185417532920837, 0.5889230370521545, 0.4058743715286255, 0.27247926592826843, 0.5398168563842773]
[0.42911359667778015, 0.5583806037902832, 0.4441983699798584, 0.3178548216819763, 0.47514215111732483]
[0.5497568249702454, 0.5363466143608093, 0.41347411274909973, 0.2777809798717499, 0.552632749080658]
[0.406268835067749, 0.5122264623641968, 0.48593881726264954, 0.34724360704421997, 0.45204561948776245]
[0.4635547995567322, 0.5716845989227295, 0.43127572536468506, 0.2915732264518738, 0.5013359189033508]
[0.5530009865760803, 0.6014535427093506, 0.39963579177856445, 0.24218828976154327, 0.5701366066932678]
[0.3789989650249481, 0.5556243658065796, 0.43410658836364746, 0.26227882504463196, 0.4541042447090149]
[0.5134949684143066, 0.5740839242935181, 0.41555550694465637, 0.28590723872184753, 0.5355734825134277]
[0.5167646408081055, 0.5892900824546814, 0.43205246329307556, 0.27814891934394836, 0.5488680005073547]
[0.517414927482605, 0.5855542421340942, 0.4105900526046753, 0.2719733417034149, 0.5328391194343567]
[0.5109795928001404, 0.5788732171058655, 0.42564693093299866, 0.2768215835094452, 0.5454233884811401]
[0.5167646408081055, 0.5892900824546814, 0.43205246329307556, 0.27814891934394836, 0.5488680005073547]
[0.514504075050354, 0.590885579586029, 0.4149211347103119, 0.27725592255592346, 0.5383030772209167]
[0.5415240526199341, 0.5829622149467468, 0.4070851802825928, 0.2811230421066284, 0.5547866821289062]
[0.4787818193435669, 0.5792557001113892, 0.4306176006793976, 0.29565656185150146, 0.500831127166748]
[0.5325873494148254, 0.5880876183509827, 0.42129048705101013, 0.2533036768436432, 0.5475322008132935]
[0.6153831481933594, 0.5306801795959473, 0.38843032717704773, 0.3057684004306793, 0.5988911986351013]
[0.47726988792419434, 0.5648713707923889, 0.4495806396007538, 0.3004605770111084, 0.5095040798187256]
[0.4725003242492676, 0.5871182084083557, 0.42379212379455566, 0.27310195565223694, 0.5103394389152527]
[0.49011245369911194, 0.5937181711196899, 0.43144261837005615, 0.264437735080719, 0.5367854833602905]
[0.5774304270744324, 0.6065936088562012, 0.41549786925315857, 0.2480234056711197, 0.5604559779167175]
[0.44526177644729614, 0.5782157182693481, 0.43330898880958557, 0.3055168688297272, 0.4906873404979706]
[0.4916544258594513, 0.5711264610290527, 0.4304046034812927, 0.3003469705581665, 0.527516782283783]
[0.4848123788833618, 0.5659577250480652, 0.4411963224411011, 0.32039308547973633, 0.46686387062072754]
[0.568156898021698, 0.5430169701576233, 0.4167492091655731, 0.2754948139190674, 0.5386226773262024]
[0.5205631852149963, 0.5837563276290894, 0.40383484959602356, 0.28305763006210327, 0.5325307846069336]
[0.5642030239105225, 0.5657311081886292, 0.42548900842666626, 0.30644968152046204, 0.5513349771499634]
[0.4957728087902069, 0.5765472650527954, 0.4387604892253876, 0.28955113887786865, 0.503434419631958]
[0.517414927482605, 0.5855542421340942, 0.4105900526046753, 0.2719733417034149, 0.5328391194343567]
[0.44526177644729614, 0.5782157182693481, 0.43330898880958557, 0.3055168688297272, 0.4906873404979706]
[0.48930051922798157, 0.558258593082428, 0.4516780376434326, 0.2744992673397064, 0.5228060483932495]
[0.5358679890632629, 0.571816086769104, 0.4389016628265381, 0.3010794520378113, 0.5648764371871948]
[0.44526177644729614, 0.5782157182693481, 0.43330898880958557, 0.3055168688297272, 0.4906873404979706]
[0.48684442043304443, 0.5658131837844849, 0.43487799167633057, 0.3147681951522827, 0.5180099010467529]
[0.4860062599182129, 0.5847538113594055, 0.42435747385025024, 0.25989794731140137, 0.5238702297210693]
