1
#社区突发#【这两天别呼吸，自来水也戒了吧！！！！】今晚10点：
[0.5465309619903564, 0.5504105687141418, 0.43233874440193176, 0.30097445845603943, 0.531287431716919]
[0.517616868019104, 0.5859484076499939, 0.4247659146785736, 0.27076658606529236, 0.534416913986206]
[0.5774304270744324, 0.6065936088562012, 0.41549786925315857, 0.2480234056711197, 0.5604559779167175]
[0.4696716368198395, 0.5549660325050354, 0.4583151936531067, 0.33449068665504456, 0.5066695213317871]
[0.4961794316768646, 0.5857036113739014, 0.44288215041160583, 0.26330986618995667, 0.5047169923782349]
[0.5143820643424988, 0.5694382786750793, 0.41172900795936584, 0.2711375653743744, 0.5024787783622742]
[0.5510969161987305, 0.580864667892456, 0.4304078221321106, 0.2827742099761963, 0.5697506070137024]
[0.3137812912464142, 0.5486873984336853, 0.43560394644737244, 0.283470094203949, 0.4484351873397827]
[0.5307921767234802, 0.5775147676467896, 0.434620201587677, 0.2808016538619995, 0.5254828929901123]
[0.5653747320175171, 0.5958674550056458, 0.410073459148407, 0.2521335780620575, 0.5308053493499756]
[0.492938756942749, 0.5683025121688843, 0.4288201928138733, 0.303791880607605, 0.5180234909057617]
[0.4917101263999939, 0.5688365697860718, 0.4443883001804352, 0.3032408356666565, 0.5080645680427551]
[0.537272036075592, 0.5887752175331116, 0.4071476459503174, 0.2596084177494049, 0.5493714213371277]
[0.5082991719245911, 0.5859891176223755, 0.4235135018825531, 0.2677399218082428, 0.5039204359054565]
[0.4825313091278076, 0.5803935527801514, 0.45230862498283386, 0.31167471408843994, 0.5009760856628418]
[0.4573516547679901, 0.5571302175521851, 0.46494972705841064, 0.3462679982185364, 0.5120900273323059]
[0.5859463810920715, 0.5838168263435364, 0.4078882336616516, 0.24696721136569977, 0.5543733835220337]
[0.5482776165008545, 0.5914514660835266, 0.4326738119125366, 0.27585718035697937, 0.5705832242965698]
[0.4561098515987396, 0.5693581104278564, 0.46249404549598694, 0.32853707671165466, 0.4982739984989166]
[0.43364447355270386, 0.5584015250205994, 0.45976522564888, 0.2970502972602844, 0.4997800290584564]
[0.5555924773216248, 0.5664721131324768, 0.4232643246650696, 0.271743506193161, 0.5375106930732727]
[0.591249942779541, 0.5997405052185059, 0.41105911135673523, 0.2508683502674103, 0.5673237442970276]
[0.5082672238349915, 0.5819494724273682, 0.4251338243484497, 0.28732192516326904, 0.5239904522895813]
[0.461029052734375, 0.557599663734436, 0.4565795361995697, 0.34218886494636536, 0.4916122555732727]
[0.4894219934940338, 0.5582891702651978, 0.4700740575790405, 0.30552464723587036, 0.5184486508369446]
[0.5600339770317078, 0.599807620048523, 0.4182150363922119, 0.2495339810848236, 0.567158579826355]
[0.5089043378829956, 0.5930572748184204, 0.4251670837402344, 0.2887633740901947, 0.5344992876052856]
[0.5740740895271301, 0.5879204869270325, 0.42313024401664734, 0.2672450542449951, 0.5535191893577576]
[0.4465004801750183, 0.5619019865989685, 0.4481733739376068, 0.2905871272087097, 0.4886477291584015]
[0.5374333262443542, 0.5959514379501343, 0.4541109502315521, 0.28222373127937317, 0.5074021220207214]
[0.5397162437438965, 0.5549808144569397, 0.44133004546165466, 0.2931344211101532, 0.5365216732025146]
[0.5314329266548157, 0.5655028223991394, 0.43700453639030457, 0.29971280694007874, 0.5087226629257202]
[0.47295618057250977, 0.5525420308113098, 0.4349076449871063, 0.32171788811683655, 0.4794580638408661]
[0.49707165360450745, 0.5678374171257019, 0.4574543833732605, 0.32099056243896484, 0.5072429180145264]
[0.5774304270744324, 0.6065936088562012, 0.41549786925315857, 0.2480234056711197, 0.5604559779167175]
[0.5088902711868286, 0.5822033286094666, 0.44007012248039246, 0.27701738476753235, 0.5278055667877197]
[0.39732596278190613, 0.5550928115844727, 0.47033315896987915, 0.31248852610588074, 0.4872693121433258]
[0.5094696283340454, 0.5999216437339783, 0.4300421178340912, 0.2738085687160492, 0.5426765084266663]
[0.4191388189792633, 0.5704681873321533, 0.46031302213668823, 0.3271900713443756, 0.4792754650115967]
[0.5637097954750061, 0.5697175860404968, 0.424712598323822, 0.2797335088253021, 0.5393502116203308]
[0.4941142201423645, 0.54308021068573, 0.45755359530448914, 0.2806903123855591, 0.5355034470558167]
[0.48879945278167725, 0.5785606503486633, 0.4419495761394501, 0.28690776228904724, 0.5404892563819885]
[0.49076953530311584, 0.5888687968254089, 0.4434022307395935, 0.29280713200569153, 0.49684643745422363]
[0.4997970759868622, 0.5267252326011658, 0.456697016954422, 0.33634698390960693, 0.5349388122558594]
[0.5302632451057434, 0.5923147797584534, 0.44215863943099976, 0.26522281765937805, 0.5271276831626892]
[0.5525597929954529, 0.5753582119941711, 0.4236711859703064, 0.2896476089954376, 0.5225105285644531]
[0.45934581756591797, 0.5702481269836426, 0.45718181133270264, 0.319017231464386, 0.4909262955188751]
[0.5005265474319458, 0.5982658267021179, 0.42530357837677, 0.2733224630355835, 0.5414513945579529]
[0.40029555559158325, 0.5611095428466797, 0.4607175588607788, 0.3276160657405853, 0.4391282796859741]
[0.4907376170158386, 0.5827139616012573, 0.43996837735176086, 0.2936627268791199, 0.5076632499694824]
[0.49380284547805786, 0.5720949172973633, 0.4564001262187958, 0.3223412036895752, 0.4890557527542114]
[0.471575528383255, 0.5878515839576721, 0.43590763211250305, 0.27087196707725525, 0.5153882503509521]
[0.4232288897037506, 0.5186532735824585, 0.567512035369873, 0.4343593418598175, 0.48324647545814514]
[0.5387199521064758, 0.592991054058075, 0.4012329578399658, 0.25838398933410645, 0.5557892322540283]
[0.5653747320175171, 0.5958674550056458, 0.410073459148407, 0.2521335780620575, 0.5308053493499756]
[0.45215269923210144, 0.566035270690918, 0.4563053548336029, 0.29581066966056824, 0.515687108039856]
[0.5648415684700012, 0.5929900407791138, 0.4064779281616211, 0.24855172634124756, 0.5723830461502075]
[0.5598584413528442, 0.5927594900131226, 0.40013614296913147, 0.2573338747024536, 0.5291091799736023]
[0.5320866107940674, 0.5691258907318115, 0.4344974756240845, 0.2759524881839752, 0.5533744096755981]
[0.47179079055786133, 0.5582922101020813, 0.4513217806816101, 0.3207302391529083, 0.5049389004707336]
[0.4947771430015564, 0.5614893436431885, 0.4356342554092407, 0.3038202226161957, 0.5079995393753052]
[0.546678364276886, 0.5780419111251831, 0.42380809783935547, 0.2731470763683319, 0.5433269739151001]
[0.4825313091278076, 0.5803935527801514, 0.45230862498283386, 0.31167471408843994, 0.5009760856628418]
[0.4784201681613922, 0.5681674480438232, 0.4655521810054779, 0.3005209267139435, 0.49555152654647827]
[0.5354865789413452, 0.5888907313346863, 0.41922876238822937, 0.2605830132961273, 0.5253303050994873]
[0.5653747320175171, 0.5958674550056458, 0.410073459148407, 0.2521335780620575, 0.5308053493499756]
[0.5185933113098145, 0.5886591672897339, 0.41420748829841614, 0.28358691930770874, 0.5321028828620911]
[0.5089738368988037, 0.5590959191322327, 0.46107223629951477, 0.31920942664146423, 0.5122973322868347]
[0.4413371980190277, 0.5342177152633667, 0.4626893103122711, 0.3626057207584381, 0.4622878134250641]
[0.5185933113098145, 0.5886591672897339, 0.41420748829841614, 0.28358691930770874, 0.5321028828620911]
[0.5185533761978149, 0.5839776992797852, 0.4387926459312439, 0.2799024283885956, 0.5211887955665588]
[0.5185933113098145, 0.5886591672897339, 0.41420748829841614, 0.28358691930770874, 0.5321028828620911]
[0.5228233933448792, 0.5928764343261719, 0.4349435269832611, 0.2748996913433075, 0.5245048999786377]
[0.4899165630340576, 0.5689466595649719, 0.4406176209449768, 0.2906493544578552, 0.5167855620384216]
[0.5173028111457825, 0.5723596215248108, 0.4411389231681824, 0.3400062024593353, 0.5222570896148682]
[0.5365786552429199, 0.5763558149337769, 0.43793994188308716, 0.275769978761673, 0.5118886828422546]
[0.4886023700237274, 0.5716354846954346, 0.41646772623062134, 0.2904258072376251, 0.5029292702674866]
[0.517616868019104, 0.5859484076499939, 0.4247659146785736, 0.27076658606529236, 0.534416913986206]
[0.4819023907184601, 0.5700960755348206, 0.4381822347640991, 0.2772255837917328, 0.5247058868408203]
[0.4168853163719177, 0.5512591004371643, 0.44621047377586365, 0.32399681210517883, 0.46349579095840454]
[0.539664626121521, 0.5843658447265625, 0.4307257831096649, 0.2862260341644287, 0.5601342916488647]
[0.5297766923904419, 0.5851016640663147, 0.4400427043437958, 0.3056868016719818, 0.542971670627594]
[0.5149213075637817, 0.5745115280151367, 0.4294396936893463, 0.2818833291530609, 0.5206738114356995]
[0.43029847741127014, 0.5667725801467896, 0.46018654108047485, 0.3384058475494385, 0.5060771107673645]
[0.5547128915786743, 0.5964879393577576, 0.41346248984336853, 0.2459685504436493, 0.550494372844696]
[0.49122729897499084, 0.5770478248596191, 0.47009024024009705, 0.33091384172439575, 0.5063027739524841]
[0.5059177875518799, 0.6012755036354065, 0.4246231019496918, 0.28125473856925964, 0.5333938598632812]
[0.5389435887336731, 0.5983971953392029, 0.4328203797340393, 0.25856906175613403, 0.5388393402099609]
[0.48133420944213867, 0.586929440498352, 0.44007667899131775, 0.2707018554210663, 0.5060849189758301]
[0.4690837562084198, 0.5150091648101807, 0.4843054413795471, 0.31231027841567993, 0.5027559995651245]
[0.46661871671676636, 0.5836977958679199, 0.436079204082489, 0.27481111884117126, 0.4732847213745117]
[0.527854323387146, 0.5857251286506653, 0.42558375000953674, 0.27191784977912903, 0.5264109373092651]
[0.43007567524909973, 0.547137975692749, 0.484822154045105, 0.3860180079936981, 0.5004624724388123]
[0.517616868019104, 0.5859484076499939, 0.4247659146785736, 0.27076658606529236, 0.534416913986206]
