1
日本最贵的菜居然是吃屎！这道菜名称叫做金粒宴（说白了就是吃屎）。这是在日本上层社会所谓的高级享受，做法是挑选女婴。以极精细的食物喂大。到15 16岁就取其粪便烹之！太变态了！
[0.5430318117141724, 0.5513830780982971, 0.438331663608551, 0.3036095201969147, 0.5552868247032166]
[0.5446379780769348, 0.5773894786834717, 0.41285035014152527, 0.2670826017856598, 0.5635959506034851]
[0.4487622082233429, 0.5716210603713989, 0.4600348174571991, 0.3031274080276489, 0.45275557041168213]
[0.5724762082099915, 0.5890657305717468, 0.3993746340274811, 0.2680603265762329, 0.5790088772773743]
[0.5463900566101074, 0.5829951763153076, 0.38509806990623474, 0.2359035164117813, 0.5648118853569031]
[0.4527861177921295, 0.5655876994132996, 0.42500579357147217, 0.28903457522392273, 0.5091789960861206]
[0.46661871671676636, 0.5836977958679199, 0.436079204082489, 0.27481111884117126, 0.4732847213745117]
[0.49596962332725525, 0.5711537599563599, 0.42938387393951416, 0.2970248758792877, 0.5351366400718689]
[0.5224522352218628, 0.5729338526725769, 0.42541617155075073, 0.288284569978714, 0.5192855000495911]
[0.4760547876358032, 0.561172366142273, 0.4509691894054413, 0.32225096225738525, 0.47913143038749695]
[0.5385386943817139, 0.5813561677932739, 0.4149138033390045, 0.25142547488212585, 0.5554950833320618]
[0.4639146029949188, 0.5555030107498169, 0.4436652660369873, 0.309455931186676, 0.4851667582988739]
[0.486601322889328, 0.5453548431396484, 0.4506203532218933, 0.30820560455322266, 0.5096569061279297]
[0.42740345001220703, 0.5862472057342529, 0.459237277507782, 0.30124911665916443, 0.4579195976257324]
[0.4928618371486664, 0.5801933407783508, 0.42246246337890625, 0.2795979678630829, 0.5098032355308533]
[0.5052788853645325, 0.5859605669975281, 0.42468106746673584, 0.2682500183582306, 0.5413506031036377]
[0.4795829653739929, 0.5791337490081787, 0.43456950783729553, 0.29120612144470215, 0.51424241065979]
[0.4487622082233429, 0.5716210603713989, 0.4600348174571991, 0.3031274080276489, 0.45275557041168213]
[0.554964542388916, 0.5443562865257263, 0.4345965087413788, 0.3078615069389343, 0.5677354335784912]
[0.3454088568687439, 0.5182514190673828, 0.4714471399784088, 0.3398040533065796, 0.41703519225120544]
[0.4930095672607422, 0.5789492130279541, 0.4282972812652588, 0.31666675209999084, 0.49483272433280945]
[0.3859312832355499, 0.5320952534675598, 0.47274693846702576, 0.3418402075767517, 0.4486594796180725]
[0.5332533121109009, 0.5671968460083008, 0.4258844554424286, 0.29526689648628235, 0.5185548067092896]
[0.4999644160270691, 0.557715117931366, 0.46898120641708374, 0.3237811326980591, 0.5198564529418945]
[0.5385386943817139, 0.5813561677932739, 0.4149138033390045, 0.25142547488212585, 0.5554950833320618]
[0.505992591381073, 0.5660281181335449, 0.44125106930732727, 0.26555657386779785, 0.5212485790252686]
[0.5025356411933899, 0.5700793862342834, 0.42282065749168396, 0.308442085981369, 0.5461338758468628]
[0.546837329864502, 0.5985624194145203, 0.4142344892024994, 0.2772415578365326, 0.5673590302467346]
[0.6183634400367737, 0.5499438643455505, 0.3846414387226105, 0.26037463545799255, 0.5977697372436523]
[0.4543306231498718, 0.5532053709030151, 0.4552747309207916, 0.32330837845802307, 0.5151841044425964]
[0.4622732996940613, 0.5571259260177612, 0.4529826045036316, 0.30094730854034424, 0.48095250129699707]
[0.46030279994010925, 0.5450461506843567, 0.42973950505256653, 0.3100554943084717, 0.4895203113555908]
[0.3031299412250519, 0.5231379866600037, 0.49648424983024597, 0.35613539814949036, 0.4358203709125519]
[0.5398032665252686, 0.5734720230102539, 0.42391079664230347, 0.26731377840042114, 0.5188802480697632]
[0.5012343525886536, 0.5370625853538513, 0.44951528310775757, 0.2792007625102997, 0.5336500406265259]
[0.46160924434661865, 0.5463548898696899, 0.45917612314224243, 0.3335673213005066, 0.4866815209388733]
[0.48359230160713196, 0.5927678942680359, 0.43945881724357605, 0.2975825071334839, 0.5169289112091064]
[0.44915369153022766, 0.5434398651123047, 0.4547782242298126, 0.3109930455684662, 0.48404839634895325]
[0.512619137763977, 0.5544105172157288, 0.4465119242668152, 0.3044125735759735, 0.5109394788742065]
[0.537272036075592, 0.5887752175331116, 0.4071476459503174, 0.2596084177494049, 0.5493714213371277]
[0.4922564923763275, 0.5932629108428955, 0.421990305185318, 0.2851596772670746, 0.5556333065032959]
[0.4411300718784332, 0.5740674734115601, 0.4867960512638092, 0.3549479842185974, 0.48253798484802246]
[0.4287503957748413, 0.5518917441368103, 0.46611177921295166, 0.3369510769844055, 0.47673723101615906]
[0.5228409767150879, 0.5834453701972961, 0.4024273753166199, 0.28752848505973816, 0.5084699988365173]
[0.504828691482544, 0.5817278623580933, 0.43997102975845337, 0.2839370369911194, 0.5336431264877319]
[0.467686265707016, 0.528772234916687, 0.499891072511673, 0.39419156312942505, 0.47884228825569153]
[0.4717588722705841, 0.5480098128318787, 0.4472452402114868, 0.30921387672424316, 0.524672269821167]
[0.4487622082233429, 0.5716210603713989, 0.4600348174571991, 0.3031274080276489, 0.45275557041168213]
[0.4089941084384918, 0.5529708862304688, 0.5038222074508667, 0.3790275752544403, 0.4888570010662079]
[0.3742337226867676, 0.5205315947532654, 0.49956002831459045, 0.3943931460380554, 0.41072937846183777]
[0.3743649125099182, 0.5297163724899292, 0.520185112953186, 0.5660632848739624, 0.5269439816474915]
[0.5565634369850159, 0.5454517602920532, 0.44792041182518005, 0.32119590044021606, 0.5547166466712952]
[0.42700809240341187, 0.5511050224304199, 0.47788915038108826, 0.3369445502758026, 0.4951013922691345]
[0.4487622082233429, 0.5716210603713989, 0.4600348174571991, 0.3031274080276489, 0.45275557041168213]
[0.5015155076980591, 0.5543533563613892, 0.4295712113380432, 0.32390907406806946, 0.4993002712726593]
[0.5430318117141724, 0.5513830780982971, 0.438331663608551, 0.3036095201969147, 0.5552868247032166]
[0.5653538703918457, 0.5567068457603455, 0.4235149025917053, 0.30424758791923523, 0.5453557968139648]
[0.553042471408844, 0.5742648839950562, 0.3965124487876892, 0.25198283791542053, 0.5458261966705322]
[0.5192152857780457, 0.5751829147338867, 0.4344028830528259, 0.2805899381637573, 0.5481187701225281]
[0.5894338488578796, 0.5861788988113403, 0.3948378562927246, 0.25692614912986755, 0.5739879608154297]
[0.5176627039909363, 0.5730676651000977, 0.4187581539154053, 0.26907190680503845, 0.5273107886314392]
[0.4875473380088806, 0.5515096783638, 0.4529380202293396, 0.3107104003429413, 0.4946056008338928]
[0.5009361505508423, 0.5874075293540955, 0.44830265641212463, 0.26649409532546997, 0.5284168124198914]
[0.49649778008461, 0.5675650238990784, 0.4345013499259949, 0.2828506827354431, 0.5096009969711304]
[0.5347115397453308, 0.542161226272583, 0.451700359582901, 0.3436111807823181, 0.5370820760726929]
[0.6232845187187195, 0.5700004696846008, 0.3652423918247223, 0.23493878543376923, 0.6141526699066162]
[0.4677952826023102, 0.5806076526641846, 0.4707254469394684, 0.32655665278434753, 0.5177351832389832]
[0.5520697236061096, 0.5739899277687073, 0.41437047719955444, 0.26877090334892273, 0.5434722304344177]
[0.436826229095459, 0.5437127947807312, 0.4837600290775299, 0.35518622398376465, 0.5236480236053467]
[0.4639146029949188, 0.5555030107498169, 0.4436652660369873, 0.309455931186676, 0.4851667582988739]
[0.5536494851112366, 0.5684286952018738, 0.4264592230319977, 0.28106996417045593, 0.524756133556366]
[0.5361154675483704, 0.571769654750824, 0.4282256066799164, 0.29578644037246704, 0.5571286678314209]
[0.5079972743988037, 0.5799981355667114, 0.45189031958580017, 0.2864314913749695, 0.5274654030799866]
[0.4833361506462097, 0.5826731324195862, 0.43485552072525024, 0.28455471992492676, 0.5373257994651794]
[0.5910352468490601, 0.5381793975830078, 0.4148247241973877, 0.27357038855552673, 0.5637590885162354]
[0.4164666533470154, 0.5573367476463318, 0.4269024729728699, 0.2934874892234802, 0.48087531328201294]
[0.5205296277999878, 0.5671471953392029, 0.42864990234375, 0.29689180850982666, 0.5343419313430786]
[0.4871683418750763, 0.5543110966682434, 0.464451402425766, 0.34627994894981384, 0.5299743413925171]
[0.35735180974006653, 0.5307309031486511, 0.5307630300521851, 0.4380298852920532, 0.43677008152008057]
[0.5432232022285461, 0.57600337266922, 0.40684080123901367, 0.2857482433319092, 0.5398755073547363]
[0.44993856549263, 0.5631079077720642, 0.4364876449108124, 0.28858184814453125, 0.4803110659122467]
[0.4639146029949188, 0.5555030107498169, 0.4436652660369873, 0.309455931186676, 0.4851667582988739]
[0.5189132690429688, 0.5526202917098999, 0.4256446063518524, 0.3189392387866974, 0.5512621402740479]
[0.47758376598358154, 0.5262683629989624, 0.517170786857605, 0.4363773465156555, 0.501930296421051]
[0.4758837819099426, 0.5595919489860535, 0.43741846084594727, 0.296652227640152, 0.5187255144119263]
[0.5385386943817139, 0.5813561677932739, 0.4149138033390045, 0.25142547488212585, 0.5554950833320618]
[0.49555298686027527, 0.570673942565918, 0.4313119649887085, 0.2879068851470947, 0.5146951675415039]
[0.5181311368942261, 0.588287353515625, 0.43094730377197266, 0.2686959207057953, 0.5328912138938904]
[0.48379552364349365, 0.5937032699584961, 0.41920071840286255, 0.2830924987792969, 0.4925927221775055]
[0.49056366086006165, 0.5757369995117188, 0.4096687436103821, 0.27474331855773926, 0.5315809845924377]
[0.5155045390129089, 0.5846425294876099, 0.4252988398075104, 0.2787945568561554, 0.5543123483657837]
[0.5894338488578796, 0.5861788988113403, 0.3948378562927246, 0.25692614912986755, 0.5739879608154297]
[0.4309437572956085, 0.5518892407417297, 0.4616768956184387, 0.32072702050209045, 0.4917280972003937]
[0.4923263490200043, 0.5575963854789734, 0.4224894344806671, 0.2796233296394348, 0.5054020881652832]
[0.527384877204895, 0.571852445602417, 0.426167368888855, 0.27315619587898254, 0.5492804050445557]
[0.43372195959091187, 0.5776039361953735, 0.4284563362598419, 0.27846717834472656, 0.47131162881851196]
[0.5894338488578796, 0.5861788988113403, 0.3948378562927246, 0.25692614912986755, 0.5739879608154297]
[0.536980926990509, 0.5716947913169861, 0.4044422507286072, 0.2699843645095825, 0.5536720752716064]
[0.4741678535938263, 0.5971100330352783, 0.4258231222629547, 0.27417314052581787, 0.5133152008056641]
[0.5808423757553101, 0.5709256529808044, 0.40658149123191833, 0.2610172927379608, 0.5651237964630127]
[0.5894338488578796, 0.5861788988113403, 0.3948378562927246, 0.25692614912986755, 0.5739879608154297]
