1
【注意！驾车用蓝牙耳机接电话也要被扣分！】近日不少商家以“不怕新交规”“新交规必备”为噱头促销蓝牙耳机。有交警表示，驾车时用蓝牙耳机接听电话仍属“妨碍安全驾驶”行为，会被罚款扣分。 开车时要想打电话，还是乖乖靠边停车吧 ~ 想学更多实用驾车技巧 就关注
[0.5014197826385498, 0.5039164423942566, 0.4416552782058716, 0.2915637791156769, 0.5162153840065002]
[0.49555298686027527, 0.570673942565918, 0.4313119649887085, 0.2879068851470947, 0.5146951675415039]
[0.48359230160713196, 0.5927678942680359, 0.43945881724357605, 0.2975825071334839, 0.5169289112091064]
[0.48744064569473267, 0.5547712445259094, 0.4625696837902069, 0.306660920381546, 0.5137046575546265]
[0.461830198764801, 0.575680673122406, 0.4416545331478119, 0.29968851804733276, 0.4721795618534088]
[0.4840368330478668, 0.5532591938972473, 0.44814199209213257, 0.3173387348651886, 0.5102984309196472]
[0.5339735746383667, 0.5931066870689392, 0.41539254784584045, 0.27186256647109985, 0.550497829914093]
[0.37589749693870544, 0.5577855110168457, 0.44758397340774536, 0.31370580196380615, 0.4379955530166626]
[0.3858967125415802, 0.5686915516853333, 0.431968092918396, 0.27567258477211, 0.4547523260116577]
[0.4972943663597107, 0.5713472962379456, 0.42036065459251404, 0.2658383250236511, 0.5245091319084167]
[0.5070725679397583, 0.5795678496360779, 0.4309682846069336, 0.25872695446014404, 0.538472592830658]
[0.49925878643989563, 0.5788300037384033, 0.43714624643325806, 0.29114559292793274, 0.5245388150215149]
[0.4588344991207123, 0.5652501583099365, 0.4388081133365631, 0.2929289937019348, 0.5096980929374695]
[0.48892104625701904, 0.5429516434669495, 0.46343764662742615, 0.3086707592010498, 0.5073890089988708]
[0.416271448135376, 0.5763152837753296, 0.4356174170970917, 0.290353387594223, 0.4663355350494385]
[0.5096220374107361, 0.5961263179779053, 0.45306000113487244, 0.29921889305114746, 0.5354160070419312]
[0.4786587655544281, 0.5487039685249329, 0.4498635232448578, 0.3121165633201599, 0.5366208553314209]
[0.5760167241096497, 0.5766516327857971, 0.4061451852321625, 0.25815317034721375, 0.5334288477897644]
[0.38014623522758484, 0.5639023780822754, 0.4518970251083374, 0.29895904660224915, 0.46720194816589355]
[0.5327142477035522, 0.591049075126648, 0.43784278631210327, 0.26420858502388, 0.5415745377540588]
[0.4103277623653412, 0.5446416139602661, 0.4554217457771301, 0.33226969838142395, 0.4514921307563782]
[0.5552553534507751, 0.5704253911972046, 0.42284682393074036, 0.2852404713630676, 0.5642627477645874]
[0.550316572189331, 0.5735422968864441, 0.40366649627685547, 0.23481933772563934, 0.551238477230072]
[0.5770949125289917, 0.5911749005317688, 0.39382970333099365, 0.2646414339542389, 0.5519906282424927]
[0.47323524951934814, 0.581014096736908, 0.45834389328956604, 0.32630425691604614, 0.5160763263702393]
[0.47750192880630493, 0.5661249160766602, 0.4600675702095032, 0.3032146394252777, 0.529766321182251]
[0.5114495754241943, 0.5381474494934082, 0.45004671812057495, 0.31115055084228516, 0.49931827187538147]
[0.46570292115211487, 0.5791744589805603, 0.4372107684612274, 0.2889155149459839, 0.5254163146018982]
[0.385852575302124, 0.5593848824501038, 0.45914506912231445, 0.2989233136177063, 0.4251597821712494]
[0.4272163212299347, 0.578639805316925, 0.4649880826473236, 0.29797032475471497, 0.4680140018463135]
[0.5091770887374878, 0.5639023780822754, 0.4323284327983856, 0.29754874110221863, 0.5218725800514221]
[0.5066617131233215, 0.5650395154953003, 0.4404347240924835, 0.2987911105155945, 0.5197244882583618]
[0.44526177644729614, 0.5782157182693481, 0.43330898880958557, 0.3055168688297272, 0.4906873404979706]
[0.3984197974205017, 0.5178978443145752, 0.533118724822998, 0.440794974565506, 0.4986671209335327]
[0.416271448135376, 0.5763152837753296, 0.4356174170970917, 0.290353387594223, 0.4663355350494385]
[0.5369100570678711, 0.5894328355789185, 0.3997567594051361, 0.26535582542419434, 0.55735844373703]
[0.42882707715034485, 0.5690927505493164, 0.45844870805740356, 0.3021772503852844, 0.5019503831863403]
[0.4695367217063904, 0.563585102558136, 0.4458659589290619, 0.28371715545654297, 0.49868834018707275]
[0.5425664782524109, 0.5888048410415649, 0.40141382813453674, 0.2750132083892822, 0.5494404435157776]
[0.5325873494148254, 0.5880876183509827, 0.42129048705101013, 0.2533036768436432, 0.5475322008132935]
[0.473166823387146, 0.5423774123191833, 0.47375422716140747, 0.32886308431625366, 0.5383009314537048]
[0.4521315395832062, 0.5620708465576172, 0.4525299668312073, 0.2915485203266144, 0.479682058095932]
[0.5462510585784912, 0.5855141282081604, 0.4133496880531311, 0.27659904956817627, 0.5645431876182556]
[0.5207673907279968, 0.5909972786903381, 0.4259200692176819, 0.2661975622177124, 0.5209042429924011]
[0.4918399155139923, 0.5627119541168213, 0.46987664699554443, 0.3064859211444855, 0.5323883295059204]
[0.5102479457855225, 0.5874709486961365, 0.4420272707939148, 0.2958579361438751, 0.520974338054657]
[0.5230696797370911, 0.5660416483879089, 0.43287551403045654, 0.29613152146339417, 0.5389249920845032]
[0.518104612827301, 0.5715231895446777, 0.4297769367694855, 0.29895010590553284, 0.5317986011505127]
[0.5083076357841492, 0.5727421045303345, 0.4315336346626282, 0.2742232382297516, 0.5323113799095154]
[0.512537956237793, 0.5376124978065491, 0.4651249647140503, 0.34424513578414917, 0.4973217844963074]
[0.4929632544517517, 0.582230269908905, 0.42408737540245056, 0.27694275975227356, 0.5200573801994324]
[0.5566621422767639, 0.5544734001159668, 0.40564483404159546, 0.25009262561798096, 0.5895978808403015]
[0.5236238241195679, 0.5826875567436218, 0.43708673119544983, 0.2853395938873291, 0.5503205060958862]
[0.5579781532287598, 0.5953483581542969, 0.40106889605522156, 0.26370561122894287, 0.5576211214065552]
[0.5422711968421936, 0.5763956308364868, 0.4120696783065796, 0.2900765538215637, 0.5542740821838379]
[0.42426609992980957, 0.5635848641395569, 0.4517405927181244, 0.3463532030582428, 0.4480230510234833]
[0.42426609992980957, 0.5635848641395569, 0.4517405927181244, 0.3463532030582428, 0.4480230510234833]
[0.4487622082233429, 0.5716210603713989, 0.4600348174571991, 0.3031274080276489, 0.45275557041168213]
[0.4523398280143738, 0.5611123442649841, 0.44298267364501953, 0.3010077178478241, 0.4902750551700592]
[0.5001099109649658, 0.5631083250045776, 0.41920775175094604, 0.2896673083305359, 0.5115642547607422]
[0.49843671917915344, 0.5327162146568298, 0.4725660979747772, 0.30115723609924316, 0.4795723259449005]
[0.509643018245697, 0.555544376373291, 0.4538695812225342, 0.31452393531799316, 0.5377287268638611]
[0.529325544834137, 0.5799552798271179, 0.4218241274356842, 0.28127074241638184, 0.5384071469306946]
[0.5390792489051819, 0.5806993842124939, 0.40279293060302734, 0.2731751501560211, 0.541084349155426]
[0.48604488372802734, 0.5704712271690369, 0.43833261728286743, 0.31934621930122375, 0.5236601233482361]
[0.5339948534965515, 0.5869193077087402, 0.4350237250328064, 0.2724272310733795, 0.529603898525238]
[0.47365283966064453, 0.5654186606407166, 0.4290922284126282, 0.3161851465702057, 0.48402419686317444]
[0.4437237083911896, 0.5808864831924438, 0.43781134486198425, 0.27734535932540894, 0.47363385558128357]
[0.5293224453926086, 0.5753681063652039, 0.4273640811443329, 0.30864739418029785, 0.5398931503295898]
[0.43469658493995667, 0.5661100745201111, 0.45272818207740784, 0.277202844619751, 0.4945965111255646]
[0.5321711301803589, 0.5928964018821716, 0.4306720197200775, 0.25183340907096863, 0.5476495027542114]
[0.43045884370803833, 0.5518577098846436, 0.46718814969062805, 0.3346446454524994, 0.504676342010498]
[0.48784738779067993, 0.5906788110733032, 0.4392736256122589, 0.2960076332092285, 0.48998919129371643]
[0.5455554723739624, 0.5626188516616821, 0.40940138697624207, 0.26206907629966736, 0.5534430146217346]
[0.5491952300071716, 0.5918990969657898, 0.42066478729248047, 0.26386961340904236, 0.5615143775939941]
[0.45115673542022705, 0.5735860466957092, 0.45461249351501465, 0.2843257486820221, 0.5191665887832642]
[0.4314347803592682, 0.5663205981254578, 0.4499486982822418, 0.2977786362171173, 0.4624773859977722]
[0.4272163212299347, 0.578639805316925, 0.4649880826473236, 0.29797032475471497, 0.4680140018463135]
[0.4410300552845001, 0.5704787373542786, 0.45493897795677185, 0.2940283417701721, 0.45715856552124023]
[0.4681272506713867, 0.5587906241416931, 0.45687705278396606, 0.33969825506210327, 0.5213149189949036]
[0.5239428281784058, 0.554951012134552, 0.4338243901729584, 0.29270827770233154, 0.5451658964157104]
[0.4654291868209839, 0.5682615637779236, 0.4400606155395508, 0.3220289945602417, 0.5317872762680054]
[0.6042366623878479, 0.5698598623275757, 0.3937365710735321, 0.24717926979064941, 0.5988998413085938]
[0.3980659246444702, 0.5676062703132629, 0.4500005543231964, 0.2906647026538849, 0.4348086714744568]
[0.4583795964717865, 0.5459623336791992, 0.4606586992740631, 0.30691254138946533, 0.4941565692424774]
[0.42827466130256653, 0.5374124050140381, 0.47471654415130615, 0.3398907482624054, 0.4696013331413269]
[0.5315115451812744, 0.5855736136436462, 0.39861738681793213, 0.2707137167453766, 0.5307518839836121]
[0.5624347925186157, 0.5956488251686096, 0.4224094748497009, 0.26182952523231506, 0.5512803792953491]
[0.48790010809898376, 0.5748574137687683, 0.4460146725177765, 0.304129034280777, 0.523739755153656]
[0.4312775135040283, 0.5684755444526672, 0.4470263123512268, 0.2980901598930359, 0.48599374294281006]
[0.567186176776886, 0.5885620713233948, 0.4064778983592987, 0.2637428343296051, 0.5816669464111328]
[0.4871593415737152, 0.558306872844696, 0.45754045248031616, 0.34117695689201355, 0.5374677777290344]
[0.4635007977485657, 0.5453193187713623, 0.45990610122680664, 0.33377179503440857, 0.5000700354576111]
[0.4728752374649048, 0.5945020318031311, 0.44808346033096313, 0.28692296147346497, 0.4863629937171936]
[0.55463045835495, 0.5841764211654663, 0.4032229483127594, 0.25088566541671753, 0.5732347369194031]
[0.526837170124054, 0.5750720500946045, 0.46278116106987, 0.32535162568092346, 0.5357197523117065]
[0.5461488366127014, 0.5647785067558289, 0.4159819185733795, 0.30112501978874207, 0.550237774848938]
[0.49606969952583313, 0.5910388827323914, 0.4339299201965332, 0.2859033942222595, 0.5256103277206421]
[0.5796422362327576, 0.5690359473228455, 0.4039887487888336, 0.27270475029945374, 0.5570889115333557]
[0.5198981761932373, 0.5867352485656738, 0.43659523129463196, 0.25478214025497437, 0.5365535020828247]
[0.5087648630142212, 0.5555493235588074, 0.43878695368766785, 0.32304421067237854, 0.5320988297462463]
