1
【感谢香港廉政公署，郭美美真相浮出水面！】据香港TVB电视台报道，伯明翰主席杨家诚被香港警方抓走，罪名是巨额财产不明。更多消息还在进一步调查了解中。十字会郭会长挣的钱流到香港让杨家诚洗钱，郭美美出事了大陆的公-安不敢管，但香港的廉政公署顺着这个线索把杨嘉诚挖出来了
[0.48812103271484375, 0.5279925465583801, 0.4741102457046509, 0.30423349142074585, 0.48116812109947205]
[0.4383229911327362, 0.5398106575012207, 0.4400046765804291, 0.30707821249961853, 0.5061488747596741]
[0.4947218894958496, 0.5676899552345276, 0.4209331274032593, 0.2204105257987976, 0.5248463749885559]
[0.5309845209121704, 0.5897089242935181, 0.426408052444458, 0.2694692611694336, 0.5409523844718933]
[0.5896202325820923, 0.6009964942932129, 0.3933485150337219, 0.243545264005661, 0.5743495225906372]
[0.3698428273200989, 0.5436661839485168, 0.4319998323917389, 0.26707351207733154, 0.43440917134284973]
[0.5896202325820923, 0.6009964942932129, 0.3933485150337219, 0.243545264005661, 0.5743495225906372]
[0.45893794298171997, 0.5815615057945251, 0.44820302724838257, 0.2842600345611572, 0.4969404935836792]
[0.4790242314338684, 0.5203675627708435, 0.504737138748169, 0.3834487497806549, 0.47342532873153687]
[0.5541516542434692, 0.5970332026481628, 0.4166582524776459, 0.2655721604824066, 0.5812028646469116]
[0.4947218894958496, 0.5676899552345276, 0.4209331274032593, 0.2204105257987976, 0.5248463749885559]
[0.5960005521774292, 0.5828866362571716, 0.3999839723110199, 0.24369557201862335, 0.5952040553092957]
[0.5272536873817444, 0.5871959328651428, 0.40474992990493774, 0.26819518208503723, 0.5187954902648926]
[0.5082640647888184, 0.559323251247406, 0.4309884011745453, 0.30333220958709717, 0.5019117593765259]
[0.5051738619804382, 0.5665678977966309, 0.40768784284591675, 0.27469775080680847, 0.5419161915779114]
[0.3513360619544983, 0.5391668081283569, 0.48286017775535583, 0.36549127101898193, 0.4227074086666107]
[0.5896202325820923, 0.6009964942932129, 0.3933485150337219, 0.243545264005661, 0.5743495225906372]
[0.5444731712341309, 0.5838104486465454, 0.4139184057712555, 0.25832685828208923, 0.5652064085006714]
[0.41890424489974976, 0.5850306153297424, 0.4443127512931824, 0.2831730246543884, 0.47026100754737854]
[0.430019736289978, 0.5761645436286926, 0.47848355770111084, 0.3058454692363739, 0.4676654040813446]
[0.49819183349609375, 0.5695810914039612, 0.4092336595058441, 0.28381651639938354, 0.5330636501312256]
[0.5414556860923767, 0.5835748314857483, 0.41457095742225647, 0.2584488093852997, 0.5621783137321472]
[0.3737403452396393, 0.5374123454093933, 0.45080652832984924, 0.29242241382598877, 0.4546962380409241]
[0.4921639561653137, 0.5029985904693604, 0.4946056604385376, 0.31979480385780334, 0.4801467955112457]
[0.5774304270744324, 0.6065936088562012, 0.41549786925315857, 0.2480234056711197, 0.5604559779167175]
[0.5111943483352661, 0.5756036639213562, 0.4332886040210724, 0.2777117192745209, 0.5181496739387512]
[0.4549354314804077, 0.5687308311462402, 0.4473157525062561, 0.309164434671402, 0.4806048572063446]
[0.4487622082233429, 0.5716210603713989, 0.4600348174571991, 0.3031274080276489, 0.45275557041168213]
[0.4524315595626831, 0.5456536412239075, 0.4810177981853485, 0.3374519348144531, 0.49181148409843445]
[0.4189586639404297, 0.5354630351066589, 0.44542115926742554, 0.28925272822380066, 0.44327056407928467]
[0.5225111246109009, 0.5902101993560791, 0.4168713092803955, 0.279888391494751, 0.5396143794059753]
[0.4189586639404297, 0.5354630351066589, 0.44542115926742554, 0.28925272822380066, 0.44327056407928467]
[0.4544975757598877, 0.5728230476379395, 0.43962928652763367, 0.2901112139225006, 0.4906989336013794]
[0.40040430426597595, 0.5729082822799683, 0.42570167779922485, 0.2927076816558838, 0.4825383722782135]
[0.5237208008766174, 0.5656341314315796, 0.4226144552230835, 0.28117677569389343, 0.5495784282684326]
[0.3356742262840271, 0.551359236240387, 0.4424532651901245, 0.2815611660480499, 0.4287131428718567]
[0.4833352565765381, 0.5137026309967041, 0.5018680095672607, 0.3247165083885193, 0.4898809790611267]
[0.4589742422103882, 0.5674827098846436, 0.4607124328613281, 0.31033948063850403, 0.488534539937973]
[0.5009711980819702, 0.5654088258743286, 0.43433117866516113, 0.2977291941642761, 0.48094192147254944]
[0.48469385504722595, 0.5579518675804138, 0.4388161897659302, 0.2781592607498169, 0.5131160020828247]
[0.4487622082233429, 0.5716210603713989, 0.4600348174571991, 0.3031274080276489, 0.45275557041168213]
[0.5774304270744324, 0.6065936088562012, 0.41549786925315857, 0.2480234056711197, 0.5604559779167175]
[0.5005879402160645, 0.5597578287124634, 0.441265732049942, 0.31442856788635254, 0.5272060036659241]
[0.5928213596343994, 0.5323452353477478, 0.4093625247478485, 0.29139581322669983, 0.5731877088546753]
[0.435558557510376, 0.5628860592842102, 0.43874895572662354, 0.2880892753601074, 0.48760560154914856]
[0.4508455991744995, 0.5761649012565613, 0.440425306558609, 0.3098411560058594, 0.4834076762199402]
[0.5896202325820923, 0.6009964942932129, 0.3933485150337219, 0.243545264005661, 0.5743495225906372]
[0.6149482131004333, 0.5332255363464355, 0.40684038400650024, 0.25124314427375793, 0.5920183062553406]
[0.5132670402526855, 0.5934965014457703, 0.4420536458492279, 0.27757078409194946, 0.5219869613647461]
[0.48835068941116333, 0.5655309557914734, 0.43296608328819275, 0.3138258159160614, 0.4935774803161621]
[0.4611120820045471, 0.5595020651817322, 0.46361541748046875, 0.3147772252559662, 0.4781184792518616]
[0.6222400069236755, 0.5663567781448364, 0.3770813047885895, 0.2212238609790802, 0.6068398952484131]
[0.6117194294929504, 0.5856156349182129, 0.397356241941452, 0.23510485887527466, 0.5929135084152222]
[0.4079119563102722, 0.5218020081520081, 0.4589782655239105, 0.2980005145072937, 0.4220990836620331]
[0.5359578132629395, 0.5748847723007202, 0.42746424674987793, 0.2889329493045807, 0.5264971256256104]
[0.4940691292285919, 0.5699995160102844, 0.4276992082595825, 0.28853464126586914, 0.5195837616920471]
[0.564776599407196, 0.5883772373199463, 0.4335443079471588, 0.290201872587204, 0.5411515831947327]
[0.5381417274475098, 0.5749388933181763, 0.4135434329509735, 0.26497718691825867, 0.5330116748809814]
[0.5350527167320251, 0.5634511709213257, 0.43424007296562195, 0.2677219808101654, 0.554179847240448]
[0.5426084995269775, 0.5825521945953369, 0.4205004870891571, 0.263367235660553, 0.5657909512519836]
[0.5196760296821594, 0.5743873715400696, 0.4406907856464386, 0.2815002501010895, 0.5052157640457153]
[0.5643822550773621, 0.52317875623703, 0.46369531750679016, 0.3623223304748535, 0.530318021774292]
[0.48795509338378906, 0.5768374800682068, 0.4468382000923157, 0.30739203095436096, 0.5087156295776367]
[0.45823052525520325, 0.5753856301307678, 0.44934308528900146, 0.28870251774787903, 0.48356059193611145]
[0.5194118618965149, 0.5490029454231262, 0.43874403834342957, 0.2833901047706604, 0.5606319308280945]
[0.5431767702102661, 0.58334881067276, 0.41904082894325256, 0.2629167437553406, 0.5662075877189636]
[0.44788774847984314, 0.556611180305481, 0.4671255052089691, 0.317950576543808, 0.4563257098197937]
[0.5409939885139465, 0.5933495759963989, 0.4157950282096863, 0.26704826951026917, 0.563537061214447]
[0.5080582499504089, 0.5609838366508484, 0.4490377604961395, 0.3263171315193176, 0.5163336992263794]
[0.515916109085083, 0.5937647819519043, 0.43491169810295105, 0.2746104598045349, 0.5194776654243469]
[0.41890424489974976, 0.5850306153297424, 0.4443127512931824, 0.2831730246543884, 0.47026100754737854]
[0.4430185556411743, 0.5704224705696106, 0.45080822706222534, 0.2733179032802582, 0.47745633125305176]
[0.5896202325820923, 0.6009964942932129, 0.3933485150337219, 0.243545264005661, 0.5743495225906372]
[0.4599967896938324, 0.5408101081848145, 0.49582234025001526, 0.36440718173980713, 0.49862703680992126]
[0.4897998571395874, 0.5413415431976318, 0.43716859817504883, 0.3025985062122345, 0.5147696733474731]
[0.45564189553260803, 0.5610354542732239, 0.45707967877388, 0.2990691661834717, 0.48772138357162476]
[0.5553686618804932, 0.5820756554603577, 0.4060239791870117, 0.25381964445114136, 0.5642170310020447]
[0.535548985004425, 0.5743044018745422, 0.4219232201576233, 0.27131181955337524, 0.5345061421394348]
[0.46601602435112, 0.5651649832725525, 0.4377492070198059, 0.2894585430622101, 0.48092910647392273]
[0.4493426978588104, 0.557195246219635, 0.43272867798805237, 0.2914210855960846, 0.4855788052082062]
[0.4902917742729187, 0.5803331732749939, 0.4208579361438751, 0.2912571430206299, 0.5021897554397583]
[0.33895036578178406, 0.5520164966583252, 0.4370725750923157, 0.2849462330341339, 0.43592727184295654]
[0.47021734714508057, 0.5523290634155273, 0.45210501551628113, 0.31507986783981323, 0.5001201629638672]
[0.48500141501426697, 0.582371175289154, 0.4394066035747528, 0.2787570059299469, 0.48977360129356384]
[0.48233309388160706, 0.5816105008125305, 0.4399698078632355, 0.28070756793022156, 0.5227451920509338]
[0.4189586639404297, 0.5354630351066589, 0.44542115926742554, 0.28925272822380066, 0.44327056407928467]
[0.466769814491272, 0.5367648005485535, 0.4676135778427124, 0.33288177847862244, 0.5010791420936584]
[0.4189586639404297, 0.5354630351066589, 0.44542115926742554, 0.28925272822380066, 0.44327056407928467]
[0.5024064779281616, 0.5543703436851501, 0.4494805932044983, 0.30723729729652405, 0.48644715547561646]
[0.47368741035461426, 0.5492002964019775, 0.42606478929519653, 0.28933408856391907, 0.5006741285324097]
[0.5718614459037781, 0.5773853063583374, 0.40587642788887024, 0.2744106352329254, 0.5269439220428467]
[0.4302777945995331, 0.5446515679359436, 0.48628076910972595, 0.35646864771842957, 0.44554948806762695]
[0.4487622082233429, 0.5716210603713989, 0.4600348174571991, 0.3031274080276489, 0.45275557041168213]
[0.5322820544242859, 0.5586791038513184, 0.4343782365322113, 0.3105087876319885, 0.5158735513687134]
[0.5491952300071716, 0.5918990969657898, 0.42066478729248047, 0.26386961340904236, 0.5615143775939941]
[0.5036309361457825, 0.5642091035842896, 0.4140823483467102, 0.28512704372406006, 0.5017557144165039]
[0.445176362991333, 0.5827957987785339, 0.45335710048675537, 0.2842923700809479, 0.4925072491168976]
[0.5857512950897217, 0.5620571970939636, 0.4460095763206482, 0.2769237160682678, 0.5617355108261108]
[0.5193716883659363, 0.5724310278892517, 0.45409271121025085, 0.3049342930316925, 0.5264148712158203]
[0.3980439603328705, 0.5657359957695007, 0.43963608145713806, 0.2879457473754883, 0.43626952171325684]
[0.4708020091056824, 0.5659738183021545, 0.4534534215927124, 0.3086227476596832, 0.5054044723510742]
