1
网传这是新浪微博中午抽风的原因。。。。
[0.5018095970153809, 0.5463000535964966, 0.4426865875720978, 0.2681228220462799, 0.5269631743431091]
[0.5287399291992188, 0.5689336657524109, 0.4250141382217407, 0.2658671438694, 0.5384972095489502]
[0.33901479840278625, 0.5270125865936279, 0.47799408435821533, 0.32732251286506653, 0.4249909520149231]
[0.5249741673469543, 0.5737837553024292, 0.4389581084251404, 0.30294421315193176, 0.5405400991439819]
[0.5103649497032166, 0.5701048970222473, 0.43130621314048767, 0.2902348041534424, 0.5088374614715576]
[0.4780018925666809, 0.5611547231674194, 0.44433003664016724, 0.3172663152217865, 0.5134876370429993]
[0.44618546962738037, 0.5448921322822571, 0.4827968180179596, 0.339941143989563, 0.4618532955646515]
[0.5199617147445679, 0.5754591226577759, 0.43043971061706543, 0.2861819267272949, 0.5446421504020691]
[0.4095846116542816, 0.5434470772743225, 0.4684879779815674, 0.3209550678730011, 0.4569838345050812]
[0.4087022840976715, 0.5114130973815918, 0.4770765006542206, 0.32932910323143005, 0.4693114459514618]
[0.5200393199920654, 0.5452378988265991, 0.45117488503456116, 0.2892596423625946, 0.5212414264678955]
[0.44797617197036743, 0.542645275592804, 0.4407234191894531, 0.3051316440105438, 0.48454007506370544]
[0.6389325261116028, 0.5565629005432129, 0.3838250935077667, 0.249906986951828, 0.615581214427948]
[0.5088267922401428, 0.5524330735206604, 0.41752931475639343, 0.3041430711746216, 0.516240656375885]
[0.5199617147445679, 0.5754591226577759, 0.43043971061706543, 0.2861819267272949, 0.5446421504020691]
[0.6152282953262329, 0.5704005360603333, 0.3759688138961792, 0.24464468657970428, 0.5980868339538574]
[0.527854323387146, 0.5857251286506653, 0.42558375000953674, 0.27191784977912903, 0.5264109373092651]
[0.4516967833042145, 0.5428601503372192, 0.43252816796302795, 0.2995128035545349, 0.47310715913772583]
[0.4517011046409607, 0.5730355978012085, 0.444433331489563, 0.29511362314224243, 0.499240905046463]
[0.5197307467460632, 0.5696845054626465, 0.42274990677833557, 0.2989638149738312, 0.514394223690033]
[0.418827623128891, 0.5538662672042847, 0.4656216502189636, 0.3133966028690338, 0.48395049571990967]
[0.42712879180908203, 0.5236301422119141, 0.46753987669944763, 0.33910006284713745, 0.46992939710617065]
[0.48825037479400635, 0.5534992218017578, 0.4622001349925995, 0.2989945709705353, 0.4879102110862732]
[0.540108859539032, 0.5798330903053284, 0.41183921694755554, 0.26689669489860535, 0.5130394101142883]
[0.48379552364349365, 0.5937032699584961, 0.41920071840286255, 0.2830924987792969, 0.4925927221775055]
[0.5721143484115601, 0.5673226118087769, 0.4050266444683075, 0.25941595435142517, 0.5531734228134155]
[0.5320054888725281, 0.583394467830658, 0.4153740704059601, 0.2622464895248413, 0.5383496880531311]
[0.5327438712120056, 0.5743135213851929, 0.4096287190914154, 0.24780137836933136, 0.5626844763755798]
[0.4227309226989746, 0.5319691896438599, 0.5189481973648071, 0.362758994102478, 0.4437151849269867]
[0.5580317378044128, 0.5908384323120117, 0.3989737629890442, 0.2480606585741043, 0.5825653672218323]
[0.4232884645462036, 0.578056812286377, 0.4583997428417206, 0.3056703209877014, 0.4883149266242981]
[0.4803726375102997, 0.5685833692550659, 0.4751497805118561, 0.301937073469162, 0.49429649114608765]
[0.48379552364349365, 0.5937032699584961, 0.41920071840286255, 0.2830924987792969, 0.4925927221775055]
[0.5106751322746277, 0.5495643615722656, 0.433868944644928, 0.2913872301578522, 0.4957968592643738]
[0.4316183626651764, 0.5657560229301453, 0.4478212893009186, 0.31266531348228455, 0.4853195250034332]
[0.3261440396308899, 0.5520188808441162, 0.47136491537094116, 0.3233695328235626, 0.43331998586654663]
[0.4500029683113098, 0.5526469349861145, 0.4778917729854584, 0.29643672704696655, 0.4890044927597046]
[0.5118389129638672, 0.5608550906181335, 0.4343917965888977, 0.3229634463787079, 0.529626190662384]
[0.5308476090431213, 0.5742705464363098, 0.4340144991874695, 0.29056060314178467, 0.5380550622940063]
[0.4590303599834442, 0.5718779563903809, 0.4359489381313324, 0.3023328483104706, 0.4981144368648529]
[0.5266727805137634, 0.5604798197746277, 0.42551735043525696, 0.3092062175273895, 0.5350802540779114]
[0.4487622082233429, 0.5716210603713989, 0.4600348174571991, 0.3031274080276489, 0.45275557041168213]
[0.5695762038230896, 0.5685988068580627, 0.4171525835990906, 0.2582511603832245, 0.5342653393745422]
[0.5224173665046692, 0.5790922045707703, 0.4212590157985687, 0.29728057980537415, 0.5232928395271301]
[0.5226781368255615, 0.5754216313362122, 0.4194790720939636, 0.28398817777633667, 0.5325213670730591]
[0.4569768011569977, 0.5354610085487366, 0.504483163356781, 0.352000892162323, 0.4803010821342468]
[0.47173336148262024, 0.517716646194458, 0.4635501801967621, 0.3409014344215393, 0.48498472571372986]
[0.5332072377204895, 0.5384257435798645, 0.4588029980659485, 0.30506572127342224, 0.521896481513977]
[0.46994704008102417, 0.5627621412277222, 0.45138785243034363, 0.2921217679977417, 0.5149988532066345]
[0.4675409197807312, 0.5653927326202393, 0.44796717166900635, 0.3154227137565613, 0.5058932900428772]
[0.5444002747535706, 0.5663224458694458, 0.41967037320137024, 0.2881081700325012, 0.5384171009063721]
[0.48379552364349365, 0.5937032699584961, 0.41920071840286255, 0.2830924987792969, 0.4925927221775055]
[0.5041200518608093, 0.5618630051612854, 0.42590099573135376, 0.2888987362384796, 0.5448415279388428]
[0.4613535404205322, 0.5408957004547119, 0.4692821502685547, 0.3450925946235657, 0.5091884136199951]
[0.5446717739105225, 0.5605473518371582, 0.42570918798446655, 0.2742423117160797, 0.5371512770652771]
[0.44535988569259644, 0.5184572339057922, 0.49120837450027466, 0.39466360211372375, 0.4775465726852417]
[0.4752258062362671, 0.5691908001899719, 0.4391210675239563, 0.3077876567840576, 0.4840574860572815]
[0.5087382197380066, 0.5673462748527527, 0.4158797860145569, 0.26331576704978943, 0.5419963002204895]
[0.41157031059265137, 0.5470693111419678, 0.4688907861709595, 0.3111531138420105, 0.4151724874973297]
[0.5027430057525635, 0.5538374185562134, 0.4118455946445465, 0.29155492782592773, 0.528826892375946]
[0.5314736366271973, 0.5820833444595337, 0.43883222341537476, 0.30151301622390747, 0.5371476411819458]
[0.4548960030078888, 0.5589407682418823, 0.45060762763023376, 0.2868644893169403, 0.46059057116508484]
[0.40818682312965393, 0.5585726499557495, 0.45175424218177795, 0.33954960107803345, 0.4589727520942688]
[0.5177729725837708, 0.5833643078804016, 0.40603089332580566, 0.2730325162410736, 0.5234096646308899]
[0.30215251445770264, 0.5288064479827881, 0.45418715476989746, 0.33626824617385864, 0.41747593879699707]
[0.5180233716964722, 0.5718270540237427, 0.4145527780056, 0.28541824221611023, 0.5146206021308899]
[0.47162726521492004, 0.5715734958648682, 0.44276663661003113, 0.2844487428665161, 0.4948979914188385]
[0.47544625401496887, 0.5661916136741638, 0.4371406137943268, 0.2790863811969757, 0.5252113342285156]
[0.46328291296958923, 0.5622950792312622, 0.48292243480682373, 0.30462685227394104, 0.4337603747844696]
[0.5174598693847656, 0.5757555961608887, 0.44812214374542236, 0.3161584734916687, 0.4985526502132416]
[0.42637503147125244, 0.5239319205284119, 0.5153639316558838, 0.4041858911514282, 0.46060144901275635]
[0.42146387696266174, 0.5396394729614258, 0.4643979072570801, 0.3371192514896393, 0.4683604836463928]
[0.46661871671676636, 0.5836977958679199, 0.436079204082489, 0.27481111884117126, 0.4732847213745117]
[0.4487622082233429, 0.5716210603713989, 0.4600348174571991, 0.3031274080276489, 0.45275557041168213]
[0.48143041133880615, 0.5816358327865601, 0.4339022636413574, 0.2886752188205719, 0.4806816875934601]
[0.45513463020324707, 0.551959753036499, 0.453698068857193, 0.28924626111984253, 0.5063990354537964]
[0.48514100909233093, 0.560005247592926, 0.43430283665657043, 0.2593933343887329, 0.51720130443573]
