1
【中午刷不开新浪微博，原来是这样。。】人家45分钟下了42G，果然是大公司
[0.43410560488700867, 0.5241960287094116, 0.4946964979171753, 0.35317739844322205, 0.4781726598739624]
[0.5107288956642151, 0.5687527060508728, 0.4234883487224579, 0.30367687344551086, 0.5115019679069519]
[0.37211403250694275, 0.5304449200630188, 0.4794442057609558, 0.3477292060852051, 0.423743337392807]
[0.35348889231681824, 0.5382524132728577, 0.4698585271835327, 0.3285938501358032, 0.4512246251106262]
[0.5764367580413818, 0.5917763113975525, 0.4124647080898285, 0.26419520378112793, 0.5642456412315369]
[0.4256437420845032, 0.5841230750083923, 0.4504948556423187, 0.3134647309780121, 0.4862421154975891]
[0.49029970169067383, 0.586135983467102, 0.41699841618537903, 0.25333496928215027, 0.5173271894454956]
[0.44938910007476807, 0.5678563714027405, 0.4410097002983093, 0.30161142349243164, 0.48431482911109924]
[0.49006137251853943, 0.5719653964042664, 0.4636843502521515, 0.30330100655555725, 0.537106990814209]
[0.4096977710723877, 0.5615779757499695, 0.460622638463974, 0.30630096793174744, 0.4669892489910126]
[0.5208501219749451, 0.5781353712081909, 0.4390861690044403, 0.27715784311294556, 0.5295799374580383]
[0.444056898355484, 0.5534594655036926, 0.446179062128067, 0.3174439072608948, 0.4891590476036072]
[0.40935367345809937, 0.5565871000289917, 0.48512640595436096, 0.35662513971328735, 0.46219080686569214]
[0.46907326579093933, 0.580090343952179, 0.43664178252220154, 0.2813469171524048, 0.5030539631843567]
[0.5114922523498535, 0.5543347001075745, 0.44253039360046387, 0.3096190094947815, 0.5281879901885986]
[0.4895944893360138, 0.5828853845596313, 0.42802342772483826, 0.2842833399772644, 0.524308443069458]
[0.5132416486740112, 0.5765411257743835, 0.4204089343547821, 0.2780870497226715, 0.5275075435638428]
[0.5276111960411072, 0.5497451424598694, 0.4366898536682129, 0.2907399833202362, 0.5102921724319458]
[0.45533135533332825, 0.5494173765182495, 0.49524393677711487, 0.3598354458808899, 0.47392889857292175]
[0.5399048924446106, 0.5555471181869507, 0.4299207329750061, 0.30769264698028564, 0.5455228686332703]
[0.5079260468482971, 0.5372504591941833, 0.45539218187332153, 0.31297579407691956, 0.4955541491508484]
[0.5214759707450867, 0.5639256238937378, 0.4183764159679413, 0.2897689640522003, 0.5288383960723877]
[0.5072692632675171, 0.5545070171356201, 0.4438396394252777, 0.29431599378585815, 0.49718260765075684]
[0.3691968023777008, 0.5561098456382751, 0.461832731962204, 0.3129078447818756, 0.42573875188827515]
[0.4934901297092438, 0.5894461274147034, 0.4346502125263214, 0.28996455669403076, 0.5092467665672302]
[0.46907326579093933, 0.580090343952179, 0.43664178252220154, 0.2813469171524048, 0.5030539631843567]
[0.52777099609375, 0.5749369859695435, 0.4504243731498718, 0.274231880903244, 0.5622520446777344]
[0.4723503589630127, 0.5555377006530762, 0.4555332362651825, 0.2980429530143738, 0.46377304196357727]
[0.4874890446662903, 0.5760125517845154, 0.46855035424232483, 0.2929861545562744, 0.5027110576629639]
[0.47162726521492004, 0.5715734958648682, 0.44276663661003113, 0.2844487428665161, 0.4948979914188385]
[0.36040717363357544, 0.5238957405090332, 0.45834168791770935, 0.31731995940208435, 0.4467562437057495]
[0.3964296579360962, 0.5505318641662598, 0.4808986186981201, 0.3380567133426666, 0.4514694809913635]
[0.4710518419742584, 0.547934353351593, 0.44353005290031433, 0.28493234515190125, 0.4920474588871002]
[0.4017143249511719, 0.5708543062210083, 0.4405863881111145, 0.29585734009742737, 0.46154657006263733]
[0.4487622082233429, 0.5716210603713989, 0.4600348174571991, 0.3031274080276489, 0.45275557041168213]
[0.45807597041130066, 0.5591580867767334, 0.4633711576461792, 0.3291289508342743, 0.499229371547699]
[0.5108786821365356, 0.555064857006073, 0.44643935561180115, 0.3226543664932251, 0.4807436764240265]
[0.46328291296958923, 0.5622950792312622, 0.48292243480682373, 0.30462685227394104, 0.4337603747844696]
[0.45329371094703674, 0.5688381195068359, 0.4289989769458771, 0.293609082698822, 0.4904572367668152]
[0.5480154156684875, 0.5490224361419678, 0.4367366135120392, 0.3053133189678192, 0.516213595867157]
[0.5227871537208557, 0.5782963037490845, 0.4325251877307892, 0.2754474878311157, 0.5397001504898071]
[0.4002412259578705, 0.5354586243629456, 0.4564269185066223, 0.34522169828414917, 0.4441944658756256]
[0.45587605237960815, 0.5477427840232849, 0.4815192222595215, 0.3370504379272461, 0.5095922946929932]
[0.47976288199424744, 0.5590754151344299, 0.45069482922554016, 0.3263523280620575, 0.5176532864570618]
[0.5278286337852478, 0.5774341821670532, 0.4380607306957245, 0.28277072310447693, 0.5572879314422607]
[0.45960673689842224, 0.5569660067558289, 0.4402777850627899, 0.3061619997024536, 0.5026962161064148]
[0.48622727394104004, 0.5507049560546875, 0.44160377979278564, 0.28780603408813477, 0.48525270819664]
[0.5598673820495605, 0.5821343660354614, 0.4153393805027008, 0.27118799090385437, 0.5691075921058655]
[0.4406064748764038, 0.5561915040016174, 0.4589013159275055, 0.36534756422042847, 0.4971056282520294]
[0.3938707113265991, 0.5398550629615784, 0.471780389547348, 0.34625622630119324, 0.44840604066848755]
[0.37223732471466064, 0.5469763875007629, 0.4672568440437317, 0.357706755399704, 0.41479477286338806]
[0.4825313091278076, 0.5803935527801514, 0.45230862498283386, 0.31167471408843994, 0.5009760856628418]
[0.567821741104126, 0.5547875761985779, 0.43183502554893494, 0.2963906526565552, 0.5553671717643738]
[0.36354896426200867, 0.4845116436481476, 0.5383843779563904, 0.4933363199234009, 0.44169342517852783]
[0.4943584203720093, 0.5731750130653381, 0.451063871383667, 0.29532214999198914, 0.5221956968307495]
[0.4758092164993286, 0.538818895816803, 0.4336872100830078, 0.2928847372531891, 0.5066191554069519]
[0.5392138957977295, 0.5823938250541687, 0.4261903762817383, 0.27492547035217285, 0.5122859477996826]
[0.4601486921310425, 0.5209414958953857, 0.4564639627933502, 0.3409044146537781, 0.4823778569698334]
[0.5132416486740112, 0.5765411257743835, 0.4204089343547821, 0.2780870497226715, 0.5275075435638428]
[0.45347264409065247, 0.5457589626312256, 0.46964818239212036, 0.37514713406562805, 0.4954800605773926]
[0.4170007109642029, 0.5526604652404785, 0.4525824189186096, 0.3290700316429138, 0.4645790159702301]
[0.4920179545879364, 0.5483805537223816, 0.4661760628223419, 0.33584722876548767, 0.4824804663658142]
[0.4758692681789398, 0.5671343803405762, 0.4664519131183624, 0.3051452934741974, 0.4674079716205597]
[0.49820658564567566, 0.586881697177887, 0.4371371269226074, 0.280570924282074, 0.5283140540122986]
[0.5099608302116394, 0.5232619047164917, 0.44701269268989563, 0.31473052501678467, 0.5252876281738281]
[0.4694073498249054, 0.539348304271698, 0.48621055483818054, 0.3540457785129547, 0.4638805389404297]
[0.5246437788009644, 0.5452585816383362, 0.4409131109714508, 0.3038218021392822, 0.5213994383811951]
[0.47344455122947693, 0.5540093779563904, 0.44185134768486023, 0.3108035922050476, 0.4852250814437866]
[0.4716556966304779, 0.5305839776992798, 0.45992445945739746, 0.3270901143550873, 0.48400554060935974]
[0.4468529522418976, 0.5676010847091675, 0.45167094469070435, 0.2935636043548584, 0.46098992228507996]
[0.38841545581817627, 0.551870584487915, 0.5105373859405518, 0.3706393539905548, 0.4712097942829132]
[0.44672635197639465, 0.5494404435157776, 0.4572427272796631, 0.3076610565185547, 0.4977034330368042]
[0.42912352085113525, 0.5484861731529236, 0.46727341413497925, 0.32226595282554626, 0.4604334235191345]
[0.5079978108406067, 0.5649017691612244, 0.4397617280483246, 0.28967833518981934, 0.5237591862678528]
[0.53797447681427, 0.5823124647140503, 0.4435180425643921, 0.29584041237831116, 0.5139213800430298]
[0.44644609093666077, 0.5659324526786804, 0.45954278111457825, 0.3084578812122345, 0.47990384697914124]
[0.5210222601890564, 0.5348206758499146, 0.41944777965545654, 0.2678374648094177, 0.49965035915374756]
[0.5238083600997925, 0.6015953421592712, 0.41671550273895264, 0.26165497303009033, 0.548253059387207]
[0.4470219016075134, 0.5379273295402527, 0.5002582669258118, 0.40408650040626526, 0.4866527020931244]
[0.5394458174705505, 0.5553251504898071, 0.42566055059432983, 0.30184298753738403, 0.5148309469223022]
[0.5504789352416992, 0.5504522323608398, 0.46797049045562744, 0.3006422519683838, 0.5575739741325378]
[0.44814980030059814, 0.5530468225479126, 0.4497639238834381, 0.2940632700920105, 0.5058792233467102]
[0.5352638959884644, 0.5904921293258667, 0.44677260518074036, 0.2650942802429199, 0.5411695837974548]
[0.5059441924095154, 0.5613619685173035, 0.46106603741645813, 0.2984853684902191, 0.5192909836769104]
[0.5306469202041626, 0.5743346810340881, 0.4549233913421631, 0.29628726840019226, 0.5385947823524475]
[0.5208501219749451, 0.5781353712081909, 0.4390861690044403, 0.27715784311294556, 0.5295799374580383]
[0.4638843536376953, 0.569930911064148, 0.4662519693374634, 0.31796732544898987, 0.5089783668518066]
[0.4890868365764618, 0.5830868482589722, 0.4323221743106842, 0.2706381678581238, 0.5072413086891174]
[0.47278228402137756, 0.5726445317268372, 0.43789154291152954, 0.30226385593414307, 0.49468889832496643]
[0.5505018830299377, 0.5962092280387878, 0.4304673373699188, 0.2597929835319519, 0.5504316687583923]
[0.45110422372817993, 0.5599956512451172, 0.43688544631004333, 0.2807580828666687, 0.5029223561286926]
[0.4838358163833618, 0.5715033411979675, 0.46249884366989136, 0.3267665505409241, 0.4828009307384491]
[0.39761683344841003, 0.5053666234016418, 0.5140578746795654, 0.40040966868400574, 0.47482243180274963]
[0.4674869477748871, 0.5505777597427368, 0.4604909420013428, 0.30398425459861755, 0.48721495270729065]
[0.3962266445159912, 0.5622695684432983, 0.49250903725624084, 0.34144145250320435, 0.4375033974647522]
[0.4327574372291565, 0.5780930519104004, 0.44557371735572815, 0.2948318123817444, 0.4927825629711151]
[0.4597867429256439, 0.5381056666374207, 0.4781002998352051, 0.3755250871181488, 0.46716952323913574]
[0.46837449073791504, 0.5611878037452698, 0.44620683789253235, 0.33566316962242126, 0.4809056222438812]
[0.5244597792625427, 0.5673940777778625, 0.42901942133903503, 0.28732484579086304, 0.508772611618042]
