1
大家帮忙一起转 ！！！朋友妈妈在公交捡到了个钱包，里面有两张身份证，驾驶证，和三张1月25号惠州到武昌的火车票，名字分别是陈翠珍，高艳林，张馨元。春运期间，不知道失主花了多少功夫买这三张卧铺票，没了身份证如何回家过年，一定急疯了。转发举手之劳。 (联系:陈珉岩 13006609059)
[0.5209861993789673, 0.516362726688385, 0.5390903949737549, 0.48216453194618225, 0.5651534199714661]
[0.4917965829372406, 0.5642513632774353, 0.44473153352737427, 0.292820006608963, 0.504958987236023]
[0.499816358089447, 0.5501643419265747, 0.47864025831222534, 0.33946284651756287, 0.5272988677024841]
[0.35272935032844543, 0.57756108045578, 0.4564403295516968, 0.3002152442932129, 0.44867509603500366]
[0.5325873494148254, 0.5880876183509827, 0.42129048705101013, 0.2533036768436432, 0.5475322008132935]
[0.4851590692996979, 0.565220296382904, 0.4405633807182312, 0.28873199224472046, 0.5025203824043274]
[0.4333146810531616, 0.5810897946357727, 0.4517807364463806, 0.32955169677734375, 0.47205206751823425]
[0.49375295639038086, 0.5783133506774902, 0.45450490713119507, 0.29023781418800354, 0.505050003528595]
[0.563689649105072, 0.5672869086265564, 0.40050333738327026, 0.2468976378440857, 0.5819987654685974]
[0.5325873494148254, 0.5880876183509827, 0.42129048705101013, 0.2533036768436432, 0.5475322008132935]
[0.47191280126571655, 0.5642233490943909, 0.44565334916114807, 0.2899949848651886, 0.502885103225708]
