1
你很可能不知道加油员的这个小动作了，有车的朋友要注意了啊！！！（by谈笑古今-）
[0.493467777967453, 0.5780908465385437, 0.45126885175704956, 0.30183935165405273, 0.5281762480735779]
[0.5491952300071716, 0.5918990969657898, 0.42066478729248047, 0.26386961340904236, 0.5615143775939941]
[0.4812506139278412, 0.5531390309333801, 0.4571883976459503, 0.3545745611190796, 0.45061638951301575]
[0.522246241569519, 0.5669300556182861, 0.4338011145591736, 0.2777191996574402, 0.5319105982780457]
[0.5205609202384949, 0.571774959564209, 0.4228476881980896, 0.2931784689426422, 0.5296533703804016]
[0.43251746892929077, 0.5749543309211731, 0.4584381580352783, 0.30347421765327454, 0.46593722701072693]
[0.5066410303115845, 0.5429328680038452, 0.4328099489212036, 0.29434093832969666, 0.5244858264923096]
[0.38084888458251953, 0.5723817348480225, 0.4537689983844757, 0.2887296676635742, 0.4711882770061493]
[0.5398785471916199, 0.5930625796318054, 0.414559006690979, 0.2677609622478485, 0.5620294213294983]
[0.5167646408081055, 0.5892900824546814, 0.43205246329307556, 0.27814891934394836, 0.5488680005073547]
[0.5022392868995667, 0.597231924533844, 0.4329862594604492, 0.2820259928703308, 0.5307692289352417]
[0.5003789663314819, 0.5398910641670227, 0.49112468957901, 0.393708199262619, 0.5083522200584412]
[0.5420128107070923, 0.5865726470947266, 0.41231775283813477, 0.27535656094551086, 0.5593757629394531]
[0.47966286540031433, 0.55427086353302, 0.46251577138900757, 0.3221510946750641, 0.5234273672103882]
[0.4487622082233429, 0.5716210603713989, 0.4600348174571991, 0.3031274080276489, 0.45275557041168213]
[0.42318296432495117, 0.5403898358345032, 0.493267297744751, 0.3475939929485321, 0.4837549030780792]
[0.45883044600486755, 0.5720735788345337, 0.44798171520233154, 0.30419066548347473, 0.4698300063610077]
[0.4487622082233429, 0.5716210603713989, 0.4600348174571991, 0.3031274080276489, 0.45275557041168213]
[0.475614070892334, 0.558117687702179, 0.4546232521533966, 0.29092907905578613, 0.5306411385536194]
[0.4678812325000763, 0.5492657423019409, 0.43572068214416504, 0.28506895899772644, 0.4835125505924225]
[0.49555298686027527, 0.570673942565918, 0.4313119649887085, 0.2879068851470947, 0.5146951675415039]
[0.513371467590332, 0.5714113116264343, 0.44082412123680115, 0.31433331966400146, 0.5296676158905029]
[0.458792507648468, 0.5715233087539673, 0.44137924909591675, 0.31123319268226624, 0.49670496582984924]
[0.5588976144790649, 0.5972397327423096, 0.39755719900131226, 0.25415199995040894, 0.5558928847312927]
[0.5140227675437927, 0.5840198993682861, 0.43432140350341797, 0.2639717161655426, 0.5348488688468933]
[0.48850756883621216, 0.5217803120613098, 0.5002705454826355, 0.40337830781936646, 0.5209830403327942]
[0.5338190793991089, 0.5624887943267822, 0.44700121879577637, 0.30067986249923706, 0.49146270751953125]
[0.40283048152923584, 0.5268857479095459, 0.48881596326828003, 0.3527939021587372, 0.4671317934989929]
[0.4135834872722626, 0.5612197518348694, 0.44140326976776123, 0.32054731249809265, 0.46701112389564514]
[0.40283048152923584, 0.5268857479095459, 0.48881596326828003, 0.3527939021587372, 0.4671317934989929]
[0.4758692681789398, 0.5671343803405762, 0.4664519131183624, 0.3051452934741974, 0.4674079716205597]
[0.5305831432342529, 0.579293429851532, 0.4245108962059021, 0.2912989854812622, 0.5706523656845093]
[0.46999457478523254, 0.5714358687400818, 0.4442184567451477, 0.2944221496582031, 0.520119845867157]
[0.5272536873817444, 0.5871959328651428, 0.40474992990493774, 0.26819518208503723, 0.5187954902648926]
[0.5426920056343079, 0.6000550985336304, 0.40738269686698914, 0.26063424348831177, 0.5613700747489929]
[0.48389190435409546, 0.5262867212295532, 0.48416444659233093, 0.3746735453605652, 0.4961082339286804]
[0.5107983350753784, 0.5764510035514832, 0.45516130328178406, 0.2805600166320801, 0.5604533553123474]
[0.4637190103530884, 0.5529288649559021, 0.4410051703453064, 0.29382941126823425, 0.5212076306343079]
[0.48443761467933655, 0.5709491968154907, 0.4334205985069275, 0.3112688660621643, 0.5113216638565063]
[0.453180730342865, 0.5654393434524536, 0.46015095710754395, 0.29917895793914795, 0.4901624023914337]
[0.45397716760635376, 0.5589318871498108, 0.43850335478782654, 0.2927822470664978, 0.4749826490879059]
[0.5021178722381592, 0.5483983755111694, 0.4446396827697754, 0.32776501774787903, 0.5208433866500854]
[0.4850921928882599, 0.5641323924064636, 0.42610880732536316, 0.30622875690460205, 0.5048031210899353]
[0.416271448135376, 0.5763152837753296, 0.4356174170970917, 0.290353387594223, 0.4663355350494385]
[0.6289336085319519, 0.567049503326416, 0.38616591691970825, 0.25010809302330017, 0.6132639050483704]
[0.5338190793991089, 0.5624887943267822, 0.44700121879577637, 0.30067986249923706, 0.49146270751953125]
[0.48275646567344666, 0.5610042810440063, 0.4638225734233856, 0.30283811688423157, 0.5375951528549194]
[0.4487622082233429, 0.5716210603713989, 0.4600348174571991, 0.3031274080276489, 0.45275557041168213]
[0.46842190623283386, 0.5804670453071594, 0.43650028109550476, 0.30999377369880676, 0.4927496314048767]
[0.4674145579338074, 0.5891589522361755, 0.42828965187072754, 0.2797621488571167, 0.528529703617096]
[0.5565425753593445, 0.6077095866203308, 0.4148804545402527, 0.25555217266082764, 0.5541862845420837]
[0.46842190623283386, 0.5804670453071594, 0.43650028109550476, 0.30999377369880676, 0.4927496314048767]
[0.476178377866745, 0.5232417583465576, 0.46485304832458496, 0.3312349319458008, 0.48838675022125244]
[0.5020995140075684, 0.5364609956741333, 0.4018276631832123, 0.2905690670013428, 0.538539469242096]
[0.41156280040740967, 0.5689677000045776, 0.44481492042541504, 0.29109227657318115, 0.44100135564804077]
[0.5344798564910889, 0.567087709903717, 0.40999963879585266, 0.2845085859298706, 0.5669602155685425]
[0.4730568826198578, 0.5710806250572205, 0.44433021545410156, 0.2764638066291809, 0.5386167764663696]
[0.49412256479263306, 0.5620220899581909, 0.4463537335395813, 0.32684558629989624, 0.5086030960083008]
[0.46842190623283386, 0.5804670453071594, 0.43650028109550476, 0.30999377369880676, 0.4927496314048767]
[0.47062721848487854, 0.5647393465042114, 0.45935291051864624, 0.30994904041290283, 0.5242404341697693]
[0.4448119103908539, 0.536486029624939, 0.47483736276626587, 0.41613924503326416, 0.45351096987724304]
[0.5001426339149475, 0.5830931067466736, 0.42966359853744507, 0.3064625561237335, 0.5125830173492432]
[0.5304366946220398, 0.5268470048904419, 0.483604371547699, 0.33765044808387756, 0.547732412815094]
[0.5068891644477844, 0.5709583759307861, 0.4451994299888611, 0.314224511384964, 0.5501262545585632]
[0.5164814591407776, 0.5577107667922974, 0.4390437602996826, 0.30946263670921326, 0.5433672666549683]
[0.416271448135376, 0.5763152837753296, 0.4356174170970917, 0.290353387594223, 0.4663355350494385]
[0.46842190623283386, 0.5804670453071594, 0.43650028109550476, 0.30999377369880676, 0.4927496314048767]
[0.5236923694610596, 0.589385986328125, 0.4204392731189728, 0.28726890683174133, 0.5358334183692932]
[0.5347278118133545, 0.5911832451820374, 0.4151272773742676, 0.2818816900253296, 0.5398721098899841]
[0.3047243654727936, 0.5425044298171997, 0.44575831294059753, 0.3075511157512665, 0.42041274905204773]
[0.4851590692996979, 0.565220296382904, 0.4405633807182312, 0.28873199224472046, 0.5025203824043274]
[0.5135917663574219, 0.5901206135749817, 0.42377811670303345, 0.27978166937828064, 0.5519711971282959]
[0.5331936478614807, 0.5567182302474976, 0.43933066725730896, 0.31152206659317017, 0.5472000241279602]
[0.4635099172592163, 0.5687612295150757, 0.4183024764060974, 0.29330530762672424, 0.49051064252853394]
[0.530693531036377, 0.5910327434539795, 0.423523873090744, 0.2788723111152649, 0.5583354234695435]
[0.46842190623283386, 0.5804670453071594, 0.43650028109550476, 0.30999377369880676, 0.4927496314048767]
[0.5364497900009155, 0.5841858386993408, 0.4507802724838257, 0.2744354009628296, 0.5589604377746582]
[0.48682668805122375, 0.5658089518547058, 0.4276367425918579, 0.2964141070842743, 0.5023688077926636]
[0.5166850686073303, 0.572255551815033, 0.4452674984931946, 0.2775081992149353, 0.5362343788146973]
[0.5325873494148254, 0.5880876183509827, 0.42129048705101013, 0.2533036768436432, 0.5475322008132935]
[0.5435061454772949, 0.5706552267074585, 0.41299933195114136, 0.2647528648376465, 0.5461018681526184]
[0.47000300884246826, 0.5388401746749878, 0.4541889429092407, 0.3431508541107178, 0.4977762997150421]
[0.46842190623283386, 0.5804670453071594, 0.43650028109550476, 0.30999377369880676, 0.4927496314048767]
[0.5260050296783447, 0.5450652241706848, 0.476713091135025, 0.38786086440086365, 0.5159629583358765]
[0.49796512722969055, 0.5802550315856934, 0.43129968643188477, 0.2893325388431549, 0.5036863088607788]
[0.4004450738430023, 0.5749390721321106, 0.44406673312187195, 0.29510992765426636, 0.457414448261261]
[0.4487622082233429, 0.5716210603713989, 0.4600348174571991, 0.3031274080276489, 0.45275557041168213]
[0.42326295375823975, 0.5726231932640076, 0.4363365173339844, 0.2885419428348541, 0.46195968985557556]
[0.4275378882884979, 0.5718470811843872, 0.44574612379074097, 0.29460960626602173, 0.4921588897705078]
[0.4552464485168457, 0.5580320358276367, 0.4585450291633606, 0.3178987205028534, 0.48752444982528687]
[0.46399232745170593, 0.5706961154937744, 0.46289050579071045, 0.3128909170627594, 0.5204891562461853]
[0.5404128432273865, 0.5823633670806885, 0.4184034764766693, 0.2794688045978546, 0.539771318435669]
[0.5089181661605835, 0.5720066428184509, 0.41885003447532654, 0.28665801882743835, 0.5270050168037415]
[0.45024460554122925, 0.5682812333106995, 0.45256507396698, 0.32063743472099304, 0.4639981687068939]
[0.46842190623283386, 0.5804670453071594, 0.43650028109550476, 0.30999377369880676, 0.4927496314048767]
[0.3525565266609192, 0.5549966096878052, 0.4557444751262665, 0.29298844933509827, 0.43208077549934387]
[0.44788774847984314, 0.556611180305481, 0.4671255052089691, 0.317950576543808, 0.4563257098197937]
[0.345842570066452, 0.5276257991790771, 0.5107276439666748, 0.4384412169456482, 0.4057833254337311]
[0.43104320764541626, 0.5118719935417175, 0.5090149641036987, 0.43789294362068176, 0.4539925754070282]
[0.5078012347221375, 0.560748815536499, 0.4388331472873688, 0.30246126651763916, 0.5310944318771362]
[0.48679226636886597, 0.5638742446899414, 0.42012614011764526, 0.29321661591529846, 0.5149110555648804]
