1
【新闻联播：火车盒饭只要5元！ 你吃过吗？】《新闻联播》记者亲身登上火车，报道火车上的东西一点都不贵。网友吐槽：“央视记者是怎么买到火车票的？”、“能不能别逗了？5元太能扯了！最便宜矿泉水都要五块以上，还能买盒饭？播新闻联播的人难道没做过火车？PS：继你幸福吗，央视又一大亮点~
[0.47134479880332947, 0.46909573674201965, 0.5492198467254639, 0.6631031036376953, 0.5659793019294739]
[0.5287668108940125, 0.5579827427864075, 0.4302055835723877, 0.3235781788825989, 0.5313480496406555]
[0.5023729205131531, 0.51825350522995, 0.48275086283683777, 0.35577452182769775, 0.5238543748855591]
[0.42944660782814026, 0.5365304946899414, 0.47221794724464417, 0.3350384831428528, 0.4835553467273712]
[0.5393174886703491, 0.568817675113678, 0.4216686189174652, 0.27972856163978577, 0.5337628722190857]
[0.530771791934967, 0.5789542198181152, 0.417049378156662, 0.2873729467391968, 0.5520784258842468]
[0.44617408514022827, 0.5691763162612915, 0.43662530183792114, 0.3128517270088196, 0.47845348715782166]
[0.4103292226791382, 0.5388809442520142, 0.4772687256336212, 0.356139212846756, 0.47258517146110535]
[0.5126591920852661, 0.5759720802307129, 0.4152299463748932, 0.2810848355293274, 0.5174343585968018]
[0.48722943663597107, 0.5409124493598938, 0.4462203085422516, 0.29093924164772034, 0.5088534355163574]
[0.406746506690979, 0.5645956993103027, 0.4727421998977661, 0.3392063081264496, 0.46247681975364685]
[0.44952690601348877, 0.5349056720733643, 0.48740747570991516, 0.3540245294570923, 0.5259978175163269]
[0.4620688259601593, 0.5565173625946045, 0.46731317043304443, 0.3088019788265228, 0.5191971659660339]
[0.4484556019306183, 0.5213751792907715, 0.5145303010940552, 0.435563862323761, 0.5137946605682373]
[0.4234015643596649, 0.5457344651222229, 0.4733045697212219, 0.3607582449913025, 0.46204081177711487]
[0.3072885572910309, 0.5462142825126648, 0.45011675357818604, 0.3187411427497864, 0.437751442193985]
[0.5934187769889832, 0.5802642703056335, 0.41112220287323, 0.26930734515190125, 0.5574494004249573]
[0.43928033113479614, 0.5755216479301453, 0.43812182545661926, 0.28464990854263306, 0.4676651954650879]
[0.30685633420944214, 0.5253384709358215, 0.5059746503829956, 0.4022636413574219, 0.43109381198883057]
[0.42955470085144043, 0.5576207637786865, 0.4464861750602722, 0.31352323293685913, 0.4520800709724426]
[0.4476853311061859, 0.5727245211601257, 0.4586575925350189, 0.32698091864585876, 0.47169527411460876]
[0.4438430964946747, 0.5391613841056824, 0.4672974646091461, 0.3190165162086487, 0.5078169703483582]
[0.492196649312973, 0.5621509552001953, 0.43684065341949463, 0.312948614358902, 0.48881983757019043]
[0.44159799814224243, 0.5318867564201355, 0.4666191339492798, 0.34288814663887024, 0.4741767644882202]
[0.5196049809455872, 0.5660284757614136, 0.4374685287475586, 0.28578221797943115, 0.5392825603485107]
[0.5341091156005859, 0.5773791670799255, 0.4023594856262207, 0.2775841951370239, 0.5436062216758728]
[0.5042086839675903, 0.5583871006965637, 0.42214903235435486, 0.27206480503082275, 0.5342161655426025]
[0.44531041383743286, 0.541550874710083, 0.43361517786979675, 0.3128058910369873, 0.4938163757324219]
[0.4952999949455261, 0.5806286334991455, 0.44176748394966125, 0.2671518325805664, 0.5530009269714355]
[0.5517920255661011, 0.5556618571281433, 0.41672638058662415, 0.265333890914917, 0.5221392512321472]
[0.48379552364349365, 0.5937032699584961, 0.41920071840286255, 0.2830924987792969, 0.4925927221775055]
[0.5149213075637817, 0.5745115280151367, 0.4294396936893463, 0.2818833291530609, 0.5206738114356995]
[0.5344675779342651, 0.5319110155105591, 0.46578431129455566, 0.4095824062824249, 0.5330474376678467]
[0.4815933108329773, 0.5336054563522339, 0.45206400752067566, 0.3406006395816803, 0.48997780680656433]
[0.5175358653068542, 0.5514624714851379, 0.4566389322280884, 0.32088419795036316, 0.5349366664886475]
[0.5263122916221619, 0.5720039010047913, 0.4392783045768738, 0.31929847598075867, 0.5287746787071228]
[0.4856175482273102, 0.5632250308990479, 0.46404406428337097, 0.2843969762325287, 0.5059797167778015]
[0.4427677094936371, 0.5323711037635803, 0.4729289710521698, 0.3849862217903137, 0.46218618750572205]
[0.5615060329437256, 0.5841159224510193, 0.39749354124069214, 0.27023908495903015, 0.5706154108047485]
[0.5083203315734863, 0.568970799446106, 0.4456004798412323, 0.28802740573883057, 0.54522305727005]
[0.466096431016922, 0.5885481834411621, 0.4365004897117615, 0.2793853282928467, 0.5161932706832886]
[0.45681941509246826, 0.5441004037857056, 0.46453940868377686, 0.36722585558891296, 0.49820563197135925]
[0.5143887400627136, 0.5482730865478516, 0.43751993775367737, 0.2808658182621002, 0.49577072262763977]
[0.5013332962989807, 0.5425156354904175, 0.4549424946308136, 0.321500301361084, 0.4966582655906677]
[0.5299041867256165, 0.5806640982627869, 0.4413479268550873, 0.294430673122406, 0.5267720222473145]
[0.5139257311820984, 0.5561429262161255, 0.44296449422836304, 0.2689773142337799, 0.5183913111686707]
[0.44388002157211304, 0.5403137803077698, 0.4841672480106354, 0.3687609136104584, 0.4908880293369293]
[0.5555016398429871, 0.5861233472824097, 0.39477938413619995, 0.23974333703517914, 0.5874977707862854]
[0.45938727259635925, 0.5628973245620728, 0.45063018798828125, 0.3330093324184418, 0.4731031060218811]
[0.5635355114936829, 0.5462217926979065, 0.4286583364009857, 0.2918371558189392, 0.536374568939209]
[0.4113970398902893, 0.5318025946617126, 0.4405440092086792, 0.2723996341228485, 0.44258254766464233]
[0.5407817959785461, 0.5897576808929443, 0.4290953576564789, 0.2789396643638611, 0.5162546038627625]
[0.40063539147377014, 0.5378090143203735, 0.4672969877719879, 0.34908327460289, 0.43961164355278015]
[0.5306317210197449, 0.6074514985084534, 0.4270767867565155, 0.2711300849914551, 0.5435031652450562]
[0.32198598980903625, 0.5223658680915833, 0.5597293376922607, 0.5620220899581909, 0.4783684015274048]
[0.5138916373252869, 0.579811692237854, 0.4175146818161011, 0.2854549288749695, 0.5423473715782166]
[0.4589911699295044, 0.5558560490608215, 0.46253031492233276, 0.29963651299476624, 0.506389319896698]
[0.5229088664054871, 0.5303913354873657, 0.46896806359291077, 0.3921920359134674, 0.5045261383056641]
[0.3744048476219177, 0.546133279800415, 0.4825432002544403, 0.31153222918510437, 0.4432412385940552]
[0.5301368236541748, 0.5659385919570923, 0.44929245114326477, 0.27142614126205444, 0.5516603589057922]
[0.5120416283607483, 0.5929986834526062, 0.41681256890296936, 0.28151360154151917, 0.5547754764556885]
[0.5009084939956665, 0.5321086049079895, 0.4775097668170929, 0.4033912718296051, 0.512204110622406]
[0.48166099190711975, 0.5249887108802795, 0.4938366711139679, 0.420908123254776, 0.5225696563720703]
[0.6368065476417542, 0.5785806179046631, 0.37583616375923157, 0.20290160179138184, 0.6115513443946838]
[0.4690636098384857, 0.517135500907898, 0.49102267622947693, 0.3536173403263092, 0.46793806552886963]
[0.5145745873451233, 0.5573483109474182, 0.4279583692550659, 0.2948586046695709, 0.5356150269508362]
[0.5060445666313171, 0.5482303500175476, 0.48739975690841675, 0.36707475781440735, 0.5330466032028198]
[0.46612316370010376, 0.5524516105651855, 0.4530138671398163, 0.3328403830528259, 0.5216761231422424]
[0.44879984855651855, 0.5394769310951233, 0.4687466621398926, 0.30381786823272705, 0.4832060635089874]
[0.5453007817268372, 0.5830623507499695, 0.41074591875076294, 0.28075554966926575, 0.5614171624183655]
[0.531741201877594, 0.5647701025009155, 0.4452104866504669, 0.29747873544692993, 0.5335119962692261]
[0.43134668469429016, 0.5462899804115295, 0.47863224148750305, 0.35317718982696533, 0.48933446407318115]
[0.5168832540512085, 0.5921261310577393, 0.4003516435623169, 0.2718997597694397, 0.5358909964561462]
[0.5422587394714355, 0.5868729948997498, 0.4232824444770813, 0.2696894407272339, 0.5534358024597168]
[0.5032883286476135, 0.5855814814567566, 0.437445729970932, 0.28692004084587097, 0.5462703108787537]
[0.46723368763923645, 0.5236737132072449, 0.48085325956344604, 0.33733126521110535, 0.46958068013191223]
[0.4535577595233917, 0.5667325854301453, 0.41911372542381287, 0.29934772849082947, 0.47743284702301025]
[0.4566729962825775, 0.5423459410667419, 0.4468151032924652, 0.3042915463447571, 0.5164831280708313]
[0.5372151732444763, 0.5935476422309875, 0.40513449907302856, 0.25316140055656433, 0.5490957498550415]
[0.5245237350463867, 0.5779103636741638, 0.4287656247615814, 0.2725529968738556, 0.5497965812683105]
[0.45082125067710876, 0.5241221785545349, 0.49488916993141174, 0.38098737597465515, 0.5173017382621765]
[0.34365737438201904, 0.5411667823791504, 0.44637569785118103, 0.300726056098938, 0.43355581164360046]
[0.3557678759098053, 0.5108939409255981, 0.5657596588134766, 0.6023829579353333, 0.449097603559494]
[0.5354526042938232, 0.5674139261245728, 0.4227134883403778, 0.3178022503852844, 0.5329571962356567]
[0.484996497631073, 0.536169707775116, 0.45093202590942383, 0.30525675415992737, 0.513544499874115]
[0.4085797369480133, 0.5224493741989136, 0.4724727272987366, 0.3985826075077057, 0.4418143928050995]
[0.4925921559333801, 0.5850316286087036, 0.4239097237586975, 0.28559553623199463, 0.5097174644470215]
[0.4735652506351471, 0.5504700541496277, 0.44110608100891113, 0.27642762660980225, 0.5331865549087524]
[0.49866366386413574, 0.5605871081352234, 0.44436341524124146, 0.3168952763080597, 0.4939505457878113]
[0.4497354030609131, 0.5641021728515625, 0.4147193431854248, 0.3048131465911865, 0.4798080027103424]
[0.4727908968925476, 0.5532472133636475, 0.43181347846984863, 0.28598982095718384, 0.5124899744987488]
[0.42755356431007385, 0.561292827129364, 0.4479798972606659, 0.29183411598205566, 0.5176545977592468]
[0.5290351510047913, 0.5808421969413757, 0.4227942228317261, 0.2697449326515198, 0.5525559186935425]
[0.35890182852745056, 0.5712164044380188, 0.4453262984752655, 0.28733983635902405, 0.4617072343826294]
[0.4723886251449585, 0.5396054983139038, 0.47721990942955017, 0.36765217781066895, 0.5038509368896484]
[0.5260688066482544, 0.5873889923095703, 0.40600866079330444, 0.28116530179977417, 0.5375253558158875]
[0.5468480587005615, 0.5523360371589661, 0.43706420063972473, 0.30827242136001587, 0.5388436913490295]
[0.5354529619216919, 0.5670522451400757, 0.4326767027378082, 0.29938286542892456, 0.5523570775985718]
[0.488924115896225, 0.5620485544204712, 0.4271629750728607, 0.284106969833374, 0.5271201133728027]
[0.4390333294868469, 0.5267618298530579, 0.4545358419418335, 0.33118629455566406, 0.47260168194770813]
[0.5119571089744568, 0.5590805411338806, 0.4544723927974701, 0.30212315917015076, 0.5467610955238342]
