1
你们都错了，字幕打错了，配音也配错了，不是5块钱的盒饭，是5块钱的饭盒。
[0.5397487878799438, 0.5668221712112427, 0.4038366377353668, 0.2573285698890686, 0.5660296082496643]
[0.43928033113479614, 0.5755216479301453, 0.43812182545661926, 0.28464990854263306, 0.4676651954650879]
[0.5274121761322021, 0.557284414768219, 0.4309963583946228, 0.2949712574481964, 0.5144062638282776]
[0.5383918881416321, 0.5729519128799438, 0.40929585695266724, 0.2702619433403015, 0.5563343167304993]
[0.49066460132598877, 0.5899845957756042, 0.41717925667762756, 0.26740050315856934, 0.506249725818634]
[0.5132476091384888, 0.5638808608055115, 0.43006232380867004, 0.2840348184108734, 0.5313490033149719]
[0.45731207728385925, 0.5237650871276855, 0.5480520725250244, 0.45733579993247986, 0.4929395616054535]
[0.48454540967941284, 0.5526841282844543, 0.4499962031841278, 0.3208027184009552, 0.504936695098877]
[0.5445829033851624, 0.5771613121032715, 0.4223770797252655, 0.25633594393730164, 0.5551644563674927]
[0.4820477366447449, 0.4978023171424866, 0.4893602728843689, 0.3415394127368927, 0.5324338674545288]
[0.32054638862609863, 0.5159779787063599, 0.5371165871620178, 0.4379258453845978, 0.43269848823547363]
[0.4495686888694763, 0.5446299314498901, 0.46419966220855713, 0.33605921268463135, 0.4806770086288452]
[0.4503689408302307, 0.5639607906341553, 0.450290709733963, 0.3030359745025635, 0.5029330253601074]
[0.5343984365463257, 0.564119279384613, 0.4409426748752594, 0.3208114206790924, 0.5455635190010071]
[0.5293612480163574, 0.596014142036438, 0.4131430983543396, 0.24955786764621735, 0.5605130791664124]
[0.4572620689868927, 0.5663813948631287, 0.4672262966632843, 0.2936525046825409, 0.488005131483078]
[0.524481475353241, 0.5490309596061707, 0.42852362990379333, 0.30399733781814575, 0.5308066606521606]
[0.4066871702671051, 0.5416719913482666, 0.4745233654975891, 0.3291921317577362, 0.4545283019542694]
[0.5729881525039673, 0.5842244029045105, 0.44637778401374817, 0.2836087644100189, 0.5480691194534302]
[0.4151976406574249, 0.5536395907402039, 0.4412058889865875, 0.2851579785346985, 0.44541484117507935]
[0.383654922246933, 0.5291079878807068, 0.5150973796844482, 0.38260385394096375, 0.43424689769744873]
[0.4560055136680603, 0.5522585511207581, 0.467119425535202, 0.343546986579895, 0.4707845151424408]
[0.5327086448669434, 0.5834161043167114, 0.4332481622695923, 0.29046329855918884, 0.5592358708381653]
[0.4332094192504883, 0.5371108055114746, 0.45830097794532776, 0.3328928053379059, 0.4759673774242401]
[0.47662562131881714, 0.5504744648933411, 0.46473169326782227, 0.3330036997795105, 0.48966729640960693]
[0.5969448685646057, 0.6001888513565063, 0.39200693368911743, 0.2235156148672104, 0.5826379060745239]
[0.47458329796791077, 0.546147346496582, 0.442471444606781, 0.3184548616409302, 0.49678710103034973]
[0.4573924243450165, 0.5727974772453308, 0.43175017833709717, 0.28488120436668396, 0.4909006357192993]
[0.5222474336624146, 0.5822042226791382, 0.40522077679634094, 0.27416133880615234, 0.5271020531654358]
[0.47202545404434204, 0.5984379053115845, 0.43260833621025085, 0.2761680781841278, 0.5055348873138428]
[0.49997496604919434, 0.5875206589698792, 0.4211397171020508, 0.280337393283844, 0.524574339389801]
[0.46375858783721924, 0.5774897336959839, 0.4664602279663086, 0.3139864504337311, 0.4969814121723175]
[0.46697238087654114, 0.5601702928543091, 0.4393391013145447, 0.30204975605010986, 0.5111472010612488]
[0.5236014723777771, 0.557774007320404, 0.43094393610954285, 0.3081910014152527, 0.5094583034515381]
[0.38613420724868774, 0.5626964569091797, 0.4346226453781128, 0.29786351323127747, 0.4489196538925171]
[0.49275627732276917, 0.5662833452224731, 0.4615625739097595, 0.3215465843677521, 0.5148805975914001]
[0.4389832317829132, 0.5680898427963257, 0.4340561032295227, 0.2705915868282318, 0.4766641855239868]
[0.45712363719940186, 0.5612621903419495, 0.4592496454715729, 0.2880965769290924, 0.49417564272880554]
[0.5509335398674011, 0.5293029546737671, 0.42106547951698303, 0.2860996723175049, 0.5562995672225952]
[0.46519169211387634, 0.5262802243232727, 0.47608137130737305, 0.3790518343448639, 0.49179577827453613]
[0.49171531200408936, 0.556399405002594, 0.4709548354148865, 0.3111588954925537, 0.5092907547950745]
[0.518696665763855, 0.5848366022109985, 0.43907099962234497, 0.30288106203079224, 0.5422927737236023]
[0.5229712724685669, 0.5657432079315186, 0.4565596580505371, 0.32026925683021545, 0.5333532691001892]
[0.48661670088768005, 0.5474302172660828, 0.4648004472255707, 0.33307167887687683, 0.5208487510681152]
[0.5343596935272217, 0.5652850270271301, 0.41462838649749756, 0.3001071512699127, 0.506947934627533]
[0.4950641095638275, 0.5606243014335632, 0.4087751805782318, 0.2735103666782379, 0.5053882598876953]
[0.4746716022491455, 0.552725613117218, 0.4478767216205597, 0.33512330055236816, 0.49480217695236206]
[0.5132670402526855, 0.5934965014457703, 0.4420536458492279, 0.27757078409194946, 0.5219869613647461]
[0.42742058634757996, 0.5409662127494812, 0.46716129779815674, 0.34710681438446045, 0.47203072905540466]
[0.5136920809745789, 0.5926575660705566, 0.43707895278930664, 0.28700166940689087, 0.5294665098190308]
[0.533297061920166, 0.5605983734130859, 0.43166160583496094, 0.29248785972595215, 0.5232839584350586]
[0.4832368493080139, 0.5735260844230652, 0.44516655802726746, 0.3025054335594177, 0.4927154779434204]
[0.5133686661720276, 0.5847130417823792, 0.4229481816291809, 0.2774798572063446, 0.5587766170501709]
[0.4913865923881531, 0.5882633924484253, 0.4508645832538605, 0.27909335494041443, 0.5050285458564758]
[0.47409260272979736, 0.5615495443344116, 0.450815349817276, 0.32785430550575256, 0.5224964618682861]
[0.48733916878700256, 0.5739020109176636, 0.42586496472358704, 0.2761390507221222, 0.4984787106513977]
[0.4934847950935364, 0.5530560612678528, 0.4518105387687683, 0.3272901773452759, 0.523067831993103]
[0.4916049838066101, 0.5367799997329712, 0.4637662172317505, 0.3318161964416504, 0.5282319188117981]
[0.4396078288555145, 0.5133802890777588, 0.5097508430480957, 0.39358648657798767, 0.47656047344207764]
[0.4918936789035797, 0.5919874906539917, 0.4278119206428528, 0.27090969681739807, 0.5241060853004456]
[0.49693095684051514, 0.5342565178871155, 0.46266791224479675, 0.33296629786491394, 0.5107458829879761]
[0.4917965829372406, 0.5642513632774353, 0.44473153352737427, 0.292820006608963, 0.504958987236023]
[0.45761722326278687, 0.5673537850379944, 0.4718998074531555, 0.3118413984775543, 0.49160516262054443]
[0.5132670402526855, 0.5934965014457703, 0.4420536458492279, 0.27757078409194946, 0.5219869613647461]
[0.5591878294944763, 0.5801291465759277, 0.43403857946395874, 0.2797219753265381, 0.5403000116348267]
[0.5735524892807007, 0.5995439291000366, 0.39738720655441284, 0.25026553869247437, 0.5724236965179443]
[0.3562993109226227, 0.5131856203079224, 0.4371225833892822, 0.3263184726238251, 0.4478369653224945]
[0.48701345920562744, 0.5720290541648865, 0.4581901729106903, 0.3120357096195221, 0.5295222401618958]
[0.5581661462783813, 0.5718256831169128, 0.4092041552066803, 0.2733287215232849, 0.55275958776474]
[0.5473113059997559, 0.590143620967865, 0.4244363605976105, 0.25590839982032776, 0.5345525145530701]
[0.47589436173439026, 0.5418510437011719, 0.4930797517299652, 0.3636326193809509, 0.4939151108264923]
[0.43137961626052856, 0.5376595854759216, 0.48134559392929077, 0.374181866645813, 0.44526946544647217]
[0.45026615262031555, 0.5561837553977966, 0.4736945629119873, 0.3636731505393982, 0.4824620485305786]
[0.5323470830917358, 0.5672189593315125, 0.4452493488788605, 0.3014753758907318, 0.5500165820121765]
[0.5176292657852173, 0.5598894357681274, 0.4607656002044678, 0.3024218678474426, 0.5249839425086975]
[0.4224529564380646, 0.5150275826454163, 0.45737361907958984, 0.30996739864349365, 0.4536828100681305]
[0.44270288944244385, 0.5212322473526001, 0.46908658742904663, 0.33355799317359924, 0.48295602202415466]
[0.4503946602344513, 0.549466073513031, 0.46179521083831787, 0.3310416638851166, 0.47904518246650696]
[0.48376885056495667, 0.5674699544906616, 0.4235764145851135, 0.2840644121170044, 0.5004297494888306]
[0.4253427982330322, 0.5502156615257263, 0.45069801807403564, 0.31446388363838196, 0.48307371139526367]
[0.5168832540512085, 0.5921261310577393, 0.4003516435623169, 0.2718997597694397, 0.5358909964561462]
[0.505057692527771, 0.5558540225028992, 0.43500804901123047, 0.32836103439331055, 0.5409365892410278]
[0.517458438873291, 0.5673398971557617, 0.4384087324142456, 0.283498078584671, 0.5304125547409058]
[0.5566532015800476, 0.5694294571876526, 0.41038358211517334, 0.2689696252346039, 0.5752850770950317]
[0.45052850246429443, 0.5482738614082336, 0.46070271730422974, 0.3292522132396698, 0.4712268114089966]
[0.511971652507782, 0.5468600392341614, 0.4303194582462311, 0.3071380853652954, 0.5313192009925842]
[0.44775742292404175, 0.5554494261741638, 0.46438494324684143, 0.28861308097839355, 0.511991560459137]
[0.5310163497924805, 0.5744321942329407, 0.42725834250450134, 0.28579217195510864, 0.5476870536804199]
[0.4527376890182495, 0.5579758882522583, 0.4527950584888458, 0.2932617664337158, 0.5057788491249084]
[0.47424036264419556, 0.5124465823173523, 0.5006842613220215, 0.3941953480243683, 0.490029901266098]
[0.527389407157898, 0.5728909373283386, 0.39977309107780457, 0.2572108507156372, 0.5640270709991455]
[0.474364310503006, 0.5547281503677368, 0.437043160200119, 0.29666826128959656, 0.5408927202224731]
[0.46720585227012634, 0.5321896076202393, 0.4648427963256836, 0.34680402278900146, 0.47997602820396423]
[0.5239711999893188, 0.5745553970336914, 0.4201650023460388, 0.2784044146537781, 0.5231966972351074]
[0.5667629241943359, 0.5693517923355103, 0.40694481134414673, 0.27658694982528687, 0.5408865809440613]
[0.5220621824264526, 0.5440948605537415, 0.46361708641052246, 0.3629600703716278, 0.5458348393440247]
[0.44637712836265564, 0.5612547397613525, 0.43995538353919983, 0.326642781496048, 0.4737480878829956]
[0.39858555793762207, 0.5395817756652832, 0.4483760893344879, 0.3076964020729065, 0.46838152408599854]
[0.44604843854904175, 0.5715975761413574, 0.4371998608112335, 0.30906566977500916, 0.5153350234031677]
[0.5359120965003967, 0.598598301410675, 0.4201544225215912, 0.2695039212703705, 0.5402029156684875]
[0.5131674408912659, 0.5610525012016296, 0.42696961760520935, 0.2677818238735199, 0.521399199962616]
