1
网上搜到的反腐巾帼英雄赵红霞靓照，撼动官场，感动中国，效率超过整个中纪委，中国反腐指明了方向，为全人类反腐斗争提供了中国模式。从此，"红霞反腐”应当像牛顿定律、欧式几何、凯恩斯主义、马克思主义一样，写入人类文明史。顶起来！
[0.4913853406906128, 0.5430855751037598, 0.4580022394657135, 0.29426002502441406, 0.4960804879665375]
[0.5692040920257568, 0.5540243983268738, 0.4118303656578064, 0.255317747592926, 0.5798630714416504]
[0.5275029540061951, 0.5576844215393066, 0.41615208983421326, 0.28409823775291443, 0.5449715256690979]
[0.43372195959091187, 0.5776039361953735, 0.4284563362598419, 0.27846717834472656, 0.47131162881851196]
[0.4414583742618561, 0.5284732580184937, 0.45850327610969543, 0.30702611804008484, 0.4738638997077942]
[0.5447996854782104, 0.576218843460083, 0.4327353537082672, 0.2628500461578369, 0.546035647392273]
[0.49437591433525085, 0.5544067025184631, 0.48955613374710083, 0.3772183060646057, 0.5439527034759521]
[0.4439730644226074, 0.560438871383667, 0.4385298788547516, 0.2536252439022064, 0.4700927734375]
[0.5333609580993652, 0.5872790217399597, 0.43873482942581177, 0.30489692091941833, 0.5303568243980408]
[0.509858250617981, 0.5856783986091614, 0.43325141072273254, 0.2829052805900574, 0.49304381012916565]
[0.5947501063346863, 0.5047851204872131, 0.49385514855384827, 0.37779173254966736, 0.5840283036231995]
[0.529159426689148, 0.5703199505805969, 0.4227277636528015, 0.3122308552265167, 0.5280706286430359]
[0.4498243033885956, 0.5063996911048889, 0.49071455001831055, 0.3737611174583435, 0.47054949402809143]
[0.5211168527603149, 0.5581931471824646, 0.43722620606422424, 0.2707498371601105, 0.5144347548484802]
[0.5838227272033691, 0.5661377906799316, 0.39166224002838135, 0.2563000023365021, 0.5514010787010193]
[0.5325015187263489, 0.5615793466567993, 0.44690677523612976, 0.28888455033302307, 0.5535610914230347]
[0.4487622082233429, 0.5716210603713989, 0.4600348174571991, 0.3031274080276489, 0.45275557041168213]
[0.4341880977153778, 0.5492007732391357, 0.4794915020465851, 0.32085737586021423, 0.4815816879272461]
[0.48240309953689575, 0.5594287514686584, 0.4402521252632141, 0.3108033537864685, 0.47831225395202637]
[0.4881458580493927, 0.57049161195755, 0.45633167028427124, 0.30365774035453796, 0.5454325675964355]
[0.4342155158519745, 0.5558289289474487, 0.45489683747291565, 0.30676355957984924, 0.47981229424476624]
[0.4850775897502899, 0.59764564037323, 0.43330132961273193, 0.2934236526489258, 0.49432066082954407]
[0.5285225510597229, 0.5466949343681335, 0.46114081144332886, 0.3375288248062134, 0.5652297735214233]
[0.42418158054351807, 0.5017106533050537, 0.5906020402908325, 0.6592740416526794, 0.4709102213382721]
