1
【新闻联播：火车盒饭只要5元！ 你吃过吗？】《新闻联播》记者亲身登上火车，报道火车上的东西一点都不贵。网友吐槽：“央视记者是怎么买到火车票的？”、“能不能别逗了？5元太能扯了！最便宜矿泉水都要五块以上，还能买盒饭？播新闻联播的人难道没坐过火车？
[0.47158709168434143, 0.4979626536369324, 0.5598320960998535, 0.663200318813324, 0.6003406643867493]
[0.5406721234321594, 0.5682662725448608, 0.4229723811149597, 0.29613301157951355, 0.530730128288269]
[0.3761279881000519, 0.5192497968673706, 0.46098485589027405, 0.3265843093395233, 0.4330562651157379]
[0.48692062497138977, 0.5787004828453064, 0.45431995391845703, 0.29257577657699585, 0.5141288638114929]
[0.5844203233718872, 0.5772018432617188, 0.4080933928489685, 0.2668030858039856, 0.552492618560791]
[0.4349358081817627, 0.5815829038619995, 0.41706231236457825, 0.270919531583786, 0.49400919675827026]
[0.5199759602546692, 0.5517956018447876, 0.4440647065639496, 0.30180612206459045, 0.5187982320785522]
[0.4823436439037323, 0.526799738407135, 0.47653263807296753, 0.40183359384536743, 0.5056965947151184]
[0.5000471472740173, 0.5725353956222534, 0.44020479917526245, 0.3262692987918854, 0.49609509110450745]
[0.519659698009491, 0.5761376619338989, 0.4232965409755707, 0.28366702795028687, 0.5330511331558228]
[0.5114510655403137, 0.5778205990791321, 0.41153404116630554, 0.2987174391746521, 0.5444219708442688]
[0.5285651683807373, 0.553687572479248, 0.42894062399864197, 0.3278692364692688, 0.5134249925613403]
[0.5109432339668274, 0.5378420352935791, 0.4684612452983856, 0.31775614619255066, 0.4968683123588562]
[0.5123902559280396, 0.5372436046600342, 0.4713527262210846, 0.3434426188468933, 0.5237302780151367]
[0.4346316456794739, 0.5596240758895874, 0.44726136326789856, 0.2961444854736328, 0.5308996438980103]
[0.3516038954257965, 0.48893699049949646, 0.4845404326915741, 0.499319463968277, 0.45294973254203796]
[0.4682377874851227, 0.5268514156341553, 0.4914141595363617, 0.40189388394355774, 0.5054627656936646]
[0.4878164529800415, 0.5327304005622864, 0.46921202540397644, 0.365988165140152, 0.5075483322143555]
[0.5029430985450745, 0.5594434142112732, 0.4556264579296112, 0.3176623582839966, 0.5088626742362976]
[0.492988646030426, 0.5743834376335144, 0.42577868700027466, 0.28005513548851013, 0.5413089394569397]
[0.41231146454811096, 0.533595085144043, 0.4720436930656433, 0.33595097064971924, 0.46337923407554626]
[0.4731622338294983, 0.5541661977767944, 0.4446207582950592, 0.2859528362751007, 0.5253612399101257]
[0.5231174230575562, 0.5413163900375366, 0.4480375051498413, 0.33629468083381653, 0.5270384550094604]
[0.5142576098442078, 0.5963007807731628, 0.42483219504356384, 0.27364668250083923, 0.5510400533676147]
[0.5347278714179993, 0.5314792990684509, 0.4483792781829834, 0.3312741816043854, 0.5253463983535767]
[0.5416138768196106, 0.5762724876403809, 0.43697604537010193, 0.2819938361644745, 0.5531569719314575]
[0.5139836668968201, 0.5492163896560669, 0.43707475066185, 0.33615535497665405, 0.4895801842212677]
[0.5294065475463867, 0.5930667519569397, 0.4113006293773651, 0.261337012052536, 0.537103533744812]
[0.4780424237251282, 0.5723316073417664, 0.4229402244091034, 0.2631390392780304, 0.4887394309043884]
[0.46009770035743713, 0.5458998084068298, 0.47634804248809814, 0.3368065655231476, 0.5117175579071045]
[0.4994460642337799, 0.5729979276657104, 0.4378332197666168, 0.2934911251068115, 0.5252251625061035]
[0.5194387435913086, 0.582679271697998, 0.4235537052154541, 0.2869313359260559, 0.5091449022293091]
[0.41758862137794495, 0.5223129987716675, 0.46364322304725647, 0.34304526448249817, 0.45904046297073364]
[0.4943247437477112, 0.5864573121070862, 0.4262799918651581, 0.26497456431388855, 0.5185407400131226]
[0.5116491317749023, 0.5689096450805664, 0.430737167596817, 0.2822073996067047, 0.5258420705795288]
[0.5279927253723145, 0.5528519153594971, 0.46603086590766907, 0.32568666338920593, 0.5493504405021667]
[0.4018203020095825, 0.5599318146705627, 0.47366172075271606, 0.32919132709503174, 0.4591963589191437]
[0.5669692158699036, 0.5621644854545593, 0.4135909974575043, 0.24348558485507965, 0.5692687630653381]
[0.532889187335968, 0.5112776160240173, 0.462703138589859, 0.3516727089881897, 0.5309157371520996]
[0.5655049085617065, 0.5809760689735413, 0.41174614429473877, 0.26022911071777344, 0.5639718770980835]
[0.5555486679077148, 0.5847235918045044, 0.40549272298812866, 0.2511617839336395, 0.567778468132019]
[0.45619773864746094, 0.5658161640167236, 0.4372596740722656, 0.2845636308193207, 0.49354618787765503]
[0.37406280636787415, 0.5573597550392151, 0.4443042278289795, 0.2950564920902252, 0.47433292865753174]
[0.5258320569992065, 0.5701885223388672, 0.4107453525066376, 0.26012295484542847, 0.5539788603782654]
[0.43483468890190125, 0.5617592930793762, 0.46128490567207336, 0.293311208486557, 0.48468559980392456]
[0.37406280636787415, 0.5573597550392151, 0.4443042278289795, 0.2950564920902252, 0.47433292865753174]
[0.37406280636787415, 0.5573597550392151, 0.4443042278289795, 0.2950564920902252, 0.47433292865753174]
[0.4303031265735626, 0.522657036781311, 0.44146302342414856, 0.2782951295375824, 0.4639204144477844]
[0.45563703775405884, 0.5363556742668152, 0.4616036117076874, 0.3340499699115753, 0.506485104560852]
[0.4763728678226471, 0.5613874197006226, 0.4595847725868225, 0.29955607652664185, 0.5246596932411194]
[0.5357041954994202, 0.5842106342315674, 0.4095982313156128, 0.2779066562652588, 0.5474928617477417]
[0.5124210119247437, 0.5702713131904602, 0.4513603448867798, 0.343863844871521, 0.528287410736084]
[0.5533809661865234, 0.5571159720420837, 0.4091315269470215, 0.2919008433818817, 0.543467104434967]
[0.4999912977218628, 0.5744891166687012, 0.43026429414749146, 0.2877848446369171, 0.5136251449584961]
[0.5423541069030762, 0.553180456161499, 0.42034465074539185, 0.3105078339576721, 0.5456461310386658]
[0.5097174644470215, 0.5431036949157715, 0.47558948397636414, 0.3148162364959717, 0.5137214064598083]
[0.43833938241004944, 0.5174781084060669, 0.4578588604927063, 0.3197818994522095, 0.4627818465232849]
[0.45324668288230896, 0.5166711211204529, 0.4994426667690277, 0.34919828176498413, 0.5116199851036072]
[0.4825727939605713, 0.5294093489646912, 0.4682270586490631, 0.364281564950943, 0.4901151955127716]
[0.3717484772205353, 0.5526301264762878, 0.47216445207595825, 0.35454756021499634, 0.4430263042449951]
[0.4573924243450165, 0.5727974772453308, 0.43175017833709717, 0.28488120436668396, 0.4909006357192993]
[0.5230982899665833, 0.5688070058822632, 0.43616828322410583, 0.324883371591568, 0.5193973779678345]
[0.4490637481212616, 0.5277979373931885, 0.48225075006484985, 0.3448188602924347, 0.465472012758255]
[0.5100614428520203, 0.5584531426429749, 0.4173180162906647, 0.30452463030815125, 0.5238470435142517]
[0.43674424290657043, 0.5634356737136841, 0.43358513712882996, 0.30702444911003113, 0.44271865487098694]
[0.4681897461414337, 0.5799629092216492, 0.4433462619781494, 0.29528021812438965, 0.49112606048583984]
[0.3760988116264343, 0.5665290951728821, 0.44608190655708313, 0.2834780812263489, 0.44285938143730164]
[0.5220296382904053, 0.5333037376403809, 0.44930770993232727, 0.3284682333469391, 0.5032771229743958]
[0.4075634479522705, 0.5527538657188416, 0.4512382745742798, 0.2847287058830261, 0.45589327812194824]
[0.41752639412879944, 0.5206274390220642, 0.47261878848075867, 0.3445603847503662, 0.45137396454811096]
[0.45846834778785706, 0.5558902025222778, 0.43944892287254333, 0.3025883734226227, 0.493031769990921]
[0.4946962594985962, 0.5648965835571289, 0.41804832220077515, 0.2765502333641052, 0.5227037072181702]
[0.5003983378410339, 0.5702524185180664, 0.4169324040412903, 0.2752385139465332, 0.5337705612182617]
[0.5496094822883606, 0.5609447360038757, 0.4189285933971405, 0.2826687693595886, 0.5336190462112427]
[0.507714569568634, 0.5658749341964722, 0.4272056221961975, 0.2740229368209839, 0.5569776892662048]
[0.536971926689148, 0.5615177750587463, 0.4101170599460602, 0.26928967237472534, 0.5252255797386169]
[0.5366631746292114, 0.5624456405639648, 0.4229408800601959, 0.30482229590415955, 0.5574662089347839]
[0.4962076246738434, 0.5484532117843628, 0.4405154883861542, 0.3322572708129883, 0.4654320180416107]
[0.44433924555778503, 0.5407285094261169, 0.4468974769115448, 0.32175642251968384, 0.48260125517845154]
[0.4298784136772156, 0.5434185862541199, 0.45247682929039, 0.33082830905914307, 0.47974663972854614]
[0.5358218550682068, 0.5269404649734497, 0.49703189730644226, 0.442496120929718, 0.5423493385314941]
