1
【7.6万箱含氯可口可乐流入市场】2月初，可口可乐山西饮料公司因管道改造，致使消毒用的含氯处理水混入9批次12万箱可口可乐中，目前确认76391箱流入市场。山西质监局调查事件时发现，该公司以维修电脑为由删除了2月4日到8日部分相关生产记录和全部电邮，关键证人被安排带薪休假。
[0.5109187960624695, 0.5366324782371521, 0.5025894641876221, 0.31296592950820923, 0.526614248752594]
[0.5732795596122742, 0.5726736783981323, 0.38876089453697205, 0.2565406560897827, 0.5604777336120605]
[0.5149213075637817, 0.5745115280151367, 0.4294396936893463, 0.2818833291530609, 0.5206738114356995]
[0.5249195694923401, 0.5607303977012634, 0.42213746905326843, 0.30507692694664, 0.5511668920516968]
[0.5332049131393433, 0.5716046690940857, 0.44112157821655273, 0.3000596761703491, 0.5590676069259644]
[0.5218935012817383, 0.5622247457504272, 0.4431425929069519, 0.29118719696998596, 0.5609821081161499]
[0.5283118486404419, 0.5675321221351624, 0.43894198536872864, 0.3065767288208008, 0.545971691608429]
[0.5297633409500122, 0.5990601181983948, 0.43487489223480225, 0.2809659242630005, 0.5473635196685791]
[0.5904934406280518, 0.5937153697013855, 0.3925674855709076, 0.25469157099723816, 0.596376895904541]
[0.5428682565689087, 0.5487297177314758, 0.42788031697273254, 0.3029240667819977, 0.5147549510002136]
[0.5014110207557678, 0.585927426815033, 0.4369061291217804, 0.2755284607410431, 0.5426290035247803]
[0.5092890858650208, 0.5783333778381348, 0.4246862232685089, 0.2847265303134918, 0.5319986343383789]
[0.47191742062568665, 0.5539554953575134, 0.4178047776222229, 0.28118738532066345, 0.5047228336334229]
[0.5604598522186279, 0.5825155377388, 0.40153899788856506, 0.24891500174999237, 0.576511025428772]
[0.5015587210655212, 0.5800189971923828, 0.41865456104278564, 0.2904217541217804, 0.5033935904502869]
[0.416271448135376, 0.5763152837753296, 0.4356174170970917, 0.290353387594223, 0.4663355350494385]
[0.5328940153121948, 0.5607337951660156, 0.4212200939655304, 0.2748849391937256, 0.5448092222213745]
[0.567434549331665, 0.5751469731330872, 0.4056820869445801, 0.2524721920490265, 0.5786371231079102]
[0.5561045408248901, 0.5705417990684509, 0.3819195032119751, 0.26429617404937744, 0.5422072410583496]
[0.48016801476478577, 0.5342333912849426, 0.46718722581863403, 0.35685107111930847, 0.5247294902801514]
[0.5545703768730164, 0.5736218690872192, 0.4114609658718109, 0.26187559962272644, 0.562652587890625]
[0.4672054350376129, 0.5887778997421265, 0.419204443693161, 0.2617451548576355, 0.5004987120628357]
[0.4463382959365845, 0.5527193546295166, 0.46505606174468994, 0.2968986928462982, 0.48939192295074463]
[0.4595095217227936, 0.5649914145469666, 0.42984476685523987, 0.31709375977516174, 0.463174968957901]
[0.5399351119995117, 0.5620080232620239, 0.43094179034233093, 0.29305997490882874, 0.5347670912742615]
[0.3916673958301544, 0.5285947322845459, 0.4603857696056366, 0.33687713742256165, 0.45938122272491455]
[0.5099709033966064, 0.5342150926589966, 0.4447023868560791, 0.32059139013290405, 0.5199779868125916]
