1
#蜘蛛侠裸体现身中国#为一时的快活，河北省审计厅厅长助理董建柱跟女部下偷欢时被女部下的爱人堵在门外，情急之下不得不从8楼女部下家窗户爬出裸体逃跑，洋相百出。
[0.5727363228797913, 0.5213841795921326, 0.4785284698009491, 0.3634970188140869, 0.5577288866043091]
[0.5064464807510376, 0.5696958899497986, 0.4392363727092743, 0.2858071029186249, 0.5029013752937317]
[0.5418351292610168, 0.5798858404159546, 0.4193968176841736, 0.32249271869659424, 0.5457630157470703]
[0.42052048444747925, 0.5747743248939514, 0.4558115601539612, 0.3143670856952667, 0.4856044352054596]
[0.5403555035591125, 0.5673473477363586, 0.42679518461227417, 0.30593833327293396, 0.5461850166320801]
[0.49168914556503296, 0.5556061267852783, 0.4474967122077942, 0.2932185232639313, 0.4884539246559143]
[0.5355191826820374, 0.5813833475112915, 0.40775585174560547, 0.2634246349334717, 0.5354758501052856]
[0.4415294826030731, 0.5623468160629272, 0.4656867980957031, 0.2890550494194031, 0.49161410331726074]
[0.5200538039207458, 0.5571172833442688, 0.4748806357383728, 0.3376255929470062, 0.5195573568344116]
[0.4232817590236664, 0.5680536031723022, 0.4424857795238495, 0.2839662432670593, 0.47180411219596863]
[0.3586285710334778, 0.5639525651931763, 0.43080344796180725, 0.2880827486515045, 0.46665558218955994]
[0.5404128432273865, 0.5823633670806885, 0.4184034764766693, 0.2794688045978546, 0.539771318435669]
[0.4331461489200592, 0.5592344999313354, 0.44517239928245544, 0.3163209557533264, 0.48651984333992004]
[0.48835688829421997, 0.5692041516304016, 0.4521179497241974, 0.31031376123428345, 0.5019001960754395]
[0.5272900462150574, 0.5902552008628845, 0.42741745710372925, 0.27798232436180115, 0.5558426976203918]
[0.37510931491851807, 0.49567076563835144, 0.5225455164909363, 0.5892577767372131, 0.48506131768226624]
[0.4107362627983093, 0.564221203327179, 0.4363790452480316, 0.2916516661643982, 0.464824914932251]
[0.5347043871879578, 0.5840775966644287, 0.41665855050086975, 0.273982435464859, 0.5500581860542297]
[0.4836573302745819, 0.571175754070282, 0.47681933641433716, 0.3204959034919739, 0.5310157537460327]
[0.5724132061004639, 0.5882645845413208, 0.40327218174934387, 0.24891911447048187, 0.5911108255386353]
[0.41421064734458923, 0.5574593544006348, 0.47551631927490234, 0.3307645320892334, 0.4672374725341797]
[0.5300067067146301, 0.5929404497146606, 0.431008905172348, 0.27216875553131104, 0.5584781765937805]
[0.5226344466209412, 0.5738844871520996, 0.4229155480861664, 0.2660394608974457, 0.5171194672584534]
[0.43860626220703125, 0.5585742592811584, 0.45426586270332336, 0.34661102294921875, 0.49776920676231384]
[0.4542211592197418, 0.5624716877937317, 0.45578688383102417, 0.3127748370170593, 0.48158904910087585]
[0.553821325302124, 0.5737878680229187, 0.41183730959892273, 0.26046183705329895, 0.5618806481361389]
[0.458792507648468, 0.5715233087539673, 0.44137924909591675, 0.31123319268226624, 0.49670496582984924]
[0.5270243287086487, 0.5662031769752502, 0.4369103014469147, 0.3081018924713135, 0.5368505120277405]
[0.6263757348060608, 0.5628910064697266, 0.3798062205314636, 0.24806107580661774, 0.6052467226982117]
[0.38387203216552734, 0.5697209239006042, 0.4700953960418701, 0.2994241714477539, 0.46164852380752563]
[0.503521203994751, 0.5791036486625671, 0.4253591299057007, 0.29914554953575134, 0.513491690158844]
[0.5013396143913269, 0.5829750299453735, 0.42697757482528687, 0.27914151549339294, 0.5458442568778992]
[0.45911702513694763, 0.5443202257156372, 0.4561595320701599, 0.31973305344581604, 0.5019671320915222]
[0.5233437418937683, 0.568484365940094, 0.42809829115867615, 0.30500638484954834, 0.5163370966911316]
[0.4923916161060333, 0.5277200937271118, 0.5034469962120056, 0.3894355893135071, 0.5164823532104492]
[0.3993217647075653, 0.529720664024353, 0.48417651653289795, 0.38842180371284485, 0.4547708332538605]
[0.5400723218917847, 0.5459824800491333, 0.4656229019165039, 0.30907827615737915, 0.516785740852356]
[0.5123127698898315, 0.5787539482116699, 0.41516104340553284, 0.2985939383506775, 0.5282157063484192]
[0.410697340965271, 0.5704219937324524, 0.4395424425601959, 0.31329280138015747, 0.47584614157676697]
[0.5544109344482422, 0.5956528782844543, 0.4118465781211853, 0.27430716156959534, 0.5698553323745728]
[0.5210800766944885, 0.5837389826774597, 0.4080260694026947, 0.27646470069885254, 0.5728923678398132]
[0.4322810769081116, 0.5662744045257568, 0.4783424735069275, 0.32946375012397766, 0.4789923429489136]
[0.4965139925479889, 0.573587954044342, 0.43522632122039795, 0.30656880140304565, 0.5346636772155762]
[0.5311912894248962, 0.5666396617889404, 0.4227946698665619, 0.2887880206108093, 0.5010227560997009]
[0.5420449376106262, 0.5402061343193054, 0.4441576898097992, 0.3229878842830658, 0.5226531624794006]
[0.4907926917076111, 0.5637834668159485, 0.4414612948894501, 0.2947947084903717, 0.49108949303627014]
[0.5463923215866089, 0.5729442238807678, 0.42734870314598083, 0.3001950979232788, 0.5516453385353088]
[0.4977617859840393, 0.5532243847846985, 0.4613044857978821, 0.3424580693244934, 0.511781632900238]
[0.5455705523490906, 0.5946599245071411, 0.43041881918907166, 0.2699125409126282, 0.5700485706329346]
[0.5354865789413452, 0.5888907313346863, 0.41922876238822937, 0.2605830132961273, 0.5253303050994873]
[0.5330973863601685, 0.5729614496231079, 0.4595223367214203, 0.33239468932151794, 0.5291527509689331]
[0.3072885572910309, 0.5462142825126648, 0.45011675357818604, 0.3187411427497864, 0.437751442193985]
[0.570214033126831, 0.588830828666687, 0.4124358892440796, 0.256195604801178, 0.564965546131134]
[0.5426119565963745, 0.5715312361717224, 0.4311629831790924, 0.27863284945487976, 0.5684040188789368]
[0.5203481316566467, 0.5828643441200256, 0.4280880093574524, 0.2763231694698334, 0.5384100675582886]
[0.4619152843952179, 0.580233633518219, 0.4314188063144684, 0.27523908019065857, 0.49499061703681946]
[0.5075275301933289, 0.552065908908844, 0.4426434636116028, 0.27768847346305847, 0.5107525587081909]
[0.4372638463973999, 0.5628788471221924, 0.44104793667793274, 0.2754419445991516, 0.4812372326850891]
[0.48379552364349365, 0.5937032699584961, 0.41920071840286255, 0.2830924987792969, 0.4925927221775055]
[0.36663562059402466, 0.5072025060653687, 0.5258055329322815, 0.4432363212108612, 0.4308716356754303]
[0.38219261169433594, 0.529018223285675, 0.45531851053237915, 0.2801539897918701, 0.425091952085495]
[0.520726203918457, 0.5761065483093262, 0.4325363337993622, 0.29064029455184937, 0.5490344762802124]
[0.47884270548820496, 0.5537034869194031, 0.46824923157691956, 0.353239506483078, 0.471869558095932]
[0.5038490295410156, 0.5550401210784912, 0.49602365493774414, 0.3290669918060303, 0.500706136226654]
[0.470400333404541, 0.5755816102027893, 0.4539484679698944, 0.29683366417884827, 0.49897345900535583]
[0.5692201256752014, 0.5725523233413696, 0.4082506597042084, 0.2540647089481354, 0.5825848579406738]
[0.5121415257453918, 0.5671180486679077, 0.42487362027168274, 0.2895631790161133, 0.5351561307907104]
[0.5949297547340393, 0.5691110491752625, 0.42369168996810913, 0.2509819269180298, 0.558021605014801]
[0.5860215425491333, 0.5682845711708069, 0.3924470841884613, 0.23988069593906403, 0.5715848803520203]
[0.4879278540611267, 0.556778073310852, 0.4249790906906128, 0.3005000352859497, 0.4919279217720032]
[0.4381309747695923, 0.5578991770744324, 0.45392999053001404, 0.30857548117637634, 0.4653015434741974]
[0.5079502463340759, 0.5637922883033752, 0.45329537987709045, 0.33416545391082764, 0.5349164605140686]
[0.47880882024765015, 0.5888797640800476, 0.44026193022727966, 0.2845252752304077, 0.5077710747718811]
[0.4742986857891083, 0.5461544394493103, 0.4619188904762268, 0.2845016419887543, 0.4915789067745209]
[0.5134711265563965, 0.5519716143608093, 0.4614923894405365, 0.3107573091983795, 0.5296823382377625]
[0.41648873686790466, 0.5334105491638184, 0.4744054079055786, 0.33298060297966003, 0.4639730155467987]
[0.5685844421386719, 0.5671698451042175, 0.4031604528427124, 0.27696532011032104, 0.5496941804885864]
[0.43738415837287903, 0.5719547271728516, 0.43069174885749817, 0.28993654251098633, 0.5091231465339661]
[0.46326586604118347, 0.5706151127815247, 0.45343729853630066, 0.2935325503349304, 0.5043028593063354]
[0.48873212933540344, 0.5381418466567993, 0.47232580184936523, 0.3372393548488617, 0.4975736439228058]
[0.45919519662857056, 0.5983535051345825, 0.4510413706302643, 0.2759687602519989, 0.5241944193840027]
[0.5300354957580566, 0.5778378844261169, 0.4236871004104614, 0.27259141206741333, 0.5539935231208801]
[0.5889542698860168, 0.5714396238327026, 0.40143829584121704, 0.2664742171764374, 0.5794781446456909]
[0.5193283557891846, 0.5694969892501831, 0.43118345737457275, 0.293883353471756, 0.5507673621177673]
[0.4636504054069519, 0.5745192766189575, 0.4661836326122284, 0.28988075256347656, 0.5167698264122009]
