1
轰动全国的安徽籍民工秦某在上海市长宁区新泾地区散落17600元遭哄抢，今查实，警方在秦某取款的银行处查实，秦某仅取款7600元，而非秦某谎称的17600元，而截至今日秦某的7600元已全部返还，所以剩下的一万元永远不可能出现了。秦某的演技，使得上海市民仅去电视台为其捐款就达三万余元。
[0.5373704433441162, 0.5156649351119995, 0.4869295060634613, 0.3414292633533478, 0.5378937125205994]
[0.4487622082233429, 0.5716210603713989, 0.4600348174571991, 0.3031274080276489, 0.45275557041168213]
[0.43746697902679443, 0.5577720403671265, 0.4555772542953491, 0.35873547196388245, 0.4867105484008789]
[0.5195668339729309, 0.5939461588859558, 0.43239080905914307, 0.26498880982398987, 0.54828280210495]
[0.5292155742645264, 0.5901414155960083, 0.4102209508419037, 0.27967044711112976, 0.537401556968689]
[0.5630874633789062, 0.5684017539024353, 0.40305501222610474, 0.2594415843486786, 0.5518365502357483]
[0.3927202820777893, 0.5593718886375427, 0.45092886686325073, 0.2742077112197876, 0.44739198684692383]
[0.5106064677238464, 0.5838786363601685, 0.4371495246887207, 0.2766110599040985, 0.5312321186065674]
[0.5181060433387756, 0.608632504940033, 0.438276469707489, 0.28479206562042236, 0.5111607909202576]
[0.5132670402526855, 0.5934965014457703, 0.4420536458492279, 0.27757078409194946, 0.5219869613647461]
[0.5465208888053894, 0.5872267484664917, 0.41718989610671997, 0.28816771507263184, 0.5332985520362854]
[0.3846844434738159, 0.5483742356300354, 0.46868401765823364, 0.30736103653907776, 0.42372772097587585]
[0.4524140954017639, 0.569884717464447, 0.4555412530899048, 0.352583110332489, 0.4888431429862976]
[0.5104160308837891, 0.5410221815109253, 0.423825740814209, 0.31951630115509033, 0.5440453290939331]
[0.5803400874137878, 0.5819161534309387, 0.4099944531917572, 0.25574517250061035, 0.5824064612388611]
[0.4341873526573181, 0.5597682595252991, 0.4416189193725586, 0.29539889097213745, 0.46462878584861755]
[0.46386268734931946, 0.5438677668571472, 0.4535312354564667, 0.32022014260292053, 0.5156498551368713]
[0.4816378951072693, 0.5945683717727661, 0.42930421233177185, 0.2802477777004242, 0.5159061551094055]
[0.5089871287345886, 0.5692274570465088, 0.43363305926322937, 0.2784188687801361, 0.5316547155380249]
[0.49802252650260925, 0.575834333896637, 0.44681867957115173, 0.2893088757991791, 0.5434356927871704]
[0.3947477638721466, 0.5438858866691589, 0.5339789986610413, 0.54925936460495, 0.4987102746963501]
[0.5119738578796387, 0.5767773985862732, 0.420161634683609, 0.2886592149734497, 0.5166778564453125]
[0.5420697927474976, 0.5694578886032104, 0.4457428753376007, 0.31730949878692627, 0.5425631403923035]
[0.5064321756362915, 0.5830226540565491, 0.43386319279670715, 0.302789568901062, 0.5192166566848755]
[0.4991285502910614, 0.5615771412849426, 0.4281553626060486, 0.31071826815605164, 0.5032834410667419]
[0.562210738658905, 0.5857362747192383, 0.3898090422153473, 0.23951120674610138, 0.5786690711975098]
[0.535921037197113, 0.5964357852935791, 0.4199274182319641, 0.27324655652046204, 0.5504410862922668]
[0.5651884078979492, 0.5834685564041138, 0.3904297947883606, 0.25459912419319153, 0.571203351020813]
[0.5007937550544739, 0.5693672299385071, 0.4433370530605316, 0.3071495592594147, 0.504017174243927]
[0.5631810426712036, 0.5655877590179443, 0.39014124870300293, 0.26018503308296204, 0.5853390097618103]
[0.5267004370689392, 0.5904646515846252, 0.40988272428512573, 0.2808395326137543, 0.5364567637443542]
[0.5240931510925293, 0.5180597305297852, 0.48502421379089355, 0.40912100672721863, 0.4984607398509979]
[0.51308673620224, 0.567490816116333, 0.4285129904747009, 0.30736687779426575, 0.5088059902191162]
[0.49555298686027527, 0.570673942565918, 0.4313119649887085, 0.2879068851470947, 0.5146951675415039]
[0.4936484694480896, 0.5596253275871277, 0.44543394446372986, 0.2900364100933075, 0.5259010195732117]
[0.41824448108673096, 0.5332633256912231, 0.4816538095474243, 0.36421874165534973, 0.4543517529964447]
[0.5199135541915894, 0.5822036266326904, 0.4486429691314697, 0.29302978515625, 0.525998055934906]
[0.4777528941631317, 0.5285238027572632, 0.4872572422027588, 0.36728692054748535, 0.5102890729904175]
[0.4635019898414612, 0.5682857632637024, 0.4405844509601593, 0.30259308218955994, 0.5032098889350891]
[0.5155146718025208, 0.5504583120346069, 0.4301947355270386, 0.2911771833896637, 0.5200498104095459]
[0.5149756669998169, 0.5553154349327087, 0.4388958215713501, 0.31947585940361023, 0.5154984593391418]
[0.4500702917575836, 0.560730516910553, 0.45023420453071594, 0.3315414786338806, 0.4520164430141449]
[0.4487267732620239, 0.5294814705848694, 0.465004563331604, 0.4011170268058777, 0.4705653190612793]
[0.5181610584259033, 0.5488247275352478, 0.44138386845588684, 0.29600727558135986, 0.49320724606513977]
[0.5095545649528503, 0.5523818731307983, 0.4430701434612274, 0.32210636138916016, 0.5399836301803589]
[0.42441490292549133, 0.5676126480102539, 0.4618966281414032, 0.3119684159755707, 0.45158058404922485]
[0.5347981452941895, 0.5728277564048767, 0.4328382611274719, 0.28151533007621765, 0.5275416374206543]
