1
【求真相】网友爆料安徽来沪人员丢钱事件最新进展：目前帮助民工追回加捐款2万愈元，不过警方发现该男子事先称前往存钱后改口为取钱，银行方面确认该男子当日取款7600元 并非其所称存款17600元 宣克炯再次联系该男子，其电话已经处于关机状态。
[0.5286077260971069, 0.5339526534080505, 0.48644477128982544, 0.3256756365299225, 0.5295251607894897]
[0.547031819820404, 0.5869520306587219, 0.40498122572898865, 0.2504142224788666, 0.5671120285987854]
[0.5216585993766785, 0.58302241563797, 0.43522733449935913, 0.27814942598342896, 0.5353463888168335]
[0.4058237671852112, 0.520933985710144, 0.47074785828590393, 0.33264797925949097, 0.46262016892433167]
[0.5748650431632996, 0.6076502799987793, 0.4102208614349365, 0.2488642930984497, 0.5535599589347839]
[0.512435257434845, 0.5915206670761108, 0.4536357522010803, 0.2932376563549042, 0.5244168639183044]
[0.5625067353248596, 0.56639564037323, 0.408009797334671, 0.247518852353096, 0.5528868436813354]
[0.6161874532699585, 0.5612411499023438, 0.37565696239471436, 0.2475653439760208, 0.5838323831558228]
[0.5031029582023621, 0.5662754774093628, 0.46113449335098267, 0.3307673931121826, 0.5258280038833618]
[0.5132670402526855, 0.5934965014457703, 0.4420536458492279, 0.27757078409194946, 0.5219869613647461]
[0.41847777366638184, 0.5716509222984314, 0.4422067105770111, 0.2629249095916748, 0.4652439057826996]
[0.5240505337715149, 0.5440970063209534, 0.4383162260055542, 0.33903607726097107, 0.5529477596282959]
[0.5238796472549438, 0.588401734828949, 0.4054454565048218, 0.2501637935638428, 0.5534263849258423]
[0.426972359418869, 0.5432348847389221, 0.4502927362918854, 0.29574549198150635, 0.47915932536125183]
[0.5595993399620056, 0.5375957489013672, 0.43550390005111694, 0.28276652097702026, 0.5396643280982971]
[0.4910571277141571, 0.5741925239562988, 0.4284771680831909, 0.2844216227531433, 0.5320118069648743]
[0.5052546858787537, 0.5712956190109253, 0.44804847240448, 0.29164499044418335, 0.5456475019454956]
[0.47952690720558167, 0.5620145797729492, 0.43553730845451355, 0.27957093715667725, 0.5097036361694336]
[0.38550835847854614, 0.5530169010162354, 0.5263673067092896, 0.37324532866477966, 0.4326305687427521]
[0.5562366843223572, 0.5588511824607849, 0.42026880383491516, 0.27510255575180054, 0.5409986972808838]
[0.4501807987689972, 0.5343716740608215, 0.46774688363075256, 0.35431697964668274, 0.49738141894340515]
[0.5246511101722717, 0.5771914124488831, 0.42100343108177185, 0.2951376736164093, 0.5438184142112732]
[0.5132670402526855, 0.5934965014457703, 0.4420536458492279, 0.27757078409194946, 0.5219869613647461]
[0.530646026134491, 0.5627890825271606, 0.4235662817955017, 0.28835347294807434, 0.5606167316436768]
[0.48674437403678894, 0.5742966532707214, 0.4441791772842407, 0.34363216161727905, 0.503144383430481]
[0.4551391005516052, 0.5450285077095032, 0.461108535528183, 0.31596794724464417, 0.4977375566959381]
[0.5863239169120789, 0.5643962621688843, 0.40659356117248535, 0.24906843900680542, 0.5676409602165222]
[0.5638630986213684, 0.591367244720459, 0.4142085611820221, 0.25925973057746887, 0.5822076797485352]
[0.47917619347572327, 0.5670273900032043, 0.4488229751586914, 0.28414595127105713, 0.507770299911499]
[0.4840295612812042, 0.5431471467018127, 0.43424829840660095, 0.27793174982070923, 0.5094159841537476]
[0.5027108192443848, 0.5361377596855164, 0.4360388517379761, 0.3300502300262451, 0.5222538709640503]
[0.550529420375824, 0.6013381481170654, 0.4060102105140686, 0.2520269751548767, 0.540513813495636]
[0.5149213075637817, 0.5745115280151367, 0.4294396936893463, 0.2818833291530609, 0.5206738114356995]
[0.5266538858413696, 0.5415167212486267, 0.457997590303421, 0.342286080121994, 0.5178909301757812]
[0.4619102478027344, 0.5635008811950684, 0.43568918108940125, 0.2917225658893585, 0.5304765105247498]
[0.3911689817905426, 0.5740871429443359, 0.4354863464832306, 0.28327760100364685, 0.4496150314807892]
[0.4202689528465271, 0.5757107138633728, 0.4309403896331787, 0.27894097566604614, 0.466061532497406]
[0.5294305086135864, 0.575165867805481, 0.39989328384399414, 0.2671610414981842, 0.547161877155304]
[0.4793201684951782, 0.5738291144371033, 0.4029698967933655, 0.287889689207077, 0.5058309435844421]
[0.5193629860877991, 0.5856478810310364, 0.41173920035362244, 0.282301664352417, 0.5441094636917114]
[0.5625422596931458, 0.5644217729568481, 0.4285132586956024, 0.2697739899158478, 0.5698062777519226]
[0.49142372608184814, 0.5591995716094971, 0.436803936958313, 0.28720226883888245, 0.5031228065490723]
[0.5183544754981995, 0.5856973528862, 0.4136512279510498, 0.28561723232269287, 0.5394521951675415]
[0.5403086543083191, 0.5896453261375427, 0.4242878258228302, 0.2541525661945343, 0.5468859672546387]
[0.5473241209983826, 0.5865799188613892, 0.4032662808895111, 0.2633401155471802, 0.5480524897575378]
[0.40705496072769165, 0.5586053729057312, 0.4622114896774292, 0.314651757478714, 0.4585200548171997]
[0.512329638004303, 0.5742468237876892, 0.436823308467865, 0.3052241802215576, 0.507515549659729]
[0.45829910039901733, 0.5631265640258789, 0.45007196068763733, 0.3122014105319977, 0.48522356152534485]
[0.5445759892463684, 0.5705336928367615, 0.4096853733062744, 0.2678641080856323, 0.5422562956809998]
[0.48738887906074524, 0.5915045142173767, 0.41528525948524475, 0.27312079071998596, 0.5217340588569641]
[0.45698875188827515, 0.5799566507339478, 0.4696129560470581, 0.30137956142425537, 0.47127747535705566]
[0.5391624569892883, 0.5790917873382568, 0.4268307089805603, 0.27021324634552, 0.534077525138855]
[0.5232644081115723, 0.5664841532707214, 0.4100043475627899, 0.26050931215286255, 0.5104345083236694]
[0.5398756861686707, 0.5794801712036133, 0.40293946862220764, 0.28099021315574646, 0.5473566055297852]
[0.434749573469162, 0.521334171295166, 0.4937267601490021, 0.40019333362579346, 0.49828794598579407]
[0.3095024824142456, 0.5359156727790833, 0.4649832248687744, 0.3337324559688568, 0.4013471305370331]
[0.4806496500968933, 0.5315601229667664, 0.47529134154319763, 0.32997870445251465, 0.5148746371269226]
[0.4652818441390991, 0.5827131271362305, 0.42832323908805847, 0.27694517374038696, 0.518634021282196]
[0.5095281600952148, 0.5733405947685242, 0.42334455251693726, 0.2680058479309082, 0.5124940276145935]
[0.49103567004203796, 0.5647569894790649, 0.4313008487224579, 0.30197009444236755, 0.5188364386558533]
[0.5598099231719971, 0.5379914045333862, 0.4321358799934387, 0.2921048700809479, 0.5492953658103943]
[0.4470371901988983, 0.568173348903656, 0.46045926213264465, 0.3197193145751953, 0.47031036019325256]
[0.4721282124519348, 0.5767385363578796, 0.4200980067253113, 0.2844950258731842, 0.49284520745277405]
[0.5215737223625183, 0.5551878213882446, 0.484369695186615, 0.35085588693618774, 0.5461152791976929]
[0.5057939887046814, 0.585124135017395, 0.4325680136680603, 0.2756885290145874, 0.5195899605751038]
[0.48318395018577576, 0.5576016306877136, 0.47566983103752136, 0.33087214827537537, 0.5354994535446167]
[0.48533350229263306, 0.586300790309906, 0.4414065182209015, 0.276318222284317, 0.5299128890037537]
[0.4477507174015045, 0.5855361819267273, 0.42500871419906616, 0.28606560826301575, 0.4961067736148834]
[0.49975526332855225, 0.5874056220054626, 0.4230498969554901, 0.27203112840652466, 0.5168728828430176]
[0.42908069491386414, 0.5516239404678345, 0.4625546336174011, 0.3197556436061859, 0.43520817160606384]
[0.5065973997116089, 0.5459774136543274, 0.4394379258155823, 0.31442543864250183, 0.5215880274772644]
[0.6507206559181213, 0.5122559666633606, 0.43869006633758545, 0.30014336109161377, 0.6121560335159302]
[0.4441353380680084, 0.5662059783935547, 0.44467103481292725, 0.3267829418182373, 0.4927665889263153]
[0.506371259689331, 0.5539840459823608, 0.43303900957107544, 0.3268583118915558, 0.5426425933837891]
[0.504840612411499, 0.5798030495643616, 0.3995421230792999, 0.2672877907752991, 0.5407771468162537]
[0.47118282318115234, 0.5727459788322449, 0.4403449296951294, 0.2898758351802826, 0.5393364429473877]
[0.5098758339881897, 0.5833723545074463, 0.4109799265861511, 0.2958449125289917, 0.5425505042076111]
[0.5466495156288147, 0.5604996681213379, 0.42413660883903503, 0.28509360551834106, 0.5605123043060303]
[0.578080415725708, 0.5309140682220459, 0.3811967968940735, 0.2420508712530136, 0.5839080810546875]
[0.5421420335769653, 0.5768448114395142, 0.42364418506622314, 0.28936269879341125, 0.5410067439079285]
[0.563305139541626, 0.5885866284370422, 0.4027336537837982, 0.2540661692619324, 0.5551349520683289]
[0.5685371160507202, 0.5801804661750793, 0.4008427560329437, 0.2466299831867218, 0.5792638659477234]
[0.5096889734268188, 0.5397360324859619, 0.45503851771354675, 0.3348257839679718, 0.516211748123169]
[0.48434513807296753, 0.5674256682395935, 0.4691477119922638, 0.3050896227359772, 0.4920191764831543]
[0.48228245973587036, 0.5561442971229553, 0.45245176553726196, 0.3454725444316864, 0.4913589060306549]
[0.5579781532287598, 0.5953483581542969, 0.40106889605522156, 0.26370561122894287, 0.5576211214065552]
[0.5115535855293274, 0.5381435751914978, 0.459980845451355, 0.3420347571372986, 0.5165309906005859]
[0.4691314101219177, 0.5675436854362488, 0.452364981174469, 0.3417980372905731, 0.49586600065231323]
[0.49749815464019775, 0.5492422580718994, 0.4349798858165741, 0.28331026434898376, 0.5121582746505737]
[0.5912613272666931, 0.5089868307113647, 0.4446357786655426, 0.2927350401878357, 0.5710663795471191]
[0.4635542631149292, 0.5961952805519104, 0.42725101113319397, 0.27229446172714233, 0.5123554468154907]
[0.6259382367134094, 0.5709317326545715, 0.37651482224464417, 0.2196134477853775, 0.6139593124389648]
[0.5352687239646912, 0.5658865571022034, 0.42755192518234253, 0.30194395780563354, 0.5492367148399353]
[0.5653747320175171, 0.5958674550056458, 0.410073459148407, 0.2521335780620575, 0.5308053493499756]
[0.48503753542900085, 0.5772672891616821, 0.4222150444984436, 0.29473811388015747, 0.5245783925056458]
[0.4993065595626831, 0.556066632270813, 0.43341299891471863, 0.32558539509773254, 0.5101606249809265]
[0.5171041488647461, 0.5790355205535889, 0.42201364040374756, 0.2890970706939697, 0.5154428482055664]
[0.4208938777446747, 0.5351980328559875, 0.4614962339401245, 0.3205702006816864, 0.44212448596954346]
[0.47545045614242554, 0.5785564184188843, 0.4587138295173645, 0.33280161023139954, 0.5107437968254089]
[0.5373143553733826, 0.5878942012786865, 0.4216683506965637, 0.27501511573791504, 0.5280143022537231]
[0.5564752817153931, 0.5526669025421143, 0.41591677069664, 0.2767777144908905, 0.551719069480896]
