1
必须转：🇺🇸美国护照中写着：“不管你身处何方，美国政府都是你强大的后盾”。🇨🇳在中国护照中写着：“请严格遵守当地的法律，并尊重那里的风俗习惯。” 微评：🇺🇸美国说：出去了有人欺负你，招呼一声，咱修理他！🇨🇳中国说：出去了老实点，听人家话，少给老子惹麻烦！
[0.5088370442390442, 0.5376185774803162, 0.4951574504375458, 0.34788885712623596, 0.5553802251815796]
[0.5216743350028992, 0.573509693145752, 0.4357675015926361, 0.29208946228027344, 0.5167226195335388]
[0.4557041823863983, 0.567808210849762, 0.47712215781211853, 0.36405202746391296, 0.4792473614215851]
[0.45426666736602783, 0.5886367559432983, 0.47101566195487976, 0.31211355328559875, 0.47963637113571167]
[0.4269217550754547, 0.5359171628952026, 0.5061365962028503, 0.391602098941803, 0.4704887866973877]
[0.4678206443786621, 0.5625879168510437, 0.4463450014591217, 0.27974313497543335, 0.47324880957603455]
[0.5331998467445374, 0.566911518573761, 0.4170795679092407, 0.2712990343570709, 0.5633763670921326]
[0.5031731128692627, 0.5438061952590942, 0.45200932025909424, 0.3103952407836914, 0.5039546489715576]
[0.46598127484321594, 0.5724824070930481, 0.43203386664390564, 0.29541799426078796, 0.49913448095321655]
[0.4445776641368866, 0.5246158838272095, 0.46747756004333496, 0.32474350929260254, 0.48355886340141296]
[0.4353426992893219, 0.5376269817352295, 0.4843004047870636, 0.32203781604766846, 0.4794056713581085]
[0.5066781640052795, 0.5809646844863892, 0.43684956431388855, 0.27531862258911133, 0.5507878065109253]
[0.4761715829372406, 0.5585992336273193, 0.44899800419807434, 0.319608598947525, 0.499371737241745]
[0.5402281880378723, 0.579208493232727, 0.4288958013057709, 0.27334678173065186, 0.516631007194519]
[0.5136550664901733, 0.5785967111587524, 0.3921387195587158, 0.2271970808506012, 0.5696743726730347]
[0.43928033113479614, 0.5755216479301453, 0.43812182545661926, 0.28464990854263306, 0.4676651954650879]
[0.537272036075592, 0.5887752175331116, 0.4071476459503174, 0.2596084177494049, 0.5493714213371277]
[0.5598442554473877, 0.6032504439353943, 0.408009797334671, 0.24085085093975067, 0.5716745257377625]
[0.3525565266609192, 0.5549966096878052, 0.4557444751262665, 0.29298844933509827, 0.43208077549934387]
[0.49975526332855225, 0.5874056220054626, 0.4230498969554901, 0.27203112840652466, 0.5168728828430176]
[0.4697234034538269, 0.5476338267326355, 0.5029491782188416, 0.3721778392791748, 0.5242827534675598]
[0.473532110452652, 0.5629582405090332, 0.4641370475292206, 0.36595475673675537, 0.4773147404193878]
[0.5511294603347778, 0.5858116149902344, 0.4041522741317749, 0.25002187490463257, 0.5692523717880249]
[0.5701027512550354, 0.5676088333129883, 0.38355547189712524, 0.25688445568084717, 0.5544472336769104]
[0.49227648973464966, 0.5818865895271301, 0.4492505192756653, 0.31204381585121155, 0.5219318270683289]
[0.477580189704895, 0.5503154397010803, 0.4626847505569458, 0.34841400384902954, 0.4854212999343872]
[0.43928033113479614, 0.5755216479301453, 0.43812182545661926, 0.28464990854263306, 0.4676651954650879]
[0.5022034645080566, 0.5848979949951172, 0.40920916199684143, 0.281161904335022, 0.5399476289749146]
[0.3513955771923065, 0.557442843914032, 0.42990240454673767, 0.2888171374797821, 0.44313305616378784]
[0.513194739818573, 0.5949034094810486, 0.4303475320339203, 0.2563226819038391, 0.5419713258743286]
[0.4465840458869934, 0.5443411469459534, 0.48746728897094727, 0.3512398600578308, 0.4772907793521881]
[0.47865790128707886, 0.5546740889549255, 0.46045905351638794, 0.30411794781684875, 0.516566812992096]
[0.5435845851898193, 0.5820082426071167, 0.424190491437912, 0.2870284616947174, 0.5553693175315857]
[0.5334299206733704, 0.5736207365989685, 0.4000326693058014, 0.25015297532081604, 0.552105188369751]
[0.4975983798503876, 0.5281500220298767, 0.4690016210079193, 0.36091241240501404, 0.5104671120643616]
[0.5148530602455139, 0.5478160977363586, 0.4700697064399719, 0.3598572015762329, 0.5209728479385376]
[0.5536494851112366, 0.5684286952018738, 0.4264592230319977, 0.28106996417045593, 0.524756133556366]
