1
铁道部能否出台一项龟腚管理下列车卧铺乘客的穿着啊？此俄女完全无视旁人。一万头卧槽泥马从我胸中呼啸而过啊！
[0.5161750316619873, 0.5421361923217773, 0.4950709044933319, 0.3824768662452698, 0.5397737622261047]
[0.45049068331718445, 0.5609450340270996, 0.444251149892807, 0.2954331338405609, 0.4879821240901947]
[0.5416325926780701, 0.5668231844902039, 0.4355227053165436, 0.25575318932533264, 0.5472906827926636]
[0.5682485103607178, 0.554534375667572, 0.4217868447303772, 0.2732931673526764, 0.5522254109382629]
[0.4654723107814789, 0.5578524470329285, 0.4388280510902405, 0.3145137131214142, 0.4843434691429138]
[0.4837900698184967, 0.5641002058982849, 0.47246071696281433, 0.35388025641441345, 0.5301427245140076]
[0.5537756085395813, 0.5928476452827454, 0.4074024558067322, 0.24933212995529175, 0.5615426301956177]
[0.544748842716217, 0.5961846709251404, 0.4222649335861206, 0.2791736125946045, 0.5420053601264954]
[0.4907926917076111, 0.5637834668159485, 0.4414612948894501, 0.2947947084903717, 0.49108949303627014]
[0.5019443035125732, 0.579828143119812, 0.45097607374191284, 0.2776150107383728, 0.5398719310760498]
[0.5261896252632141, 0.545867919921875, 0.4396297037601471, 0.3415519595146179, 0.5575808882713318]
[0.48300474882125854, 0.5576982498168945, 0.4215124249458313, 0.2585113048553467, 0.4726227819919586]
[0.3266661465167999, 0.5496142506599426, 0.4496515691280365, 0.2870567739009857, 0.4237249493598938]
[0.5509602427482605, 0.5584751963615417, 0.4224012792110443, 0.27275004982948303, 0.5325978994369507]
[0.42702847719192505, 0.5507139563560486, 0.47221991419792175, 0.35926496982574463, 0.4855234920978546]
[0.5163424015045166, 0.5380085110664368, 0.5026457905769348, 0.44941601157188416, 0.5349407196044922]
[0.5343474745750427, 0.60601407289505, 0.4352637827396393, 0.27390149235725403, 0.5367185473442078]
[0.5058479309082031, 0.5623868107795715, 0.43538898229599, 0.2766810953617096, 0.5477229952812195]
[0.4585578143596649, 0.547583818435669, 0.4350440800189972, 0.29770904779434204, 0.48080307245254517]
[0.3744812607765198, 0.5608006715774536, 0.438546359539032, 0.27475959062576294, 0.43790656328201294]
[0.4955853819847107, 0.5575766563415527, 0.4721604287624359, 0.32699695229530334, 0.5182311534881592]
[0.5425326824188232, 0.5651483535766602, 0.4396218955516815, 0.27633583545684814, 0.5227399468421936]
[0.4389743208885193, 0.5162416100502014, 0.46736717224121094, 0.311278760433197, 0.4231369197368622]
[0.41800451278686523, 0.5512371063232422, 0.4677397310733795, 0.3318844735622406, 0.4653772711753845]
[0.4487622082233429, 0.5716210603713989, 0.4600348174571991, 0.3031274080276489, 0.45275557041168213]
[0.4653787314891815, 0.5703939199447632, 0.46205684542655945, 0.31644853949546814, 0.4726015627384186]
[0.38546186685562134, 0.5446564555168152, 0.4797501564025879, 0.32354995608329773, 0.4437112510204315]
[0.49540501832962036, 0.56856769323349, 0.430352121591568, 0.31324610114097595, 0.5080377459526062]
[0.5250673890113831, 0.5778230428695679, 0.4315088093280792, 0.26575490832328796, 0.539266049861908]
[0.544748842716217, 0.5961846709251404, 0.4222649335861206, 0.2791736125946045, 0.5420053601264954]
[0.5328962802886963, 0.6017857193946838, 0.42011648416519165, 0.24121761322021484, 0.5543656349182129]
[0.48994529247283936, 0.5583495497703552, 0.4415828585624695, 0.30653834342956543, 0.5460550785064697]
[0.46187108755111694, 0.5893198847770691, 0.44806113839149475, 0.297460675239563, 0.4884728193283081]
[0.5194739699363708, 0.5488575100898743, 0.46688827872276306, 0.3092772364616394, 0.5188376307487488]
[0.45336416363716125, 0.5254421830177307, 0.49358856678009033, 0.37465378642082214, 0.524087131023407]
[0.5230154991149902, 0.5817410945892334, 0.43935534358024597, 0.2882661521434784, 0.549410343170166]
[0.4366488754749298, 0.5793625712394714, 0.44044944643974304, 0.322752982378006, 0.4690849781036377]
[0.5910452008247375, 0.5850135684013367, 0.39270368218421936, 0.24951082468032837, 0.5856139063835144]
[0.528511643409729, 0.5759576559066772, 0.4207630455493927, 0.31222304701805115, 0.5001063346862793]
[0.5602701902389526, 0.575485348701477, 0.4014749228954315, 0.25181737542152405, 0.5753898024559021]
[0.47556015849113464, 0.5512048006057739, 0.4465603828430176, 0.3096315860748291, 0.511186957359314]
[0.5238240361213684, 0.5564015507698059, 0.4163671135902405, 0.2746430039405823, 0.5290884971618652]
[0.4403933882713318, 0.5480213165283203, 0.4685262441635132, 0.3704754710197449, 0.47656556963920593]
[0.5384048819541931, 0.5862093567848206, 0.42657598853111267, 0.27069202065467834, 0.5721186995506287]
[0.49812594056129456, 0.5955314040184021, 0.4378284811973572, 0.27489838004112244, 0.520485520362854]
[0.38390231132507324, 0.5581116080284119, 0.47472187876701355, 0.327671617269516, 0.4485461711883545]
[0.4107362627983093, 0.564221203327179, 0.4363790452480316, 0.2916516661643982, 0.464824914932251]
[0.4145596921443939, 0.5573099851608276, 0.48761308193206787, 0.352675199508667, 0.4447605013847351]
[0.4991186857223511, 0.5709882974624634, 0.4081982672214508, 0.2772596776485443, 0.5243639945983887]
[0.5317437648773193, 0.574536144733429, 0.41523033380508423, 0.2920125126838684, 0.5444985032081604]
[0.33242061734199524, 0.5458582639694214, 0.44575604796409607, 0.2969835698604584, 0.43735286593437195]
[0.4659198820590973, 0.559417188167572, 0.5020243525505066, 0.35109901428222656, 0.5038064122200012]
[0.5469228029251099, 0.567095935344696, 0.40260714292526245, 0.27988818287849426, 0.5700843930244446]
[0.45168212056159973, 0.5893160700798035, 0.4221271872520447, 0.30130791664123535, 0.4828449487686157]
[0.4560076892375946, 0.5867403745651245, 0.4376855194568634, 0.3079240620136261, 0.4924890995025635]
[0.37957894802093506, 0.5325958728790283, 0.47696995735168457, 0.3625873625278473, 0.4253062605857849]
[0.5253849625587463, 0.5609443783760071, 0.440984308719635, 0.2841649055480957, 0.5327683687210083]
[0.6365540623664856, 0.5120239853858948, 0.47234398126602173, 0.3684190809726715, 0.609494149684906]
[0.4390919804573059, 0.5608032941818237, 0.465701162815094, 0.3073146343231201, 0.5177584886550903]
[0.45494934916496277, 0.5560815930366516, 0.47268539667129517, 0.34963884949684143, 0.4822460412979126]
[0.4785929024219513, 0.5575846433639526, 0.45693671703338623, 0.3374110460281372, 0.488117516040802]
[0.5445224046707153, 0.5755226016044617, 0.4185641407966614, 0.2897345721721649, 0.5336156487464905]
[0.5092197060585022, 0.5987152457237244, 0.4090689718723297, 0.26146796345710754, 0.4939712584018707]
[0.4756966531276703, 0.5877962112426758, 0.4495289623737335, 0.286910742521286, 0.4891835153102875]
[0.5430966019630432, 0.5733232498168945, 0.45022138953208923, 0.2793172299861908, 0.5605154633522034]
[0.4560076892375946, 0.5867403745651245, 0.4376855194568634, 0.3079240620136261, 0.4924890995025635]
[0.4865708649158478, 0.5492729544639587, 0.4785672426223755, 0.32253095507621765, 0.5248551964759827]
[0.48364534974098206, 0.5818007588386536, 0.4439240097999573, 0.30213621258735657, 0.5159766674041748]
[0.5125108957290649, 0.5783471465110779, 0.4192029535770416, 0.29177042841911316, 0.5119638442993164]
[0.42551594972610474, 0.5617173910140991, 0.45986101031303406, 0.31106477975845337, 0.5110844373703003]
[0.522860586643219, 0.5567999482154846, 0.4575119614601135, 0.3207990229129791, 0.5382331609725952]
[0.4124431908130646, 0.562430202960968, 0.4634633958339691, 0.3281034529209137, 0.46799615025520325]
[0.6034020185470581, 0.5597183704376221, 0.39943012595176697, 0.26420313119888306, 0.5765323638916016]
[0.5137816667556763, 0.5846883654594421, 0.4131399989128113, 0.2746404707431793, 0.5466113090515137]
[0.47926992177963257, 0.5695899724960327, 0.4342856705188751, 0.30032894015312195, 0.5159170627593994]
[0.49472689628601074, 0.5624954104423523, 0.4314455986022949, 0.296732634305954, 0.5522350668907166]
[0.5040035247802734, 0.5719863772392273, 0.43091994524002075, 0.27657848596572876, 0.5261465907096863]
[0.5263040661811829, 0.5732841491699219, 0.42288050055503845, 0.2734124958515167, 0.5267940163612366]
[0.5152893662452698, 0.5632039904594421, 0.4603683352470398, 0.3310890793800354, 0.5024077296257019]
[0.4952516555786133, 0.5633682012557983, 0.45749229192733765, 0.29883694648742676, 0.5402857661247253]
[0.5206113457679749, 0.5656968355178833, 0.46819591522216797, 0.33958515524864197, 0.551642119884491]
[0.5006511807441711, 0.5952949523925781, 0.44097504019737244, 0.30141037702560425, 0.49304670095443726]
[0.5056954026222229, 0.565592885017395, 0.4399201571941376, 0.293232798576355, 0.543151319026947]
[0.5529458522796631, 0.5774121880531311, 0.43404361605644226, 0.29932475090026855, 0.5487664341926575]
[0.49756208062171936, 0.5810831189155579, 0.43138471245765686, 0.2921389639377594, 0.5180543661117554]
[0.43465685844421387, 0.5509522557258606, 0.435422420501709, 0.3113272488117218, 0.48545902967453003]
[0.49668073654174805, 0.5397768020629883, 0.4615907073020935, 0.3407151699066162, 0.5268858671188354]
[0.46847695112228394, 0.5549365878105164, 0.437335342168808, 0.28984954953193665, 0.5040363073348999]
[0.4720582962036133, 0.585731029510498, 0.4452917277812958, 0.30339494347572327, 0.48421788215637207]
[0.4831857979297638, 0.5335917472839355, 0.4661485552787781, 0.35677865147590637, 0.48870423436164856]
[0.44600710272789, 0.5704233050346375, 0.4422229826450348, 0.2840425968170166, 0.4951094686985016]
[0.5315115451812744, 0.5855736136436462, 0.39861738681793213, 0.2707137167453766, 0.5307518839836121]
[0.4865872263908386, 0.5473615527153015, 0.46272507309913635, 0.3861095905303955, 0.5161324143409729]
[0.4421561658382416, 0.5458821654319763, 0.4662662744522095, 0.34282442927360535, 0.4641510248184204]
[0.5379324555397034, 0.5671797394752502, 0.41208547353744507, 0.29954832792282104, 0.5310111045837402]
[0.5090813636779785, 0.5722154974937439, 0.4220135807991028, 0.2837206721305847, 0.5153611302375793]
[0.41614940762519836, 0.5401957035064697, 0.48124054074287415, 0.3336601257324219, 0.46436458826065063]
[0.4547331631183624, 0.5715069770812988, 0.4358922243118286, 0.3150322139263153, 0.4985233247280121]
[0.5596470832824707, 0.5718996524810791, 0.4279114305973053, 0.2744789123535156, 0.5572863817214966]
[0.48379552364349365, 0.5937032699584961, 0.41920071840286255, 0.2830924987792969, 0.4925927221775055]
[0.5132670402526855, 0.5934965014457703, 0.4420536458492279, 0.27757078409194946, 0.5219869613647461]
