1
cctv应该向上海和上海人道歉！这不是“上海耻辱日”，而是安徽耻辱日！
[0.5867744088172913, 0.5635688304901123, 0.40984046459198, 0.2654470205307007, 0.5526095032691956]
[0.5191459655761719, 0.5353327989578247, 0.4280007779598236, 0.31196996569633484, 0.5156175494194031]
[0.48181039094924927, 0.5251474976539612, 0.482278972864151, 0.40200650691986084, 0.5280678272247314]
[0.5224173665046692, 0.5790922045707703, 0.4212590157985687, 0.29728057980537415, 0.5232928395271301]
[0.43618831038475037, 0.5363865494728088, 0.44535329937934875, 0.3240673840045929, 0.5080165266990662]
[0.45240023732185364, 0.5691282153129578, 0.4510143995285034, 0.3024502098560333, 0.5007188320159912]
[0.5106064677238464, 0.5838786363601685, 0.4371495246887207, 0.2766110599040985, 0.5312321186065674]
[0.5825610756874084, 0.5813345313072205, 0.389769047498703, 0.23702722787857056, 0.5831193327903748]
[0.5114693641662598, 0.5879859328269958, 0.4272439181804657, 0.2995235323905945, 0.5175087451934814]
[0.5272439122200012, 0.5639042854309082, 0.4317352771759033, 0.30489400029182434, 0.5358359813690186]
[0.43059220910072327, 0.5427757501602173, 0.44315603375434875, 0.2990316152572632, 0.4802185297012329]
[0.3842683732509613, 0.5372124910354614, 0.48443925380706787, 0.3498828113079071, 0.46540164947509766]
[0.549230694770813, 0.5760478973388672, 0.4185597896575928, 0.2737188935279846, 0.574888288974762]
[0.3525565266609192, 0.5549966096878052, 0.4557444751262665, 0.29298844933509827, 0.43208077549934387]
[0.4512219727039337, 0.5649170279502869, 0.46706968545913696, 0.31605803966522217, 0.47821125388145447]
[0.4355809688568115, 0.572985827922821, 0.4347081184387207, 0.30640333890914917, 0.4605458080768585]
[0.37152665853500366, 0.5527985095977783, 0.4517686665058136, 0.2860247492790222, 0.43777766823768616]
[0.52044677734375, 0.559998631477356, 0.4514515995979309, 0.35930168628692627, 0.536042332649231]
[0.5295632481575012, 0.5469380617141724, 0.4788037836551666, 0.3487907350063324, 0.5734100341796875]
[0.5463824272155762, 0.5335876941680908, 0.4918631613254547, 0.3969540596008301, 0.5410967469215393]
[0.5463104248046875, 0.5796778202056885, 0.4037531912326813, 0.27695485949516296, 0.5368470549583435]
[0.5527033805847168, 0.5895936489105225, 0.39918243885040283, 0.2697249948978424, 0.5589110255241394]
[0.5672064423561096, 0.5855915546417236, 0.38483723998069763, 0.24524757266044617, 0.5658156275749207]
[0.47125765681266785, 0.5296939611434937, 0.4906851351261139, 0.3648875653743744, 0.5097693800926208]
[0.5126685500144958, 0.5949721336364746, 0.4095340967178345, 0.2491224855184555, 0.5349303483963013]
[0.42712074518203735, 0.5483214855194092, 0.4477378726005554, 0.30517423152923584, 0.5002759695053101]
[0.4841551184654236, 0.5484325885772705, 0.47792115807533264, 0.3426891267299652, 0.4989083409309387]
[0.4323694109916687, 0.5194907188415527, 0.5221787095069885, 0.44346895813941956, 0.5211392641067505]
[0.4487622082233429, 0.5716210603713989, 0.4600348174571991, 0.3031274080276489, 0.45275557041168213]
[0.3072885572910309, 0.5462142825126648, 0.45011675357818604, 0.3187411427497864, 0.437751442193985]
[0.4236789643764496, 0.5810906291007996, 0.41872861981391907, 0.2665367126464844, 0.4765203893184662]
[0.5906069874763489, 0.5823344588279724, 0.38733646273612976, 0.2500004470348358, 0.5831050276756287]
[0.5532050728797913, 0.5776599645614624, 0.3967951834201813, 0.26296305656433105, 0.5581130981445312]
[0.5373143553733826, 0.5878942012786865, 0.4216683506965637, 0.27501511573791504, 0.5280143022537231]
[0.5295632481575012, 0.5469380617141724, 0.4788037836551666, 0.3487907350063324, 0.5734100341796875]
[0.4692007899284363, 0.5430805683135986, 0.45083382725715637, 0.3426685631275177, 0.4842942953109741]
[0.3072885572910309, 0.5462142825126648, 0.45011675357818604, 0.3187411427497864, 0.437751442193985]
[0.4545760750770569, 0.5654992461204529, 0.45267170667648315, 0.3107397258281708, 0.5136198997497559]
[0.4545760750770569, 0.5654992461204529, 0.45267170667648315, 0.3107397258281708, 0.5136198997497559]
[0.4834021031856537, 0.5759430527687073, 0.44208401441574097, 0.3207269012928009, 0.5253939032554626]
[0.4545760750770569, 0.5654992461204529, 0.45267170667648315, 0.3107397258281708, 0.5136198997497559]
[0.5006197690963745, 0.5709943175315857, 0.44050854444503784, 0.29864904284477234, 0.5287100672721863]
[0.4545760750770569, 0.5654992461204529, 0.45267170667648315, 0.3107397258281708, 0.5136198997497559]
[0.47911298274993896, 0.5736216902732849, 0.411045640707016, 0.2845640778541565, 0.5326420664787292]
[0.48592743277549744, 0.5413545966148376, 0.4662081301212311, 0.34037694334983826, 0.5034229159355164]
[0.47641173005104065, 0.526140570640564, 0.46378764510154724, 0.2922822833061218, 0.4648136496543884]
[0.5198735594749451, 0.56190025806427, 0.4663078486919403, 0.29858964681625366, 0.5322376489639282]
[0.4545760750770569, 0.5654992461204529, 0.45267170667648315, 0.3107397258281708, 0.5136198997497559]
[0.430777907371521, 0.5539320707321167, 0.44502881169319153, 0.32002687454223633, 0.47361284494400024]
[0.48402801156044006, 0.5860111117362976, 0.4319409728050232, 0.2715626358985901, 0.5121475458145142]
[0.5454078912734985, 0.5640900135040283, 0.4283742606639862, 0.282935231924057, 0.5336771011352539]
[0.43928033113479614, 0.5755216479301453, 0.43812182545661926, 0.28464990854263306, 0.4676651954650879]
[0.5143660306930542, 0.5809853672981262, 0.4188849627971649, 0.26979219913482666, 0.5529676675796509]
[0.3965494930744171, 0.5621454119682312, 0.4519613981246948, 0.29295533895492554, 0.4963350296020508]
[0.5074843764305115, 0.5760617852210999, 0.41585850715637207, 0.2726171612739563, 0.5301215648651123]
[0.5726167559623718, 0.5871476531028748, 0.404644638299942, 0.25072360038757324, 0.5763685703277588]
[0.41191914677619934, 0.5437800884246826, 0.48704829812049866, 0.3700960874557495, 0.455204576253891]
[0.47482016682624817, 0.5565815567970276, 0.4222835302352905, 0.29009783267974854, 0.5290399193763733]
[0.48435553908348083, 0.5362968444824219, 0.5242137312889099, 0.4616069793701172, 0.5217616558074951]
[0.3072885572910309, 0.5462142825126648, 0.45011675357818604, 0.3187411427497864, 0.437751442193985]
[0.5069758892059326, 0.5495646595954895, 0.4407457411289215, 0.30721017718315125, 0.5080191493034363]
[0.46139582991600037, 0.5245100259780884, 0.49822568893432617, 0.34844502806663513, 0.48747944831848145]
[0.48365727066993713, 0.5883915424346924, 0.4158823490142822, 0.27359604835510254, 0.5157485008239746]
[0.5353509783744812, 0.5867612957954407, 0.41417428851127625, 0.2861194610595703, 0.54486483335495]
[0.5395351648330688, 0.5627256631851196, 0.4146334230899811, 0.28491172194480896, 0.5472607612609863]
[0.49975526332855225, 0.5874056220054626, 0.4230498969554901, 0.27203112840652466, 0.5168728828430176]
[0.4797600209712982, 0.5494887232780457, 0.41949450969696045, 0.3093445301055908, 0.5098392367362976]
[0.3949681520462036, 0.5755306482315063, 0.42263907194137573, 0.2679448425769806, 0.483719140291214]
[0.4986405372619629, 0.5899002552032471, 0.4270608127117157, 0.283664345741272, 0.5346528887748718]
[0.4790218770503998, 0.5558302998542786, 0.42265236377716064, 0.2979232966899872, 0.5003179311752319]
[0.5555478930473328, 0.5285997986793518, 0.4299664795398712, 0.29578346014022827, 0.5911275148391724]
[0.4492015838623047, 0.5430513024330139, 0.4496043026447296, 0.2984967529773712, 0.45867830514907837]
[0.44723203778266907, 0.5547295808792114, 0.43948203325271606, 0.30921807885169983, 0.4509701728820801]
[0.5490416884422302, 0.5840826034545898, 0.38971146941185, 0.2588711678981781, 0.5374033451080322]
[0.45073890686035156, 0.5359208583831787, 0.46555468440055847, 0.3700384199619293, 0.4803917706012726]
[0.5456416010856628, 0.5978993773460388, 0.41009876132011414, 0.2592524588108063, 0.5594878792762756]
[0.3949681520462036, 0.5755306482315063, 0.42263907194137573, 0.2679448425769806, 0.483719140291214]
[0.5659326314926147, 0.5286777019500732, 0.43883949518203735, 0.27723228931427, 0.5829881429672241]
[0.45910802483558655, 0.5600780248641968, 0.4660920798778534, 0.2949729263782501, 0.49393466114997864]
[0.5491952300071716, 0.5918990969657898, 0.42066478729248047, 0.26386961340904236, 0.5615143775939941]
[0.5132670402526855, 0.5934965014457703, 0.4420536458492279, 0.27757078409194946, 0.5219869613647461]
[0.6160258054733276, 0.5361047983169556, 0.38202062249183655, 0.2524486780166626, 0.6063176989555359]
[0.501082718372345, 0.553801953792572, 0.4551808536052704, 0.33262863755226135, 0.5004056692123413]
[0.6263220310211182, 0.5701245665550232, 0.3648960292339325, 0.21215640008449554, 0.6193207502365112]
[0.4961986839771271, 0.5462309122085571, 0.4495152533054352, 0.30175140500068665, 0.5207434892654419]
[0.410697340965271, 0.5704219937324524, 0.4395424425601959, 0.31329280138015747, 0.47584614157676697]
[0.5619240403175354, 0.586733877658844, 0.3960738480091095, 0.2604306638240814, 0.5639523863792419]
[0.44975098967552185, 0.5958842635154724, 0.440978467464447, 0.2827352285385132, 0.500299870967865]
[0.46666231751441956, 0.5579283833503723, 0.44160404801368713, 0.2854524850845337, 0.5158608555793762]
[0.4763413965702057, 0.5624673366546631, 0.4325762093067169, 0.2641253173351288, 0.5212624669075012]
[0.48913609981536865, 0.5560484528541565, 0.47370201349258423, 0.3383210301399231, 0.5323635339736938]
[0.5825568437576294, 0.5928670167922974, 0.3872302770614624, 0.24182914197444916, 0.5913475751876831]
[0.49445924162864685, 0.5436102747917175, 0.44524651765823364, 0.32783734798431396, 0.4980149567127228]
[0.4724074900150299, 0.58293616771698, 0.4369119107723236, 0.306456059217453, 0.5180109143257141]
[0.5262196063995361, 0.5529096722602844, 0.43153655529022217, 0.30681630969047546, 0.5400636196136475]
[0.5339536070823669, 0.5911800861358643, 0.4048321545124054, 0.278327614068985, 0.5500455498695374]
[0.3963935971260071, 0.5360971093177795, 0.49692684412002563, 0.3891028165817261, 0.4466055929660797]
[0.48814183473587036, 0.5191527605056763, 0.4718031883239746, 0.37485456466674805, 0.5164480805397034]
[0.4097115397453308, 0.5594273209571838, 0.45424461364746094, 0.3027457296848297, 0.48244327306747437]
[0.5034640431404114, 0.5689858198165894, 0.4349505305290222, 0.29543808102607727, 0.5330272912979126]
[0.5440412759780884, 0.5880138278007507, 0.40874218940734863, 0.2755572199821472, 0.5544864535331726]
