1
太残忍了，我不能忍了！杀死败类城管!祝全国败类城管全家死光光，活不到初一！呼转呀！-----因为小贩收摊慢了点，城管把小动物活活摔死，有小狗、小兔子、小乌龟和宠物鼠。小兔子被踩扁了，小狗的嘴里被踩除了鲜血，好多动物都摔成一团！！
[0.5347174406051636, 0.5319192409515381, 0.46108803153038025, 0.36508241295814514, 0.5813287496566772]
[0.5148873925209045, 0.5771039128303528, 0.4268193244934082, 0.29893314838409424, 0.5023503303527832]
[0.48305392265319824, 0.5882339477539062, 0.4406522214412689, 0.29738110303878784, 0.5256895422935486]
[0.5472841858863831, 0.5607407689094543, 0.418425053358078, 0.2685655653476715, 0.5348561406135559]
[0.4859187602996826, 0.5575289726257324, 0.4602031111717224, 0.359305739402771, 0.49541011452674866]
[0.46860915422439575, 0.5463913679122925, 0.4577076733112335, 0.33187925815582275, 0.4836263954639435]
[0.4395550787448883, 0.5617573857307434, 0.414531946182251, 0.3032640814781189, 0.5183839797973633]
[0.4395550787448883, 0.5617573857307434, 0.414531946182251, 0.3032640814781189, 0.5183839797973633]
[0.4865144193172455, 0.6077471971511841, 0.43281957507133484, 0.27082139253616333, 0.5109031200408936]
[0.5804039835929871, 0.5588132739067078, 0.4149967432022095, 0.3018929064273834, 0.5631285309791565]
[0.4766896963119507, 0.5614858269691467, 0.4518829584121704, 0.3369724750518799, 0.5429742336273193]
[0.5804039835929871, 0.5588132739067078, 0.4149967432022095, 0.3018929064273834, 0.5631285309791565]
[0.5804039835929871, 0.5588132739067078, 0.4149967432022095, 0.3018929064273834, 0.5631285309791565]
[0.40498459339141846, 0.5359269976615906, 0.49198073148727417, 0.39818891882896423, 0.4812583327293396]
[0.4865144193172455, 0.6077471971511841, 0.43281957507133484, 0.27082139253616333, 0.5109031200408936]
[0.5552445650100708, 0.5394724011421204, 0.4332128167152405, 0.30616307258605957, 0.5298528075218201]
[0.43528062105178833, 0.5437180995941162, 0.47085046768188477, 0.38607510924339294, 0.4585612714290619]
[0.5253719687461853, 0.600922167301178, 0.42317306995391846, 0.27053263783454895, 0.5548911690711975]
[0.5152338743209839, 0.5791135430335999, 0.4354551434516907, 0.2742014527320862, 0.5556114912033081]
[0.5173236131668091, 0.5915289521217346, 0.4199587106704712, 0.2671353816986084, 0.5481240749359131]
[0.49077942967414856, 0.5917527079582214, 0.4436812102794647, 0.2698127329349518, 0.5273520350456238]
[0.46890169382095337, 0.5883316397666931, 0.4456704556941986, 0.2794743776321411, 0.5167402625083923]
[0.46975353360176086, 0.5547468662261963, 0.4672972559928894, 0.3391475975513458, 0.5041939616203308]
[0.5042362213134766, 0.5832533836364746, 0.43692731857299805, 0.26366379857063293, 0.5460769534111023]
[0.48891523480415344, 0.5986390709877014, 0.4251663088798523, 0.2733253836631775, 0.5165185332298279]
[0.4156190752983093, 0.5061706304550171, 0.506367027759552, 0.3496791422367096, 0.4226371943950653]
[0.518438994884491, 0.5559090971946716, 0.44278398156166077, 0.33262255787849426, 0.5018373727798462]
[0.5021643042564392, 0.566864013671875, 0.45562052726745605, 0.32555389404296875, 0.5171154141426086]
[0.5246989130973816, 0.5356253981590271, 0.4431650936603546, 0.3177344501018524, 0.541139543056488]
[0.5246989130973816, 0.5356253981590271, 0.4431650936603546, 0.3177344501018524, 0.541139543056488]
[0.5246989130973816, 0.5356253981590271, 0.4431650936603546, 0.3177344501018524, 0.541139543056488]
[0.5246989130973816, 0.5356253981590271, 0.4431650936603546, 0.3177344501018524, 0.541139543056488]
[0.5246989130973816, 0.5356253981590271, 0.4431650936603546, 0.3177344501018524, 0.541139543056488]
[0.4741811156272888, 0.5434684157371521, 0.4685414731502533, 0.36961039900779724, 0.5304558873176575]
[0.5351153016090393, 0.5864582061767578, 0.40173670649528503, 0.30315807461738586, 0.5366871356964111]
[0.5778257846832275, 0.5920485854148865, 0.39448922872543335, 0.23860232532024384, 0.5774798393249512]
[0.5474458336830139, 0.5385482907295227, 0.43181297183036804, 0.33220458030700684, 0.5412161946296692]
[0.4895377457141876, 0.5307670831680298, 0.4816015958786011, 0.38199296593666077, 0.5048771500587463]
[0.5616534948348999, 0.5606198906898499, 0.38282397389411926, 0.25037574768066406, 0.5668131709098816]
[0.5260192155838013, 0.5867605209350586, 0.4107624888420105, 0.2766268849372864, 0.5448395609855652]
[0.4215591847896576, 0.5804128050804138, 0.43256425857543945, 0.27376148104667664, 0.49911797046661377]
[0.5148321390151978, 0.5468195080757141, 0.4353152811527252, 0.29190593957901, 0.5272012948989868]
[0.56043940782547, 0.5946187973022461, 0.40183207392692566, 0.24821898341178894, 0.5666438341140747]
[0.5037493109703064, 0.5824728012084961, 0.4384743869304657, 0.28559744358062744, 0.5018435716629028]
[0.4918738901615143, 0.5446116328239441, 0.4865264296531677, 0.4343785047531128, 0.5184336304664612]
[0.5693255066871643, 0.5810669660568237, 0.3930700123310089, 0.25559619069099426, 0.5658849477767944]
[0.5475643277168274, 0.550173819065094, 0.4155702590942383, 0.28502801060676575, 0.5625472068786621]
[0.5510633587837219, 0.5502544045448303, 0.4288794696331024, 0.31756526231765747, 0.5639106035232544]
[0.5010397434234619, 0.550682008266449, 0.46529513597488403, 0.40965569019317627, 0.518161416053772]
[0.5581384897232056, 0.5640562176704407, 0.4256119132041931, 0.2855776846408844, 0.572863757610321]
[0.5272818803787231, 0.5726743936538696, 0.43508249521255493, 0.27978193759918213, 0.5523661971092224]
[0.6462658047676086, 0.5403168797492981, 0.38931936025619507, 0.27470603585243225, 0.6053758859634399]
[0.5075271725654602, 0.5886393785476685, 0.4223574697971344, 0.2668548822402954, 0.5347748398780823]
[0.4771692156791687, 0.5679116249084473, 0.41649189591407776, 0.3138924241065979, 0.5219236612319946]
[0.5045437812805176, 0.5862182378768921, 0.4310967028141022, 0.2721222937107086, 0.5270146131515503]
[0.5350021123886108, 0.5823588967323303, 0.4428298771381378, 0.2802220582962036, 0.5433847308158875]
[0.5552800893783569, 0.5648120641708374, 0.43871834874153137, 0.33983540534973145, 0.5197834968566895]
[0.4553672671318054, 0.5373399257659912, 0.47039833664894104, 0.3788466155529022, 0.5000722408294678]
[0.44156521558761597, 0.5569785237312317, 0.4567866921424866, 0.3054697811603546, 0.4776473939418793]
[0.4474731981754303, 0.5605459213256836, 0.45957812666893005, 0.2939395606517792, 0.4761085510253906]
[0.43450304865837097, 0.5759576559066772, 0.4433581829071045, 0.3003593683242798, 0.4992845058441162]
[0.4520246386528015, 0.5253596901893616, 0.4699874222278595, 0.35685861110687256, 0.5054247379302979]
[0.531355619430542, 0.5850947499275208, 0.41691574454307556, 0.2943287491798401, 0.5369337797164917]
[0.5351153016090393, 0.5864582061767578, 0.40173670649528503, 0.30315807461738586, 0.5366871356964111]
[0.5351153016090393, 0.5864582061767578, 0.40173670649528503, 0.30315807461738586, 0.5366871356964111]
[0.5549866557121277, 0.542957603931427, 0.4179975986480713, 0.28969523310661316, 0.5466982126235962]
[0.5711300373077393, 0.5461243391036987, 0.4446326196193695, 0.3255854845046997, 0.553654134273529]
[0.5351153016090393, 0.5864582061767578, 0.40173670649528503, 0.30315807461738586, 0.5366871356964111]
[0.5078320503234863, 0.5664106607437134, 0.4143770635128021, 0.2882358729839325, 0.5275459885597229]
[0.48538634181022644, 0.5528526306152344, 0.46388742327690125, 0.38118278980255127, 0.5161186456680298]
[0.5351153016090393, 0.5864582061767578, 0.40173670649528503, 0.30315807461738586, 0.5366871356964111]
[0.5320411324501038, 0.5707003474235535, 0.4217529892921448, 0.3161347508430481, 0.5356823205947876]
[0.5384393334388733, 0.5000846982002258, 0.5049507021903992, 0.40582534670829773, 0.5595356822013855]
[0.5303917527198792, 0.5089684724807739, 0.5240063667297363, 0.484611451625824, 0.590143620967865]
[0.49556809663772583, 0.5872434973716736, 0.4304591119289398, 0.28967607021331787, 0.5430907011032104]
[0.5734771490097046, 0.5059111714363098, 0.4890274703502655, 0.3839760422706604, 0.581457793712616]
[0.48238351941108704, 0.5186310410499573, 0.5350321531295776, 0.49647215008735657, 0.5385324954986572]
[0.5374423861503601, 0.5878767371177673, 0.4142957925796509, 0.24760191142559052, 0.5720705389976501]
[0.5518612265586853, 0.5885497331619263, 0.41941067576408386, 0.2726602256298065, 0.5787680745124817]
[0.40380656719207764, 0.5628097057342529, 0.4628261923789978, 0.34628787636756897, 0.44703003764152527]
[0.3861103653907776, 0.5626804232597351, 0.42905399203300476, 0.2910979092121124, 0.48848703503608704]
[0.46135959029197693, 0.5667676329612732, 0.4425603747367859, 0.31724706292152405, 0.5161384344100952]
[0.49690011143684387, 0.5629181265830994, 0.45470839738845825, 0.3373948335647583, 0.5322642922401428]
[0.4844346046447754, 0.5793241858482361, 0.4629504382610321, 0.3046603500843048, 0.5132837295532227]
[0.5406184792518616, 0.5747426748275757, 0.40398064255714417, 0.2636825740337372, 0.5511088371276855]
[0.44911476969718933, 0.5254905819892883, 0.49931666254997253, 0.4134100675582886, 0.49739816784858704]
[0.4732491970062256, 0.5501093864440918, 0.4784858524799347, 0.3711494207382202, 0.5401102304458618]
[0.5829287171363831, 0.585135281085968, 0.4018704295158386, 0.2399023473262787, 0.5959112644195557]
[0.464876651763916, 0.5807523727416992, 0.449229896068573, 0.29753947257995605, 0.5175319910049438]
[0.5185933113098145, 0.5886591672897339, 0.41420748829841614, 0.28358691930770874, 0.5321028828620911]
[0.5269610285758972, 0.5496688485145569, 0.4449690878391266, 0.298235684633255, 0.5164331793785095]
[0.5477088689804077, 0.584966242313385, 0.4167520999908447, 0.2825090289115906, 0.5655485987663269]
[0.5069413781166077, 0.5378773808479309, 0.4815088212490082, 0.3640511929988861, 0.5069043040275574]
[0.5138819813728333, 0.5242841243743896, 0.4495062232017517, 0.3592712879180908, 0.5327662229537964]
[0.5149277448654175, 0.5584335923194885, 0.4650646448135376, 0.35549357533454895, 0.543736457824707]
[0.4639529585838318, 0.573328971862793, 0.45867109298706055, 0.3379072844982147, 0.49432462453842163]
[0.5508572459220886, 0.580528974533081, 0.4059174954891205, 0.2829403877258301, 0.5558977127075195]
[0.47303277254104614, 0.571200430393219, 0.4482622742652893, 0.3088383972644806, 0.49578577280044556]
[0.5050115585327148, 0.5800316333770752, 0.41861653327941895, 0.2672750949859619, 0.5133247971534729]
[0.41977471113204956, 0.5487962961196899, 0.4659666121006012, 0.3955572247505188, 0.43795090913772583]
[0.48911094665527344, 0.5587897300720215, 0.46362006664276123, 0.27741992473602295, 0.5238454341888428]
