1
#优点听说#轰动全国的安徽籍民工秦某在上海市长宁区散落17600元遭哄抢，今查实，警方在秦某取款银行处查实，秦某仅取款7600元，而非秦某谎称的17600元，而截至今日秦某的7600元已全返还，所以剩下的一万元永不可能出现了。秦某的演技，使得上海声誉受损，另市民仅去电视台为其捐款就达三万余元。转
[0.5152649283409119, 0.5176819562911987, 0.5066069960594177, 0.36678385734558105, 0.5222234129905701]
[0.4981653392314911, 0.586291491985321, 0.4130634367465973, 0.27747800946235657, 0.5251455903053284]
[0.5701030492782593, 0.5764496922492981, 0.4175196588039398, 0.26092565059661865, 0.5641698837280273]
[0.5422751903533936, 0.551701009273529, 0.4296247959136963, 0.2617514431476593, 0.4789125919342041]
[0.5511308908462524, 0.5799258947372437, 0.42824238538742065, 0.307951956987381, 0.5146554708480835]
[0.4975277781486511, 0.5233768224716187, 0.47869613766670227, 0.36151739954948425, 0.493307888507843]
[0.4406411051750183, 0.542566180229187, 0.4464173913002014, 0.3322279751300812, 0.49271246790885925]
[0.5404128432273865, 0.5823633670806885, 0.4184034764766693, 0.2794688045978546, 0.539771318435669]
[0.5141634941101074, 0.570365846157074, 0.432632714509964, 0.3226715624332428, 0.531650722026825]
[0.5292055606842041, 0.5729182362556458, 0.4321253001689911, 0.3012005090713501, 0.5462293028831482]
[0.5034229159355164, 0.5805166363716125, 0.43478924036026, 0.2991620600223541, 0.49711790680885315]
[0.5156773328781128, 0.5360513925552368, 0.4676130712032318, 0.34877535700798035, 0.49845606088638306]
[0.4696716368198395, 0.5549660325050354, 0.4583151936531067, 0.33449068665504456, 0.5066695213317871]
[0.461830198764801, 0.575680673122406, 0.4416545331478119, 0.29968851804733276, 0.4721795618534088]
[0.5353968143463135, 0.5725681781768799, 0.4275575876235962, 0.2771509289741516, 0.5738719701766968]
[0.46269237995147705, 0.5253928899765015, 0.46547731757164, 0.330661416053772, 0.5255987048149109]
[0.5164214372634888, 0.5676293969154358, 0.46552154421806335, 0.3470565676689148, 0.5046254396438599]
[0.4487622082233429, 0.5716210603713989, 0.4600348174571991, 0.3031274080276489, 0.45275557041168213]
[0.48335275053977966, 0.5838536024093628, 0.4087868928909302, 0.2527144253253937, 0.5042617917060852]
[0.469565212726593, 0.5513589382171631, 0.447167307138443, 0.30314046144485474, 0.5015301704406738]
[0.4560532569885254, 0.5865623354911804, 0.46629470586776733, 0.28526070713996887, 0.4967609941959381]
[0.43822407722473145, 0.5424025058746338, 0.4581613540649414, 0.3554733991622925, 0.4681444764137268]
[0.5268816351890564, 0.5746033787727356, 0.45918670296669006, 0.2730390429496765, 0.5197311639785767]
[0.5496775507926941, 0.5689828395843506, 0.4159630239009857, 0.26925230026245117, 0.5402937531471252]
[0.46552878618240356, 0.5396845936775208, 0.47731050848960876, 0.32117071747779846, 0.4873849153518677]
[0.4514912962913513, 0.5566858053207397, 0.4619576632976532, 0.3360024094581604, 0.48349156975746155]
[0.5403961539268494, 0.5792979001998901, 0.40884438157081604, 0.28235429525375366, 0.5581250786781311]
[0.5464119911193848, 0.583061695098877, 0.39939430356025696, 0.2481502741575241, 0.573172390460968]
[0.45783713459968567, 0.529887855052948, 0.48690977692604065, 0.3632251024246216, 0.5120423436164856]
[0.4733498692512512, 0.5438141226768494, 0.47443023324012756, 0.35850515961647034, 0.46283620595932007]
[0.5289602279663086, 0.5813852548599243, 0.4335205852985382, 0.2573508322238922, 0.5580446720123291]
[0.48589393496513367, 0.560103178024292, 0.449275404214859, 0.315602570772171, 0.4955251216888428]
[0.43820205330848694, 0.5510917901992798, 0.4626532196998596, 0.27282458543777466, 0.46862924098968506]
[0.42867687344551086, 0.5429977178573608, 0.4733978509902954, 0.3178293704986572, 0.46101510524749756]
[0.41337209939956665, 0.5474714636802673, 0.4790893793106079, 0.35577529668807983, 0.4800855219364166]
[0.5087323188781738, 0.584449291229248, 0.432859867811203, 0.27619263529777527, 0.5275717377662659]
[0.511255145072937, 0.5555015802383423, 0.44553065299987793, 0.29960352182388306, 0.5322266817092896]
[0.4548548460006714, 0.5757393836975098, 0.4155784845352173, 0.2676314413547516, 0.4937613308429718]
[0.49085941910743713, 0.5562192797660828, 0.44001907110214233, 0.2836052477359772, 0.5188766121864319]
[0.3532606065273285, 0.5396265387535095, 0.5115419626235962, 0.36621174216270447, 0.433353066444397]
[0.40405333042144775, 0.5526864528656006, 0.4575813412666321, 0.32489362359046936, 0.4458550214767456]
[0.5099348425865173, 0.5752425789833069, 0.42569950222969055, 0.30957818031311035, 0.5358612537384033]
[0.41573283076286316, 0.5468279123306274, 0.44149741530418396, 0.3164426386356354, 0.4439142346382141]
[0.5109751224517822, 0.5681460499763489, 0.44954630732536316, 0.3180142641067505, 0.5278717875480652]
[0.47196438908576965, 0.5433972477912903, 0.4719952940940857, 0.31586754322052, 0.5142603516578674]
[0.5300939083099365, 0.5321782231330872, 0.47429409623146057, 0.3553215265274048, 0.5266065001487732]
[0.4133158326148987, 0.5575108528137207, 0.4304715692996979, 0.2519003748893738, 0.4598473906517029]
[0.4722249507904053, 0.5786010026931763, 0.4458905756473541, 0.28288882970809937, 0.48224419355392456]
[0.4917067289352417, 0.5291708707809448, 0.44981253147125244, 0.2831214964389801, 0.5249649286270142]
[0.5074955224990845, 0.5903283357620239, 0.4341699481010437, 0.2816973030567169, 0.540780782699585]
[0.4157845079898834, 0.5563524961471558, 0.4339728355407715, 0.29495954513549805, 0.47438710927963257]
[0.3779575824737549, 0.5290791988372803, 0.4722505509853363, 0.3489006757736206, 0.461963415145874]
[0.46468064188957214, 0.5568069815635681, 0.44961094856262207, 0.28479596972465515, 0.48753437399864197]
[0.4731253981590271, 0.5759072303771973, 0.4317972958087921, 0.27938833832740784, 0.5061219930648804]
[0.32188642024993896, 0.5469816327095032, 0.4644002318382263, 0.32201048731803894, 0.44010668992996216]
[0.5438041687011719, 0.5583937168121338, 0.42391136288642883, 0.2863251566886902, 0.5246017575263977]
[0.4795319736003876, 0.5768557190895081, 0.43759816884994507, 0.3192809224128723, 0.4840216338634491]
[0.38084349036216736, 0.5130510926246643, 0.48327961564064026, 0.32414382696151733, 0.4786149561405182]
[0.45491549372673035, 0.5458732843399048, 0.4584959149360657, 0.3579775393009186, 0.4460062086582184]
[0.5144346356391907, 0.5973760485649109, 0.4274658262729645, 0.2876824736595154, 0.525576651096344]
[0.4487622082233429, 0.5716210603713989, 0.4600348174571991, 0.3031274080276489, 0.45275557041168213]
[0.3797207176685333, 0.5669065713882446, 0.44790008664131165, 0.28564774990081787, 0.45854854583740234]
[0.5456428527832031, 0.5586042404174805, 0.4157404601573944, 0.26048529148101807, 0.5310847759246826]
[0.46661871671676636, 0.5836977958679199, 0.436079204082489, 0.27481111884117126, 0.4732847213745117]
[0.5144346356391907, 0.5973760485649109, 0.4274658262729645, 0.2876824736595154, 0.525576651096344]
[0.5363128781318665, 0.5627038478851318, 0.464099258184433, 0.3272225856781006, 0.5406486392021179]
[0.5049657821655273, 0.5530890822410583, 0.44401487708091736, 0.31527698040008545, 0.5140135884284973]
[0.43372195959091187, 0.5776039361953735, 0.4284563362598419, 0.27846717834472656, 0.47131162881851196]
[0.485300749540329, 0.576441764831543, 0.43536049127578735, 0.2873760163784027, 0.49992114305496216]
[0.3813413977622986, 0.5455939173698425, 0.4507097601890564, 0.33555173873901367, 0.4747906029224396]
[0.4407897889614105, 0.5516893863677979, 0.4677259027957916, 0.345607191324234, 0.48404476046562195]
[0.5526388883590698, 0.5574342012405396, 0.4088703393936157, 0.3020171821117401, 0.5285662412643433]
[0.5615014433860779, 0.5536381006240845, 0.43942078948020935, 0.32628268003463745, 0.5657551884651184]
[0.46730703115463257, 0.5870420932769775, 0.42112162709236145, 0.29118138551712036, 0.4858253300189972]
[0.43372195959091187, 0.5776039361953735, 0.4284563362598419, 0.27846717834472656, 0.47131162881851196]
[0.5127585530281067, 0.5993475317955017, 0.40784093737602234, 0.2747206687927246, 0.5560991168022156]
[0.4487622082233429, 0.5716210603713989, 0.4600348174571991, 0.3031274080276489, 0.45275557041168213]
[0.4437237083911896, 0.5808864831924438, 0.43781134486198425, 0.27734535932540894, 0.47363385558128357]
[0.47024819254875183, 0.5596840381622314, 0.42897456884384155, 0.30942386388778687, 0.47669652104377747]
[0.4975307881832123, 0.5516482591629028, 0.4247889816761017, 0.30461013317108154, 0.4974910318851471]
[0.49555298686027527, 0.570673942565918, 0.4313119649887085, 0.2879068851470947, 0.5146951675415039]
[0.5561572909355164, 0.5937171578407288, 0.41795048117637634, 0.2560843825340271, 0.5541695356369019]
[0.5335785150527954, 0.538621187210083, 0.4406898021697998, 0.26401782035827637, 0.5132952332496643]
[0.48379552364349365, 0.5937032699584961, 0.41920071840286255, 0.2830924987792969, 0.4925927221775055]
[0.5397846698760986, 0.5739357471466064, 0.43528491258621216, 0.3326816260814667, 0.530167818069458]
[0.5469265580177307, 0.5754453539848328, 0.38517844676971436, 0.2569821774959564, 0.564258873462677]
[0.529420793056488, 0.5749234557151794, 0.42160600423812866, 0.29650571942329407, 0.5397554636001587]
[0.46872028708457947, 0.5499427318572998, 0.483632355928421, 0.34994545578956604, 0.4971418082714081]
[0.4959893226623535, 0.5483139157295227, 0.43589746952056885, 0.3364984095096588, 0.49356138706207275]
[0.45067334175109863, 0.5224356651306152, 0.48053085803985596, 0.38446810841560364, 0.47366055846214294]
[0.5490859746932983, 0.581036388874054, 0.40874412655830383, 0.27990609407424927, 0.555542528629303]
[0.5050183534622192, 0.5651789307594299, 0.4076310396194458, 0.2673681080341339, 0.5301549434661865]
[0.5730909705162048, 0.5733742713928223, 0.41335418820381165, 0.2829110026359558, 0.5461370348930359]
[0.4049126207828522, 0.57755047082901, 0.44388940930366516, 0.27381059527397156, 0.5007010102272034]
[0.43738415837287903, 0.5719547271728516, 0.43069174885749817, 0.28993654251098633, 0.5091231465339661]
[0.45439499616622925, 0.5959519743919373, 0.4151114225387573, 0.2691205143928528, 0.4996720254421234]
[0.5354865789413452, 0.5888907313346863, 0.41922876238822937, 0.2605830132961273, 0.5253303050994873]
[0.4699697196483612, 0.5593261122703552, 0.48225289583206177, 0.33011287450790405, 0.49917036294937134]
[0.4459409713745117, 0.5672451257705688, 0.44074273109436035, 0.2729398310184479, 0.4532434046268463]
[0.5234501361846924, 0.512819230556488, 0.4796527028083801, 0.4060112535953522, 0.5242376923561096]
[0.4696716368198395, 0.5549660325050354, 0.4583151936531067, 0.33449068665504456, 0.5066695213317871]
