1
「求辟谣：常务副市长陈尸护城河」原铁岭市常务副市长清华才子袁卫亮尸沉沈阳护城河！当地有关 部门及个别领导正在全力以赴不惜代价不择手段组织在各大论坛贴吧博客删帖，仅此一 贴，即创昨日中国删帖经济历史最高，个别管理单笔收入超过10万元，现在关于袁卫亮死讯99%以上都打不开，令死因扑朔迷离。
[0.5252494215965271, 0.5311985611915588, 0.4592275023460388, 0.32630011439323425, 0.5141037106513977]
[0.5896202325820923, 0.6009964942932129, 0.3933485150337219, 0.243545264005661, 0.5743495225906372]
[0.5072521567344666, 0.5666292309761047, 0.42031529545783997, 0.2758966386318207, 0.5337583422660828]
[0.5234566926956177, 0.5679651498794556, 0.4072536826133728, 0.2638663649559021, 0.5311647653579712]
[0.46490317583084106, 0.5716844797134399, 0.4415021538734436, 0.2781723737716675, 0.5286493301391602]
[0.49769333004951477, 0.544499397277832, 0.3837123215198517, 0.24029196798801422, 0.5322815775871277]
[0.5016362071037292, 0.574662983417511, 0.40898755192756653, 0.2830498218536377, 0.5140870213508606]
[0.5423969626426697, 0.5828160047531128, 0.4087156653404236, 0.24542520940303802, 0.5600172877311707]
[0.5301575660705566, 0.6002063155174255, 0.44367849826812744, 0.2620689868927002, 0.548578679561615]
[0.4916958212852478, 0.5411195755004883, 0.45249468088150024, 0.3143530488014221, 0.5187596678733826]
[0.484745591878891, 0.5791694521903992, 0.43051549792289734, 0.2892116904258728, 0.5218225121498108]
[0.5595993399620056, 0.5375957489013672, 0.43550390005111694, 0.28276652097702026, 0.5396643280982971]
[0.5130794644355774, 0.5735629200935364, 0.42412644624710083, 0.2980801463127136, 0.5272495746612549]
[0.4189586639404297, 0.5354630351066589, 0.44542115926742554, 0.28925272822380066, 0.44327056407928467]
[0.5290265083312988, 0.559532880783081, 0.42152562737464905, 0.26434221863746643, 0.5134465098381042]
[0.49566203355789185, 0.5823061466217041, 0.4237872362136841, 0.269489049911499, 0.5304731130599976]
[0.4487622082233429, 0.5716210603713989, 0.4600348174571991, 0.3031274080276489, 0.45275557041168213]
[0.4487622082233429, 0.5716210603713989, 0.4600348174571991, 0.3031274080276489, 0.45275557041168213]
[0.5539892315864563, 0.5924972295761108, 0.3995252549648285, 0.263376921415329, 0.5530045032501221]
[0.5466701984405518, 0.5595270395278931, 0.43165478110313416, 0.2768619656562805, 0.5564309358596802]
[0.5595993399620056, 0.5375957489013672, 0.43550390005111694, 0.28276652097702026, 0.5396643280982971]
[0.4202689528465271, 0.5757107138633728, 0.4309403896331787, 0.27894097566604614, 0.466061532497406]
[0.5033077597618103, 0.5847877860069275, 0.41819512844085693, 0.287274569272995, 0.5100958347320557]
[0.48379552364349365, 0.5937032699584961, 0.41920071840286255, 0.2830924987792969, 0.4925927221775055]
[0.5305020213127136, 0.5884003043174744, 0.45237573981285095, 0.2808942496776581, 0.5415422916412354]
[0.3879772424697876, 0.5630448460578918, 0.4463376998901367, 0.29952916502952576, 0.45687445998191833]
[0.45245081186294556, 0.5585987567901611, 0.4665707051753998, 0.28084880113601685, 0.44898396730422974]
[0.4487622082233429, 0.5716210603713989, 0.4600348174571991, 0.3031274080276489, 0.45275557041168213]
[0.35131028294563293, 0.5666734576225281, 0.44512662291526794, 0.28881582617759705, 0.43678373098373413]
[0.562763512134552, 0.5577053427696228, 0.42203518748283386, 0.2671926021575928, 0.5815377235412598]
[0.5774304270744324, 0.6065936088562012, 0.41549786925315857, 0.2480234056711197, 0.5604559779167175]
[0.5196415185928345, 0.5768778324127197, 0.4237339198589325, 0.2703953683376312, 0.5369799733161926]
[0.5491952300071716, 0.5918990969657898, 0.42066478729248047, 0.26386961340904236, 0.5615143775939941]
[0.31278079748153687, 0.5442472696304321, 0.5117290019989014, 0.40515971183776855, 0.4666469395160675]
[0.5071843862533569, 0.5818842053413391, 0.43488386273384094, 0.2826925814151764, 0.5166535377502441]
[0.5595993399620056, 0.5375957489013672, 0.43550390005111694, 0.28276652097702026, 0.5396643280982971]
[0.45955798029899597, 0.5605957508087158, 0.45125871896743774, 0.3119511008262634, 0.46328240633010864]
[0.4681288003921509, 0.5488642454147339, 0.46066346764564514, 0.32644081115722656, 0.4946824312210083]
[0.5386801362037659, 0.5673487186431885, 0.4070363938808441, 0.2792685329914093, 0.5262326598167419]
[0.4625312387943268, 0.5752235651016235, 0.41124340891838074, 0.26233503222465515, 0.5130741000175476]
[0.4704301953315735, 0.5325453281402588, 0.4284593164920807, 0.28220415115356445, 0.48305657505989075]
[0.5045252442359924, 0.6002925634384155, 0.4309938848018646, 0.2821289002895355, 0.5227124094963074]
[0.5384522080421448, 0.572844386100769, 0.4474039673805237, 0.32185134291648865, 0.5593774914741516]
[0.49847277998924255, 0.5463058948516846, 0.4697256088256836, 0.3857807517051697, 0.5331626534461975]
[0.5443884134292603, 0.5713154077529907, 0.4330070912837982, 0.27554285526275635, 0.5488156080245972]
[0.5491952300071716, 0.5918990969657898, 0.42066478729248047, 0.26386961340904236, 0.5615143775939941]
[0.4925403296947479, 0.5791485905647278, 0.4476545751094818, 0.29417410492897034, 0.5354156494140625]
[0.4690832793712616, 0.5609630346298218, 0.42641589045524597, 0.28902846574783325, 0.4771461486816406]
[0.4487622082233429, 0.5716210603713989, 0.4600348174571991, 0.3031274080276489, 0.45275557041168213]
[0.4864286482334137, 0.551070511341095, 0.47084739804267883, 0.3107133209705353, 0.5158830881118774]
[0.5595525503158569, 0.5695876479148865, 0.4339073598384857, 0.28102490305900574, 0.5739229321479797]
[0.5491952300071716, 0.5918990969657898, 0.42066478729248047, 0.26386961340904236, 0.5615143775939941]
[0.5233635306358337, 0.5891900658607483, 0.3957284390926361, 0.2696422040462494, 0.5316484570503235]
[0.5300312638282776, 0.5414459705352783, 0.4345914125442505, 0.31197497248649597, 0.5239415168762207]
[0.5169180631637573, 0.567741334438324, 0.4013950824737549, 0.27296382188796997, 0.5639429092407227]
[0.4807812571525574, 0.5857608914375305, 0.4326072335243225, 0.2717439532279968, 0.5294173955917358]
[0.5022573471069336, 0.5578978657722473, 0.4257109463214874, 0.2816108465194702, 0.507963240146637]
[0.44263944029808044, 0.5941427946090698, 0.44791120290756226, 0.2689175605773926, 0.5010437965393066]
[0.48071756958961487, 0.5497545599937439, 0.4363830089569092, 0.2990729808807373, 0.5245477557182312]
