1
今天下午六点开始,太原市区高清.探头全部启动,副驾驶室不系安全带相同处罚,开车时打电话罚款50,闯黄闪罚200,越线停车罚100,今天起晚六点半至深夜二点,为期60天,全国交警集中查处酒驾,一经查获,一律拘役六个月，五年内不得考证。
[0.498089075088501, 0.512717604637146, 0.5051595568656921, 0.3622291386127472, 0.47669631242752075]
[0.5618062019348145, 0.5653146505355835, 0.39661705493927, 0.28793442249298096, 0.55699223279953]
[0.4618448317050934, 0.5710760951042175, 0.4188041090965271, 0.2934524118900299, 0.490556538105011]
[0.4487622082233429, 0.5716210603713989, 0.4600348174571991, 0.3031274080276489, 0.45275557041168213]
[0.5203461647033691, 0.5783154368400574, 0.42207953333854675, 0.2909437417984009, 0.5251195430755615]
[0.461830198764801, 0.575680673122406, 0.4416545331478119, 0.29968851804733276, 0.4721795618534088]
[0.5315115451812744, 0.5855736136436462, 0.39861738681793213, 0.2707137167453766, 0.5307518839836121]
[0.4487622082233429, 0.5716210603713989, 0.4600348174571991, 0.3031274080276489, 0.45275557041168213]
[0.5014699697494507, 0.5809504985809326, 0.43170008063316345, 0.265339732170105, 0.5266770720481873]
[0.4668889045715332, 0.5581940412521362, 0.4392525553703308, 0.29736560583114624, 0.4819891154766083]
[0.5004854798316956, 0.5709038972854614, 0.4478848874568939, 0.3251400589942932, 0.48659753799438477]
[0.5174965262413025, 0.5766280889511108, 0.4176222085952759, 0.26987510919570923, 0.5254283547401428]
[0.5350202918052673, 0.5775344371795654, 0.43288856744766235, 0.29662084579467773, 0.5130185484886169]
[0.518064022064209, 0.542051374912262, 0.4205935001373291, 0.2489924132823944, 0.5508425831794739]
[0.4907926917076111, 0.5637834668159485, 0.4414612948894501, 0.2947947084903717, 0.49108949303627014]
[0.49235084652900696, 0.5583922863006592, 0.44164448976516724, 0.31233540177345276, 0.491444855928421]
[0.44979381561279297, 0.5577419400215149, 0.4348768889904022, 0.2776936888694763, 0.4844334125518799]
[0.416271448135376, 0.5763152837753296, 0.4356174170970917, 0.290353387594223, 0.4663355350494385]
[0.45232340693473816, 0.5658886432647705, 0.43359148502349854, 0.2967012822628021, 0.49846234917640686]
[0.5291358232498169, 0.5773842334747314, 0.4106851816177368, 0.2882727086544037, 0.5325070023536682]
[0.5532854199409485, 0.569953441619873, 0.4023372530937195, 0.25405725836753845, 0.5729007720947266]
[0.5431140065193176, 0.5708810091018677, 0.4333837032318115, 0.2962310314178467, 0.5304579138755798]
[0.5281838178634644, 0.5944190621376038, 0.42588067054748535, 0.2749827802181244, 0.5269945859909058]
[0.3963216245174408, 0.5574750304222107, 0.4761655628681183, 0.3433389365673065, 0.45870375633239746]
[0.5227880477905273, 0.5993070602416992, 0.42560672760009766, 0.273342102766037, 0.5279191136360168]
[0.4487622082233429, 0.5716210603713989, 0.4600348174571991, 0.3031274080276489, 0.45275557041168213]
[0.5390792489051819, 0.5806993842124939, 0.40279293060302734, 0.2731751501560211, 0.541084349155426]
[0.41977471113204956, 0.5487962961196899, 0.4659666121006012, 0.3955572247505188, 0.43795090913772583]
[0.5236238241195679, 0.5826875567436218, 0.43708673119544983, 0.2853395938873291, 0.5503205060958862]
[0.5051040053367615, 0.589702844619751, 0.43145087361335754, 0.2730567157268524, 0.5130696296691895]
[0.5389480590820312, 0.5753150582313538, 0.40817663073539734, 0.29071044921875, 0.5612703561782837]
[0.5303716063499451, 0.5782591104507446, 0.4303209185600281, 0.2887556254863739, 0.5432072877883911]
[0.517163097858429, 0.5681446194648743, 0.4452011287212372, 0.3330379128456116, 0.5408265590667725]
[0.5184053182601929, 0.545742928981781, 0.4754277467727661, 0.37389639019966125, 0.5329360365867615]
[0.559616208076477, 0.5529661774635315, 0.4345633387565613, 0.3187011778354645, 0.5533866882324219]
[0.62791907787323, 0.5237785577774048, 0.41214820742607117, 0.29570308327674866, 0.6181972026824951]
[0.47907137870788574, 0.5586788654327393, 0.42605695128440857, 0.2944781482219696, 0.49750322103500366]
[0.5359851121902466, 0.546864926815033, 0.4433322250843048, 0.320367693901062, 0.5184428095817566]
[0.5112876892089844, 0.5882249474525452, 0.40640243887901306, 0.26865246891975403, 0.545266330242157]
[0.5071985721588135, 0.5838887095451355, 0.41816356778144836, 0.2928205728530884, 0.513930082321167]
[0.5693901181221008, 0.583738386631012, 0.3977400064468384, 0.24277205765247345, 0.5825339555740356]
[0.48379552364349365, 0.5937032699584961, 0.41920071840286255, 0.2830924987792969, 0.4925927221775055]
[0.48530614376068115, 0.5640643239021301, 0.45797353982925415, 0.29252663254737854, 0.5346319079399109]
[0.546934187412262, 0.5692406296730042, 0.42775267362594604, 0.2739655375480652, 0.5784686207771301]
