1
铁道部能否出台一项龟腚管理下列车卧铺乘客的穿着啊？此俄女完全无视旁人。一万头卧槽泥马从我胸中呼啸而过啊！
[0.5161750316619873, 0.5421361923217773, 0.4950709044933319, 0.3824768662452698, 0.5397737622261047]
[0.48388582468032837, 0.5474551916122437, 0.461140513420105, 0.3878284692764282, 0.5306335687637329]
[0.46651989221572876, 0.5747510194778442, 0.4372675120830536, 0.2760486304759979, 0.5218222141265869]
[0.5082259774208069, 0.5345059633255005, 0.45678508281707764, 0.34354710578918457, 0.5054592490196228]
[0.40891724824905396, 0.5419104695320129, 0.4478404223918915, 0.35273468494415283, 0.4512874186038971]
[0.43928033113479614, 0.5755216479301453, 0.43812182545661926, 0.28464990854263306, 0.4676651954650879]
[0.49626538157463074, 0.5626006126403809, 0.43137383460998535, 0.2801445722579956, 0.52962327003479]
[0.5464401245117188, 0.5668097734451294, 0.41726887226104736, 0.27074164152145386, 0.5340269207954407]
[0.4785778224468231, 0.557397723197937, 0.4530710279941559, 0.31497621536254883, 0.49451375007629395]
[0.47228801250457764, 0.5670856833457947, 0.4369300603866577, 0.2787390649318695, 0.5451943278312683]
[0.42578741908073425, 0.5533113479614258, 0.46125274896621704, 0.3187042772769928, 0.4643805921077728]
[0.5569865107536316, 0.5757140517234802, 0.4106335937976837, 0.2744934558868408, 0.5592734813690186]
[0.4440156817436218, 0.5751967430114746, 0.4496643841266632, 0.31593093276023865, 0.4883273243904114]
[0.5589892268180847, 0.5926875472068787, 0.4230457544326782, 0.2589825391769409, 0.5511876344680786]
[0.46666231751441956, 0.5579283833503723, 0.44160404801368713, 0.2854524850845337, 0.5158608555793762]
[0.441131055355072, 0.5451998114585876, 0.49196773767471313, 0.31707313656806946, 0.49424728751182556]
[0.5025875568389893, 0.5751597285270691, 0.4542936682701111, 0.3092884123325348, 0.5573666095733643]
[0.4486989974975586, 0.5597358345985413, 0.4551706612110138, 0.31733015179634094, 0.4890715479850769]
[0.4163508117198944, 0.5870131254196167, 0.44794994592666626, 0.2882414162158966, 0.5016387701034546]
[0.5093941688537598, 0.5587102770805359, 0.4504060745239258, 0.2883989214897156, 0.5177808403968811]
[0.4687015116214752, 0.5667902827262878, 0.4354284703731537, 0.3096219599246979, 0.48267725110054016]
[0.47197702527046204, 0.5568386912345886, 0.47084149718284607, 0.3393382430076599, 0.49124065041542053]
[0.4574367105960846, 0.5628730654716492, 0.4550949037075043, 0.2884509265422821, 0.5122912526130676]
[0.5165191888809204, 0.5895662307739258, 0.4301091432571411, 0.2876904308795929, 0.5402426719665527]
[0.4758538603782654, 0.5599586367607117, 0.4389849901199341, 0.29591166973114014, 0.5386239290237427]
[0.46893417835235596, 0.5497079491615295, 0.44664424657821655, 0.3165595233440399, 0.4789884388446808]
[0.46403247117996216, 0.5521416664123535, 0.47739502787590027, 0.3127560019493103, 0.5123072862625122]
[0.43928033113479614, 0.5755216479301453, 0.43812182545661926, 0.28464990854263306, 0.4676651954650879]
[0.5029702186584473, 0.5718234181404114, 0.41746658086776733, 0.29202356934547424, 0.550945520401001]
[0.46131548285484314, 0.5637626647949219, 0.4321400821208954, 0.2899722754955292, 0.47855958342552185]
[0.5454279780387878, 0.5455946326255798, 0.45380789041519165, 0.3204777240753174, 0.5245604515075684]
[0.544748842716217, 0.5961846709251404, 0.4222649335861206, 0.2791736125946045, 0.5420053601264954]
[0.5602701902389526, 0.575485348701477, 0.4014749228954315, 0.25181737542152405, 0.5753898024559021]
[0.5604598522186279, 0.5825155377388, 0.40153899788856506, 0.24891500174999237, 0.576511025428772]
[0.5711277723312378, 0.5210344195365906, 0.4384399354457855, 0.32351407408714294, 0.5512248873710632]
[0.5030633211135864, 0.5989336371421814, 0.4377793073654175, 0.29123249650001526, 0.5277306437492371]
[0.4701877236366272, 0.5298933386802673, 0.4930686354637146, 0.37628495693206787, 0.4996511936187744]
[0.5533025860786438, 0.5746346116065979, 0.391789972782135, 0.24723047018051147, 0.5618860721588135]
[0.4879848062992096, 0.5768274664878845, 0.44450342655181885, 0.32236146926879883, 0.4808294475078583]
[0.5228044390678406, 0.5490351319313049, 0.4018532931804657, 0.2813463509082794, 0.5390422344207764]
[0.49725663661956787, 0.5909960269927979, 0.4520575702190399, 0.29114508628845215, 0.5166111588478088]
[0.5258200168609619, 0.585472822189331, 0.42613381147384644, 0.28555163741111755, 0.5599239468574524]
[0.6309479475021362, 0.5599254965782166, 0.38114166259765625, 0.24809253215789795, 0.6088895201683044]
[0.5251381993293762, 0.5791867971420288, 0.4369851350784302, 0.31299829483032227, 0.5393854379653931]
[0.4364436864852905, 0.5441878437995911, 0.4953504800796509, 0.3937305808067322, 0.4682183861732483]
[0.48379552364349365, 0.5937032699584961, 0.41920071840286255, 0.2830924987792969, 0.4925927221775055]
[0.5889542698860168, 0.5714396238327026, 0.40143829584121704, 0.2664742171764374, 0.5794781446456909]
[0.4402981400489807, 0.553476095199585, 0.4797070324420929, 0.34386560320854187, 0.49098503589630127]
[0.5218102335929871, 0.5856757760047913, 0.40588119626045227, 0.25388142466545105, 0.5525631308555603]
[0.494750052690506, 0.5590539574623108, 0.4507606029510498, 0.30215325951576233, 0.49805790185928345]
[0.5089802742004395, 0.5623758435249329, 0.44153478741645813, 0.2959562838077545, 0.5543582439422607]
[0.4661024510860443, 0.5741017460823059, 0.45764225721359253, 0.30411460995674133, 0.5162063837051392]
[0.3732185661792755, 0.5464164018630981, 0.48373153805732727, 0.35352420806884766, 0.4340328276157379]
[0.4605918228626251, 0.5548903942108154, 0.44496601819992065, 0.3346981108188629, 0.5008076429367065]
[0.5473222136497498, 0.5840409994125366, 0.4195375442504883, 0.2681322693824768, 0.5705863237380981]
[0.5601153373718262, 0.5790448784828186, 0.4074026048183441, 0.2684921622276306, 0.5750818252563477]
[0.46032029390335083, 0.5493318438529968, 0.46660116314888, 0.31778866052627563, 0.47813886404037476]
[0.45006051659584045, 0.5116367936134338, 0.4592789113521576, 0.3710184395313263, 0.5002540946006775]
[0.5106395483016968, 0.5608404278755188, 0.44320759177207947, 0.2870168685913086, 0.5401532649993896]
[0.5653793215751648, 0.582434892654419, 0.39132294058799744, 0.2585252821445465, 0.5461805462837219]
[0.5277597308158875, 0.5516129732131958, 0.4672534167766571, 0.3644823431968689, 0.5186854004859924]
[0.41157427430152893, 0.5693833231925964, 0.4442307949066162, 0.2879461944103241, 0.4950285851955414]
[0.4989367723464966, 0.5678958892822266, 0.43492886424064636, 0.26985400915145874, 0.5392347574234009]
[0.43773508071899414, 0.5566216111183167, 0.4562847912311554, 0.32141366600990295, 0.4523738920688629]
[0.48337551951408386, 0.5564038157463074, 0.45965009927749634, 0.34841442108154297, 0.5178794264793396]
[0.536685049533844, 0.5765150785446167, 0.44129061698913574, 0.28883519768714905, 0.5458186864852905]
[0.4908009469509125, 0.5576978921890259, 0.4263996481895447, 0.31394630670547485, 0.5343082547187805]
[0.4443620443344116, 0.5593892931938171, 0.4743472933769226, 0.380395770072937, 0.4770122170448303]
[0.6176103353500366, 0.5461495518684387, 0.3906185030937195, 0.2361448109149933, 0.6069229245185852]
[0.4482923448085785, 0.5677998661994934, 0.45379114151000977, 0.29049333930015564, 0.5190652012825012]
[0.5296745896339417, 0.5696184635162354, 0.4133947491645813, 0.27743810415267944, 0.5393583178520203]
[0.48703980445861816, 0.5477827191352844, 0.4964361786842346, 0.3546762466430664, 0.527323842048645]
[0.4853150248527527, 0.570076048374176, 0.46099069714546204, 0.3488670289516449, 0.49091899394989014]
[0.3364357352256775, 0.5353099703788757, 0.4706907868385315, 0.36765462160110474, 0.40090903639793396]
[0.4551398456096649, 0.5562360882759094, 0.4578198790550232, 0.29531529545783997, 0.5152791142463684]
