1
有需北京户口的青年请速洗干净到湖北大厦报名咨询！著名女士也可报名！
[0.5795401930809021, 0.5509534478187561, 0.434257835149765, 0.2966017723083496, 0.5786350965499878]
[0.49258777499198914, 0.5541292428970337, 0.472448468208313, 0.3081558346748352, 0.4941467046737671]
[0.5601269006729126, 0.5699089169502258, 0.4383919835090637, 0.29831722378730774, 0.5500164031982422]
[0.4864501953125, 0.5857911109924316, 0.4280611276626587, 0.29173406958580017, 0.5219462513923645]
[0.5153104066848755, 0.5770516395568848, 0.4433968961238861, 0.27472546696662903, 0.5156437158584595]
[0.5385658740997314, 0.5962021946907043, 0.39232438802719116, 0.2557850182056427, 0.571699857711792]
[0.5406786799430847, 0.545791745185852, 0.44215914607048035, 0.3145963251590729, 0.5333462953567505]
[0.518643319606781, 0.5795661211013794, 0.43667668104171753, 0.2685704827308655, 0.5344675779342651]
[0.44790080189704895, 0.5667374730110168, 0.45490238070487976, 0.29813945293426514, 0.4707494378089905]
[0.4692174792289734, 0.5668010115623474, 0.45142310857772827, 0.3048397898674011, 0.5134509205818176]
[0.5637088418006897, 0.5829313397407532, 0.4280398190021515, 0.2817188501358032, 0.5750170350074768]
[0.33939313888549805, 0.5080888867378235, 0.4760880768299103, 0.33644646406173706, 0.4219365417957306]
[0.4872218072414398, 0.5091904401779175, 0.494240403175354, 0.391827255487442, 0.5120130777359009]
[0.5706194639205933, 0.5734806060791016, 0.41341739892959595, 0.2885950207710266, 0.5449455380439758]
[0.5080859065055847, 0.5855177640914917, 0.40771248936653137, 0.2625698745250702, 0.5417282581329346]
[0.5290891528129578, 0.5263292789459229, 0.476914644241333, 0.36962199211120605, 0.5505585670471191]
[0.5028266906738281, 0.551160991191864, 0.4404751658439636, 0.3067103326320648, 0.5373461246490479]
[0.5393586158752441, 0.5189909934997559, 0.4264732599258423, 0.3085387051105499, 0.5659656524658203]
[0.4418885111808777, 0.562133252620697, 0.46141207218170166, 0.35380592942237854, 0.45094233751296997]
[0.4295780658721924, 0.5323803424835205, 0.5242612361907959, 0.40816500782966614, 0.46102556586265564]
[0.5114898085594177, 0.5682674050331116, 0.41742533445358276, 0.2555702328681946, 0.5428304076194763]
[0.3966544270515442, 0.5389871001243591, 0.4523296356201172, 0.3105173408985138, 0.46421873569488525]
[0.5315115451812744, 0.5855736136436462, 0.39861738681793213, 0.2707137167453766, 0.5307518839836121]
[0.45790895819664, 0.5422004461288452, 0.46003538370132446, 0.3075381815433502, 0.4962652027606964]
[0.5187511444091797, 0.5657637715339661, 0.4381132125854492, 0.2819228768348694, 0.518878698348999]
[0.45767489075660706, 0.5451188087463379, 0.4419850707054138, 0.31563234329223633, 0.48459556698799133]
[0.39684703946113586, 0.5653483867645264, 0.44241341948509216, 0.30521824955940247, 0.46071523427963257]
[0.4792453944683075, 0.5782297253608704, 0.43991023302078247, 0.26635679602622986, 0.5338376760482788]
[0.4749113619327545, 0.5295262336730957, 0.460195392370224, 0.34184208512306213, 0.5059491991996765]
[0.5116141438484192, 0.5382159948348999, 0.43274471163749695, 0.25248539447784424, 0.5425608158111572]
[0.526313841342926, 0.5758215188980103, 0.42701879143714905, 0.2692606747150421, 0.5245675444602966]
[0.5317052602767944, 0.5646952390670776, 0.45177602767944336, 0.30613213777542114, 0.53237384557724]
[0.5785511136054993, 0.576750636100769, 0.3949818015098572, 0.24590377509593964, 0.5725466012954712]
[0.5224243998527527, 0.5613934397697449, 0.4047851264476776, 0.2713926136493683, 0.5493220686912537]
[0.5111641883850098, 0.5545549988746643, 0.4157378673553467, 0.2605936825275421, 0.524988055229187]
[0.48184242844581604, 0.5419518947601318, 0.46230369806289673, 0.339967280626297, 0.5321192145347595]
[0.5080996155738831, 0.5870836973190308, 0.4381057024002075, 0.2835087776184082, 0.5387681126594543]
[0.48490363359451294, 0.5594437718391418, 0.46407097578048706, 0.29717186093330383, 0.47320014238357544]
[0.4345787763595581, 0.5430134534835815, 0.5017711520195007, 0.38780346512794495, 0.4662019610404968]
[0.5284562110900879, 0.5609885454177856, 0.4270779490470886, 0.29150480031967163, 0.5558289885520935]
[0.4974372088909149, 0.573168158531189, 0.43143171072006226, 0.28781306743621826, 0.4998326301574707]
[0.307487815618515, 0.5381545424461365, 0.49079629778862, 0.36132627725601196, 0.4148935377597809]
[0.4879883825778961, 0.5496658682823181, 0.4398490786552429, 0.28931036591529846, 0.500737190246582]
[0.5722652673721313, 0.5349439382553101, 0.4424724280834198, 0.3008514642715454, 0.5522193908691406]
[0.3861047923564911, 0.5756350755691528, 0.447618693113327, 0.3484400510787964, 0.4372362196445465]
[0.5206001400947571, 0.5768243074417114, 0.407707154750824, 0.2591283619403839, 0.5255898237228394]
[0.48587334156036377, 0.5715601444244385, 0.43675529956817627, 0.2889464497566223, 0.49590277671813965]
[0.46892857551574707, 0.5541610717773438, 0.44641825556755066, 0.32541021704673767, 0.5078651905059814]
[0.47083377838134766, 0.5578479766845703, 0.48815569281578064, 0.3530239760875702, 0.49991464614868164]
[0.5385584235191345, 0.5970490574836731, 0.42259061336517334, 0.26548776030540466, 0.5370365977287292]
[0.5139344334602356, 0.5793859958648682, 0.4543020725250244, 0.32417577505111694, 0.535764217376709]
[0.5807931423187256, 0.5575248599052429, 0.4234722852706909, 0.2860676348209381, 0.5853825211524963]
[0.47833412885665894, 0.5497890114784241, 0.4573436379432678, 0.3320625126361847, 0.523884654045105]
[0.3072885572910309, 0.5462142825126648, 0.45011675357818604, 0.3187411427497864, 0.437751442193985]
[0.5154209733009338, 0.528016209602356, 0.48408743739128113, 0.3887411057949066, 0.5146944522857666]
[0.49097901582717896, 0.5886104702949524, 0.41459038853645325, 0.2887464165687561, 0.5121135115623474]
[0.48562294244766235, 0.536969006061554, 0.45807793736457825, 0.3484111726284027, 0.5004489421844482]
[0.48812365531921387, 0.5445491671562195, 0.46817755699157715, 0.33573484420776367, 0.5178837776184082]
[0.4696716368198395, 0.5549660325050354, 0.4583151936531067, 0.33449068665504456, 0.5066695213317871]
[0.5107355713844299, 0.549484133720398, 0.45083338022232056, 0.33093586564064026, 0.5450463891029358]
[0.45630553364753723, 0.5283933281898499, 0.4767891764640808, 0.32939082384109497, 0.4884253740310669]
[0.45916813611984253, 0.5497921705245972, 0.4331270158290863, 0.2846638560295105, 0.5050076246261597]
[0.45873579382896423, 0.5500953197479248, 0.4483489990234375, 0.32486990094184875, 0.4943540096282959]
[0.42514467239379883, 0.5368370413780212, 0.5474216938018799, 0.43742838501930237, 0.46263009309768677]
[0.4992159903049469, 0.5681793689727783, 0.44565486907958984, 0.3015986680984497, 0.5115979909896851]
[0.4833736717700958, 0.5493947267532349, 0.4836566150188446, 0.3911513090133667, 0.5040627717971802]
[0.3424912393093109, 0.5068895816802979, 0.5030961632728577, 0.48570436239242554, 0.4477533996105194]
[0.4640851318836212, 0.5756630897521973, 0.43699678778648376, 0.295195072889328, 0.4884152412414551]
[0.5347194671630859, 0.5512623190879822, 0.43195125460624695, 0.308421790599823, 0.5226394534111023]
[0.5189604759216309, 0.5705921053886414, 0.4318767488002777, 0.28204458951950073, 0.5276991724967957]
[0.5118192434310913, 0.5746382474899292, 0.4307100176811218, 0.28169921040534973, 0.5250412225723267]
[0.4938298165798187, 0.5321305394172668, 0.4699234962463379, 0.32511886954307556, 0.5072176456451416]
[0.5002756118774414, 0.5666902661323547, 0.46632859110832214, 0.3223479986190796, 0.5204442739486694]
[0.43840980529785156, 0.5318661332130432, 0.4812336564064026, 0.38867130875587463, 0.4738904535770416]
[0.4939102828502655, 0.5835422873497009, 0.431356817483902, 0.2866780459880829, 0.5148824453353882]
