1
【法律再次被践踏】内部透露李天一案女主角撤销控诉，已达成和解意向。因李天一未满18岁，且当时已经醉酒，即便诉讼被重判的可能性极低，记李天一及其他4名嫌疑人家长的奔走，最终联系上女孩父母并进行了长谈，受害人最终得到极大的物质补偿，包括落实北京户口，工作及一套房产。
[0.5073670148849487, 0.5419469475746155, 0.5048573613166809, 0.3564968407154083, 0.5354796051979065]
[0.5281838178634644, 0.5944190621376038, 0.42588067054748535, 0.2749827802181244, 0.5269945859909058]
[0.538672149181366, 0.5910473465919495, 0.40738555788993835, 0.2574594020843506, 0.5496469140052795]
[0.4591224491596222, 0.5579900145530701, 0.4487888216972351, 0.34076690673828125, 0.47424179315567017]
[0.48784884810447693, 0.578636646270752, 0.4296649694442749, 0.27873530983924866, 0.5202928781509399]
[0.5106310248374939, 0.5745471715927124, 0.4208138585090637, 0.266325443983078, 0.5392278432846069]
[0.5232344269752502, 0.5493363738059998, 0.4542461931705475, 0.33078891038894653, 0.5284718871116638]
[0.5148078799247742, 0.5782209634780884, 0.4177236557006836, 0.265868216753006, 0.5645686388015747]
[0.4487622082233429, 0.5716210603713989, 0.4600348174571991, 0.3031274080276489, 0.45275557041168213]
[0.49322250485420227, 0.591105580329895, 0.43914520740509033, 0.2846454381942749, 0.5031400322914124]
[0.5653747320175171, 0.5958674550056458, 0.410073459148407, 0.2521335780620575, 0.5308053493499756]
[0.5229489803314209, 0.5501002669334412, 0.44520482420921326, 0.3523837625980377, 0.5260637998580933]
[0.44380420446395874, 0.5365700125694275, 0.4831081032752991, 0.368057519197464, 0.49449849128723145]
[0.4816800355911255, 0.5877118706703186, 0.427312970161438, 0.2765614092350006, 0.5207079648971558]
[0.4473274350166321, 0.5658859014511108, 0.4774957001209259, 0.3509655296802521, 0.5039795637130737]
[0.4595520496368408, 0.49650099873542786, 0.477271169424057, 0.39763882756233215, 0.5118999481201172]
[0.5405638813972473, 0.5299761295318604, 0.4486028552055359, 0.2925852835178375, 0.5179837942123413]
[0.49982404708862305, 0.5731553435325623, 0.44341811537742615, 0.31959813833236694, 0.5127999186515808]
[0.6004834175109863, 0.5671420097351074, 0.388469398021698, 0.2526363134384155, 0.5883714556694031]
[0.368499755859375, 0.5575008988380432, 0.42201897501945496, 0.2900155782699585, 0.4379855692386627]
[0.46879446506500244, 0.5083184242248535, 0.5187785029411316, 0.4346441626548767, 0.4914299547672272]
[0.5277880430221558, 0.5777517557144165, 0.3844901919364929, 0.26886364817619324, 0.5486117005348206]
[0.5062114596366882, 0.5130525827407837, 0.48066818714141846, 0.3871249854564667, 0.5168308615684509]
[0.499674528837204, 0.5811060667037964, 0.445939838886261, 0.26925233006477356, 0.5148199796676636]
[0.5272536873817444, 0.5871959328651428, 0.40474992990493774, 0.26819518208503723, 0.5187954902648926]
[0.37998732924461365, 0.5322285890579224, 0.45997074246406555, 0.34463196992874146, 0.4652779698371887]
[0.519399106502533, 0.5718017816543579, 0.4222351908683777, 0.29546746611595154, 0.523574709892273]
[0.4366488754749298, 0.5793625712394714, 0.44044944643974304, 0.322752982378006, 0.4690849781036377]
[0.5132670402526855, 0.5934965014457703, 0.4420536458492279, 0.27757078409194946, 0.5219869613647461]
[0.549691379070282, 0.5871497988700867, 0.4130420386791229, 0.26551756262779236, 0.5281603336334229]
[0.49975526332855225, 0.5874056220054626, 0.4230498969554901, 0.27203112840652466, 0.5168728828430176]
[0.4578959047794342, 0.5743248462677002, 0.4515892565250397, 0.32943686842918396, 0.4941674470901489]
[0.4959149658679962, 0.5773988962173462, 0.4175605773925781, 0.2671273648738861, 0.5259710550308228]
[0.5133692026138306, 0.5355274677276611, 0.4767889678478241, 0.361282616853714, 0.5323659181594849]
[0.5193012356758118, 0.5953162908554077, 0.4388979971408844, 0.27311599254608154, 0.543738067150116]
[0.5165460705757141, 0.5499550700187683, 0.4502733051776886, 0.29783886671066284, 0.5289336442947388]
[0.5592198967933655, 0.5689319968223572, 0.43966400623321533, 0.27068808674812317, 0.5559892058372498]
[0.5337927341461182, 0.5591539144515991, 0.43390199542045593, 0.2883806526660919, 0.5087167024612427]
[0.535845160484314, 0.5664370059967041, 0.45804154872894287, 0.3061673641204834, 0.5380226969718933]
[0.5291121006011963, 0.5923258662223816, 0.415624737739563, 0.2743915021419525, 0.544005274772644]
[0.5252498388290405, 0.5431979298591614, 0.4316554069519043, 0.32791420817375183, 0.5488068461418152]
[0.6116625666618347, 0.5826793909072876, 0.3865765631198883, 0.22948697209358215, 0.6016328930854797]
[0.4807839095592499, 0.5745331645011902, 0.4372844696044922, 0.2728915512561798, 0.5426744818687439]
[0.5016508102416992, 0.5594839453697205, 0.4281630516052246, 0.27560606598854065, 0.5525781512260437]
[0.31980669498443604, 0.5304303765296936, 0.48245298862457275, 0.4393672049045563, 0.4485807418823242]
[0.42703092098236084, 0.5444263219833374, 0.44935718178749084, 0.3277117908000946, 0.48363274335861206]
[0.43767789006233215, 0.5232338309288025, 0.47588911652565, 0.3631400465965271, 0.4985824525356293]
[0.5229505896568298, 0.559968113899231, 0.40536490082740784, 0.2632523775100708, 0.5651140213012695]
[0.49747002124786377, 0.5726183652877808, 0.4263642728328705, 0.2870649993419647, 0.4682333171367645]
[0.586898148059845, 0.5782138109207153, 0.39560675621032715, 0.2600196301937103, 0.5609821677207947]
[0.5246749520301819, 0.5853745937347412, 0.41901957988739014, 0.27661824226379395, 0.5343726277351379]
[0.4788040220737457, 0.5212768912315369, 0.49475693702697754, 0.37075290083885193, 0.5314435362815857]
[0.41370889544487, 0.5739916563034058, 0.45611950755119324, 0.29806917905807495, 0.4648617208003998]
[0.4896989166736603, 0.5778536796569824, 0.47255417704582214, 0.30765679478645325, 0.5183201432228088]
[0.49975526332855225, 0.5874056220054626, 0.4230498969554901, 0.27203112840652466, 0.5168728828430176]
[0.5210655927658081, 0.5759894251823425, 0.4063713848590851, 0.2551094889640808, 0.5602440237998962]
[0.5298024415969849, 0.5647857189178467, 0.47007426619529724, 0.33022835850715637, 0.5272977948188782]
[0.45955798029899597, 0.5605957508087158, 0.45125871896743774, 0.3119511008262634, 0.46328240633010864]
[0.585440456867218, 0.5695203542709351, 0.3944935202598572, 0.2524959444999695, 0.5631974339485168]
[0.44271042943000793, 0.5625863671302795, 0.46544668078422546, 0.29659152030944824, 0.49241113662719727]
[0.5000302791595459, 0.6022928953170776, 0.4163656234741211, 0.26510944962501526, 0.5315870642662048]
[0.536443829536438, 0.5895916819572449, 0.44971761107444763, 0.3087405562400818, 0.5449678897857666]
[0.5045347213745117, 0.5807247757911682, 0.43508094549179077, 0.298774778842926, 0.5209519267082214]
[0.49588191509246826, 0.5558840036392212, 0.45259249210357666, 0.31923750042915344, 0.5197064280509949]
[0.5207292437553406, 0.5815567374229431, 0.4281980097293854, 0.2617635130882263, 0.5541403293609619]
[0.5640425086021423, 0.588574230670929, 0.3964999318122864, 0.2519054710865021, 0.5560214519500732]
[0.42780572175979614, 0.5271674394607544, 0.47921714186668396, 0.34973907470703125, 0.45281070470809937]
[0.4887731373310089, 0.5736824870109558, 0.42313602566719055, 0.2746981084346771, 0.5180766582489014]
[0.5195652842521667, 0.570945143699646, 0.41392993927001953, 0.2728310525417328, 0.5423732995986938]
[0.5297726988792419, 0.5404337048530579, 0.42437246441841125, 0.2683286964893341, 0.5586670637130737]
[0.5651246309280396, 0.5429840087890625, 0.42228126525878906, 0.2852324843406677, 0.5530465245246887]
[0.570184051990509, 0.5402737259864807, 0.4210470914840698, 0.256805419921875, 0.5883593559265137]
[0.5210655927658081, 0.5759894251823425, 0.4063713848590851, 0.2551094889640808, 0.5602440237998962]
[0.42703092098236084, 0.5444263219833374, 0.44935718178749084, 0.3277117908000946, 0.48363274335861206]
[0.5185160040855408, 0.5515309572219849, 0.465526819229126, 0.31924283504486084, 0.5415852069854736]
[0.4494379460811615, 0.5074001550674438, 0.5117371678352356, 0.4403446614742279, 0.4732630252838135]
[0.49019837379455566, 0.5579281449317932, 0.415363073348999, 0.28399133682250977, 0.5266287922859192]
[0.47320547699928284, 0.5760506391525269, 0.45831334590911865, 0.29707175493240356, 0.5085502862930298]
[0.48441874980926514, 0.5211673378944397, 0.47800907492637634, 0.37336966395378113, 0.4872126877307892]
[0.5299198627471924, 0.5655450224876404, 0.4109492599964142, 0.2541060447692871, 0.585361897945404]
[0.4678416848182678, 0.5209602117538452, 0.4803330898284912, 0.3857235014438629, 0.4885392189025879]
[0.4801878035068512, 0.5210987329483032, 0.45819664001464844, 0.2872203290462494, 0.4808675944805145]
[0.529906690120697, 0.5698122978210449, 0.4024154543876648, 0.2265414595603943, 0.562923014163971]
[0.3947947025299072, 0.5602099895477295, 0.4625309705734253, 0.3246123790740967, 0.45495152473449707]
[0.5202568769454956, 0.5942563414573669, 0.4293663799762726, 0.2691490054130554, 0.552580714225769]
[0.5727787017822266, 0.5529450178146362, 0.4219769537448883, 0.28176143765449524, 0.5610222816467285]
[0.6073088049888611, 0.5606169104576111, 0.4134853184223175, 0.25110504031181335, 0.6000734567642212]
[0.4240933060646057, 0.5596004128456116, 0.4167179763317108, 0.28141993284225464, 0.48602956533432007]
[0.5210655927658081, 0.5759894251823425, 0.4063713848590851, 0.2551094889640808, 0.5602440237998962]
[0.5403536558151245, 0.5836438536643982, 0.4230155348777771, 0.2921902537345886, 0.55156010389328]
[0.551557183265686, 0.585062563419342, 0.4002612829208374, 0.2602400779724121, 0.5422417521476746]
[0.5715146660804749, 0.5524357557296753, 0.4026934504508972, 0.27495136857032776, 0.5684544444084167]
[0.47784700989723206, 0.5629526376724243, 0.43690431118011475, 0.31555259227752686, 0.5111661553382874]
[0.4517974257469177, 0.5213668346405029, 0.4985017478466034, 0.369834303855896, 0.4693686366081238]
[0.5376551747322083, 0.5685619711875916, 0.41929271817207336, 0.2726629376411438, 0.5498013496398926]
[0.5270485281944275, 0.5386677980422974, 0.41851985454559326, 0.2909967601299286, 0.5068763494491577]
[0.43284982442855835, 0.5757887959480286, 0.46108490228652954, 0.310757040977478, 0.45935678482055664]
[0.4415624737739563, 0.5322734713554382, 0.4452143609523773, 0.3248148262500763, 0.4950806498527527]
[0.5316007733345032, 0.531658411026001, 0.4603383243083954, 0.3152715861797333, 0.5264692306518555]
[0.4806345999240875, 0.5294612050056458, 0.5127744078636169, 0.3838856518268585, 0.4924485683441162]
[0.46142324805259705, 0.5253592729568481, 0.47166717052459717, 0.35321176052093506, 0.5011956095695496]
