1
2月26日 早上八点二十六分，李天一已经获得取保后审，现正回家中。
[0.5701133608818054, 0.5396121740341187, 0.4522188901901245, 0.2796595096588135, 0.5365193486213684]
[0.4383455216884613, 0.5375341176986694, 0.45198673009872437, 0.3137824833393097, 0.46862083673477173]
[0.5404128432273865, 0.5823633670806885, 0.4184034764766693, 0.2794688045978546, 0.539771318435669]
[0.4297640919685364, 0.5622831583023071, 0.4466482400894165, 0.31099721789360046, 0.44785165786743164]
[0.47450387477874756, 0.5777283310890198, 0.46886634826660156, 0.3037974536418915, 0.525208055973053]
[0.4569723308086395, 0.5971032381057739, 0.4529215097427368, 0.28871607780456543, 0.4808639883995056]
[0.5260586738586426, 0.5453623533248901, 0.45399022102355957, 0.31040677428245544, 0.5332030057907104]
[0.4964856803417206, 0.5428609848022461, 0.45391494035720825, 0.33987194299697876, 0.5037544965744019]
[0.4366488754749298, 0.5793625712394714, 0.44044944643974304, 0.322752982378006, 0.4690849781036377]
[0.49529269337654114, 0.5731198191642761, 0.4078752100467682, 0.2743314206600189, 0.5296394228935242]
[0.56977778673172, 0.5792768597602844, 0.40135589241981506, 0.24752837419509888, 0.581696093082428]
[0.5272536873817444, 0.5871959328651428, 0.40474992990493774, 0.26819518208503723, 0.5187954902648926]
[0.4386729598045349, 0.5380686521530151, 0.4498651325702667, 0.3093932271003723, 0.473852276802063]
[0.5135348439216614, 0.5257470607757568, 0.486435204744339, 0.4318248927593231, 0.5378767848014832]
[0.47606316208839417, 0.5713611245155334, 0.42889878153800964, 0.29776570200920105, 0.47285860776901245]
[0.5014765858650208, 0.5341953635215759, 0.5251272320747375, 0.45370087027549744, 0.5239695310592651]
[0.4896587133407593, 0.5791651010513306, 0.4274458587169647, 0.2882910668849945, 0.5096859931945801]
[0.4220266342163086, 0.5247788429260254, 0.5277843475341797, 0.4194078743457794, 0.5112606883049011]
[0.4783099293708801, 0.5748330354690552, 0.45739221572875977, 0.2934603989124298, 0.5007389187812805]
[0.49103808403015137, 0.5585989356040955, 0.442922979593277, 0.30503949522972107, 0.48935800790786743]
[0.4285823404788971, 0.5837687253952026, 0.41809192299842834, 0.27293017506599426, 0.4851435720920563]
[0.5021246075630188, 0.5787360072135925, 0.4332302510738373, 0.2850751280784607, 0.527496337890625]
[0.5181610584259033, 0.5488247275352478, 0.44138386845588684, 0.29600727558135986, 0.49320724606513977]
[0.4484372138977051, 0.5723465085029602, 0.43984177708625793, 0.30393779277801514, 0.47938284277915955]
[0.46625572443008423, 0.5575907230377197, 0.4663054645061493, 0.2835902273654938, 0.5087394714355469]
[0.4929727613925934, 0.5565348267555237, 0.45484253764152527, 0.3214833438396454, 0.49989035725593567]
[0.5263882279396057, 0.544990599155426, 0.4338966906070709, 0.299483060836792, 0.5591932535171509]
[0.5647210478782654, 0.5966545939445496, 0.40783411264419556, 0.26567286252975464, 0.5488857626914978]
[0.5362881422042847, 0.5947058796882629, 0.4111393690109253, 0.26124000549316406, 0.526445746421814]
[0.4487622082233429, 0.5716210603713989, 0.4600348174571991, 0.3031274080276489, 0.45275557041168213]
[0.4389497935771942, 0.5317860245704651, 0.4524698853492737, 0.31028836965560913, 0.473929762840271]
[0.4081915020942688, 0.5735222101211548, 0.45269179344177246, 0.2788980305194855, 0.4713706374168396]
[0.46997013688087463, 0.5134697556495667, 0.46094727516174316, 0.31086379289627075, 0.5037350058555603]
[0.5393347144126892, 0.5569278597831726, 0.40505391359329224, 0.28013256192207336, 0.5559108257293701]
[0.4965313971042633, 0.5733950734138489, 0.4497588872909546, 0.2851875126361847, 0.5055445432662964]
[0.5217958092689514, 0.5599027276039124, 0.42516639828681946, 0.2967391014099121, 0.5463353395462036]
[0.4626774191856384, 0.5753690600395203, 0.43023568391799927, 0.2939254939556122, 0.4911189377307892]
[0.4048497676849365, 0.5466189384460449, 0.48944103717803955, 0.3515428304672241, 0.49273133277893066]
[0.4906327426433563, 0.5291008949279785, 0.49857547879219055, 0.43552133440971375, 0.5263115167617798]
[0.496352881193161, 0.5364527106285095, 0.45891377329826355, 0.3571034371852875, 0.5069020986557007]
[0.5271294116973877, 0.5548325181007385, 0.42320847511291504, 0.2982919216156006, 0.48281604051589966]
[0.4770302176475525, 0.5367615222930908, 0.46777504682540894, 0.33086681365966797, 0.5050964951515198]
[0.4996030032634735, 0.5607262253761292, 0.4440239667892456, 0.29058828949928284, 0.5210927128791809]
[0.43372195959091187, 0.5776039361953735, 0.4284563362598419, 0.27846717834472656, 0.47131162881851196]
[0.37080931663513184, 0.5772369503974915, 0.45818087458610535, 0.30733513832092285, 0.45208311080932617]
[0.42441490292549133, 0.5676126480102539, 0.4618966281414032, 0.3119684159755707, 0.45158058404922485]
[0.49894946813583374, 0.5672637820243835, 0.42226770520210266, 0.2838444709777832, 0.5276555418968201]
[0.5013752579689026, 0.5715973377227783, 0.4329570233821869, 0.2947254180908203, 0.5057837963104248]
[0.4584053158760071, 0.551461935043335, 0.45467832684516907, 0.33298683166503906, 0.48880645632743835]
[0.48365727066993713, 0.5883915424346924, 0.4158823490142822, 0.27359604835510254, 0.5157485008239746]
[0.4996417462825775, 0.5610910058021545, 0.43477049469947815, 0.299213171005249, 0.5567042827606201]
[0.472827672958374, 0.576295793056488, 0.4595032036304474, 0.31362074613571167, 0.515409529209137]
[0.4805377423763275, 0.5324497818946838, 0.4770405888557434, 0.3307598829269409, 0.4974263608455658]
[0.5201964974403381, 0.5813158750534058, 0.43426093459129333, 0.2765119671821594, 0.5426637530326843]
[0.5132670402526855, 0.5934965014457703, 0.4420536458492279, 0.27757078409194946, 0.5219869613647461]
[0.5338388085365295, 0.5214456915855408, 0.4745679199695587, 0.3805999159812927, 0.5395243167877197]
[0.5896202325820923, 0.6009964942932129, 0.3933485150337219, 0.243545264005661, 0.5743495225906372]
[0.5400261282920837, 0.5674287676811218, 0.4311945140361786, 0.2596343159675598, 0.5041481852531433]
[0.538146436214447, 0.5545489192008972, 0.4222034215927124, 0.2594679296016693, 0.518820583820343]
[0.4985569715499878, 0.5595809817314148, 0.4342734217643738, 0.3222694993019104, 0.5056858062744141]
[0.5188180208206177, 0.5829216837882996, 0.42706629633903503, 0.2894997000694275, 0.5181227326393127]
[0.4933929145336151, 0.5616064667701721, 0.43036291003227234, 0.31271126866340637, 0.5070098638534546]
[0.5403454303741455, 0.5600348711013794, 0.438820481300354, 0.2722913920879364, 0.542086124420166]
[0.4552558362483978, 0.5471788048744202, 0.4366178512573242, 0.2752552926540375, 0.49683547019958496]
[0.45302850008010864, 0.548190712928772, 0.44980472326278687, 0.3306535482406616, 0.4346247911453247]
[0.4669182300567627, 0.5294508337974548, 0.48291024565696716, 0.3767455518245697, 0.4894019663333893]
[0.47528085112571716, 0.5537753105163574, 0.4785146117210388, 0.3227839469909668, 0.509393572807312]
[0.5219609141349792, 0.5520576238632202, 0.4403499364852905, 0.26574504375457764, 0.5377280712127686]
[0.4568255841732025, 0.5406322479248047, 0.46442079544067383, 0.3354162573814392, 0.5282625555992126]
[0.4462404251098633, 0.5533132553100586, 0.46049076318740845, 0.3044978976249695, 0.4824431836605072]
[0.4928297996520996, 0.5206939578056335, 0.4718967378139496, 0.3880971074104309, 0.4734037220478058]
[0.4375511109828949, 0.5182434916496277, 0.4877426028251648, 0.3845973312854767, 0.47516292333602905]
[0.5186359882354736, 0.5625198483467102, 0.4078802466392517, 0.28833603858947754, 0.5336407423019409]
[0.508526086807251, 0.5205363631248474, 0.46914640069007874, 0.3391622006893158, 0.48605188727378845]
[0.5520598292350769, 0.5884724259376526, 0.3974357545375824, 0.2502463459968567, 0.565491259098053]
[0.42219650745391846, 0.554924726486206, 0.46918922662734985, 0.3136604130268097, 0.44590437412261963]
[0.47915124893188477, 0.5508295297622681, 0.47289198637008667, 0.3752463459968567, 0.4927889406681061]
[0.4487622082233429, 0.5716210603713989, 0.4600348174571991, 0.3031274080276489, 0.45275557041168213]
[0.5436378121376038, 0.5800173878669739, 0.4025487005710602, 0.2578594982624054, 0.5437566041946411]
[0.45605945587158203, 0.5418406128883362, 0.46141836047172546, 0.32600027322769165, 0.492225706577301]
[0.5265110731124878, 0.5363561511039734, 0.447279155254364, 0.3188173472881317, 0.5379754900932312]
[0.5392543077468872, 0.5830245018005371, 0.425554484128952, 0.29464438557624817, 0.5335692763328552]
[0.4487622082233429, 0.5716210603713989, 0.4600348174571991, 0.3031274080276489, 0.45275557041168213]
[0.5896202325820923, 0.6009964942932129, 0.3933485150337219, 0.243545264005661, 0.5743495225906372]
[0.5896202325820923, 0.6009964942932129, 0.3933485150337219, 0.243545264005661, 0.5743495225906372]
[0.47985124588012695, 0.5437579154968262, 0.44002431631088257, 0.30845189094543457, 0.5241816639900208]
[0.5544590353965759, 0.5597567558288574, 0.40369912981987, 0.2610318064689636, 0.5593152642250061]
[0.5675000548362732, 0.5528013706207275, 0.41803058981895447, 0.28056949377059937, 0.5623257756233215]
[0.500399112701416, 0.5729144215583801, 0.42971301078796387, 0.31725192070007324, 0.5081990361213684]
[0.538848340511322, 0.5987015962600708, 0.406758189201355, 0.28291699290275574, 0.5410832166671753]
[0.48167869448661804, 0.5212209820747375, 0.4729028344154358, 0.35891446471214294, 0.5346637964248657]
[0.44009044766426086, 0.5441328883171082, 0.4916212558746338, 0.3544742166996002, 0.5037710666656494]
[0.5935353636741638, 0.5946317315101624, 0.4101316034793854, 0.25555896759033203, 0.5824421644210815]
[0.5413361191749573, 0.5619902610778809, 0.4231821596622467, 0.28373831510543823, 0.5242458581924438]
[0.4826379120349884, 0.5137462615966797, 0.4657652974128723, 0.3307308554649353, 0.5038828253746033]
[0.5573529601097107, 0.5673402547836304, 0.4106059968471527, 0.2674972712993622, 0.5593887567520142]
[0.4971735179424286, 0.5765047073364258, 0.46725669503211975, 0.29120197892189026, 0.5082529187202454]
[0.5311565399169922, 0.5852590203285217, 0.40796440839767456, 0.2578214704990387, 0.5635207295417786]
[0.5221794843673706, 0.5923935770988464, 0.4377269446849823, 0.28491130471229553, 0.5339666604995728]
[0.4696449935436249, 0.5566401481628418, 0.4381050765514374, 0.3194698095321655, 0.5286384224891663]
[0.5522177219390869, 0.5830165147781372, 0.4054393768310547, 0.2514895796775818, 0.5687549710273743]
