1
【网曝李双江之子事件女主角撤诉 获北京户口房产】音乐人杜歌微博截图近日，微博名为“王丰-SCMP”的网友曝出，北京海淀公安分局在21日晚，以涉嫌轮奸刑事拘留了一名叫做“李冠丰”的年轻男子，并暗指这位男子是李双江的儿子李天一。随后，北京警方 （分享自
[0.5032635927200317, 0.5134602785110474, 0.5056599378585815, 0.3622945249080658, 0.515468418598175]
[0.4891763925552368, 0.5207817554473877, 0.4578351676464081, 0.34789058566093445, 0.5346869826316833]
[0.5098950862884521, 0.5120370984077454, 0.5008055567741394, 0.4448692798614502, 0.508114755153656]
[0.46385321021080017, 0.5627529621124268, 0.41981562972068787, 0.30084317922592163, 0.48981621861457825]
[0.49887049198150635, 0.5618461966514587, 0.42489203810691833, 0.31226539611816406, 0.5023959279060364]
[0.5637104511260986, 0.5458791851997375, 0.4027458131313324, 0.2755536437034607, 0.5375130772590637]
[0.5120744705200195, 0.5496215224266052, 0.4442000091075897, 0.3365913927555084, 0.5168206095695496]
[0.5080844163894653, 0.5676144957542419, 0.40110188722610474, 0.2430744469165802, 0.5495705008506775]
[0.5315937995910645, 0.5565487742424011, 0.4362046420574188, 0.33041295409202576, 0.5269899964332581]
[0.4986562728881836, 0.5794373154640198, 0.4332329034805298, 0.2877197563648224, 0.5253617763519287]
[0.511427104473114, 0.5780429840087891, 0.412070095539093, 0.2849673330783844, 0.5310189127922058]
[0.4555940330028534, 0.561018168926239, 0.4468884766101837, 0.30013012886047363, 0.49699148535728455]
[0.49472182989120483, 0.5503799319267273, 0.4609230160713196, 0.33470115065574646, 0.5052961707115173]
[0.4865862727165222, 0.5561603903770447, 0.46389636397361755, 0.3250352144241333, 0.5370810031890869]
[0.5117015838623047, 0.558173418045044, 0.41429218649864197, 0.2923065721988678, 0.529719352722168]
[0.47441327571868896, 0.5540222525596619, 0.46036624908447266, 0.32196617126464844, 0.5017167925834656]
[0.42873790860176086, 0.5684239268302917, 0.4629410207271576, 0.3339260220527649, 0.4881243407726288]
[0.5051817893981934, 0.5688790678977966, 0.450804203748703, 0.28786009550094604, 0.5354233384132385]
[0.5539082288742065, 0.5701642036437988, 0.40867868065834045, 0.25890201330184937, 0.5676155090332031]
[0.41847217082977295, 0.5705854296684265, 0.4423188865184784, 0.28117671608924866, 0.4742814302444458]
[0.5181610584259033, 0.5488247275352478, 0.44138386845588684, 0.29600727558135986, 0.49320724606513977]
[0.5511417388916016, 0.5726542472839355, 0.4183727502822876, 0.2883046865463257, 0.5462937951087952]
[0.4760320484638214, 0.5580534338951111, 0.44956424832344055, 0.30180084705352783, 0.5202537775039673]
[0.47862064838409424, 0.571394145488739, 0.43643268942832947, 0.2666255533695221, 0.48437535762786865]
[0.49975526332855225, 0.5874056220054626, 0.4230498969554901, 0.27203112840652466, 0.5168728828430176]
[0.5565649271011353, 0.5759494304656982, 0.42276474833488464, 0.2852754592895508, 0.5553755164146423]
[0.5296761393547058, 0.5586782097816467, 0.42688074707984924, 0.30341097712516785, 0.5464603304862976]
[0.4696716368198395, 0.5549660325050354, 0.4583151936531067, 0.33449068665504456, 0.5066695213317871]
[0.5227800011634827, 0.5658079385757446, 0.4405898153781891, 0.2793683409690857, 0.5545237064361572]
[0.5102772116661072, 0.5544418096542358, 0.4467523992061615, 0.30004245042800903, 0.49756690859794617]
[0.613295316696167, 0.5617334842681885, 0.40043365955352783, 0.25080034136772156, 0.5841153860092163]
[0.4927552342414856, 0.5643995404243469, 0.4434678554534912, 0.3075341284275055, 0.5243517160415649]
[0.5137138366699219, 0.5825663208961487, 0.4281674027442932, 0.29059821367263794, 0.5377866625785828]
[0.5777294635772705, 0.5380343794822693, 0.43282100558280945, 0.28716978430747986, 0.5812134146690369]
[0.5317772626876831, 0.580010175704956, 0.4098794758319855, 0.2807539105415344, 0.5301118493080139]
[0.5896202325820923, 0.6009964942932129, 0.3933485150337219, 0.243545264005661, 0.5743495225906372]
[0.41191068291664124, 0.5389527082443237, 0.45743271708488464, 0.3241405785083771, 0.4459269344806671]
[0.4804532527923584, 0.559638500213623, 0.4490909278392792, 0.28268712759017944, 0.5298334956169128]
[0.48634546995162964, 0.5622871518135071, 0.4650176763534546, 0.3342876732349396, 0.5426502227783203]
[0.5561651587486267, 0.5664541125297546, 0.3971787095069885, 0.27307605743408203, 0.5618577599525452]
[0.5237790942192078, 0.5457606315612793, 0.4316309690475464, 0.2919548451900482, 0.5124717950820923]
[0.47045084834098816, 0.5521749258041382, 0.4548521935939789, 0.3216957151889801, 0.48356834053993225]
[0.48417720198631287, 0.545134425163269, 0.4527648389339447, 0.3176911771297455, 0.5285134315490723]
[0.43928033113479614, 0.5755216479301453, 0.43812182545661926, 0.28464990854263306, 0.4676651954650879]
[0.5125008821487427, 0.5213320851325989, 0.48711368441581726, 0.37462374567985535, 0.5488600730895996]
[0.5107466578483582, 0.5749667286872864, 0.4281504452228546, 0.2898450195789337, 0.5267375707626343]
[0.5519382357597351, 0.5902479887008667, 0.41142603754997253, 0.24701105058193207, 0.5510532259941101]
[0.5505735278129578, 0.5836979150772095, 0.42936843633651733, 0.28702494502067566, 0.5604355931282043]
[0.4547848403453827, 0.5487889051437378, 0.4676218330860138, 0.3220691382884979, 0.5093820095062256]
[0.5156216621398926, 0.5953654646873474, 0.42556238174438477, 0.26501426100730896, 0.540567934513092]
[0.48822301626205444, 0.5584600567817688, 0.4800087511539459, 0.33320751786231995, 0.5190389156341553]
[0.48466795682907104, 0.545732319355011, 0.4693945348262787, 0.330414742231369, 0.5060334801673889]
[0.5448278784751892, 0.5802624225616455, 0.43130722641944885, 0.2655264437198639, 0.5199088454246521]
[0.508120059967041, 0.5876989364624023, 0.4319666028022766, 0.2722293436527252, 0.5139364004135132]
[0.4671870172023773, 0.5807902812957764, 0.4455682337284088, 0.3047647178173065, 0.4933967888355255]
[0.5772368311882019, 0.5867226719856262, 0.4144335687160492, 0.2740257680416107, 0.5384209156036377]
[0.47764337062835693, 0.5566701889038086, 0.44375190138816833, 0.3209243416786194, 0.5014269948005676]
[0.5096482634544373, 0.5864824652671814, 0.4397716820240021, 0.2974812686443329, 0.5571772456169128]
[0.5193629860877991, 0.5856478810310364, 0.41173920035362244, 0.282301664352417, 0.5441094636917114]
[0.35308775305747986, 0.5188890695571899, 0.4835183322429657, 0.365528404712677, 0.42890438437461853]
[0.5054511427879333, 0.5686643123626709, 0.4434272050857544, 0.29715195298194885, 0.5218586921691895]
[0.5149213075637817, 0.5745115280151367, 0.4294396936893463, 0.2818833291530609, 0.5206738114356995]
[0.5008215308189392, 0.5921594500541687, 0.4131258428096771, 0.29139444231987, 0.5315448045730591]
[0.5668403506278992, 0.5883974432945251, 0.3968072533607483, 0.2584238350391388, 0.5736277103424072]
[0.48528581857681274, 0.5706888437271118, 0.45606401562690735, 0.3124600946903229, 0.5080866813659668]
[0.4655674993991852, 0.561736524105072, 0.47007623314857483, 0.3057451844215393, 0.4991392493247986]
[0.4913148880004883, 0.5478977560997009, 0.4277122914791107, 0.3228446841239929, 0.5043730139732361]
[0.4670400321483612, 0.5389541387557983, 0.4832744300365448, 0.34855005145072937, 0.5403446555137634]
[0.5040035247802734, 0.5719863772392273, 0.43091994524002075, 0.27657848596572876, 0.5261465907096863]
[0.4945695698261261, 0.5260865688323975, 0.5124373435974121, 0.4165227711200714, 0.5000036954879761]
[0.4922466278076172, 0.5627615451812744, 0.4417017996311188, 0.3224835693836212, 0.5326067209243774]
[0.43510958552360535, 0.5206981301307678, 0.47288355231285095, 0.4033573865890503, 0.48482784628868103]
[0.4310440719127655, 0.5518748760223389, 0.469876229763031, 0.3427395522594452, 0.4984934628009796]
[0.48929518461227417, 0.5600531101226807, 0.43393754959106445, 0.31101202964782715, 0.5099671483039856]
[0.46262699365615845, 0.5499296188354492, 0.4627607762813568, 0.3101063072681427, 0.4862714111804962]
[0.532340943813324, 0.4893321990966797, 0.46677419543266296, 0.35915857553482056, 0.5587506890296936]
[0.4291894733905792, 0.5313807129859924, 0.42207685112953186, 0.28012287616729736, 0.5146604180335999]
[0.4444279074668884, 0.5388479232788086, 0.4682527780532837, 0.3366970121860504, 0.43677791953086853]
[0.46159133315086365, 0.5781805515289307, 0.4410155117511749, 0.30688783526420593, 0.5182936787605286]
[0.47159430384635925, 0.5691675543785095, 0.46317967772483826, 0.3230801224708557, 0.4901374876499176]
[0.508443295955658, 0.565830647945404, 0.4273088276386261, 0.2937837541103363, 0.5351857542991638]
[0.5542542934417725, 0.5022432804107666, 0.48173612356185913, 0.3827781677246094, 0.5371456146240234]
[0.45679494738578796, 0.5289158225059509, 0.4692562520503998, 0.3557772934436798, 0.5055291056632996]
[0.5595143437385559, 0.5740072727203369, 0.4100572168827057, 0.282139390707016, 0.5605947971343994]
[0.4591476321220398, 0.5605186820030212, 0.4493010938167572, 0.317771852016449, 0.48739132285118103]
[0.5458607077598572, 0.5735027194023132, 0.4100583493709564, 0.2458050549030304, 0.5665595531463623]
[0.5221737027168274, 0.5657604932785034, 0.4172816574573517, 0.2775106728076935, 0.5361456871032715]
[0.4655909538269043, 0.5630674958229065, 0.4689653813838959, 0.3085055947303772, 0.5094774961471558]
[0.5297585129737854, 0.5824907422065735, 0.44472676515579224, 0.28280574083328247, 0.5350615382194519]
[0.4384751617908478, 0.5575459003448486, 0.4469227194786072, 0.30257275700569153, 0.4854285418987274]
[0.527645468711853, 0.5700259804725647, 0.4295101761817932, 0.30573907494544983, 0.5414149761199951]
[0.4069782495498657, 0.5210793614387512, 0.542616605758667, 0.4086671769618988, 0.4688229560852051]
[0.5211498737335205, 0.5798246264457703, 0.4502102732658386, 0.31533169746398926, 0.5354159474372864]
[0.5446060299873352, 0.5636451840400696, 0.4148372411727905, 0.25680023431777954, 0.5433014631271362]
[0.4925824999809265, 0.5487580895423889, 0.47771698236465454, 0.37250280380249023, 0.48692265152931213]
[0.5003293752670288, 0.5739978551864624, 0.4173799753189087, 0.26483437418937683, 0.5342982411384583]
[0.5803683400154114, 0.5199347138404846, 0.4652235507965088, 0.3680315315723419, 0.5655443072319031]
[0.45820119976997375, 0.5362926721572876, 0.45302051305770874, 0.2989972233772278, 0.4907107949256897]
[0.5457403659820557, 0.5677669644355774, 0.445451021194458, 0.2903093695640564, 0.5638149976730347]
[0.4985277056694031, 0.5404903292655945, 0.4627605080604553, 0.37572523951530457, 0.5449613928794861]
[0.4935002326965332, 0.5297045111656189, 0.46810048818588257, 0.38012081384658813, 0.5147393345832825]
