1
2月30号，我们在休假，蒙牛却在为我们生产良心奶
[0.5331535339355469, 0.5529710054397583, 0.4505932927131653, 0.3314499258995056, 0.539520263671875]
[0.535020112991333, 0.5359150767326355, 0.4553881287574768, 0.34288644790649414, 0.5082734227180481]
[0.572952926158905, 0.5581638216972351, 0.4036654233932495, 0.2986120283603668, 0.5768777132034302]
[0.4969281256198883, 0.550960123538971, 0.4276050627231598, 0.28319498896598816, 0.48431921005249023]
[0.5254178047180176, 0.5932680368423462, 0.427054226398468, 0.2636425793170929, 0.545564591884613]
[0.4496855139732361, 0.546303927898407, 0.4793243706226349, 0.3997640907764435, 0.4850538671016693]
[0.4984578490257263, 0.5694496035575867, 0.4276156425476074, 0.2929091453552246, 0.5316492915153503]
[0.48708030581474304, 0.5622612833976746, 0.45082247257232666, 0.28953108191490173, 0.5067901015281677]
[0.5619442462921143, 0.5202800631523132, 0.50031977891922, 0.42755287885665894, 0.5443654656410217]
[0.5392138957977295, 0.5823938250541687, 0.4261903762817383, 0.27492547035217285, 0.5122859477996826]
[0.4963544011116028, 0.5471328496932983, 0.4487133324146271, 0.33254703879356384, 0.5239800810813904]
[0.5208790898323059, 0.5707806348800659, 0.4329832196235657, 0.27976980805397034, 0.5296738743782043]
[0.4907926917076111, 0.5637834668159485, 0.4414612948894501, 0.2947947084903717, 0.49108949303627014]
[0.5282390117645264, 0.5728492140769958, 0.4283883571624756, 0.27861395478248596, 0.5192160606384277]
[0.48143741488456726, 0.5540748834609985, 0.459514856338501, 0.33527347445487976, 0.5015628337860107]
[0.41608309745788574, 0.5434709787368774, 0.4599595069885254, 0.3187110424041748, 0.46252119541168213]
[0.3849758803844452, 0.5532219409942627, 0.47811493277549744, 0.3411453366279602, 0.4466622769832611]
[0.45315849781036377, 0.5748344659805298, 0.44239339232444763, 0.2823115587234497, 0.5016501545906067]
[0.5042664408683777, 0.5608720779418945, 0.41729047894477844, 0.3198528289794922, 0.5052616596221924]
[0.5121433138847351, 0.5235937237739563, 0.4724059998989105, 0.3548780083656311, 0.4669649004936218]
[0.5326683521270752, 0.5327804684638977, 0.4612275958061218, 0.3633343577384949, 0.5119443535804749]
[0.45672154426574707, 0.5806739330291748, 0.4409887194633484, 0.27463069558143616, 0.481044739484787]
[0.5238624811172485, 0.545359194278717, 0.44684362411499023, 0.2947661280632019, 0.5036956071853638]
[0.5218714475631714, 0.5722686648368835, 0.40043389797210693, 0.2623896896839142, 0.5560529232025146]
[0.5342132449150085, 0.5590860843658447, 0.43517372012138367, 0.2967771589756012, 0.5368919372558594]
[0.510360062122345, 0.5545957088470459, 0.45002275705337524, 0.30504676699638367, 0.49831247329711914]
[0.32889485359191895, 0.5378652215003967, 0.48773688077926636, 0.3787131905555725, 0.42420798540115356]
[0.45811671018600464, 0.5362464785575867, 0.5163872241973877, 0.4080091714859009, 0.4970938563346863]
[0.44395363330841064, 0.5709734559059143, 0.41463273763656616, 0.2879864275455475, 0.49962857365608215]
[0.4663090109825134, 0.5862740874290466, 0.43954378366470337, 0.2860296070575714, 0.5115990042686462]
[0.5420821309089661, 0.5839356184005737, 0.3975711762905121, 0.26701465249061584, 0.5582541227340698]
[0.45218583941459656, 0.5633954405784607, 0.4251028895378113, 0.29549312591552734, 0.47477346658706665]
[0.4777289032936096, 0.5694385766983032, 0.4450298547744751, 0.28483346104621887, 0.4799155592918396]
[0.5420821309089661, 0.5839356184005737, 0.3975711762905121, 0.26701465249061584, 0.5582541227340698]
[0.3538624942302704, 0.5468102693557739, 0.484907329082489, 0.356207013130188, 0.4301320016384125]
[0.45218583941459656, 0.5633954405784607, 0.4251028895378113, 0.29549312591552734, 0.47477346658706665]
[0.5421680808067322, 0.5311388373374939, 0.4653613865375519, 0.35720983147621155, 0.49646052718162537]
[0.45203423500061035, 0.5592341423034668, 0.4561465382575989, 0.32400014996528625, 0.4543737471103668]
[0.5064499378204346, 0.5593491196632385, 0.44193628430366516, 0.32726210355758667, 0.49349385499954224]
[0.5613443851470947, 0.5561642050743103, 0.41057252883911133, 0.28538796305656433, 0.5673009157180786]
[0.5184692740440369, 0.5836697816848755, 0.4236821234226227, 0.2914653718471527, 0.5412186980247498]
[0.3231872618198395, 0.5079231858253479, 0.49941906332969666, 0.4408032298088074, 0.4260554015636444]
[0.5287985801696777, 0.5539340972900391, 0.4247901439666748, 0.2874097526073456, 0.4975881576538086]
[0.449688196182251, 0.5283535122871399, 0.4836813807487488, 0.36332178115844727, 0.47670745849609375]
[0.46150103211402893, 0.5507070422172546, 0.4717840850353241, 0.3442460596561432, 0.4851263463497162]
[0.5132670402526855, 0.5934965014457703, 0.4420536458492279, 0.27757078409194946, 0.5219869613647461]
[0.49975526332855225, 0.5874056220054626, 0.4230498969554901, 0.27203112840652466, 0.5168728828430176]
[0.43372195959091187, 0.5776039361953735, 0.4284563362598419, 0.27846717834472656, 0.47131162881851196]
[0.5042664408683777, 0.5608720779418945, 0.41729047894477844, 0.3198528289794922, 0.5052616596221924]
[0.3772639036178589, 0.5352595448493958, 0.4710361957550049, 0.3544405400753021, 0.42634186148643494]
[0.35120928287506104, 0.5201042294502258, 0.5047847628593445, 0.3919236361980438, 0.4314655661582947]
[0.49137380719184875, 0.5494606494903564, 0.4410291314125061, 0.3080019950866699, 0.5271702408790588]
[0.48504456877708435, 0.5572346448898315, 0.4407767653465271, 0.31847071647644043, 0.4922187328338623]
[0.4716185927391052, 0.5289344191551208, 0.4731502830982208, 0.33652302622795105, 0.510642409324646]
[0.5776994228363037, 0.5708726048469543, 0.390794038772583, 0.24651025235652924, 0.576665461063385]
[0.45386946201324463, 0.5103223919868469, 0.5106149315834045, 0.40654709935188293, 0.4676384925842285]
[0.4692554771900177, 0.5663304328918457, 0.4404492676258087, 0.28962191939353943, 0.5251789689064026]
[0.5519653558731079, 0.5677887201309204, 0.4272564947605133, 0.3135813772678375, 0.5358743667602539]
[0.5420821309089661, 0.5839356184005737, 0.3975711762905121, 0.26701465249061584, 0.5582541227340698]
[0.5571518540382385, 0.587806761264801, 0.40181800723075867, 0.21989783644676208, 0.5886393785476685]
[0.5427567362785339, 0.5814799070358276, 0.43940669298171997, 0.29004114866256714, 0.5590746998786926]
[0.6048238277435303, 0.6008442044258118, 0.3722360134124756, 0.2247556895017624, 0.5942314863204956]
[0.49070432782173157, 0.5644915699958801, 0.42078810930252075, 0.31428080797195435, 0.5141444206237793]
[0.5709742307662964, 0.5738584399223328, 0.4055579602718353, 0.23751413822174072, 0.5892611145973206]
[0.4714774489402771, 0.5220133066177368, 0.5075861215591431, 0.41008564829826355, 0.48883575201034546]
[0.5352603793144226, 0.5858547687530518, 0.41538867354393005, 0.28340017795562744, 0.558864176273346]
[0.48379552364349365, 0.5937032699584961, 0.41920071840286255, 0.2830924987792969, 0.4925927221775055]
[0.5512450337409973, 0.5526818037033081, 0.43570610880851746, 0.27260395884513855, 0.5426455736160278]
[0.5342187881469727, 0.5278872847557068, 0.46316003799438477, 0.3519316613674164, 0.5154139399528503]
[0.5136715173721313, 0.5539712905883789, 0.4444626271724701, 0.3091871738433838, 0.5225473046302795]
[0.499773234128952, 0.5954304933547974, 0.4163748621940613, 0.26691919565200806, 0.5389963388442993]
[0.5839472413063049, 0.5667056441307068, 0.3995535671710968, 0.24426138401031494, 0.5712100863456726]
[0.5669390559196472, 0.5639195442199707, 0.41801637411117554, 0.27839404344558716, 0.5514470338821411]
[0.5420821309089661, 0.5839356184005737, 0.3975711762905121, 0.26701465249061584, 0.5582541227340698]
[0.5095682144165039, 0.5845931768417358, 0.40817680954933167, 0.2631187438964844, 0.5266547799110413]
[0.5207614302635193, 0.5164058804512024, 0.4843645989894867, 0.39844751358032227, 0.545527458190918]
[0.4946798086166382, 0.5950002670288086, 0.43627825379371643, 0.2792399525642395, 0.5157343745231628]
[0.5180261135101318, 0.5647309422492981, 0.4288121163845062, 0.3097856342792511, 0.5307509303092957]
[0.520966112613678, 0.5470156073570251, 0.4796573221683502, 0.33234503865242004, 0.5404127836227417]
[0.42748498916625977, 0.5281779170036316, 0.5033473968505859, 0.3736798167228699, 0.4570898115634918]
[0.5330294966697693, 0.5497345924377441, 0.4269837737083435, 0.2944619655609131, 0.5637262463569641]
[0.5993393063545227, 0.540389358997345, 0.41823866963386536, 0.29695796966552734, 0.5808933973312378]
[0.468546599149704, 0.5621549487113953, 0.4652404487133026, 0.32597774267196655, 0.5041886568069458]
[0.5128097534179688, 0.5363389253616333, 0.47260329127311707, 0.3434605002403259, 0.5448208451271057]
[0.4869852364063263, 0.5939220190048218, 0.440477192401886, 0.29478076100349426, 0.5350790023803711]
[0.48000863194465637, 0.5712236762046814, 0.4459613561630249, 0.34483790397644043, 0.5019471645355225]
[0.428368479013443, 0.5481624007225037, 0.47424089908599854, 0.33023667335510254, 0.46781405806541443]
[0.523152768611908, 0.5552798509597778, 0.4488184154033661, 0.28546154499053955, 0.5171260833740234]
[0.4779062569141388, 0.5304401516914368, 0.46083199977874756, 0.36382707953453064, 0.520990252494812]
[0.5454856157302856, 0.5684476494789124, 0.4330047070980072, 0.2852090001106262, 0.5554337501525879]
[0.5009354948997498, 0.5805014967918396, 0.418471097946167, 0.27988913655281067, 0.509061872959137]
[0.5892593264579773, 0.5789331197738647, 0.4079413115978241, 0.25078895688056946, 0.5736263990402222]
[0.48451483249664307, 0.5812195539474487, 0.4391850233078003, 0.2940630316734314, 0.5124607682228088]
[0.5449343323707581, 0.5742130875587463, 0.4032415449619293, 0.24156704545021057, 0.546176552772522]
[0.5426084995269775, 0.5825521945953369, 0.4205004870891571, 0.263367235660553, 0.5657909512519836]
[0.5193629860877991, 0.5856478810310364, 0.41173920035362244, 0.282301664352417, 0.5441094636917114]
[0.48406901955604553, 0.5637472867965698, 0.41159501671791077, 0.2573167383670807, 0.5252624154090881]
[0.5485520958900452, 0.5266760587692261, 0.43973609805107117, 0.339126318693161, 0.5410268902778625]
[0.5218217372894287, 0.5943101048469543, 0.4099317491054535, 0.25932222604751587, 0.536681592464447]
[0.4825313091278076, 0.5803935527801514, 0.45230862498283386, 0.31167471408843994, 0.5009760856628418]
[0.46004873514175415, 0.584182620048523, 0.43874290585517883, 0.29742783308029175, 0.4864296615123749]
