1
2月30号，我们在休假，蒙牛却在为我们生产良心奶！感动中国啊！！！
[0.5830391645431519, 0.5705786347389221, 0.41080257296562195, 0.2834523022174835, 0.570292055606842]
[0.5552852153778076, 0.5857468843460083, 0.4001559317111969, 0.27149248123168945, 0.5646634697914124]
[0.4707303047180176, 0.5396668314933777, 0.4845520555973053, 0.3536849021911621, 0.48622509837150574]
[0.47119176387786865, 0.5479446053504944, 0.4731564223766327, 0.31736209988594055, 0.5141128301620483]
[0.48604968190193176, 0.5686357617378235, 0.4624164402484894, 0.32484591007232666, 0.5167813897132874]
[0.5235229134559631, 0.5372741222381592, 0.45597586035728455, 0.3639575242996216, 0.5167631506919861]
[0.4859246611595154, 0.5331343412399292, 0.48638346791267395, 0.3592635691165924, 0.5277487635612488]
[0.45783525705337524, 0.5646859407424927, 0.4406772255897522, 0.30050164461135864, 0.4800441861152649]
[0.5521743893623352, 0.5803962349891663, 0.41329821944236755, 0.29771888256073, 0.5586538910865784]
[0.5561572909355164, 0.5937171578407288, 0.41795048117637634, 0.2560843825340271, 0.5541695356369019]
[0.46237608790397644, 0.5513857007026672, 0.4552218019962311, 0.3128262758255005, 0.5042007565498352]
[0.46369534730911255, 0.5565043091773987, 0.465471088886261, 0.3331381678581238, 0.47580772638320923]
[0.5561572909355164, 0.5937171578407288, 0.41795048117637634, 0.2560843825340271, 0.5541695356369019]
[0.4736813008785248, 0.5567153692245483, 0.4658926725387573, 0.33499476313591003, 0.5086240172386169]
[0.5376391410827637, 0.5672910809516907, 0.4219842553138733, 0.28918319940567017, 0.5409141182899475]
[0.5355592370033264, 0.5253807306289673, 0.5010097026824951, 0.3812265396118164, 0.4890802204608917]
[0.5260106921195984, 0.5600252151489258, 0.43533429503440857, 0.3098044693470001, 0.5193008780479431]
[0.5354865789413452, 0.5888907313346863, 0.41922876238822937, 0.2605830132961273, 0.5253303050994873]
[0.5181720852851868, 0.5898213386535645, 0.4401761591434479, 0.2642415761947632, 0.5525413155555725]
[0.5234760046005249, 0.5564839839935303, 0.4829418957233429, 0.34086740016937256, 0.4909445345401764]
[0.4880484938621521, 0.5773841738700867, 0.4323790669441223, 0.29984956979751587, 0.5013020634651184]
[0.49733129143714905, 0.5826816558837891, 0.42001235485076904, 0.28728094696998596, 0.5023945569992065]
[0.4856894016265869, 0.5693351626396179, 0.4574104845523834, 0.2993064522743225, 0.5175288319587708]
[0.3986068665981293, 0.5457659959793091, 0.48242390155792236, 0.3227215111255646, 0.4356776475906372]
[0.45468494296073914, 0.5511597394943237, 0.44582682847976685, 0.32679691910743713, 0.47787711024284363]
[0.4812760055065155, 0.5651442408561707, 0.4476095736026764, 0.2971469759941101, 0.49971798062324524]
[0.4909795820713043, 0.5751205086708069, 0.4218904376029968, 0.2557494342327118, 0.5365851521492004]
[0.5702014565467834, 0.550110936164856, 0.42043372988700867, 0.2769589126110077, 0.5506187677383423]
[0.5427632331848145, 0.5408090949058533, 0.45622435212135315, 0.3507590889930725, 0.5035465955734253]
[0.44864922761917114, 0.5536728501319885, 0.47083091735839844, 0.3409669101238251, 0.5052720904350281]
[0.5435019731521606, 0.5790013074874878, 0.4328484535217285, 0.28638988733291626, 0.5488779544830322]
[0.5295578837394714, 0.555058479309082, 0.4534755349159241, 0.3059100806713104, 0.5534672141075134]
[0.5540884137153625, 0.5796053409576416, 0.3999583423137665, 0.2720367908477783, 0.5552455186843872]
[0.5147961378097534, 0.5971199870109558, 0.43662798404693604, 0.27753838896751404, 0.5334072113037109]
[0.5153968334197998, 0.5610190629959106, 0.43269652128219604, 0.2887257933616638, 0.5396112203598022]
[0.4809339642524719, 0.5663482546806335, 0.4734554588794708, 0.3449946939945221, 0.5377215147018433]
[0.5376080870628357, 0.5668126344680786, 0.43946030735969543, 0.31240639090538025, 0.517120897769928]
[0.5788720846176147, 0.5583779215812683, 0.43057557940483093, 0.2739318311214447, 0.5339665412902832]
[0.48143741488456726, 0.5540748834609985, 0.459514856338501, 0.33527347445487976, 0.5015628337860107]
[0.4949561655521393, 0.5477976202964783, 0.4389634430408478, 0.28998738527297974, 0.5414826273918152]
[0.6309479475021362, 0.5599254965782166, 0.38114166259765625, 0.24809253215789795, 0.6088895201683044]
[0.5255299806594849, 0.5672144889831543, 0.4460950493812561, 0.3114162087440491, 0.5356435179710388]
[0.48641425371170044, 0.5837794542312622, 0.4617542326450348, 0.3105982840061188, 0.5236649513244629]
[0.480685830116272, 0.5493538975715637, 0.4649076759815216, 0.33154457807540894, 0.5209078192710876]
[0.48588594794273376, 0.5622577667236328, 0.4776548147201538, 0.32708194851875305, 0.5249291062355042]
[0.36575230956077576, 0.5468537211418152, 0.4710822105407715, 0.3252807557582855, 0.43071213364601135]
[0.49555298686027527, 0.570673942565918, 0.4313119649887085, 0.2879068851470947, 0.5146951675415039]
[0.48130837082862854, 0.5848739147186279, 0.44182294607162476, 0.289842814207077, 0.5259936451911926]
[0.5403191447257996, 0.5683079957962036, 0.40401217341423035, 0.2569845914840698, 0.5354368090629578]
[0.5168591141700745, 0.5787764191627502, 0.4356163442134857, 0.2763073146343231, 0.5544745922088623]
[0.5422282814979553, 0.5863180160522461, 0.40551844239234924, 0.2753317654132843, 0.556081235408783]
[0.5422282814979553, 0.5863180160522461, 0.40551844239234924, 0.2753317654132843, 0.556081235408783]
[0.5238269567489624, 0.5756938457489014, 0.43178462982177734, 0.2660461962223053, 0.530784010887146]
[0.42899826169013977, 0.5584779977798462, 0.45039671659469604, 0.2973974645137787, 0.4732016324996948]
[0.45609134435653687, 0.5721350908279419, 0.44572505354881287, 0.2963034212589264, 0.49122774600982666]
[0.5007542371749878, 0.5524073243141174, 0.44472187757492065, 0.2751915752887726, 0.5577760934829712]
[0.4595012068748474, 0.5638694763183594, 0.45025715231895447, 0.29911407828330994, 0.49344590306282043]
[0.5677465796470642, 0.5531435012817383, 0.4487342834472656, 0.29360029101371765, 0.5171554684638977]
[0.44916653633117676, 0.5325633883476257, 0.47964608669281006, 0.3669750690460205, 0.4660738706588745]
[0.3730813264846802, 0.561271607875824, 0.45818567276000977, 0.2897047996520996, 0.43740832805633545]
[0.5239066481590271, 0.5650460720062256, 0.4469389021396637, 0.33095991611480713, 0.5339065194129944]
[0.35302552580833435, 0.5221484899520874, 0.5078946352005005, 0.49095866084098816, 0.47682642936706543]
[0.48379552364349365, 0.5937032699584961, 0.41920071840286255, 0.2830924987792969, 0.4925927221775055]
[0.5423146486282349, 0.5661383271217346, 0.4339032471179962, 0.2804993987083435, 0.5113637447357178]
[0.4855538606643677, 0.5671790242195129, 0.42606639862060547, 0.29826316237449646, 0.49782297015190125]
[0.39152583479881287, 0.5334897637367249, 0.4862081706523895, 0.35849031805992126, 0.43699631094932556]
[0.5409441590309143, 0.5797300338745117, 0.4136139452457428, 0.28515195846557617, 0.5560400485992432]
[0.5445919632911682, 0.5641728043556213, 0.4568946659564972, 0.30242031812667847, 0.5053024888038635]
[0.531151533126831, 0.5636733174324036, 0.4274846911430359, 0.2747715413570404, 0.5556013584136963]
[0.4639146029949188, 0.5555030107498169, 0.4436652660369873, 0.309455931186676, 0.4851667582988739]
[0.6055775284767151, 0.5318122506141663, 0.4006847143173218, 0.31330403685569763, 0.5899018049240112]
[0.5255299806594849, 0.5672144889831543, 0.4460950493812561, 0.3114162087440491, 0.5356435179710388]
