1
【武汉地区高校女生有四分之一卖淫，一位学生在举报信里说：如果学生卖淫现象还不被重视，情况会更糟糕。武汉某大学的一位教授说：再不整治，高校将成为全中国最大的妓院。国家呀，读书靠自己，看病靠自己，养老靠自己，国家难道就是为了养权和官吗？
[0.3783828616142273, 0.48877963423728943, 0.6123350858688354, 0.6923521757125854, 0.45382988452911377]
[0.5128311514854431, 0.5515357255935669, 0.45109641551971436, 0.28855836391448975, 0.5207110643386841]
[0.5272783041000366, 0.5934847593307495, 0.41775742173194885, 0.2707585096359253, 0.5323690176010132]
[0.42740345001220703, 0.5862472057342529, 0.459237277507782, 0.30124911665916443, 0.4579195976257324]
[0.4054194390773773, 0.5467785596847534, 0.45683345198631287, 0.29921838641166687, 0.4511445164680481]
[0.5595460534095764, 0.5650579929351807, 0.44423016905784607, 0.2793761193752289, 0.5722687840461731]
[0.5112023949623108, 0.5571023225784302, 0.4110957682132721, 0.2919014096260071, 0.5202510356903076]
[0.49754324555397034, 0.5851393342018127, 0.424899697303772, 0.2839040756225586, 0.5215756297111511]
[0.4455414116382599, 0.5582684874534607, 0.43604764342308044, 0.2936370372772217, 0.49480316042900085]
[0.575264573097229, 0.55271315574646, 0.42265060544013977, 0.2762215733528137, 0.5804440975189209]
[0.4709204137325287, 0.5406244397163391, 0.4605261981487274, 0.35163095593452454, 0.4937461018562317]
[0.5157840251922607, 0.5787230730056763, 0.4240287244319916, 0.2903156280517578, 0.531291127204895]
[0.5328400731086731, 0.5531045198440552, 0.46743160486221313, 0.3449847102165222, 0.5632181763648987]
[0.5367180705070496, 0.5605355501174927, 0.4302753508090973, 0.2569453716278076, 0.5189723372459412]
[0.5090020895004272, 0.5841069221496582, 0.44630348682403564, 0.2905283272266388, 0.5392122268676758]
[0.4957810342311859, 0.5577623248100281, 0.4390687644481659, 0.2888864278793335, 0.5186448097229004]
[0.4703698456287384, 0.5823222994804382, 0.44550397992134094, 0.2914287745952606, 0.491371750831604]
[0.477972149848938, 0.5684750080108643, 0.4397311210632324, 0.2901754081249237, 0.4778628945350647]
[0.5114052295684814, 0.5801241397857666, 0.45635786652565, 0.3381839990615845, 0.509549081325531]
[0.5081062316894531, 0.5654796361923218, 0.41781511902809143, 0.2813867926597595, 0.5380432605743408]
[0.5325483083724976, 0.5731372833251953, 0.4497019052505493, 0.2719206213951111, 0.5158069729804993]
[0.4589229226112366, 0.5589334964752197, 0.4217338562011719, 0.29317256808280945, 0.516423761844635]
[0.5022009611129761, 0.5596250295639038, 0.47598937153816223, 0.3463188707828522, 0.5267186164855957]
[0.45064523816108704, 0.5397359132766724, 0.4879850745201111, 0.3566577136516571, 0.4401497542858124]
[0.5093998908996582, 0.598621129989624, 0.41245561838150024, 0.27368292212486267, 0.5410513877868652]
[0.5022707581520081, 0.5732142329216003, 0.43982693552970886, 0.3136858642101288, 0.5222254395484924]
[0.54377281665802, 0.5747348666191101, 0.40983065962791443, 0.2812099754810333, 0.5469672083854675]
[0.5410243272781372, 0.5398950576782227, 0.4586986303329468, 0.3283330798149109, 0.5440468788146973]
[0.42402827739715576, 0.5183842778205872, 0.48183396458625793, 0.37830427289009094, 0.5292868614196777]
[0.5324083566665649, 0.5752642750740051, 0.41440078616142273, 0.28877484798431396, 0.5580759644508362]
[0.46933603286743164, 0.5555820465087891, 0.4428487718105316, 0.3473675549030304, 0.4695605933666229]
[0.49345663189888, 0.5736069679260254, 0.45764753222465515, 0.3132757842540741, 0.5412104725837708]
[0.5657303929328918, 0.5851054787635803, 0.39581072330474854, 0.25591063499450684, 0.57005375623703]
[0.5090048313140869, 0.5451791882514954, 0.535760223865509, 0.45986485481262207, 0.5302018523216248]
[0.5255532264709473, 0.5789724588394165, 0.38532185554504395, 0.2529852092266083, 0.5411683320999146]
[0.5034229159355164, 0.5805166363716125, 0.43478924036026, 0.2991620600223541, 0.49711790680885315]
[0.4542606472969055, 0.5536810755729675, 0.45017480850219727, 0.3557908833026886, 0.4688834547996521]
[0.5112267732620239, 0.5689106583595276, 0.4533236026763916, 0.306378036737442, 0.5461137890815735]
[0.5290942788124084, 0.5843309164047241, 0.4448973536491394, 0.2904963791370392, 0.5367019772529602]
[0.4828886389732361, 0.5468257069587708, 0.4620249271392822, 0.33778995275497437, 0.5253158807754517]
[0.5017362833023071, 0.5442631244659424, 0.4453429877758026, 0.27696606516838074, 0.4863300621509552]
[0.4821176528930664, 0.5440722107887268, 0.48424381017684937, 0.3216381072998047, 0.49888575077056885]
[0.4746456444263458, 0.5885798931121826, 0.4467581510543823, 0.2800402045249939, 0.5029810667037964]
[0.4905704855918884, 0.5497332811355591, 0.46417075395584106, 0.2959710955619812, 0.5491741895675659]
[0.5225685834884644, 0.5516458749771118, 0.44448626041412354, 0.3195529580116272, 0.5656927824020386]
[0.5024603605270386, 0.5536788702011108, 0.4498298466205597, 0.30735909938812256, 0.5412120819091797]
[0.5243551135063171, 0.5379288792610168, 0.43797796964645386, 0.2929239273071289, 0.5715085864067078]
[0.3798905611038208, 0.5427449941635132, 0.46607697010040283, 0.3265012502670288, 0.43272554874420166]
[0.4828886389732361, 0.5468257069587708, 0.4620249271392822, 0.33778995275497437, 0.5253158807754517]
[0.5644516944885254, 0.5858362317085266, 0.4331650733947754, 0.2684580981731415, 0.5568587183952332]
[0.4828886389732361, 0.5468257069587708, 0.4620249271392822, 0.33778995275497437, 0.5253158807754517]
[0.5080391764640808, 0.5800672769546509, 0.413364440202713, 0.2739914357662201, 0.5495654940605164]
[0.4969370663166046, 0.5481047034263611, 0.4526769518852234, 0.3377523124217987, 0.5070732831954956]
[0.5151056051254272, 0.5859825015068054, 0.4277602732181549, 0.2788769602775574, 0.5362111330032349]
[0.5032391548156738, 0.5392831563949585, 0.45259687304496765, 0.33780378103256226, 0.5137287378311157]
[0.4955308139324188, 0.5356379747390747, 0.46756407618522644, 0.3374553322792053, 0.512976348400116]
[0.48486265540122986, 0.5305824279785156, 0.43162980675697327, 0.27545085549354553, 0.4951685667037964]
[0.46599164605140686, 0.5692892670631409, 0.44634971022605896, 0.306406706571579, 0.4934622645378113]
[0.5136958956718445, 0.586381733417511, 0.4319765567779541, 0.2867678999900818, 0.5364057421684265]
[0.4956207871437073, 0.5788092017173767, 0.4457744061946869, 0.2840275466442108, 0.5161696672439575]
[0.4818893373012543, 0.5405284762382507, 0.4787585437297821, 0.3468617796897888, 0.49537739157676697]
[0.4995085597038269, 0.5624709725379944, 0.4525545835494995, 0.30122631788253784, 0.515498161315918]
[0.5206201076507568, 0.5827223062515259, 0.41549375653266907, 0.27342483401298523, 0.5457536578178406]
[0.5094001889228821, 0.5990633964538574, 0.4135378301143646, 0.2665541172027588, 0.523444414138794]
[0.4828886389732361, 0.5468257069587708, 0.4620249271392822, 0.33778995275497437, 0.5253158807754517]
[0.4646458327770233, 0.5372341275215149, 0.45839592814445496, 0.3279072940349579, 0.4900952875614166]
[0.4733022153377533, 0.5829423069953918, 0.4340399205684662, 0.297705739736557, 0.4932309091091156]
[0.5423543453216553, 0.5674456357955933, 0.43883535265922546, 0.3010956645011902, 0.5411940813064575]
[0.5800211429595947, 0.5644245743751526, 0.41171398758888245, 0.25591716170310974, 0.5848168134689331]
[0.4828886389732361, 0.5468257069587708, 0.4620249271392822, 0.33778995275497437, 0.5253158807754517]
[0.5017534494400024, 0.556281566619873, 0.43154704570770264, 0.3165242671966553, 0.4963020980358124]
[0.5726836323738098, 0.5226889252662659, 0.45692044496536255, 0.371908575296402, 0.572175920009613]
[0.4828886389732361, 0.5468257069587708, 0.4620249271392822, 0.33778995275497437, 0.5253158807754517]
[0.5055924654006958, 0.5339673757553101, 0.45545288920402527, 0.35255536437034607, 0.5170959830284119]
[0.46329933404922485, 0.5417306423187256, 0.4715132713317871, 0.32481539249420166, 0.5105672478675842]
[0.5099897980690002, 0.5195887088775635, 0.4965772032737732, 0.3736989498138428, 0.5037132501602173]
[0.5437332391738892, 0.560399055480957, 0.4122404456138611, 0.27517542243003845, 0.5566647052764893]
[0.5231351256370544, 0.5676148533821106, 0.45750677585601807, 0.32341718673706055, 0.5363587141036987]
[0.4784401059150696, 0.5671237707138062, 0.4340473413467407, 0.2920139729976654, 0.5117046236991882]
[0.4371429979801178, 0.5306996703147888, 0.4831416606903076, 0.3279077410697937, 0.4659840762615204]
[0.5695044994354248, 0.5658265352249146, 0.3951871693134308, 0.2514103949069977, 0.5669065117835999]
[0.5300852060317993, 0.5934494733810425, 0.4142322838306427, 0.2833562195301056, 0.5443164706230164]
[0.4828886389732361, 0.5468257069587708, 0.4620249271392822, 0.33778995275497437, 0.5253158807754517]
[0.5437332391738892, 0.560399055480957, 0.4122404456138611, 0.27517542243003845, 0.5566647052764893]
[0.4503769874572754, 0.5571288466453552, 0.4350760877132416, 0.29422101378440857, 0.4840204119682312]
[0.5598772764205933, 0.5607470273971558, 0.44124290347099304, 0.3071736991405487, 0.544270396232605]
[0.4828886389732361, 0.5468257069587708, 0.4620249271392822, 0.33778995275497437, 0.5253158807754517]
[0.4574008882045746, 0.5538988709449768, 0.48777124285697937, 0.3636513948440552, 0.4852322041988373]
[0.537247359752655, 0.5678906440734863, 0.44421643018722534, 0.3236217498779297, 0.5379586219787598]
[0.5019586682319641, 0.5556473731994629, 0.4360620677471161, 0.30550023913383484, 0.47970521450042725]
[0.4366077780723572, 0.5331305265426636, 0.4910534918308258, 0.36103513836860657, 0.495799720287323]
[0.4828886389732361, 0.5468257069587708, 0.4620249271392822, 0.33778995275497437, 0.5253158807754517]
[0.4828886389732361, 0.5468257069587708, 0.4620249271392822, 0.33778995275497437, 0.5253158807754517]
[0.5437332391738892, 0.560399055480957, 0.4122404456138611, 0.27517542243003845, 0.5566647052764893]
[0.4710378646850586, 0.5443984866142273, 0.44982632994651794, 0.29855749011039734, 0.46305495500564575]
[0.4599633812904358, 0.5749119520187378, 0.4508148729801178, 0.33187136054039, 0.5004894137382507]
[0.48255228996276855, 0.5466410517692566, 0.49782782793045044, 0.3579355776309967, 0.505681574344635]
[0.4663790166378021, 0.5743229389190674, 0.43290919065475464, 0.2853028178215027, 0.4949899911880493]
[0.49488770961761475, 0.5329216718673706, 0.48125115036964417, 0.3821612596511841, 0.5163138508796692]
[0.5354865789413452, 0.5888907313346863, 0.41922876238822937, 0.2605830132961273, 0.5253303050994873]
[0.4189907908439636, 0.5515677332878113, 0.49281805753707886, 0.3591732084751129, 0.46585437655448914]
