1
杨澜终于承认自己是美国国籍的人大代表了。她理直气壮地说——虽然我入了美国籍，但我出身于中国，所以从原产地角度而言，我不出席美国两会而出席中国的两会是天经地义的，这说明我更爱中国。
[0.5271173715591431, 0.5260879397392273, 0.5249939560890198, 0.4426026940345764, 0.5065140128135681]
[0.37516823410987854, 0.577164888381958, 0.465811163187027, 0.30736035108566284, 0.4639195501804352]
[0.45412102341651917, 0.557177722454071, 0.43950459361076355, 0.27070164680480957, 0.4820932149887085]
[0.4272163212299347, 0.578639805316925, 0.4649880826473236, 0.29797032475471497, 0.4680140018463135]
[0.47415971755981445, 0.5638548135757446, 0.48733142018318176, 0.30991214513778687, 0.4742864668369293]
[0.5154058337211609, 0.5810673832893372, 0.44769489765167236, 0.30945098400115967, 0.520799994468689]
[0.47015663981437683, 0.5664709210395813, 0.497376024723053, 0.3104002773761749, 0.4766620695590973]
[0.5004376769065857, 0.4802555739879608, 0.5215601921081543, 0.49099889397621155, 0.504328191280365]
[0.5642716288566589, 0.5833615660667419, 0.417637437582016, 0.27117544412612915, 0.5427103042602539]
[0.5202687382698059, 0.563718318939209, 0.48730218410491943, 0.3118126392364502, 0.5141650438308716]
[0.526350200176239, 0.5755634903907776, 0.41907909512519836, 0.28215375542640686, 0.5474550127983093]
[0.5056649446487427, 0.589733362197876, 0.4067099094390869, 0.2731408476829529, 0.5367302894592285]
[0.5250611901283264, 0.568103015422821, 0.4542982578277588, 0.306217759847641, 0.5343999862670898]
[0.5523636937141418, 0.589870810508728, 0.40185463428497314, 0.24920111894607544, 0.5706916451454163]
[0.4984656572341919, 0.563671886920929, 0.42154115438461304, 0.28611427545547485, 0.5518957376480103]
[0.45406752824783325, 0.5564728379249573, 0.4651119112968445, 0.34613531827926636, 0.4863949120044708]
[0.5207551717758179, 0.5436321496963501, 0.4415762424468994, 0.2726835608482361, 0.5243563055992126]
[0.535921037197113, 0.5964357852935791, 0.4199274182319641, 0.27324655652046204, 0.5504410862922668]
[0.5269622802734375, 0.574798583984375, 0.4359202980995178, 0.2794608175754547, 0.5488577485084534]
[0.43509119749069214, 0.5752828121185303, 0.43324100971221924, 0.2821372449398041, 0.5036258101463318]
[0.49861791729927063, 0.5414863228797913, 0.4687042534351349, 0.3236543536186218, 0.4989902079105377]
[0.4422447085380554, 0.5747290253639221, 0.4357287585735321, 0.2845706641674042, 0.4963015615940094]
[0.4841984212398529, 0.5823951363563538, 0.42512521147727966, 0.29188135266304016, 0.5020436644554138]
[0.5327855944633484, 0.532386302947998, 0.4575210511684418, 0.36201149225234985, 0.5344354510307312]
[0.44795605540275574, 0.53782057762146, 0.47620725631713867, 0.34650346636772156, 0.474163681268692]
[0.5241527557373047, 0.567888081073761, 0.45300281047821045, 0.3218548893928528, 0.5113512873649597]
[0.48045623302459717, 0.5749495625495911, 0.4206281006336212, 0.28510549664497375, 0.5108510851860046]
[0.5221928954124451, 0.5851143002510071, 0.40281879901885986, 0.27612125873565674, 0.5520159006118774]
[0.4064725339412689, 0.5380034446716309, 0.513092577457428, 0.3767211437225342, 0.4479816257953644]
[0.4572559893131256, 0.5704426765441895, 0.47204989194869995, 0.3376110792160034, 0.5198203921318054]
[0.4641956090927124, 0.5387285947799683, 0.46427464485168457, 0.3080484867095947, 0.4603002369403839]
[0.5205965042114258, 0.564163327217102, 0.4508712887763977, 0.30291083455085754, 0.5016050338745117]
[0.4834764301776886, 0.5745332837104797, 0.4458048939704895, 0.3178398907184601, 0.4860024154186249]
[0.49500182271003723, 0.5716992020606995, 0.4413304626941681, 0.30966219305992126, 0.5318521857261658]
[0.48379552364349365, 0.5937032699584961, 0.41920071840286255, 0.2830924987792969, 0.4925927221775055]
[0.5414903163909912, 0.5594345331192017, 0.4408128261566162, 0.29475975036621094, 0.528165876865387]
[0.5316908359527588, 0.5924376249313354, 0.4246006906032562, 0.2631022036075592, 0.5334170460700989]
[0.5062702894210815, 0.5633371472358704, 0.4836263358592987, 0.33866727352142334, 0.5181378722190857]
[0.5239423513412476, 0.566817581653595, 0.467290997505188, 0.3092573285102844, 0.509876549243927]
[0.5623408555984497, 0.5670527815818787, 0.3998448848724365, 0.24339312314987183, 0.5867012143135071]
[0.4607217609882355, 0.5230036377906799, 0.5240610837936401, 0.4394400417804718, 0.5025606751441956]
[0.3860383927822113, 0.5799747705459595, 0.4264225363731384, 0.2769346237182617, 0.47275739908218384]
[0.5715534687042236, 0.577079713344574, 0.39742037653923035, 0.272170752286911, 0.5547824501991272]
[0.48838794231414795, 0.5726349949836731, 0.4220033586025238, 0.2833091914653778, 0.5044347047805786]
[0.478870153427124, 0.5538389682769775, 0.4426969587802887, 0.30374425649642944, 0.5131775736808777]
[0.49322250485420227, 0.591105580329895, 0.43914520740509033, 0.2846454381942749, 0.5031400322914124]
[0.5047510266304016, 0.542513906955719, 0.4938625991344452, 0.3629249334335327, 0.508720874786377]
[0.3977310359477997, 0.5304079055786133, 0.49835526943206787, 0.31438949704170227, 0.39878350496292114]
[0.3955827057361603, 0.5608521103858948, 0.4317536950111389, 0.27672937512397766, 0.46410176157951355]
[0.5134801864624023, 0.5660743117332458, 0.46371006965637207, 0.2998354732990265, 0.4945189952850342]
[0.5376235842704773, 0.583096981048584, 0.430640310049057, 0.2821883261203766, 0.5660954117774963]
[0.5774322152137756, 0.5420470833778381, 0.46412327885627747, 0.3243139684200287, 0.577085018157959]
[0.5072562098503113, 0.5510570406913757, 0.44480594992637634, 0.3281157612800598, 0.5232285857200623]
[0.4605519771575928, 0.5921103358268738, 0.4320630133152008, 0.2752836346626282, 0.5279028415679932]
[0.49038681387901306, 0.5707143545150757, 0.48455682396888733, 0.30550652742385864, 0.5205889344215393]
[0.5188755393028259, 0.549497663974762, 0.4782862067222595, 0.36485540866851807, 0.47068023681640625]
[0.5135592818260193, 0.5294885039329529, 0.47003164887428284, 0.34488847851753235, 0.5022658109664917]
[0.5502949953079224, 0.5767080783843994, 0.39598461985588074, 0.2558364272117615, 0.5747438073158264]
[0.5531004667282104, 0.6096777319908142, 0.4174830913543701, 0.2593420743942261, 0.5533434152603149]
[0.4956127107143402, 0.5392500758171082, 0.4873358905315399, 0.33838769793510437, 0.5052863955497742]
[0.4774112403392792, 0.5798987150192261, 0.42538607120513916, 0.2964669466018677, 0.4643329679965973]
[0.5285112857818604, 0.5270837545394897, 0.4723879098892212, 0.34804677963256836, 0.5407634973526001]
[0.48791298270225525, 0.5628172755241394, 0.4580365717411041, 0.3104197382926941, 0.5111148953437805]
[0.46565431356430054, 0.5358571410179138, 0.462099552154541, 0.3348185122013092, 0.5081097483634949]
[0.47046956419944763, 0.5626482963562012, 0.5211979746818542, 0.40211963653564453, 0.48501673340797424]
[0.48872148990631104, 0.5481606721878052, 0.4741664230823517, 0.34164443612098694, 0.5097297430038452]
[0.5614404082298279, 0.5198745727539062, 0.4722041189670563, 0.4089869260787964, 0.5547049045562744]
[0.4998210072517395, 0.5470437407493591, 0.46065759658813477, 0.30923882126808167, 0.5151771903038025]
[0.35289737582206726, 0.5517611503601074, 0.43881872296333313, 0.31137776374816895, 0.4555741548538208]
[0.47221603989601135, 0.5326930284500122, 0.4617116451263428, 0.3419361710548401, 0.49849286675453186]
[0.49545979499816895, 0.5551743507385254, 0.4822271764278412, 0.329892098903656, 0.511934220790863]
[0.48379552364349365, 0.5937032699584961, 0.41920071840286255, 0.2830924987792969, 0.4925927221775055]
[0.4910100996494293, 0.577022135257721, 0.4434051811695099, 0.27154865860939026, 0.5329805016517639]
[0.4562548100948334, 0.5666261911392212, 0.444684773683548, 0.32043692469596863, 0.5070626735687256]
[0.6094108819961548, 0.562107264995575, 0.3943607807159424, 0.24275660514831543, 0.5999441742897034]
[0.5404902696609497, 0.5951658487319946, 0.42016366124153137, 0.27443036437034607, 0.5537474155426025]
[0.46453163027763367, 0.531806230545044, 0.4528466463088989, 0.3380611836910248, 0.50795978307724]
[0.5448349714279175, 0.5857158303260803, 0.41355377435684204, 0.2493084818124771, 0.5391893982887268]
[0.5551537871360779, 0.5863333344459534, 0.4269823431968689, 0.2920559346675873, 0.5589389801025391]
[0.46209344267845154, 0.5630238652229309, 0.44168737530708313, 0.29737570881843567, 0.5082852840423584]
[0.4625047743320465, 0.5762147307395935, 0.46014413237571716, 0.31363677978515625, 0.514005720615387]
[0.4864542484283447, 0.5859861969947815, 0.4145519435405731, 0.23894236981868744, 0.5156641006469727]
[0.488955020904541, 0.569025456905365, 0.44113630056381226, 0.30659064650535583, 0.5114750862121582]
[0.5059958100318909, 0.5816164016723633, 0.42787885665893555, 0.28965818881988525, 0.5539355874061584]
[0.4694649279117584, 0.5600565671920776, 0.4585038125514984, 0.3329145312309265, 0.4891584813594818]
[0.5237972736358643, 0.5770869851112366, 0.4139486849308014, 0.24758997559547424, 0.5379915237426758]
[0.5828397870063782, 0.5934219360351562, 0.3964839577674866, 0.23098544776439667, 0.5900570750236511]
[0.43756547570228577, 0.525346040725708, 0.5038119554519653, 0.3861924409866333, 0.47991758584976196]
[0.5114835500717163, 0.575799286365509, 0.40737423300743103, 0.2760145366191864, 0.5286726355552673]
[0.5114394426345825, 0.5876747965812683, 0.45683664083480835, 0.29993289709091187, 0.5163792371749878]
[0.5537065863609314, 0.5860095024108887, 0.4042884111404419, 0.2686704993247986, 0.544370710849762]
[0.5735360383987427, 0.5588204264640808, 0.41927292943000793, 0.2778354287147522, 0.5498624444007874]
[0.3513955771923065, 0.557442843914032, 0.42990240454673767, 0.2888171374797821, 0.44313305616378784]
[0.5320308208465576, 0.5782697796821594, 0.42669808864593506, 0.28366348147392273, 0.5129384398460388]
[0.40995776653289795, 0.5749236941337585, 0.4352733790874481, 0.2853673994541168, 0.46029677987098694]
[0.46185603737831116, 0.556528627872467, 0.4655819535255432, 0.33614394068717957, 0.4982917010784149]
[0.4315919578075409, 0.5561221241950989, 0.4906083941459656, 0.33982694149017334, 0.4784330725669861]
[0.5276969075202942, 0.5685466527938843, 0.441509485244751, 0.3193080723285675, 0.5432172417640686]
[0.3999710977077484, 0.5292923450469971, 0.4811258912086487, 0.32509931921958923, 0.4584430754184723]
[0.39972564578056335, 0.5709522366523743, 0.4472931921482086, 0.26179713010787964, 0.4487612545490265]
[0.40945684909820557, 0.5807694792747498, 0.4329468309879303, 0.28160980343818665, 0.49200624227523804]
