1
偷车杀婴儿真相！天涯上看到的：有消息（未经证实）周是替子周磊顶罪，其子的女友与婴儿的父亲有染，系报复杀人。最新消息 嫌疑人周磊被捕。 这个周磊号称“经开三哥”
[0.561248242855072, 0.5222070813179016, 0.46999382972717285, 0.3410542905330658, 0.5426179766654968]
[0.5076357126235962, 0.5687108635902405, 0.432819664478302, 0.306092232465744, 0.4976050555706024]
[0.4427042007446289, 0.5632877349853516, 0.44472482800483704, 0.3089153468608856, 0.4664781093597412]
[0.44933652877807617, 0.5255841612815857, 0.5049825310707092, 0.3611210584640503, 0.488951712846756]
[0.4202689528465271, 0.5757107138633728, 0.4309403896331787, 0.27894097566604614, 0.466061532497406]
[0.5256292819976807, 0.5681506395339966, 0.419476717710495, 0.28050628304481506, 0.5119683742523193]
[0.49093395471572876, 0.5617690086364746, 0.4557340741157532, 0.31905120611190796, 0.4796731173992157]
[0.5132670402526855, 0.5934965014457703, 0.4420536458492279, 0.27757078409194946, 0.5219869613647461]
[0.4341259002685547, 0.5254412889480591, 0.46294042468070984, 0.27816885709762573, 0.45448216795921326]
[0.5052341222763062, 0.566524088382721, 0.42902714014053345, 0.3138104975223541, 0.5481337904930115]
[0.4920462965965271, 0.5894099473953247, 0.46182164549827576, 0.2999245822429657, 0.5226967930793762]
[0.47711244225502014, 0.5872272253036499, 0.4220113456249237, 0.2783508896827698, 0.4972073435783386]
[0.4959167242050171, 0.5477701425552368, 0.43520501255989075, 0.28342241048812866, 0.5354258418083191]
[0.4547487199306488, 0.5466088652610779, 0.44356662034988403, 0.3006599545478821, 0.46708202362060547]
[0.44926217198371887, 0.5436775088310242, 0.4736546576023102, 0.3743237257003784, 0.4863409996032715]
[0.4886094927787781, 0.5603446364402771, 0.4564444422721863, 0.33822882175445557, 0.5205352902412415]
[0.5896202325820923, 0.6009964942932129, 0.3933485150337219, 0.243545264005661, 0.5743495225906372]
[0.471427857875824, 0.5251871943473816, 0.5144464373588562, 0.43943607807159424, 0.4974750876426697]
[0.43921422958374023, 0.5687565803527832, 0.47731637954711914, 0.3413204252719879, 0.5014197826385498]
[0.5060421228408813, 0.5115225911140442, 0.4481661915779114, 0.3095614016056061, 0.5066945552825928]
[0.4395507574081421, 0.5369691252708435, 0.4532836079597473, 0.3367951512336731, 0.46461156010627747]
[0.49699926376342773, 0.5933389067649841, 0.41855713725090027, 0.27657973766326904, 0.523883581161499]
[0.49153032898902893, 0.5663195848464966, 0.43308302760124207, 0.31390613317489624, 0.5042637586593628]
[0.5896202325820923, 0.6009964942932129, 0.3933485150337219, 0.243545264005661, 0.5743495225906372]
[0.5200061798095703, 0.5322604179382324, 0.472772479057312, 0.3086346983909607, 0.48968228697776794]
[0.45219963788986206, 0.5798425674438477, 0.43457743525505066, 0.32269641757011414, 0.4881061613559723]
[0.4035619795322418, 0.5630075931549072, 0.43835076689720154, 0.29424363374710083, 0.4609862267971039]
[0.621314287185669, 0.5680823922157288, 0.41137081384658813, 0.2566671073436737, 0.5848100781440735]
[0.46854451298713684, 0.5066967010498047, 0.5161529183387756, 0.44025230407714844, 0.49368149042129517]
[0.5276812314987183, 0.5821332335472107, 0.4329516589641571, 0.29302966594696045, 0.5175879001617432]
[0.5196058750152588, 0.5774168968200684, 0.42086613178253174, 0.29580655694007874, 0.5242266654968262]
[0.5630360245704651, 0.5660368800163269, 0.4057435393333435, 0.25623899698257446, 0.57855224609375]
[0.44491323828697205, 0.5499991774559021, 0.48784250020980835, 0.33655187487602234, 0.47630277276039124]
[0.5286114811897278, 0.5753011107444763, 0.4212507903575897, 0.2800034284591675, 0.5210258364677429]
[0.4757835268974304, 0.585515558719635, 0.448485404253006, 0.3121747076511383, 0.5020467638969421]
[0.4487622082233429, 0.5716210603713989, 0.4600348174571991, 0.3031274080276489, 0.45275557041168213]
[0.43298906087875366, 0.5299767851829529, 0.4509885907173157, 0.31366845965385437, 0.4472346603870392]
[0.49292606115341187, 0.5981512069702148, 0.4424970746040344, 0.268980473279953, 0.5099847316741943]
[0.4318287670612335, 0.5369758009910583, 0.46278753876686096, 0.34034445881843567, 0.4555087387561798]
[0.47135844826698303, 0.5697997808456421, 0.42391130328178406, 0.2941281199455261, 0.489869624376297]
[0.5032978653907776, 0.5636518597602844, 0.41201528906822205, 0.2947728633880615, 0.5197178721427917]
[0.5339165329933167, 0.5615636706352234, 0.40737441182136536, 0.28477686643600464, 0.5380697250366211]
[0.4871828258037567, 0.5656481385231018, 0.4457835257053375, 0.30116626620292664, 0.4918430745601654]
