1
周喜军儿子周磊为真凶，周磊平日游手好闲，江湖称号“经开三哥”。警察在带周喜军指认现场时发现可疑，确认是父亲替儿顶罪自首，今日周磊已归案。传因婴儿父亲与其女友有染，遂劫车杀人报复。图为周磊、周喜军及被盗车监控照片，大家看看到底是老子在开车还是儿子在开车。
[0.5410041213035583, 0.47701379656791687, 0.5428483486175537, 0.45627865195274353, 0.5463087558746338]
[0.5770156979560852, 0.5979297161102295, 0.4066532850265503, 0.2511694133281708, 0.5702731609344482]
[0.5353078246116638, 0.5869245529174805, 0.44253113865852356, 0.26985135674476624, 0.5330587029457092]
[0.4390084147453308, 0.5565496683120728, 0.46778422594070435, 0.31900566816329956, 0.4859388470649719]
[0.5342575311660767, 0.57735675573349, 0.41978394985198975, 0.2866385877132416, 0.5461481213569641]
[0.4981653392314911, 0.586291491985321, 0.4130634367465973, 0.27747800946235657, 0.5251455903053284]
[0.5198050737380981, 0.5407019257545471, 0.448760062456131, 0.3363341987133026, 0.5311627984046936]
[0.5280269384384155, 0.5892032384872437, 0.4139874577522278, 0.27527913451194763, 0.5208585262298584]
[0.6060641407966614, 0.5853062272071838, 0.384230375289917, 0.22995564341545105, 0.5922051668167114]
[0.4981653392314911, 0.586291491985321, 0.4130634367465973, 0.27747800946235657, 0.5251455903053284]
[0.4622466564178467, 0.5823608636856079, 0.45765551924705505, 0.2786540687084198, 0.5099503397941589]
[0.3985946476459503, 0.5419580936431885, 0.46767598390579224, 0.34498733282089233, 0.44147688150405884]
[0.4550751745700836, 0.5541020631790161, 0.4510565996170044, 0.2918763756752014, 0.4581800103187561]
[0.5081765055656433, 0.5759029984474182, 0.42979198694229126, 0.2947273850440979, 0.518570601940155]
[0.5323099493980408, 0.5850942730903625, 0.42421382665634155, 0.2937084138393402, 0.5281833410263062]
[0.45574086904525757, 0.5250480771064758, 0.5113258361816406, 0.4315066337585449, 0.5098474025726318]
[0.4858696758747101, 0.5442925095558167, 0.4620303213596344, 0.3380008041858673, 0.47655776143074036]
[0.5306317210197449, 0.6074514985084534, 0.4270767867565155, 0.2711300849914551, 0.5435031652450562]
[0.5217891931533813, 0.5851165652275085, 0.43435370922088623, 0.3072150945663452, 0.528086245059967]
[0.5595993399620056, 0.5375957489013672, 0.43550390005111694, 0.28276652097702026, 0.5396643280982971]
[0.49975907802581787, 0.5217879414558411, 0.4926729202270508, 0.38412079215049744, 0.5200411677360535]
[0.5313239693641663, 0.5662097334861755, 0.42474132776260376, 0.2927626073360443, 0.5405713319778442]
[0.5233635306358337, 0.5891900658607483, 0.3957284390926361, 0.2696422040462494, 0.5316484570503235]
[0.52029949426651, 0.5572817325592041, 0.44367483258247375, 0.31591692566871643, 0.5142710208892822]
[0.5344406962394714, 0.5520268082618713, 0.43352845311164856, 0.3245498239994049, 0.5188937187194824]
[0.438133180141449, 0.541429340839386, 0.4753168225288391, 0.3573397397994995, 0.4970104396343231]
[0.46729913353919983, 0.5550450682640076, 0.4540974795818329, 0.31007713079452515, 0.4871923327445984]
[0.4818107783794403, 0.5610923171043396, 0.4363858103752136, 0.31761470437049866, 0.4935821294784546]
[0.48811012506484985, 0.5265997052192688, 0.5312004685401917, 0.4407767653465271, 0.5225335955619812]
[0.5149213075637817, 0.5745115280151367, 0.4294396936893463, 0.2818833291530609, 0.5206738114356995]
[0.3425767421722412, 0.48403024673461914, 0.537120521068573, 0.5346492528915405, 0.4185267686843872]
[0.3616941273212433, 0.5609371662139893, 0.4425567388534546, 0.3047291338443756, 0.44835665822029114]
[0.5110624432563782, 0.5426887273788452, 0.43106022477149963, 0.3241143822669983, 0.5414921641349792]
[0.514951765537262, 0.5933701395988464, 0.428732693195343, 0.2736116051673889, 0.5448430180549622]
[0.4541696608066559, 0.5490847229957581, 0.4413743317127228, 0.3093898892402649, 0.49205610156059265]
[0.49066361784935, 0.5768001675605774, 0.43589431047439575, 0.31173229217529297, 0.5130518078804016]
[0.5299243927001953, 0.5855910181999207, 0.4158337712287903, 0.271991103887558, 0.5414464473724365]
[0.5086283683776855, 0.5744491815567017, 0.4494308531284332, 0.30216073989868164, 0.5158323645591736]
[0.5118033289909363, 0.5667726397514343, 0.4389856159687042, 0.3212256133556366, 0.5226474404335022]
[0.4487622082233429, 0.5716210603713989, 0.4600348174571991, 0.3031274080276489, 0.45275557041168213]
[0.5575883388519287, 0.563902735710144, 0.4157201051712036, 0.2659822702407837, 0.5798450708389282]
[0.5123181939125061, 0.5601068139076233, 0.44284960627555847, 0.2965136468410492, 0.546614944934845]
[0.4487622082233429, 0.5716210603713989, 0.4600348174571991, 0.3031274080276489, 0.45275557041168213]
[0.5401648283004761, 0.5167199969291687, 0.4793415367603302, 0.36758342385292053, 0.556298553943634]
[0.5653793215751648, 0.582434892654419, 0.39132294058799744, 0.2585252821445465, 0.5461805462837219]
[0.5629415512084961, 0.5664195418357849, 0.3986186683177948, 0.2799464762210846, 0.5562232136726379]
[0.4819607734680176, 0.572441577911377, 0.43335965275764465, 0.30211132764816284, 0.4794376790523529]
[0.43267688155174255, 0.5441268086433411, 0.4750770330429077, 0.35941851139068604, 0.4938045144081116]
[0.5226292610168457, 0.5952203273773193, 0.41322997212409973, 0.26363614201545715, 0.5409427285194397]
[0.5567397475242615, 0.5553430318832397, 0.42931652069091797, 0.30839890241622925, 0.568181574344635]
[0.5241709351539612, 0.5391068458557129, 0.4519290626049042, 0.3208582401275635, 0.5550909042358398]
[0.5806719064712524, 0.5780741572380066, 0.4214530885219574, 0.270047664642334, 0.5420461893081665]
[0.43993428349494934, 0.5294724702835083, 0.4756346642971039, 0.33024048805236816, 0.4668426513671875]
[0.4901634454727173, 0.5962366461753845, 0.41479620337486267, 0.26905766129493713, 0.5173599123954773]
[0.4772273004055023, 0.5937963724136353, 0.4337978661060333, 0.2773963212966919, 0.5081824064254761]
[0.514513373374939, 0.5507074594497681, 0.448350727558136, 0.3154606223106384, 0.49645623564720154]
[0.4269879162311554, 0.5643128156661987, 0.4684346616268158, 0.3513258099555969, 0.4447406232357025]
[0.483442097902298, 0.5943679809570312, 0.4640211760997772, 0.30254828929901123, 0.49464496970176697]
[0.5353521704673767, 0.5871042609214783, 0.45527738332748413, 0.31313273310661316, 0.5379698276519775]
[0.4981653392314911, 0.586291491985321, 0.4130634367465973, 0.27747800946235657, 0.5251455903053284]
[0.523186206817627, 0.5702517628669739, 0.43020597100257874, 0.298191636800766, 0.5275018811225891]
[0.4561783969402313, 0.5357438921928406, 0.48005637526512146, 0.3418354392051697, 0.4388648271560669]
[0.47827082872390747, 0.5569702386856079, 0.4738157391548157, 0.3122742772102356, 0.5504370927810669]
[0.4731779098510742, 0.5905982255935669, 0.44597217440605164, 0.274241179227829, 0.4985693097114563]
[0.5511810779571533, 0.5625260472297668, 0.4275180995464325, 0.28195658326148987, 0.5360828042030334]
[0.4487622082233429, 0.5716210603713989, 0.4600348174571991, 0.3031274080276489, 0.45275557041168213]
[0.42441490292549133, 0.5676126480102539, 0.4618966281414032, 0.3119684159755707, 0.45158058404922485]
[0.5226292610168457, 0.5952203273773193, 0.41322997212409973, 0.26363614201545715, 0.5409427285194397]
[0.5034791231155396, 0.5829828381538391, 0.4280383288860321, 0.29487326741218567, 0.5425363183021545]
[0.46314921975135803, 0.5438159108161926, 0.4714488387107849, 0.3706311583518982, 0.5156119465827942]
[0.4940396845340729, 0.5990429520606995, 0.4653274118900299, 0.29405203461647034, 0.530352771282196]
[0.5120782852172852, 0.543039083480835, 0.45979395508766174, 0.3708890378475189, 0.5190026164054871]
[0.46079111099243164, 0.5502952337265015, 0.458487868309021, 0.33145007491111755, 0.5250449180603027]
[0.566024899482727, 0.5898984670639038, 0.41819095611572266, 0.26673460006713867, 0.5720112323760986]
[0.5106654167175293, 0.5635961294174194, 0.4438810646533966, 0.2958102822303772, 0.5296289920806885]
[0.5753096342086792, 0.5815743803977966, 0.41249406337738037, 0.25707370042800903, 0.5306128859519958]
[0.4272163212299347, 0.578639805316925, 0.4649880826473236, 0.29797032475471497, 0.4680140018463135]
[0.45183393359184265, 0.5415001511573792, 0.4653158485889435, 0.3249408006668091, 0.484271377325058]
[0.5148367285728455, 0.5466724038124084, 0.4421950578689575, 0.30511435866355896, 0.5480242371559143]
[0.4583072364330292, 0.5778455138206482, 0.42011183500289917, 0.2967422604560852, 0.5028107166290283]
[0.4749639332294464, 0.5366849303245544, 0.447647362947464, 0.29399898648262024, 0.4939700961112976]
[0.5517312288284302, 0.5676974058151245, 0.4290659427642822, 0.2921280264854431, 0.5483728647232056]
[0.4369978904724121, 0.5697925090789795, 0.4680739641189575, 0.3269839882850647, 0.4841483533382416]
[0.5337857007980347, 0.5817956924438477, 0.42358750104904175, 0.27206599712371826, 0.568431556224823]
[0.45825624465942383, 0.5360062122344971, 0.4978674352169037, 0.4027164578437805, 0.4854658544063568]
[0.5358319878578186, 0.5906382203102112, 0.42796820402145386, 0.2959240674972534, 0.5395675301551819]
[0.4474424421787262, 0.5563820600509644, 0.44819608330726624, 0.31972166895866394, 0.4720916450023651]
[0.4096115231513977, 0.5553802847862244, 0.4534423351287842, 0.341905415058136, 0.44925597310066223]
[0.4487622082233429, 0.5716210603713989, 0.4600348174571991, 0.3031274080276489, 0.45275557041168213]
[0.5536618232727051, 0.5555183291435242, 0.4272193908691406, 0.3182543218135834, 0.5299129486083984]
[0.5491952300071716, 0.5918990969657898, 0.42066478729248047, 0.26386961340904236, 0.5615143775939941]
[0.49820294976234436, 0.5593726634979248, 0.46582818031311035, 0.3568991720676422, 0.5301862955093384]
[0.4945390522480011, 0.5721033811569214, 0.4486403465270996, 0.3032298982143402, 0.5096957087516785]
[0.5227692127227783, 0.5687299966812134, 0.41088369488716125, 0.2678562104701996, 0.5411649942398071]
[0.4666425287723541, 0.5713033676147461, 0.4463290572166443, 0.33213064074516296, 0.5167998671531677]
[0.4719167947769165, 0.5702449083328247, 0.4279668927192688, 0.2712875306606293, 0.48267069458961487]
[0.5731416344642639, 0.5540117621421814, 0.42308270931243896, 0.288870245218277, 0.5538181066513062]
[0.51780766248703, 0.582484781742096, 0.42098569869995117, 0.2776530981063843, 0.5318788886070251]
[0.5084640383720398, 0.5544131398200989, 0.4433062672615051, 0.3309331238269806, 0.5405001044273376]
[0.4074665606021881, 0.5333222150802612, 0.46971115469932556, 0.32668232917785645, 0.4343159794807434]
[0.6001551151275635, 0.5776509642601013, 0.38620975613594055, 0.2378964126110077, 0.6092875003814697]
