1
网传：新消息，长春盗车杀害儿童案，四十八岁犯罪嫌疑人周喜军系替儿子周磊顶罪，目前周磊在逃。
[0.5604300498962402, 0.5782697200775146, 0.4224970042705536, 0.25200027227401733, 0.5505395531654358]
[0.5621575117111206, 0.5856571793556213, 0.4093182682991028, 0.25215083360671997, 0.570976197719574]
[0.49305713176727295, 0.5734005570411682, 0.4504702389240265, 0.3366149663925171, 0.4920806884765625]
[0.5185332298278809, 0.5979981422424316, 0.4238531291484833, 0.2804935872554779, 0.5281396508216858]
[0.5306317210197449, 0.6074514985084534, 0.4270767867565155, 0.2711300849914551, 0.5435031652450562]
[0.5653747320175171, 0.5958674550056458, 0.410073459148407, 0.2521335780620575, 0.5308053493499756]
[0.4487622082233429, 0.5716210603713989, 0.4600348174571991, 0.3031274080276489, 0.45275557041168213]
[0.5596391558647156, 0.6096941232681274, 0.42277002334594727, 0.2654418647289276, 0.5375761985778809]
[0.5038514733314514, 0.5386138558387756, 0.4735734760761261, 0.3271038234233856, 0.4981551468372345]
[0.4487622082233429, 0.5716210603713989, 0.4600348174571991, 0.3031274080276489, 0.45275557041168213]
[0.5412792563438416, 0.577178955078125, 0.4058348536491394, 0.2552432715892792, 0.5504768490791321]
[0.4552377760410309, 0.5669212341308594, 0.4437496066093445, 0.30153048038482666, 0.4854556620121002]
[0.44968026876449585, 0.5401620864868164, 0.45972225069999695, 0.30963364243507385, 0.4466307461261749]
[0.540177583694458, 0.5809630751609802, 0.4127086102962494, 0.286161869764328, 0.5504617094993591]
[0.48322004079818726, 0.5593087673187256, 0.45295798778533936, 0.3373456299304962, 0.5001378059387207]
[0.4538325369358063, 0.5146034359931946, 0.5323455333709717, 0.3940570652484894, 0.49292710423469543]
[0.5609537959098816, 0.601050853729248, 0.42492061853408813, 0.2607787251472473, 0.5598586797714233]
[0.4483363628387451, 0.5593067407608032, 0.4309321939945221, 0.2915568947792053, 0.4895177483558655]
[0.538385808467865, 0.5514108538627625, 0.4184822142124176, 0.3223150074481964, 0.5253879427909851]
[0.5354865789413452, 0.5888907313346863, 0.41922876238822937, 0.2605830132961273, 0.5253303050994873]
[0.3614121675491333, 0.5251669883728027, 0.47554445266723633, 0.34411847591400146, 0.41482460498809814]
[0.45572733879089355, 0.5616132616996765, 0.4591771960258484, 0.30432868003845215, 0.49483153223991394]
[0.5022256374359131, 0.5751968622207642, 0.42046213150024414, 0.2874034643173218, 0.5201312899589539]
[0.48113611340522766, 0.5315573215484619, 0.49987807869911194, 0.37026283144950867, 0.5157899856567383]
[0.4202689528465271, 0.5757107138633728, 0.4309403896331787, 0.27894097566604614, 0.466061532497406]
[0.34674617648124695, 0.5547722578048706, 0.45380881428718567, 0.295166939496994, 0.4392198324203491]
[0.5394882559776306, 0.5447726249694824, 0.4665938913822174, 0.2912040650844574, 0.5027569532394409]
[0.48564404249191284, 0.5675961375236511, 0.43144261837005615, 0.29505765438079834, 0.4862370491027832]
[0.47315582633018494, 0.5482786297798157, 0.44534167647361755, 0.3308572471141815, 0.5118550062179565]
[0.5353521704673767, 0.5871042609214783, 0.45527738332748413, 0.31313273310661316, 0.5379698276519775]
[0.4631216824054718, 0.5370526909828186, 0.4506766200065613, 0.31326374411582947, 0.48734164237976074]
[0.46661871671676636, 0.5836977958679199, 0.436079204082489, 0.27481111884117126, 0.4732847213745117]
[0.44477710127830505, 0.5692580342292786, 0.4474462568759918, 0.28908225893974304, 0.4542319178581238]
[0.4739270806312561, 0.5572808980941772, 0.45031845569610596, 0.29362010955810547, 0.5284705758094788]
[0.45164763927459717, 0.5760594010353088, 0.4651218354701996, 0.34655410051345825, 0.5108047723770142]
[0.5395671725273132, 0.5810499787330627, 0.4426913559436798, 0.30026400089263916, 0.5594367384910583]
[0.5596391558647156, 0.6096941232681274, 0.42277002334594727, 0.2654418647289276, 0.5375761985778809]
[0.47493693232536316, 0.5772687792778015, 0.43302908539772034, 0.2820896506309509, 0.5226051211357117]
[0.4482993483543396, 0.5833080410957336, 0.4363655149936676, 0.2881958484649658, 0.47076600790023804]
[0.4915372431278229, 0.5774487257003784, 0.4536537230014801, 0.29328370094299316, 0.49694839119911194]
[0.5037088394165039, 0.5381841659545898, 0.4729553163051605, 0.37370845675468445, 0.5245453715324402]
[0.5323099493980408, 0.5850942730903625, 0.42421382665634155, 0.2937084138393402, 0.5281833410263062]
[0.48814454674720764, 0.5777949690818787, 0.4380687475204468, 0.29655078053474426, 0.496305912733078]
[0.5643336176872253, 0.598152756690979, 0.42296716570854187, 0.26225802302360535, 0.5468106865882874]
[0.5272848010063171, 0.5785574316978455, 0.41972681879997253, 0.2833045721054077, 0.5322047472000122]
[0.549691379070282, 0.5871497988700867, 0.4130420386791229, 0.26551756262779236, 0.5281603336334229]
[0.5013484954833984, 0.553885281085968, 0.46252864599227905, 0.30955663323402405, 0.554378092288971]
[0.5035791397094727, 0.5824992060661316, 0.4265279173851013, 0.28363409638404846, 0.5441576838493347]
[0.4487622082233429, 0.5716210603713989, 0.4600348174571991, 0.3031274080276489, 0.45275557041168213]
[0.5410208702087402, 0.5596147775650024, 0.4262731075286865, 0.2918268144130707, 0.5248487591743469]
[0.6149682402610779, 0.5446109771728516, 0.38586875796318054, 0.23393745720386505, 0.6066176295280457]
[0.5139445066452026, 0.5333743095397949, 0.46763619780540466, 0.31764140725135803, 0.5445310473442078]
[0.4202689528465271, 0.5757107138633728, 0.4309403896331787, 0.27894097566604614, 0.466061532497406]
[0.46176379919052124, 0.5402382612228394, 0.4633702337741852, 0.32479673624038696, 0.4981406629085541]
[0.4202689528465271, 0.5757107138633728, 0.4309403896331787, 0.27894097566604614, 0.466061532497406]
[0.472141832113266, 0.559357225894928, 0.43571797013282776, 0.31487154960632324, 0.4669128656387329]
