1
以後我玩微博還有什麼意義
[0.5023482441902161, 0.5881118178367615, 0.42472511529922485, 0.27517855167388916, 0.5106862187385559]
[0.5161611437797546, 0.5556241273880005, 0.4340430796146393, 0.283502459526062, 0.5499489903450012]
[0.4760224223136902, 0.5520307421684265, 0.45765921473503113, 0.3354779779911041, 0.484524130821228]
[0.45111083984375, 0.5612684488296509, 0.45818597078323364, 0.31583788990974426, 0.4800512194633484]
[0.5449860095977783, 0.5918023586273193, 0.4320400059223175, 0.2844513952732086, 0.5335129499435425]
[0.404659628868103, 0.5609084963798523, 0.4678701162338257, 0.3228481709957123, 0.4804191291332245]
[0.4863470792770386, 0.5662423372268677, 0.4367636740207672, 0.3046700656414032, 0.5265599489212036]
[0.5431251525878906, 0.5842599272727966, 0.4462938904762268, 0.30444926023483276, 0.5296282172203064]
[0.5204624533653259, 0.5735215544700623, 0.4409966468811035, 0.2846575975418091, 0.531472384929657]
[0.3981982171535492, 0.525112509727478, 0.47234925627708435, 0.34639468789100647, 0.4426269233226776]
[0.5478594303131104, 0.5995732545852661, 0.4049937129020691, 0.26077207922935486, 0.5447202324867249]
[0.5196733474731445, 0.5744765400886536, 0.4367959201335907, 0.2904444932937622, 0.5585075616836548]
[0.46567732095718384, 0.5741397142410278, 0.4243422746658325, 0.28630608320236206, 0.48247256875038147]
