1
【请记住：轮奸要第一个上！】李双江之子李天一涉嫌强奸罪被批捕。李的76人律师团领队、法律大学副校长张爱国教授对媒体表示，李天一因是第一个与被害女子发生关系，所以不构成轮奸罪，只是以判罚较轻的强奸罪批捕，这是律师团所有成员共同努力的结果。记住啊，轮奸要第一个上！（转）
[0.5575493574142456, 0.512336790561676, 0.49133962392807007, 0.37075069546699524, 0.5507288575172424]
[0.5291880369186401, 0.57509845495224, 0.4145926535129547, 0.27478936314582825, 0.5596444606781006]
[0.48080894351005554, 0.588457465171814, 0.4435499906539917, 0.28004881739616394, 0.4985947906970978]
[0.5309845209121704, 0.5897089242935181, 0.426408052444458, 0.2694692611694336, 0.5409523844718933]
[0.5064107775688171, 0.5697376728057861, 0.43051496148109436, 0.2963888347148895, 0.5309537649154663]
[0.5059104561805725, 0.5605777502059937, 0.4454939365386963, 0.30230334401130676, 0.5509911179542542]
[0.46757620573043823, 0.5481503009796143, 0.448962539434433, 0.27582409977912903, 0.49935734272003174]
[0.3994027078151703, 0.5598646998405457, 0.4576335549354553, 0.3018200695514679, 0.45383724570274353]
[0.44938361644744873, 0.5390450358390808, 0.44100701808929443, 0.303974449634552, 0.4801511764526367]
[0.38084888458251953, 0.5723817348480225, 0.4537689983844757, 0.2887296676635742, 0.4711882770061493]
[0.5396103858947754, 0.5364610552787781, 0.44261670112609863, 0.2914249300956726, 0.5277382135391235]
[0.4563697874546051, 0.5671764016151428, 0.42849862575531006, 0.3017880618572235, 0.4944203197956085]
[0.5176051259040833, 0.5110347867012024, 0.48941075801849365, 0.3634606897830963, 0.5228756070137024]
[0.487169474363327, 0.575776994228363, 0.44054821133613586, 0.28855687379837036, 0.5143159627914429]
[0.49491503834724426, 0.5623301267623901, 0.44440847635269165, 0.30342814326286316, 0.5390519499778748]
[0.5810560584068298, 0.5651089549064636, 0.3963918685913086, 0.21926195919513702, 0.5990500450134277]
[0.5078498125076294, 0.5997846126556396, 0.4281389117240906, 0.2850780189037323, 0.5061385631561279]
[0.45596009492874146, 0.5807764530181885, 0.45526495575904846, 0.3105580806732178, 0.4462951719760895]
[0.4269879162311554, 0.5643128156661987, 0.4684346616268158, 0.3513258099555969, 0.4447406232357025]
[0.46209973096847534, 0.560062825679779, 0.42035165429115295, 0.27489611506462097, 0.4754510223865509]
[0.5079411268234253, 0.5410373210906982, 0.44904956221580505, 0.3020382225513458, 0.5089221000671387]
[0.4011739492416382, 0.5624929666519165, 0.43738240003585815, 0.2925335168838501, 0.45516371726989746]
[0.46890461444854736, 0.5297890901565552, 0.4477900266647339, 0.3193115293979645, 0.4460151195526123]
[0.46553274989128113, 0.5488384962081909, 0.4480251669883728, 0.2971991002559662, 0.4637547433376312]
[0.41077253222465515, 0.5385673642158508, 0.4672067165374756, 0.309497594833374, 0.43826282024383545]
[0.5326565504074097, 0.613871693611145, 0.42189180850982666, 0.2729127109050751, 0.5246680378913879]
[0.4413096606731415, 0.5651188492774963, 0.4292680323123932, 0.2874600887298584, 0.49790677428245544]
[0.4756731390953064, 0.5800201892852783, 0.4366866946220398, 0.28753116726875305, 0.49521002173423767]
[0.5118135213851929, 0.5511816740036011, 0.43421515822410583, 0.3147623836994171, 0.5102298259735107]
[0.43738415837287903, 0.5719547271728516, 0.43069174885749817, 0.28993654251098633, 0.5091231465339661]
[0.41650497913360596, 0.5474666953086853, 0.4495035409927368, 0.3002742528915405, 0.4635681211948395]
[0.5238576531410217, 0.5724327564239502, 0.4224773049354553, 0.29721492528915405, 0.5471071600914001]
[0.4889084994792938, 0.5397924184799194, 0.4465981125831604, 0.3027038872241974, 0.526265561580658]
[0.5139862298965454, 0.5526066422462463, 0.4427894949913025, 0.2671317160129547, 0.5224531292915344]
[0.39630505442619324, 0.5613855719566345, 0.46673455834388733, 0.31777703762054443, 0.4428224563598633]
[0.4261602461338043, 0.5778869986534119, 0.4263501465320587, 0.272535502910614, 0.49045300483703613]
[0.4772765040397644, 0.5787817239761353, 0.39821767807006836, 0.24111032485961914, 0.5271594524383545]
[0.48057055473327637, 0.57651287317276, 0.4390086829662323, 0.2941281199455261, 0.5065724849700928]
[0.48913273215293884, 0.5656746029853821, 0.454607218503952, 0.3355243504047394, 0.5059882998466492]
[0.537259578704834, 0.5277507901191711, 0.48828911781311035, 0.3411673903465271, 0.5128334760665894]
[0.44303733110427856, 0.5515466332435608, 0.4457896649837494, 0.3290747106075287, 0.468910813331604]
[0.5341144800186157, 0.5864610075950623, 0.41171950101852417, 0.26261720061302185, 0.5443593263626099]
[0.42357704043388367, 0.5555329322814941, 0.44124940037727356, 0.2996372580528259, 0.4405069947242737]
[0.4063674807548523, 0.5674328804016113, 0.44671913981437683, 0.3194511830806732, 0.46461185812950134]
[0.5490738749504089, 0.5561641454696655, 0.3924799859523773, 0.2762702405452728, 0.5756223797798157]
[0.4526226222515106, 0.5624217987060547, 0.4399867653846741, 0.30411556363105774, 0.46093156933784485]
[0.4959295690059662, 0.5440084338188171, 0.43774357438087463, 0.30870363116264343, 0.497737318277359]
[0.5200136303901672, 0.5790403485298157, 0.43429186940193176, 0.2750869393348694, 0.5194903612136841]
[0.5270761847496033, 0.5513206124305725, 0.46193772554397583, 0.29742082953453064, 0.5217202305793762]
[0.5288517475128174, 0.5776591300964355, 0.41543787717819214, 0.2816248834133148, 0.533317506313324]
[0.38976341485977173, 0.5455994009971619, 0.4774624705314636, 0.36022287607192993, 0.44911521673202515]
[0.48506200313568115, 0.5660913586616516, 0.4325677454471588, 0.295868456363678, 0.49542316794395447]
[0.521956205368042, 0.5443412065505981, 0.4301399290561676, 0.3232075273990631, 0.5244247317314148]
[0.5084744095802307, 0.5395497679710388, 0.45260459184646606, 0.3143198490142822, 0.5130970478057861]
[0.4750487208366394, 0.5882390141487122, 0.42297041416168213, 0.2711449861526489, 0.48756763339042664]
[0.4337407350540161, 0.5395095944404602, 0.504564642906189, 0.3850255310535431, 0.46600788831710815]
[0.5449565052986145, 0.5861325860023499, 0.4129107892513275, 0.27066612243652344, 0.5593444108963013]
[0.47550898790359497, 0.5438492298126221, 0.4231904447078705, 0.28118205070495605, 0.5178884267807007]
[0.43795594573020935, 0.5305880308151245, 0.4892722964286804, 0.339403361082077, 0.4878354072570801]
[0.49114516377449036, 0.5847470164299011, 0.41367143392562866, 0.2895115315914154, 0.5250480771064758]
[0.5555910468101501, 0.5630344748497009, 0.42473387718200684, 0.2715672552585602, 0.5591070652008057]
[0.44972166419029236, 0.5564952492713928, 0.43935397267341614, 0.31914910674095154, 0.45939531922340393]
[0.5067073702812195, 0.5645467638969421, 0.44350114464759827, 0.293732225894928, 0.5357443690299988]
[0.5338367223739624, 0.5468853712081909, 0.4399753212928772, 0.2775539755821228, 0.5765774250030518]
[0.5128290057182312, 0.5735601782798767, 0.44636765122413635, 0.2663727104663849, 0.5391895771026611]
[0.5312653183937073, 0.5327885746955872, 0.44335639476776123, 0.2916291058063507, 0.5335918664932251]
[0.5491952300071716, 0.5918990969657898, 0.42066478729248047, 0.26386961340904236, 0.5615143775939941]
[0.5163116455078125, 0.5224027633666992, 0.46413654088974, 0.3156217336654663, 0.5099800825119019]
[0.4836929142475128, 0.5534412860870361, 0.44115620851516724, 0.31486332416534424, 0.5104081034660339]
[0.5125390291213989, 0.5886043310165405, 0.4230296313762665, 0.2806068956851959, 0.5471209287643433]
[0.47106051445007324, 0.539719820022583, 0.4969961941242218, 0.3434469997882843, 0.5032565593719482]
[0.46225327253341675, 0.5708364248275757, 0.43807998299598694, 0.30785948038101196, 0.4902653098106384]
[0.44823670387268066, 0.5431491136550903, 0.4893749952316284, 0.35193976759910583, 0.5036606788635254]
[0.5400903820991516, 0.5835076570510864, 0.4344645142555237, 0.26322659850120544, 0.5375416874885559]
[0.5209602117538452, 0.5607988834381104, 0.4496859014034271, 0.2970244884490967, 0.5444581508636475]
[0.5449432134628296, 0.5581802725791931, 0.43063583970069885, 0.2913655936717987, 0.5420409440994263]
[0.4694518446922302, 0.5703734159469604, 0.4240267276763916, 0.29674991965293884, 0.47446855902671814]
[0.49385178089141846, 0.5722213983535767, 0.4560520052909851, 0.29677826166152954, 0.48909756541252136]
[0.47694599628448486, 0.5707288980484009, 0.4301442503929138, 0.2884899973869324, 0.49586066603660583]
[0.5201956033706665, 0.5448095202445984, 0.45794394612312317, 0.32386770844459534, 0.524406909942627]
[0.4706531763076782, 0.5622392296791077, 0.4889163672924042, 0.3357449471950531, 0.4977004826068878]
[0.5334764122962952, 0.5680047869682312, 0.41085928678512573, 0.2813154458999634, 0.5341542363166809]
[0.5109411478042603, 0.5716834664344788, 0.42416656017303467, 0.27722814679145813, 0.5562118291854858]
[0.5533509850502014, 0.5886456370353699, 0.41627609729766846, 0.2694404721260071, 0.5734802484512329]
[0.5189899206161499, 0.5983701348304749, 0.42068231105804443, 0.2852422893047333, 0.5527641773223877]
[0.488010972738266, 0.5140280723571777, 0.45337748527526855, 0.3077162504196167, 0.5090752840042114]
[0.43738415837287903, 0.5719547271728516, 0.43069174885749817, 0.28993654251098633, 0.5091231465339661]
[0.4846520721912384, 0.5210364460945129, 0.4693901240825653, 0.3344442844390869, 0.5228254795074463]
[0.5141589641571045, 0.5128207802772522, 0.49969810247421265, 0.39967235922813416, 0.51128089427948]
[0.5081617832183838, 0.5339941382408142, 0.47076284885406494, 0.36029186844825745, 0.5056901574134827]
[0.48379552364349365, 0.5937032699584961, 0.41920071840286255, 0.2830924987792969, 0.4925927221775055]
[0.5707555413246155, 0.5421398282051086, 0.4675729274749756, 0.3612612783908844, 0.575719952583313]
[0.5394970178604126, 0.5782760977745056, 0.43651944398880005, 0.26916244626045227, 0.511790931224823]
[0.5131776332855225, 0.5162072777748108, 0.46975192427635193, 0.36600807309150696, 0.5078237652778625]
[0.5220816135406494, 0.5388914346694946, 0.48114174604415894, 0.34626710414886475, 0.5293579697608948]
[0.40812432765960693, 0.5646781325340271, 0.4498300850391388, 0.2847992479801178, 0.47392088174819946]
[0.3938150107860565, 0.5475860834121704, 0.5000255703926086, 0.3898233473300934, 0.44170719385147095]
[0.4842785894870758, 0.5785186290740967, 0.44981059432029724, 0.321025013923645, 0.48669037222862244]
[0.5334764122962952, 0.5680047869682312, 0.41085928678512573, 0.2813154458999634, 0.5341542363166809]
[0.5023693442344666, 0.5334237217903137, 0.4538690745830536, 0.36834317445755005, 0.5491871237754822]
