1
【曝李天一因第一个与女子发生关系 不构成轮奸】李双江之子李天一涉嫌强奸罪 于7日被批捕。李的76人律师团领 队、法律大学副校长张爱国教授对 媒体表示，李天一因第一个与被害 女子发生性关系，不构成轮奸罪， 只是以判罚较轻的强奸罪批捕，这是律师团所有成员共同努力的结 果。
[0.5349714756011963, 0.5107285976409912, 0.5107051730155945, 0.3852764964103699, 0.5223644971847534]
[0.4903586208820343, 0.5708186030387878, 0.443286657333374, 0.2911112904548645, 0.5216643810272217]
[0.44877317547798157, 0.5386149883270264, 0.45011502504348755, 0.3264368772506714, 0.5070845484733582]
[0.470844566822052, 0.5217339992523193, 0.5114732384681702, 0.39730319380760193, 0.5128565430641174]
[0.4802890121936798, 0.555236279964447, 0.45736807584762573, 0.3301205635070801, 0.5199580788612366]
[0.5117023587226868, 0.5495873093605042, 0.4563712775707245, 0.31378328800201416, 0.5060037970542908]
[0.4535500705242157, 0.5742679834365845, 0.44869327545166016, 0.2857324182987213, 0.49996083974838257]
[0.5291399955749512, 0.5454851984977722, 0.44559550285339355, 0.3024483323097229, 0.5439292788505554]
[0.46692216396331787, 0.5569401979446411, 0.4565911591053009, 0.30452659726142883, 0.5088165402412415]
[0.5508424639701843, 0.5563831925392151, 0.46034443378448486, 0.2851463556289673, 0.5099673271179199]
[0.5354865789413452, 0.5888907313346863, 0.41922876238822937, 0.2605830132961273, 0.5253303050994873]
[0.44051218032836914, 0.551620364189148, 0.4821944832801819, 0.31404370069503784, 0.512541651725769]
[0.5430348515510559, 0.5978683829307556, 0.4088783860206604, 0.24731814861297607, 0.5545564293861389]
[0.37936291098594666, 0.5733978748321533, 0.46401864290237427, 0.3057844042778015, 0.4477078914642334]
[0.5270915627479553, 0.5811166167259216, 0.42424172163009644, 0.2984450161457062, 0.5173553228378296]
[0.45660945773124695, 0.5436589121818542, 0.4503697156906128, 0.3331296741962433, 0.5070511698722839]
[0.5484768748283386, 0.5820624828338623, 0.39699628949165344, 0.24621734023094177, 0.569229006767273]
[0.518380880355835, 0.539341926574707, 0.4435592293739319, 0.34500405192375183, 0.523975670337677]
[0.3752758502960205, 0.5303865075111389, 0.49284330010414124, 0.3616371750831604, 0.4277629554271698]
[0.5066149234771729, 0.5684770345687866, 0.4085424840450287, 0.3009679615497589, 0.5231198072433472]
[0.5455912947654724, 0.5873305201530457, 0.4197249710559845, 0.2653394043445587, 0.5699950456619263]
[0.4752708375453949, 0.5421145558357239, 0.48013588786125183, 0.37452366948127747, 0.4887144863605499]
[0.43371543288230896, 0.5741658806800842, 0.45720016956329346, 0.29906165599823, 0.47130489349365234]
[0.4772401750087738, 0.5715960264205933, 0.4414421021938324, 0.2965911030769348, 0.49864766001701355]
[0.46343907713890076, 0.5510750412940979, 0.45467400550842285, 0.31618741154670715, 0.49232617020606995]
[0.5233082175254822, 0.5722143054008484, 0.41097041964530945, 0.2820434868335724, 0.5393264889717102]
[0.5216272473335266, 0.5428292155265808, 0.4103217124938965, 0.26946988701820374, 0.5151557922363281]
[0.4552210569381714, 0.5095402002334595, 0.5366371870040894, 0.4519425630569458, 0.5231964588165283]
[0.5622026920318604, 0.5628631114959717, 0.42201724648475647, 0.26327618956565857, 0.53705233335495]
[0.4983973205089569, 0.5307657718658447, 0.42743510007858276, 0.2956165671348572, 0.5207162499427795]
[0.4949534237384796, 0.5435094237327576, 0.44839534163475037, 0.3636460602283478, 0.49900877475738525]
[0.4835594892501831, 0.5411120653152466, 0.4971939027309418, 0.3794533908367157, 0.5110365152359009]
[0.4931093752384186, 0.5023285150527954, 0.5128768682479858, 0.46227943897247314, 0.5286659002304077]
[0.5101495981216431, 0.5664623379707336, 0.45913320779800415, 0.297139048576355, 0.5252063274383545]
[0.49850475788116455, 0.5897061824798584, 0.4435174763202667, 0.2845425009727478, 0.5376695394515991]
[0.45031681656837463, 0.555292546749115, 0.46603113412857056, 0.316465824842453, 0.48233896493911743]
[0.5037603378295898, 0.5538356304168701, 0.45738881826400757, 0.3415667712688446, 0.537456750869751]
[0.531367301940918, 0.5440087914466858, 0.449480801820755, 0.2834145128726959, 0.5447943210601807]
[0.4112061858177185, 0.5319167375564575, 0.49101969599723816, 0.35152798891067505, 0.48893797397613525]
[0.4916514456272125, 0.5580334067344666, 0.4468863308429718, 0.3340270221233368, 0.4976870119571686]
[0.4030061960220337, 0.5343057513237, 0.5290829539299011, 0.411983460187912, 0.47743406891822815]
[0.4558546841144562, 0.5535879731178284, 0.427891343832016, 0.2865639925003052, 0.480865478515625]
[0.5233182311058044, 0.5456497669219971, 0.4849269688129425, 0.3184010088443756, 0.5257142186164856]
[0.47044551372528076, 0.5625919103622437, 0.4445500671863556, 0.3066065013408661, 0.5045949816703796]
[0.49560216069221497, 0.5465226769447327, 0.4698215425014496, 0.31838786602020264, 0.5222022533416748]
[0.5033109188079834, 0.5418157577514648, 0.45592352747917175, 0.359208345413208, 0.5033658146858215]
[0.4835840165615082, 0.5320931077003479, 0.5197731256484985, 0.39191463589668274, 0.5114165544509888]
[0.4797056019306183, 0.54156893491745, 0.49970418214797974, 0.38016974925994873, 0.47744545340538025]
[0.49887529015541077, 0.5340818166732788, 0.4634128212928772, 0.35715675354003906, 0.5285406112670898]
[0.514481246471405, 0.5665396451950073, 0.43472570180892944, 0.2917408347129822, 0.5192062258720398]
[0.495392382144928, 0.5733848810195923, 0.4422380328178406, 0.2783627212047577, 0.5389850735664368]
[0.44647523760795593, 0.5034148693084717, 0.4990420937538147, 0.37264224886894226, 0.485943466424942]
[0.46677979826927185, 0.5824528932571411, 0.4520837366580963, 0.2901943624019623, 0.49325406551361084]
[0.5030176043510437, 0.5833792090415955, 0.43623417615890503, 0.2860212028026581, 0.5471764802932739]
[0.5391031503677368, 0.5574216842651367, 0.42155125737190247, 0.27300602197647095, 0.5413241386413574]
[0.5001823306083679, 0.5592625737190247, 0.4613153338432312, 0.3159494400024414, 0.5355594754219055]
[0.4464603662490845, 0.5648355484008789, 0.5578060746192932, 0.4514137804508209, 0.5258626937866211]
[0.5174288153648376, 0.5942826271057129, 0.4153285324573517, 0.2841015160083771, 0.533942461013794]
[0.5298961997032166, 0.5985357165336609, 0.4353157579898834, 0.2879027724266052, 0.5430136322975159]
[0.5025680065155029, 0.5468779802322388, 0.518261194229126, 0.38919463753700256, 0.5445945262908936]
[0.4743037521839142, 0.528947651386261, 0.469770222902298, 0.3849709928035736, 0.525409460067749]
