1
【请记住：轮奸要第一个上！】李双江之子李天一涉嫌强奸罪被批捕。李的76人律师团领队、法律大学副校长张爱国教授对媒体表示，李天一因是第一个与被害女子发生关系，所以不构成轮奸罪，只是以判罚较轻的强奸罪批捕，这是律师团所有成员共同努力的结果。记住啊，轮奸要第一个上！（转）
[0.5575493574142456, 0.512336790561676, 0.49133962392807007, 0.37075069546699524, 0.5507288575172424]
[0.5122281312942505, 0.5739094018936157, 0.4268048107624054, 0.2868715226650238, 0.5194423794746399]
[0.5010198950767517, 0.5803277492523193, 0.44776418805122375, 0.2949030101299286, 0.5265817046165466]
[0.5182979702949524, 0.5611966252326965, 0.42821335792541504, 0.2975523769855499, 0.5609292387962341]
[0.5162544846534729, 0.548933207988739, 0.45384109020233154, 0.3074391186237335, 0.5085984468460083]
[0.508250892162323, 0.5513278841972351, 0.4162787199020386, 0.28264564275741577, 0.5177319645881653]
[0.48716187477111816, 0.585250973701477, 0.4232970178127289, 0.2700643539428711, 0.49718955159187317]
[0.5067296028137207, 0.5583332777023315, 0.4448140561580658, 0.31587138772010803, 0.49646320939064026]
[0.50167316198349, 0.5692242980003357, 0.4320228397846222, 0.3112170696258545, 0.5290390849113464]
[0.4939418137073517, 0.535364031791687, 0.4670541286468506, 0.3235216736793518, 0.5167678594589233]
[0.4328993856906891, 0.5154229998588562, 0.5101116895675659, 0.3926537036895752, 0.4904494285583496]
[0.40430042147636414, 0.5129095315933228, 0.5166782736778259, 0.42160239815711975, 0.45724597573280334]
[0.47747737169265747, 0.5282014608383179, 0.47732028365135193, 0.3601283133029938, 0.4831545054912567]
[0.456430584192276, 0.5414620041847229, 0.4578556716442108, 0.3056495785713196, 0.4401814937591553]
[0.5251676440238953, 0.5611011981964111, 0.41820454597473145, 0.2870578169822693, 0.532772958278656]
[0.4368647038936615, 0.5938490033149719, 0.4278245270252228, 0.28128233551979065, 0.5021486282348633]
[0.5303944945335388, 0.5296157598495483, 0.4674515128135681, 0.3567811846733093, 0.5500941276550293]
[0.534360945224762, 0.516749382019043, 0.49915361404418945, 0.39464038610458374, 0.5393519401550293]
[0.49830880761146545, 0.5798270106315613, 0.42029890418052673, 0.26415368914604187, 0.5049768090248108]
[0.544621467590332, 0.5851687788963318, 0.4092836380004883, 0.2703861594200134, 0.550687313079834]
[0.4766128957271576, 0.5787106156349182, 0.4540228545665741, 0.2980995774269104, 0.4984790086746216]
[0.5010198950767517, 0.5803277492523193, 0.44776418805122375, 0.2949030101299286, 0.5265817046165466]
[0.5816942453384399, 0.5693889260292053, 0.3753267228603363, 0.24303393065929413, 0.5874688625335693]
[0.4286130368709564, 0.5279607772827148, 0.5148200392723083, 0.33422526717185974, 0.5099067091941833]
[0.5452650785446167, 0.5178800225257874, 0.47715482115745544, 0.31374773383140564, 0.5720416307449341]
[0.4873151481151581, 0.545941174030304, 0.48024457693099976, 0.3620645999908447, 0.4875781238079071]
[0.5306717753410339, 0.5805955529212952, 0.3974236845970154, 0.25826719403266907, 0.5748696327209473]
[0.47613590955734253, 0.5376740097999573, 0.4896116852760315, 0.38168489933013916, 0.5028510093688965]
[0.526962161064148, 0.5917417407035828, 0.4024435877799988, 0.26393193006515503, 0.5602583885192871]
[0.5134729743003845, 0.5376880764961243, 0.43481943011283875, 0.30769410729408264, 0.5076473355293274]
[0.4800608456134796, 0.5503544211387634, 0.48689618706703186, 0.3488696217536926, 0.4823397696018219]
[0.49796199798583984, 0.5482196807861328, 0.4910522401332855, 0.38153061270713806, 0.5235911011695862]
[0.4437237083911896, 0.5808864831924438, 0.43781134486198425, 0.27734535932540894, 0.47363385558128357]
[0.5134729743003845, 0.5376880764961243, 0.43481943011283875, 0.30769410729408264, 0.5076473355293274]
[0.5737652778625488, 0.5776061415672302, 0.39823755621910095, 0.2585097849369049, 0.5628865361213684]
[0.5065708756446838, 0.575589120388031, 0.4332461953163147, 0.30156928300857544, 0.5365207195281982]
[0.5130468606948853, 0.5189407467842102, 0.5071832537651062, 0.4422524869441986, 0.5530737042427063]
[0.4658161401748657, 0.5567657947540283, 0.47483834624290466, 0.3643074631690979, 0.48821568489074707]
[0.48902052640914917, 0.5537002086639404, 0.4494088888168335, 0.25809890031814575, 0.5038301944732666]
[0.43062570691108704, 0.5617624521255493, 0.4520152807235718, 0.3154156506061554, 0.478237122297287]
[0.5439190864562988, 0.5586920380592346, 0.44918128848075867, 0.286210298538208, 0.5627343058586121]
[0.4902164340019226, 0.5721526741981506, 0.4618018865585327, 0.2894420921802521, 0.5057564377784729]
[0.5147770047187805, 0.5658673644065857, 0.45184844732284546, 0.3054291009902954, 0.5401300191879272]
[0.5182735919952393, 0.49792617559432983, 0.49146708846092224, 0.33448100090026855, 0.4957205653190613]
[0.5113322734832764, 0.5347845554351807, 0.4888893663883209, 0.3738038241863251, 0.5303020477294922]
[0.4406321048736572, 0.5359057188034058, 0.4965127110481262, 0.36902880668640137, 0.4675458073616028]
[0.5196669101715088, 0.5562561750411987, 0.43623608350753784, 0.27979037165641785, 0.5116673707962036]
[0.49963346123695374, 0.571136474609375, 0.4285803735256195, 0.2849491238594055, 0.5338022112846375]
[0.31692513823509216, 0.5040283799171448, 0.4941195249557495, 0.4547361135482788, 0.43984654545783997]
[0.4487622082233429, 0.5716210603713989, 0.4600348174571991, 0.3031274080276489, 0.45275557041168213]
[0.5015009045600891, 0.5578004121780396, 0.4505041837692261, 0.31384775042533875, 0.5133127570152283]
[0.38128283619880676, 0.5690225958824158, 0.439844012260437, 0.2889440059661865, 0.453940212726593]
[0.4437237083911896, 0.5808864831924438, 0.43781134486198425, 0.27734535932540894, 0.47363385558128357]
[0.5612601637840271, 0.5551708936691284, 0.4335176348686218, 0.26962828636169434, 0.5501163005828857]
[0.5520237684249878, 0.5717880129814148, 0.40430623292922974, 0.2675097584724426, 0.5759390592575073]
[0.5606383681297302, 0.5956488847732544, 0.4009448289871216, 0.2648653984069824, 0.5647184252738953]
[0.4790913462638855, 0.5441182851791382, 0.45086991786956787, 0.2977689504623413, 0.5152655243873596]
[0.5186842083930969, 0.5626201629638672, 0.4454357326030731, 0.30429503321647644, 0.52631676197052]
[0.5119738578796387, 0.5767773985862732, 0.420161634683609, 0.2886592149734497, 0.5166778564453125]
[0.5128918886184692, 0.535442054271698, 0.44957950711250305, 0.3415992558002472, 0.4862802028656006]
[0.49952104687690735, 0.5855129957199097, 0.4312543570995331, 0.2972519099712372, 0.5298975110054016]
[0.4503815174102783, 0.5850937366485596, 0.46169009804725647, 0.3061191737651825, 0.5121889710426331]
[0.5416103005409241, 0.5690715909004211, 0.4237159490585327, 0.27773743867874146, 0.5258459448814392]
[0.43279874324798584, 0.5281218886375427, 0.5096519589424133, 0.3870801329612732, 0.4823942184448242]
[0.42433103919029236, 0.5664016604423523, 0.4766063988208771, 0.3056519627571106, 0.45819321274757385]
[0.45231184363365173, 0.5142233967781067, 0.5123063921928406, 0.39309948682785034, 0.4685530960559845]
[0.46856558322906494, 0.5532271862030029, 0.44868502020835876, 0.3156064450740814, 0.5305402874946594]
[0.4875405430793762, 0.5710285902023315, 0.4335728585720062, 0.3004779815673828, 0.4856090545654297]
[0.5841639041900635, 0.5714247822761536, 0.3978486955165863, 0.2587278187274933, 0.5800069570541382]
[0.4584386348724365, 0.5285652875900269, 0.46908167004585266, 0.33675089478492737, 0.5003004670143127]
[0.5263857841491699, 0.5212262868881226, 0.45489501953125, 0.3261091411113739, 0.5179346799850464]
[0.41223379969596863, 0.5364116430282593, 0.4852622449398041, 0.3107689917087555, 0.4541560709476471]
[0.4897841215133667, 0.5270934104919434, 0.4569384753704071, 0.35576993227005005, 0.48522159457206726]
[0.47141894698143005, 0.53841233253479, 0.46618741750717163, 0.29963234066963196, 0.5197634100914001]
[0.5251676440238953, 0.5611011981964111, 0.41820454597473145, 0.2870578169822693, 0.532772958278656]
[0.5565820932388306, 0.5651822090148926, 0.40781018137931824, 0.2938500642776489, 0.5430096387863159]
[0.513074517250061, 0.5987758040428162, 0.4481915235519409, 0.2852252125740051, 0.51994788646698]
[0.5238441228866577, 0.578202486038208, 0.42398279905319214, 0.28983139991760254, 0.5134186148643494]
[0.5601180195808411, 0.573240339756012, 0.44257205724716187, 0.3034329116344452, 0.5328124165534973]
[0.43311795592308044, 0.5214447975158691, 0.44378045201301575, 0.30885255336761475, 0.4628826677799225]
[0.4812820851802826, 0.5391949415206909, 0.46201059222221375, 0.35842037200927734, 0.5159978866577148]
[0.527854323387146, 0.5857251286506653, 0.42558375000953674, 0.27191784977912903, 0.5264109373092651]
[0.494937002658844, 0.5333489179611206, 0.46432846784591675, 0.28763213753700256, 0.4843612611293793]
[0.5223764181137085, 0.5708609819412231, 0.43282923102378845, 0.2648012042045593, 0.550145149230957]
[0.5341214537620544, 0.5441985130310059, 0.42949700355529785, 0.2953219711780548, 0.5296578407287598]
[0.43738415837287903, 0.5719547271728516, 0.43069174885749817, 0.28993654251098633, 0.5091231465339661]
[0.5180177688598633, 0.5773620009422302, 0.4363822042942047, 0.28595203161239624, 0.5430683493614197]
