1
截屏！！！ 不构成轮奸。连纸媒都发了，真的有这种法律条文吗？哪位律师给科普下吧！
[0.5085708498954773, 0.5544727444648743, 0.47001680731773376, 0.3285324275493622, 0.5167463421821594]
[0.5769048929214478, 0.5547953844070435, 0.46603792905807495, 0.2877339720726013, 0.5570712685585022]
[0.3072885572910309, 0.5462142825126648, 0.45011675357818604, 0.3187411427497864, 0.437751442193985]
[0.48566702008247375, 0.5086947083473206, 0.49437475204467773, 0.4010551869869232, 0.522247314453125]
[0.4790336787700653, 0.5540135502815247, 0.45467671751976013, 0.3172307312488556, 0.5022347569465637]
[0.5128346681594849, 0.5584617853164673, 0.4303886890411377, 0.30426639318466187, 0.5293427109718323]
[0.471013605594635, 0.5352059602737427, 0.4702243506908417, 0.36458951234817505, 0.5106762647628784]
[0.499758243560791, 0.5692700743675232, 0.42032721638679504, 0.31107160449028015, 0.5140014290809631]
[0.5254421234130859, 0.5865527987480164, 0.42489299178123474, 0.29814550280570984, 0.5451791882514954]
[0.500311553478241, 0.5842146277427673, 0.39878758788108826, 0.244782492518425, 0.5434128046035767]
[0.5263108015060425, 0.5806857943534851, 0.4107930362224579, 0.25829657912254333, 0.5386351346969604]
[0.5738577842712402, 0.5881830453872681, 0.3964352607727051, 0.2611137628555298, 0.5900781154632568]
[0.5592539310455322, 0.5146954655647278, 0.4568019211292267, 0.3311457335948944, 0.5663392543792725]
[0.47669705748558044, 0.543928325176239, 0.4483489990234375, 0.3423740565776825, 0.49834051728248596]
[0.5107273459434509, 0.5620887279510498, 0.4215291142463684, 0.28294727206230164, 0.5311902165412903]
[0.45816895365715027, 0.5676084160804749, 0.4349019527435303, 0.286502867937088, 0.501784086227417]
[0.4461243450641632, 0.5312812924385071, 0.45981070399284363, 0.3500576615333557, 0.4792155623435974]
[0.5604395866394043, 0.548730194568634, 0.4231991469860077, 0.2554333209991455, 0.5726013779640198]
[0.46369796991348267, 0.5587400794029236, 0.45650821924209595, 0.2858303487300873, 0.48946553468704224]
[0.5073326230049133, 0.5644179582595825, 0.437661737203598, 0.2844269275665283, 0.5107939839363098]
[0.5176799893379211, 0.5451724529266357, 0.42352068424224854, 0.2891775667667389, 0.5387043952941895]
[0.5407351851463318, 0.5674712061882019, 0.398792028427124, 0.2869893014431, 0.5213979482650757]
[0.45351094007492065, 0.5199956297874451, 0.46841326355934143, 0.28887739777565, 0.4866407513618469]
[0.48526936769485474, 0.5560178756713867, 0.4517301023006439, 0.3284410834312439, 0.46438974142074585]
[0.4087156653404236, 0.5863317847251892, 0.4478805661201477, 0.3010941743850708, 0.4582418203353882]
[0.5440855622291565, 0.5502319931983948, 0.417445570230484, 0.2658480405807495, 0.5681943893432617]
[0.5194713473320007, 0.5164841413497925, 0.5085760354995728, 0.3881058692932129, 0.5320205092430115]
[0.5223832130432129, 0.5107712149620056, 0.46688762307167053, 0.33235278725624084, 0.5356922745704651]
[0.4487622082233429, 0.5716210603713989, 0.4600348174571991, 0.3031274080276489, 0.45275557041168213]
[0.5775148868560791, 0.5881684422492981, 0.40074825286865234, 0.265770822763443, 0.5528695583343506]
[0.560441255569458, 0.5636986494064331, 0.43184953927993774, 0.2807091772556305, 0.5623654723167419]
[0.4639476537704468, 0.5800846815109253, 0.4283997118473053, 0.2844354510307312, 0.4945148527622223]
[0.39915964007377625, 0.5520431399345398, 0.4493243992328644, 0.28936704993247986, 0.4610350430011749]
[0.5179264545440674, 0.5720638632774353, 0.42378032207489014, 0.29268085956573486, 0.521715521812439]
[0.523299515247345, 0.5704994797706604, 0.4310857951641083, 0.3250252902507782, 0.5141313672065735]
[0.3799150884151459, 0.554870069026947, 0.4476039409637451, 0.31241321563720703, 0.42576998472213745]
[0.48830607533454895, 0.5485079884529114, 0.45883676409721375, 0.3213871717453003, 0.5172502398490906]
[0.4892812669277191, 0.5610761642456055, 0.43785393238067627, 0.30486100912094116, 0.5106449127197266]
[0.402078777551651, 0.5332872271537781, 0.45101198554039, 0.32281920313835144, 0.4625559151172638]
[0.4040803909301758, 0.5219056010246277, 0.5117233395576477, 0.3857809007167816, 0.4593541622161865]
[0.4499368369579315, 0.5484589338302612, 0.4867573082447052, 0.34424248337745667, 0.49872687458992004]
[0.5002211928367615, 0.5785875916481018, 0.4215318262577057, 0.2835032343864441, 0.5176048874855042]
[0.4907263517379761, 0.5740360617637634, 0.430331826210022, 0.315174400806427, 0.5362787842750549]
[0.5333552956581116, 0.5478627681732178, 0.4298856556415558, 0.2707049250602722, 0.5538495182991028]
[0.5224091410636902, 0.5602709054946899, 0.40331706404685974, 0.2783889174461365, 0.5550328493118286]
[0.4985787868499756, 0.5732409358024597, 0.44298964738845825, 0.283833771944046, 0.5409770607948303]
[0.48666128516197205, 0.5251256227493286, 0.45908990502357483, 0.2987233102321625, 0.4911152422428131]
[0.4586043953895569, 0.5497601628303528, 0.4713922441005707, 0.39086753129959106, 0.48715078830718994]
[0.5248589515686035, 0.5762831568717957, 0.40394267439842224, 0.2820894122123718, 0.5041853785514832]
[0.5372156500816345, 0.5885806679725647, 0.42104923725128174, 0.27524176239967346, 0.5593236088752747]
[0.45151904225349426, 0.5068790316581726, 0.4999222755432129, 0.3655606508255005, 0.49950262904167175]
[0.46665358543395996, 0.5705593824386597, 0.4482665956020355, 0.3196617662906647, 0.4886282682418823]
[0.4949882924556732, 0.572914183139801, 0.43797916173934937, 0.2882321774959564, 0.5381976962089539]
[0.5107273459434509, 0.5620887279510498, 0.4215291142463684, 0.28294727206230164, 0.5311902165412903]
[0.5104303956031799, 0.5470498204231262, 0.45315828919410706, 0.3156476318836212, 0.5295511484146118]
[0.4838745594024658, 0.5677425265312195, 0.4435212314128876, 0.2833887040615082, 0.5409577488899231]
[0.5923781394958496, 0.539121687412262, 0.40973523259162903, 0.250353068113327, 0.562861979007721]
[0.4538819491863251, 0.5424767136573792, 0.5155784487724304, 0.3840354084968567, 0.5084077715873718]
[0.434749573469162, 0.520888090133667, 0.4688272178173065, 0.35778316855430603, 0.47074130177497864]
[0.4983384609222412, 0.548853874206543, 0.4566808044910431, 0.2981269061565399, 0.5268532633781433]
[0.4299624264240265, 0.5511347651481628, 0.4514850676059723, 0.31306183338165283, 0.4770025610923767]
[0.5023288726806641, 0.5310976505279541, 0.4699280261993408, 0.33946841955184937, 0.5242193937301636]
[0.3897671699523926, 0.5514290928840637, 0.4782109558582306, 0.3248850107192993, 0.47252288460731506]
[0.4910012483596802, 0.5666115283966064, 0.44080471992492676, 0.2896079421043396, 0.5101462006568909]
[0.44715824723243713, 0.5299102663993835, 0.4830780029296875, 0.3634145259857178, 0.47741806507110596]
[0.4585799276828766, 0.5902530550956726, 0.459614098072052, 0.3178648054599762, 0.49330464005470276]
[0.466351717710495, 0.5851182341575623, 0.43401607871055603, 0.2947186529636383, 0.4751080274581909]
[0.4850805103778839, 0.5413254499435425, 0.49101072549819946, 0.37366923689842224, 0.5427941083908081]
[0.46930429339408875, 0.5369269251823425, 0.4640754759311676, 0.3472834527492523, 0.4884447753429413]
[0.5187511444091797, 0.5657637715339661, 0.4381132125854492, 0.2819228768348694, 0.518878698348999]
[0.4901619553565979, 0.5617017149925232, 0.4686051309108734, 0.32858651876449585, 0.495395302772522]
[0.4223453402519226, 0.5435698628425598, 0.5140725374221802, 0.3563634157180786, 0.4584027826786041]
[0.49704650044441223, 0.5799024701118469, 0.46458572149276733, 0.28518420457839966, 0.5087103843688965]
[0.5329271554946899, 0.55544114112854, 0.42520520091056824, 0.30039530992507935, 0.5238333344459534]
[0.4975522756576538, 0.5980226397514343, 0.42671459913253784, 0.267557829618454, 0.5174409747123718]
[0.4122999906539917, 0.5330657958984375, 0.4396783709526062, 0.298378050327301, 0.4619218409061432]
[0.45505058765411377, 0.5405359864234924, 0.4724612534046173, 0.3960805833339691, 0.485843688249588]
[0.510113537311554, 0.5550300478935242, 0.4603978991508484, 0.3010525107383728, 0.47083523869514465]
[0.5370618104934692, 0.5618346929550171, 0.42153725028038025, 0.28187376260757446, 0.5226020812988281]
