1
北京时间3月12日消息，在83版《西游记》中扮演孙悟空的演员六小龄童（章金莱），3月12日早上八点半病逝于浙江绍兴慈济医院，享年53岁。如果他给你的童年带去了无数欢乐，如果你觉得他是无可超越的经典，请默默的转发，让更多人祝愿猴哥，伴随我们成长永远的偶像一路走好！！
[0.5269657969474792, 0.5132423043251038, 0.5081517696380615, 0.4623979926109314, 0.551615297794342]
[0.5343832969665527, 0.5802587270736694, 0.4250352084636688, 0.28814104199409485, 0.5496314764022827]
[0.44294002652168274, 0.5682083964347839, 0.4404904246330261, 0.32475486397743225, 0.477593332529068]
[0.5145362019538879, 0.587771475315094, 0.438983291387558, 0.30546435713768005, 0.5242183208465576]
[0.5800377726554871, 0.5850558280944824, 0.40129807591438293, 0.2476397156715393, 0.5814961791038513]
[0.48098596930503845, 0.5529946684837341, 0.4523777961730957, 0.32022541761398315, 0.5137321352958679]
[0.5173778533935547, 0.5758917927742004, 0.45045164227485657, 0.32201483845710754, 0.49098968505859375]
[0.5116062760353088, 0.5830711722373962, 0.4067133963108063, 0.2717929184436798, 0.5402275323867798]
[0.5098628997802734, 0.5615831613540649, 0.4201231002807617, 0.2826354205608368, 0.5474916696548462]
[0.49057886004447937, 0.5970014929771423, 0.4354822635650635, 0.2780807316303253, 0.5401405692100525]
[0.5278209447860718, 0.571621298789978, 0.40483683347702026, 0.2841610610485077, 0.5312833189964294]
[0.5420949459075928, 0.5894714593887329, 0.4196688234806061, 0.29038721323013306, 0.544009804725647]
[0.530376672744751, 0.5891476273536682, 0.42309674620628357, 0.28906482458114624, 0.5402176976203918]
[0.5237041711807251, 0.5485209822654724, 0.463291198015213, 0.3222990036010742, 0.5026255249977112]
[0.4941442012786865, 0.5597826242446899, 0.4700793921947479, 0.31233593821525574, 0.5002922415733337]
[0.5353133678436279, 0.5673655271530151, 0.4281601905822754, 0.28900763392448425, 0.5540064573287964]
[0.5589722394943237, 0.5785741806030273, 0.39779624342918396, 0.23428209125995636, 0.5455964803695679]
[0.4895372688770294, 0.5469096302986145, 0.4583898186683655, 0.34686243534088135, 0.5428128838539124]
[0.4489193856716156, 0.5545665621757507, 0.44654229283332825, 0.2945876717567444, 0.516149640083313]
[0.48478662967681885, 0.5760458111763, 0.4171178936958313, 0.28613516688346863, 0.5037068724632263]
[0.4999934434890747, 0.5641103982925415, 0.46424832940101624, 0.30598971247673035, 0.537543773651123]
[0.5235422849655151, 0.6003019213676453, 0.4313376545906067, 0.2767085134983063, 0.5299601554870605]
[0.5444547533988953, 0.5788403153419495, 0.4141564965248108, 0.2743050754070282, 0.561682939529419]
[0.49083414673805237, 0.5682452917098999, 0.4692612588405609, 0.29595351219177246, 0.5444462299346924]
[0.45967039465904236, 0.5374547243118286, 0.48732635378837585, 0.38236090540885925, 0.4823800325393677]
[0.537857174873352, 0.578258752822876, 0.41574907302856445, 0.2937658429145813, 0.5451898574829102]
[0.5823814272880554, 0.5898826718330383, 0.3836638331413269, 0.247645303606987, 0.5791921615600586]
[0.5538288950920105, 0.5953524708747864, 0.4322952330112457, 0.2764604389667511, 0.5727989077568054]
[0.5340544581413269, 0.581126868724823, 0.4241502285003662, 0.284345418214798, 0.5431104302406311]
[0.5267656445503235, 0.5471681356430054, 0.41773244738578796, 0.3299669921398163, 0.5396267771720886]
[0.5194206237792969, 0.5682888031005859, 0.43745294213294983, 0.31021833419799805, 0.5325081944465637]
[0.5212002992630005, 0.5858216881752014, 0.4119790196418762, 0.2806444764137268, 0.5454583764076233]
[0.47710365056991577, 0.5429479479789734, 0.44473883509635925, 0.323334276676178, 0.4903131127357483]
[0.4280758202075958, 0.5497482419013977, 0.4992932081222534, 0.3434727191925049, 0.46587926149368286]
[0.4375351369380951, 0.5263824462890625, 0.45628103613853455, 0.28995952010154724, 0.4579482972621918]
[0.46330520510673523, 0.5882744789123535, 0.42826560139656067, 0.27613383531570435, 0.5066085457801819]
[0.40151265263557434, 0.5663594603538513, 0.43793928623199463, 0.2855948209762573, 0.4673982262611389]
[0.44958409667015076, 0.5498007535934448, 0.4646993577480316, 0.349411278963089, 0.4896644949913025]
[0.501255989074707, 0.5478198528289795, 0.44230911135673523, 0.31277188658714294, 0.5196228623390198]
[0.5008487105369568, 0.5833641886711121, 0.4625348448753357, 0.2973370850086212, 0.5231808423995972]
[0.5050008893013, 0.5779869556427002, 0.4343986511230469, 0.2928168475627899, 0.5237854719161987]
[0.4957665503025055, 0.5674707889556885, 0.44756773114204407, 0.29172399640083313, 0.509587287902832]
[0.47004735469818115, 0.5850158333778381, 0.4352738559246063, 0.27445659041404724, 0.5008507370948792]
[0.4969691038131714, 0.5376881957054138, 0.47967061400413513, 0.36874061822891235, 0.4929925799369812]
[0.482493132352829, 0.5563881993293762, 0.44756683707237244, 0.3066042959690094, 0.48918724060058594]
[0.5186105370521545, 0.5755183696746826, 0.42598170042037964, 0.300294429063797, 0.5256596207618713]
[0.4592331051826477, 0.5663432478904724, 0.43520528078079224, 0.30593621730804443, 0.4853534400463104]
[0.5035571455955505, 0.5714249610900879, 0.42366158962249756, 0.27353382110595703, 0.5227556228637695]
[0.5101311802864075, 0.5419739484786987, 0.4204578399658203, 0.29837867617607117, 0.5226147770881653]
[0.44427138566970825, 0.5301149487495422, 0.48122718930244446, 0.3795546591281891, 0.5122818350791931]
[0.49530029296875, 0.5366564393043518, 0.4542992413043976, 0.3207087814807892, 0.5133261680603027]
[0.5235946774482727, 0.5704836845397949, 0.4159187078475952, 0.2748022675514221, 0.5570746064186096]
[0.5774304270744324, 0.6065936088562012, 0.41549786925315857, 0.2480234056711197, 0.5604559779167175]
[0.4232366383075714, 0.5545457601547241, 0.4550184905529022, 0.2995060086250305, 0.4545837640762329]
[0.5233546495437622, 0.5652980208396912, 0.416056752204895, 0.27333828806877136, 0.5351897478103638]
[0.5082874298095703, 0.5655674338340759, 0.43801960349082947, 0.30195218324661255, 0.5373566746711731]
[0.5145377516746521, 0.5634405612945557, 0.4433085024356842, 0.3164672553539276, 0.5323658585548401]
[0.5504789352416992, 0.5504522323608398, 0.46797049045562744, 0.3006422519683838, 0.5575739741325378]
[0.5471362471580505, 0.5635825991630554, 0.4165762662887573, 0.2894768714904785, 0.5441675186157227]
[0.5018045902252197, 0.5561157464981079, 0.43155333399772644, 0.3139015734195709, 0.5069006085395813]
[0.5680174827575684, 0.5808889269828796, 0.409572571516037, 0.2603491544723511, 0.5799045562744141]
[0.5322868227958679, 0.5772219300270081, 0.46577543020248413, 0.3026738464832306, 0.5389379858970642]
[0.5721772313117981, 0.5815412998199463, 0.39092642068862915, 0.2605140805244446, 0.5718023180961609]
[0.5660685896873474, 0.5538889169692993, 0.41611844301223755, 0.27124837040901184, 0.5326583385467529]
[0.4725094735622406, 0.5889657735824585, 0.4421815574169159, 0.2917708456516266, 0.5010825991630554]
[0.5079377889633179, 0.5566768646240234, 0.42637762427330017, 0.2943183183670044, 0.5354710221290588]
[0.41653770208358765, 0.5616007447242737, 0.4540809690952301, 0.3314589560031891, 0.4776136875152588]
[0.5760390162467957, 0.5957454442977905, 0.3928932249546051, 0.2522331774234772, 0.5792338848114014]
[0.6251541972160339, 0.5748669505119324, 0.3739875257015228, 0.21850170195102692, 0.6120474338531494]
[0.49928340315818787, 0.5636363625526428, 0.448988139629364, 0.28149962425231934, 0.521946132183075]
[0.3804987668991089, 0.5088867545127869, 0.5386192202568054, 0.46505892276763916, 0.4540409445762634]
[0.5455278754234314, 0.5622316598892212, 0.4359114170074463, 0.31884121894836426, 0.5460717082023621]
[0.5323870778083801, 0.5254276394844055, 0.46033918857574463, 0.34391888976097107, 0.5407368540763855]
[0.43760931491851807, 0.5562448501586914, 0.4260033667087555, 0.3052239716053009, 0.4711877405643463]
[0.48402899503707886, 0.5845259428024292, 0.42502114176750183, 0.2802170515060425, 0.5315676331520081]
[0.49343058466911316, 0.554305374622345, 0.4378620684146881, 0.2774215042591095, 0.5401260256767273]
[0.5473241209983826, 0.5865799188613892, 0.4032662808895111, 0.2633401155471802, 0.5480524897575378]
[0.5276130437850952, 0.577394425868988, 0.40900710225105286, 0.24727049469947815, 0.5663424134254456]
[0.4841063916683197, 0.5950689911842346, 0.4183366298675537, 0.2887490689754486, 0.5321388244628906]
[0.4956289827823639, 0.5548613667488098, 0.4528225362300873, 0.325393408536911, 0.5192671418190002]
[0.5211601257324219, 0.5969942808151245, 0.43446072936058044, 0.28376305103302, 0.518815279006958]
[0.46721115708351135, 0.5747145414352417, 0.4627479612827301, 0.327135294675827, 0.5049092769622803]
[0.5419140458106995, 0.5590604543685913, 0.41135677695274353, 0.2852694094181061, 0.5679375529289246]
[0.5304228067398071, 0.5651981234550476, 0.4139287769794464, 0.28792789578437805, 0.5116130709648132]
[0.4871358573436737, 0.5453296899795532, 0.47789812088012695, 0.36443737149238586, 0.4998474717140198]
[0.4545256793498993, 0.5542993545532227, 0.45207762718200684, 0.3170371353626251, 0.5094646215438843]
[0.4997277557849884, 0.5676271915435791, 0.420989066362381, 0.28179723024368286, 0.5271197557449341]
[0.5414842963218689, 0.5834501385688782, 0.3877500593662262, 0.24899822473526, 0.5719048976898193]
[0.5119766592979431, 0.5590542554855347, 0.45974889397621155, 0.2980894148349762, 0.5405329465866089]
[0.481550395488739, 0.5870037078857422, 0.43896234035491943, 0.2852444648742676, 0.5277082324028015]
[0.5006024241447449, 0.5574885606765747, 0.4308266341686249, 0.3072284162044525, 0.5185932517051697]
[0.47279345989227295, 0.5708730220794678, 0.4237436056137085, 0.3002871572971344, 0.49600833654403687]
[0.4001501202583313, 0.5606777667999268, 0.4292874336242676, 0.278999000787735, 0.4623757302761078]
[0.4149545431137085, 0.5307455658912659, 0.42089182138442993, 0.2595471143722534, 0.4824845790863037]
[0.5401529669761658, 0.569744348526001, 0.4131510555744171, 0.2670288383960724, 0.5777637362480164]
[0.5057491064071655, 0.5619165301322937, 0.4474831521511078, 0.3127882182598114, 0.5343374013900757]
[0.4771667718887329, 0.5535995960235596, 0.4329572916030884, 0.28748732805252075, 0.5232913494110107]
[0.5338282585144043, 0.5327541828155518, 0.4090956747531891, 0.30436328053474426, 0.5281018614768982]
[0.5094430446624756, 0.5085928440093994, 0.4139467775821686, 0.2971031665802002, 0.5248027443885803]
[0.5468447804450989, 0.5769097208976746, 0.4138273298740387, 0.25097379088401794, 0.555521547794342]
[0.5203555226325989, 0.575831413269043, 0.4022219777107239, 0.2692290246486664, 0.5530508756637573]
