1
【差距】1996年在澳大利亚悉尼，一只野狗在水库大便，结果当地水务局鉴定水质污染，悉尼水业在电视台和报社打广告，告诉大家自来水被污染——2013年在中国上海，几千头死猪出现在黄浦江，结果当地水务局宣布水质没有问题... by网易
[0.5378288626670837, 0.5229364037513733, 0.419403612613678, 0.24255865812301636, 0.5459433794021606]
[0.4329950213432312, 0.5409820675849915, 0.44697830080986023, 0.3105889558792114, 0.4686252772808075]
[0.5614305734634399, 0.5748092532157898, 0.3985528349876404, 0.26030468940734863, 0.5855000019073486]
[0.5070153474807739, 0.5526136755943298, 0.45145779848098755, 0.307356595993042, 0.5117798447608948]
[0.5894338488578796, 0.5861788988113403, 0.3948378562927246, 0.25692614912986755, 0.5739879608154297]
[0.4538764953613281, 0.5887206196784973, 0.427939772605896, 0.27191513776779175, 0.4952337443828583]
[0.49318283796310425, 0.5508583188056946, 0.4572564959526062, 0.3079966604709625, 0.47127243876457214]
[0.4714769124984741, 0.5696991682052612, 0.4382181167602539, 0.2875937223434448, 0.4963967800140381]
[0.4773554801940918, 0.5670616626739502, 0.4383496642112732, 0.30178630352020264, 0.5186669230461121]
[0.47602197527885437, 0.5746781229972839, 0.44317370653152466, 0.2930799126625061, 0.4659425616264343]
[0.5622643828392029, 0.5753608345985413, 0.41913944482803345, 0.26766151189804077, 0.5668787360191345]
[0.5315364003181458, 0.5757692456245422, 0.43128588795661926, 0.28446829319000244, 0.518339991569519]
[0.4669373035430908, 0.5855969786643982, 0.4376484751701355, 0.30116209387779236, 0.4761660099029541]
[0.5076589584350586, 0.5214694142341614, 0.46552780270576477, 0.3196021616458893, 0.5417085886001587]
[0.49121659994125366, 0.5529679656028748, 0.43356725573539734, 0.2826184928417206, 0.5282288789749146]
[0.5300689935684204, 0.5712758898735046, 0.43688827753067017, 0.2514766752719879, 0.5279982686042786]
[0.4822344481945038, 0.561273455619812, 0.4250383973121643, 0.29308632016181946, 0.5334614515304565]
[0.3165852725505829, 0.5423191785812378, 0.4437611997127533, 0.2944454550743103, 0.43081194162368774]
[0.3859312832355499, 0.5320952534675598, 0.47274693846702576, 0.3418402075767517, 0.4486594796180725]
[0.48173514008522034, 0.5557438731193542, 0.4592934846878052, 0.3243105411529541, 0.5209609270095825]
[0.5094611644744873, 0.5678696036338806, 0.42829692363739014, 0.28257399797439575, 0.5468431115150452]
[0.4638778269290924, 0.5640982389450073, 0.45548751950263977, 0.3149859309196472, 0.4934092164039612]
[0.3165852725505829, 0.5423191785812378, 0.4437611997127533, 0.2944454550743103, 0.43081194162368774]
[0.5621147155761719, 0.5729944109916687, 0.4159991443157196, 0.26004210114479065, 0.5378396511077881]
[0.48605936765670776, 0.569847822189331, 0.4501619040966034, 0.31330129504203796, 0.5109972357749939]
[0.44968026876449585, 0.5401620864868164, 0.45972225069999695, 0.30963364243507385, 0.4466307461261749]
[0.5627443194389343, 0.5359243750572205, 0.43925705552101135, 0.2850566506385803, 0.5563389658927917]
[0.5652673244476318, 0.5651620626449585, 0.4168725907802582, 0.2510295510292053, 0.5392335057258606]
[0.483042448759079, 0.5506288409233093, 0.4572141170501709, 0.31505095958709717, 0.5027868151664734]
[0.47815218567848206, 0.5671319365501404, 0.4215846061706543, 0.28377068042755127, 0.5179985761642456]
[0.4696514904499054, 0.5330540537834167, 0.506283700466156, 0.3990529477596283, 0.5128685235977173]
[0.37272709608078003, 0.5745255351066589, 0.44913366436958313, 0.28830865025520325, 0.4614790678024292]
[0.5126210451126099, 0.5496118664741516, 0.4650011658668518, 0.2988322377204895, 0.5205904841423035]
[0.3137812912464142, 0.5486873984336853, 0.43560394644737244, 0.283470094203949, 0.4484351873397827]
[0.4645165503025055, 0.5334883332252502, 0.466802716255188, 0.3214181661605835, 0.504786491394043]
[0.4043748080730438, 0.5477517247200012, 0.4835677146911621, 0.35992011427879333, 0.4641328454017639]
[0.4441588521003723, 0.5618838667869568, 0.4526614546775818, 0.27158504724502563, 0.481680691242218]
[0.44389525055885315, 0.5376409292221069, 0.4771377742290497, 0.34631386399269104, 0.4559135138988495]
[0.4679694175720215, 0.516636073589325, 0.4840223491191864, 0.37366098165512085, 0.5081465840339661]
[0.4931487441062927, 0.5323805212974548, 0.492584228515625, 0.37813079357147217, 0.5278464555740356]
[0.47585564851760864, 0.5226917266845703, 0.502296507358551, 0.38715121150016785, 0.5205066800117493]
[0.38134056329727173, 0.5055927038192749, 0.5300928354263306, 0.44504308700561523, 0.46469956636428833]
[0.5864546298980713, 0.5698622465133667, 0.3925768733024597, 0.2520357072353363, 0.5658770799636841]
[0.5056874752044678, 0.5736160278320312, 0.4251314103603363, 0.2824714183807373, 0.5171571969985962]
[0.5003593564033508, 0.54779452085495, 0.43870609998703003, 0.3075319230556488, 0.5186057686805725]
[0.5137909650802612, 0.5710288286209106, 0.45429274439811707, 0.31233420968055725, 0.5165071487426758]
[0.4560781419277191, 0.5623162388801575, 0.46527713537216187, 0.3129713833332062, 0.49272027611732483]
[0.4962790012359619, 0.5229671001434326, 0.507725715637207, 0.38227367401123047, 0.5163629651069641]
[0.5262276530265808, 0.5689491033554077, 0.430012047290802, 0.27868086099624634, 0.5471231341362]
[0.4612404704093933, 0.5579449534416199, 0.4437846839427948, 0.30676135420799255, 0.4865211248397827]
[0.49476686120033264, 0.5477007627487183, 0.45572447776794434, 0.2667319178581238, 0.48702701926231384]
[0.46295419335365295, 0.5220001935958862, 0.45377567410469055, 0.3388644754886627, 0.5076513290405273]
[0.5227828621864319, 0.5377570390701294, 0.4410828948020935, 0.3000930845737457, 0.547360897064209]
[0.5573258399963379, 0.5426868796348572, 0.49321576952934265, 0.38697168231010437, 0.5819142460823059]
[0.3165852725505829, 0.5423191785812378, 0.4437611997127533, 0.2944454550743103, 0.43081194162368774]
[0.5071500539779663, 0.5559179782867432, 0.42525866627693176, 0.2800980806350708, 0.5413599610328674]
[0.5769748687744141, 0.5837199687957764, 0.4037854075431824, 0.2620372176170349, 0.5884954929351807]
[0.5094572901725769, 0.5669873952865601, 0.4546034336090088, 0.3111090064048767, 0.5301703810691833]
[0.48473864793777466, 0.5480565428733826, 0.4657355546951294, 0.29408174753189087, 0.523809015750885]
[0.5378288626670837, 0.5229364037513733, 0.419403612613678, 0.24255865812301636, 0.5459433794021606]
[0.5199482440948486, 0.5645106434822083, 0.4213009774684906, 0.274140328168869, 0.5594796538352966]
[0.5630003809928894, 0.5546891689300537, 0.40298768877983093, 0.24104441702365875, 0.5514742136001587]
[0.3797207176685333, 0.5669065713882446, 0.44790008664131165, 0.28564774990081787, 0.45854854583740234]
[0.501714825630188, 0.5713180899620056, 0.4171050786972046, 0.28246843814849854, 0.497427761554718]
[0.5618607997894287, 0.5515839457511902, 0.40985623002052307, 0.2954777181148529, 0.5465449094772339]
[0.5585494041442871, 0.5540056228637695, 0.4340938329696655, 0.28730276226997375, 0.5546772480010986]
[0.5322148203849792, 0.5770826935768127, 0.41584762930870056, 0.2728175222873688, 0.5286970734596252]
[0.5177031755447388, 0.5404741168022156, 0.4584953486919403, 0.30423301458358765, 0.5562688112258911]
[0.4982759952545166, 0.5263465046882629, 0.4768754243850708, 0.3935936391353607, 0.5420340299606323]
[0.49769651889801025, 0.5588858127593994, 0.4620811343193054, 0.32332390546798706, 0.501204788684845]
[0.43442001938819885, 0.5684524774551392, 0.43829280138015747, 0.2751162350177765, 0.5004626512527466]
[0.49075955152511597, 0.588474690914154, 0.43747538328170776, 0.2703629434108734, 0.5230196714401245]
[0.42428308725357056, 0.5644852519035339, 0.46015846729278564, 0.3022983968257904, 0.4704529047012329]
[0.5169461369514465, 0.5429559350013733, 0.45016640424728394, 0.30467164516448975, 0.5300728678703308]
[0.5543074011802673, 0.5616824626922607, 0.4212111234664917, 0.2673332095146179, 0.54685378074646]
[0.5244117379188538, 0.5748723745346069, 0.42191627621650696, 0.2710825502872467, 0.555569052696228]
[0.5166064500808716, 0.5630476474761963, 0.4168802499771118, 0.2666811943054199, 0.5050334930419922]
[0.5120378136634827, 0.5563067197799683, 0.47406357526779175, 0.2751317322254181, 0.5359835028648376]
[0.5250835418701172, 0.5615657567977905, 0.41309770941734314, 0.2806839346885681, 0.5360656976699829]
[0.4989888370037079, 0.5480992197990417, 0.4536866545677185, 0.3104647994041443, 0.5401639342308044]
[0.5199401378631592, 0.5699643492698669, 0.43465128540992737, 0.2700326442718506, 0.5256873965263367]
[0.3270060122013092, 0.5521538853645325, 0.4382612705230713, 0.30088934302330017, 0.4279816448688507]
[0.44426456093788147, 0.5514205098152161, 0.4383307993412018, 0.30343833565711975, 0.48636898398399353]
[0.5543011426925659, 0.5770152807235718, 0.4135592579841614, 0.27965766191482544, 0.555854082107544]
[0.5333913564682007, 0.5887700319290161, 0.4226933419704437, 0.27890726923942566, 0.5656118392944336]
[0.4897441565990448, 0.5462846755981445, 0.47247114777565, 0.3072942793369293, 0.5189749002456665]
[0.5114697217941284, 0.5777586102485657, 0.44089260697364807, 0.307595431804657, 0.5152027606964111]
[0.539384663105011, 0.55653315782547, 0.4405023455619812, 0.2809891998767853, 0.5300700664520264]
[0.4696716368198395, 0.5549660325050354, 0.4583151936531067, 0.33449068665504456, 0.5066695213317871]
[0.47917619347572327, 0.5670273900032043, 0.4488229751586914, 0.28414595127105713, 0.507770299911499]
[0.49167218804359436, 0.5396201610565186, 0.4857819974422455, 0.3689030408859253, 0.5179058313369751]
[0.49103689193725586, 0.5485010743141174, 0.4859284460544586, 0.3353350758552551, 0.524029016494751]
[0.43735751509666443, 0.54604572057724, 0.4190669059753418, 0.28741082549095154, 0.5028855800628662]
[0.3165852725505829, 0.5423191785812378, 0.4437611997127533, 0.2944454550743103, 0.43081194162368774]
[0.4796883761882782, 0.5590755939483643, 0.43915772438049316, 0.2983221709728241, 0.5014067888259888]
[0.5514735579490662, 0.581039309501648, 0.4193442761898041, 0.25985613465309143, 0.5907955765724182]
[0.5696421265602112, 0.5822131633758545, 0.40161868929862976, 0.26986420154571533, 0.5713590383529663]
[0.5121511220932007, 0.60237056016922, 0.4230426251888275, 0.27097228169441223, 0.5119544267654419]
[0.5839911699295044, 0.582320511341095, 0.40126481652259827, 0.25198617577552795, 0.5719232559204102]
[0.5601542592048645, 0.5696357488632202, 0.40875422954559326, 0.23670579493045807, 0.5863040089607239]
[0.4794749617576599, 0.5700881481170654, 0.42826804518699646, 0.27582409977912903, 0.5266532897949219]
