1
有个朋友刚发了一个腾讯微博team挂了一个的消息，我想。。。没日没夜的努力，换来的不是安逸，不是平静，甚至不是世俗的酒色财气，却突然暴毙了，这样的人生，遗憾估计会很多吧。。。从前有个人，他从小就很努力，努力读书，努力工作，努力筹备未来，后来....他死了！亲们保重哦
[0.5210135579109192, 0.5338588356971741, 0.46461865305900574, 0.3465285897254944, 0.5548220276832581]
[0.5352769494056702, 0.5574416518211365, 0.4226751923561096, 0.285388708114624, 0.5385742783546448]
[0.4783976972103119, 0.5572355389595032, 0.45791685581207275, 0.2965342104434967, 0.5313949584960938]
[0.47425612807273865, 0.5785049200057983, 0.4397018551826477, 0.3021250367164612, 0.4918173551559448]
[0.5651318430900574, 0.5625759363174438, 0.41290223598480225, 0.2915760576725006, 0.5716360807418823]
[0.5119693875312805, 0.5666950345039368, 0.42810317873954773, 0.27532580494880676, 0.530552089214325]
[0.5701820254325867, 0.5709693431854248, 0.4092074930667877, 0.23540383577346802, 0.5516133308410645]
[0.39684703946113586, 0.5653483867645264, 0.44241341948509216, 0.30521824955940247, 0.46071523427963257]
[0.5325873494148254, 0.5880876183509827, 0.42129048705101013, 0.2533036768436432, 0.5475322008132935]
[0.5563803315162659, 0.5615463852882385, 0.4454236328601837, 0.3056371212005615, 0.5475329160690308]
[0.5491952300071716, 0.5918990969657898, 0.42066478729248047, 0.26386961340904236, 0.5615143775939941]
[0.46650639176368713, 0.5573643445968628, 0.4475558400154114, 0.31931838393211365, 0.49963197112083435]
[0.5759689807891846, 0.5617015361785889, 0.41401949524879456, 0.27310052514076233, 0.5715451240539551]
[0.3472675681114197, 0.5342510938644409, 0.47803860902786255, 0.35415610671043396, 0.4545269310474396]
[0.5074912905693054, 0.5390838384628296, 0.44333013892173767, 0.30966782569885254, 0.49634265899658203]
