1
【内幕出来了！笑的我眼泪都出来了！】在我的再三哀求下，央视铁哥们在一番请示之后，终于截图给我了....『真不能怪何润东！润东同学的确是把最后一句删掉了！！！』 终于见识到什么是笨蛋了！哈哈！！艾玛，我得出去跑跑步，笑的我肚子痛死了……via
[0.5375666618347168, 0.5161117315292358, 0.4936336576938629, 0.43570104241371155, 0.5533407926559448]
[0.5482267737388611, 0.582735002040863, 0.4197937846183777, 0.2607758939266205, 0.5397703051567078]
[0.4202689528465271, 0.5757107138633728, 0.4309403896331787, 0.27894097566604614, 0.466061532497406]
[0.4526997208595276, 0.5516431331634521, 0.4426972270011902, 0.2855505645275116, 0.47585824131965637]
[0.4888753294944763, 0.5814384818077087, 0.43229538202285767, 0.2672049403190613, 0.5009667277336121]
[0.4804657995700836, 0.5674848556518555, 0.42864760756492615, 0.3002864122390747, 0.47789686918258667]
[0.5340028405189514, 0.5903230309486389, 0.4118889570236206, 0.27371978759765625, 0.5497122406959534]
[0.5249946713447571, 0.5750112533569336, 0.41435250639915466, 0.2716740071773529, 0.5509840250015259]
[0.41502508521080017, 0.569987952709198, 0.42671141028404236, 0.29858389496803284, 0.4691210091114044]
[0.5267223119735718, 0.5534449219703674, 0.41880321502685547, 0.28083449602127075, 0.5193102359771729]
[0.47871142625808716, 0.5649292469024658, 0.42653876543045044, 0.3186627924442291, 0.5159714818000793]
[0.514504075050354, 0.590885579586029, 0.4149211347103119, 0.27725592255592346, 0.5383030772209167]
[0.5536494851112366, 0.5684286952018738, 0.4264592230319977, 0.28106996417045593, 0.524756133556366]
[0.5615060329437256, 0.5841159224510193, 0.39749354124069214, 0.27023908495903015, 0.5706154108047485]
[0.4408808946609497, 0.5555331110954285, 0.4764631390571594, 0.36834314465522766, 0.44880571961402893]
[0.5132416486740112, 0.5765411257743835, 0.4204089343547821, 0.2780870497226715, 0.5275075435638428]
[0.4866733253002167, 0.5746647715568542, 0.4309624433517456, 0.31004106998443604, 0.5313835144042969]
[0.5626304745674133, 0.566891074180603, 0.39838269352912903, 0.25382673740386963, 0.5508332848548889]
[0.5647695660591125, 0.5682991743087769, 0.43517494201660156, 0.2916751801967621, 0.5587350130081177]
[0.44271719455718994, 0.56043940782547, 0.4499523937702179, 0.3348065912723541, 0.4674105644226074]
[0.5552852153778076, 0.5857468843460083, 0.4001559317111969, 0.27149248123168945, 0.5646634697914124]
[0.5440075993537903, 0.582267165184021, 0.42372775077819824, 0.2877923548221588, 0.5561437606811523]
[0.5634029507637024, 0.5783467292785645, 0.39400532841682434, 0.27352380752563477, 0.574043333530426]
[0.521077036857605, 0.5863326787948608, 0.4239570200443268, 0.2869381904602051, 0.5508344769477844]
[0.5642714500427246, 0.5953532457351685, 0.3974466621875763, 0.23764096200466156, 0.5755925178527832]
[0.531233549118042, 0.5749607682228088, 0.4130614995956421, 0.275968998670578, 0.5161316990852356]
[0.43539947271347046, 0.574588418006897, 0.45164865255355835, 0.3075070381164551, 0.4535342752933502]
[0.4634060561656952, 0.5357052087783813, 0.4737486243247986, 0.36069512367248535, 0.48247861862182617]
[0.5224018692970276, 0.5597292184829712, 0.4229719936847687, 0.27976688742637634, 0.5355010628700256]
[0.43607813119888306, 0.5426481366157532, 0.4656450152397156, 0.3109269440174103, 0.4594179689884186]
[0.5146759152412415, 0.5690255165100098, 0.426266610622406, 0.28270450234413147, 0.4957934021949768]
[0.5062270164489746, 0.5590620040893555, 0.4186033308506012, 0.24584251642227173, 0.5092380046844482]
[0.5070725679397583, 0.5795678496360779, 0.4309682846069336, 0.25872695446014404, 0.538472592830658]
[0.5738615393638611, 0.5776011347770691, 0.41265225410461426, 0.2681272327899933, 0.5611078143119812]
[0.3967157304286957, 0.5414401888847351, 0.44751375913619995, 0.3347186744213104, 0.4416995644569397]
[0.3962860405445099, 0.5645008683204651, 0.4759019613265991, 0.300518661737442, 0.46258780360221863]
[0.5182422399520874, 0.5747019052505493, 0.4179644286632538, 0.28463393449783325, 0.5314419865608215]
[0.5685483813285828, 0.6029161214828491, 0.4113694429397583, 0.26087552309036255, 0.5655762553215027]
[0.4487622082233429, 0.5716210603713989, 0.4600348174571991, 0.3031274080276489, 0.45275557041168213]
[0.5636253952980042, 0.5939995050430298, 0.4170762598514557, 0.2580678462982178, 0.5506877899169922]
[0.5578630566596985, 0.5819410681724548, 0.39593759179115295, 0.2714889645576477, 0.5701462030410767]
[0.5179097652435303, 0.5395782589912415, 0.43341124057769775, 0.3245600163936615, 0.5093497037887573]
[0.3962661325931549, 0.5509154796600342, 0.4780247211456299, 0.33804500102996826, 0.4289191961288452]
[0.46784454584121704, 0.5654394626617432, 0.42659813165664673, 0.3030030429363251, 0.47382020950317383]
[0.5193629860877991, 0.5856478810310364, 0.41173920035362244, 0.282301664352417, 0.5441094636917114]
[0.46816152334213257, 0.5541967749595642, 0.42105457186698914, 0.27207016944885254, 0.5078192353248596]
[0.4926956295967102, 0.5826722979545593, 0.4431430697441101, 0.29039573669433594, 0.5133277177810669]
[0.45423993468284607, 0.5552014708518982, 0.4657638370990753, 0.3093647062778473, 0.49340516328811646]
[0.47988924384117126, 0.5822872519493103, 0.4296789765357971, 0.25814980268478394, 0.5082525610923767]
[0.5259882807731628, 0.58228999376297, 0.42621299624443054, 0.2758888602256775, 0.545741856098175]
[0.49029970169067383, 0.586135983467102, 0.41699841618537903, 0.25333496928215027, 0.5173271894454956]
[0.37589749693870544, 0.5577855110168457, 0.44758397340774536, 0.31370580196380615, 0.4379955530166626]
[0.4910256266593933, 0.5814064741134644, 0.4330846965312958, 0.2839571237564087, 0.5227134823799133]
[0.5390601754188538, 0.581688404083252, 0.4115157127380371, 0.2898405194282532, 0.5370013117790222]
[0.5121347308158875, 0.5667725801467896, 0.462022602558136, 0.30746880173683167, 0.47540974617004395]
[0.6108509302139282, 0.576827883720398, 0.367125004529953, 0.2419055998325348, 0.5943911075592041]
[0.5745196342468262, 0.5785865783691406, 0.41965723037719727, 0.23688846826553345, 0.5619321465492249]
[0.5155724287033081, 0.544064462184906, 0.439568430185318, 0.3429794907569885, 0.5295770168304443]
[0.4992666244506836, 0.5509662628173828, 0.44558367133140564, 0.32355329394340515, 0.4973539113998413]
[0.5795771479606628, 0.580704927444458, 0.4061921536922455, 0.24172291159629822, 0.5952421426773071]
[0.49294033646583557, 0.5650473833084106, 0.4430154860019684, 0.2768149971961975, 0.5141909122467041]
[0.5027183294296265, 0.5604231953620911, 0.4408239424228668, 0.30598098039627075, 0.5068772435188293]
[0.526962161064148, 0.5917417407035828, 0.4024435877799988, 0.26393193006515503, 0.5602583885192871]
[0.5549063682556152, 0.5652215480804443, 0.40891793370246887, 0.2770991027355194, 0.5387959480285645]
[0.4506276249885559, 0.5606510043144226, 0.4396989345550537, 0.3223254084587097, 0.492872029542923]
[0.5766671895980835, 0.576919436454773, 0.41443827748298645, 0.2604404091835022, 0.5840466022491455]
[0.5193629860877991, 0.5856478810310364, 0.41173920035362244, 0.282301664352417, 0.5441094636917114]
[0.5088340640068054, 0.5653268694877625, 0.42115503549575806, 0.2701157331466675, 0.5611162781715393]
[0.5400903820991516, 0.5835076570510864, 0.4344645142555237, 0.26322659850120544, 0.5375416874885559]
[0.527854323387146, 0.5857251286506653, 0.42558375000953674, 0.27191784977912903, 0.5264109373092651]
[0.4763774275779724, 0.5493078827857971, 0.4672999382019043, 0.30769404768943787, 0.516751229763031]
[0.6286209225654602, 0.5624464750289917, 0.37824705243110657, 0.2458799034357071, 0.6074097752571106]
[0.4580973982810974, 0.5495237112045288, 0.44529104232788086, 0.3216104209423065, 0.4853283762931824]
[0.38014569878578186, 0.5683445930480957, 0.439435750246048, 0.2961852252483368, 0.45680052042007446]
[0.5060142874717712, 0.5762276649475098, 0.4404447078704834, 0.2968939244747162, 0.517093300819397]
[0.5552852153778076, 0.5857468843460083, 0.4001559317111969, 0.27149248123168945, 0.5646634697914124]
[0.4489153325557709, 0.5593141317367554, 0.44640347361564636, 0.30142393708229065, 0.4733259379863739]
[0.5193000435829163, 0.5533965229988098, 0.4198123514652252, 0.2673133909702301, 0.5544500350952148]
[0.47285646200180054, 0.5287030935287476, 0.4722689986228943, 0.3135019540786743, 0.5360900163650513]
[0.5119377970695496, 0.5847818851470947, 0.416146844625473, 0.2916679084300995, 0.512735903263092]
[0.4910711944103241, 0.5527240037918091, 0.46635887026786804, 0.3213064968585968, 0.4857025146484375]
[0.48568981885910034, 0.560017466545105, 0.4437830448150635, 0.29352831840515137, 0.527377724647522]
[0.5070725679397583, 0.5795678496360779, 0.4309682846069336, 0.25872695446014404, 0.538472592830658]
[0.4825282692909241, 0.5366787910461426, 0.44980481266975403, 0.3206307291984558, 0.4916932284832001]
[0.5160178542137146, 0.5895063281059265, 0.4181462824344635, 0.26784566044807434, 0.5280237793922424]
[0.49508988857269287, 0.5681127309799194, 0.45266643166542053, 0.28668710589408875, 0.5016298294067383]
[0.4209670126438141, 0.5349028706550598, 0.4608335793018341, 0.3015139698982239, 0.45232105255126953]
[0.4202560484409332, 0.5672163367271423, 0.457206130027771, 0.30990612506866455, 0.49003514647483826]
[0.5198656320571899, 0.5698148012161255, 0.408657968044281, 0.28755879402160645, 0.5164154767990112]
[0.5035022497177124, 0.5810143351554871, 0.40927648544311523, 0.23282654583454132, 0.539750337600708]
[0.5186391472816467, 0.5785438418388367, 0.40739861130714417, 0.26373299956321716, 0.5312193632125854]
[0.4989778399467468, 0.5740134119987488, 0.43620845675468445, 0.28367921710014343, 0.5092747211456299]
[0.5135809779167175, 0.5621496438980103, 0.456461638212204, 0.3218734860420227, 0.5222499966621399]
[0.4634101092815399, 0.5313715934753418, 0.4725753664970398, 0.378816694021225, 0.48211681842803955]
[0.5892909169197083, 0.5694723129272461, 0.4045727550983429, 0.25274017453193665, 0.58797287940979]
[0.5111782550811768, 0.5577779412269592, 0.43240317702293396, 0.2703556418418884, 0.5017619132995605]
[0.37261149287223816, 0.518105149269104, 0.4835061728954315, 0.42542004585266113, 0.4335639774799347]
[0.43479934334754944, 0.558245062828064, 0.48162782192230225, 0.33537769317626953, 0.4677891433238983]
[0.5487345457077026, 0.5747161507606506, 0.4331507980823517, 0.26621830463409424, 0.5614771842956543]
[0.5096219778060913, 0.5670503377914429, 0.41018161177635193, 0.2500022351741791, 0.5697108507156372]
[0.5417466759681702, 0.5234968662261963, 0.4507112503051758, 0.3469940721988678, 0.5550419688224792]
