1
【内幕出来了！笑的我眼泪都出来了！】在我的再三哀求下，央视铁哥们在一番请示之后，终于截图给我了....【真不能怪何润东！润东同学的确是把最后一句删掉了！！！】 终于见识到什么是笨蛋了！哈哈！！艾玛，我得出去跑跑步，笑的我肚子痛死了.........注意保持队形！
[0.463636577129364, 0.5271620154380798, 0.4756067991256714, 0.3758476972579956, 0.48131123185157776]
[0.43867892026901245, 0.5633566975593567, 0.44582006335258484, 0.31585174798965454, 0.4647696018218994]
[0.4914621412754059, 0.5973283648490906, 0.44036951661109924, 0.27137842774391174, 0.5124600529670715]
[0.5193629860877991, 0.5856478810310364, 0.41173920035362244, 0.282301664352417, 0.5441094636917114]
[0.5811086297035217, 0.5861660838127136, 0.4109782576560974, 0.24332059919834137, 0.5610979199409485]
[0.5132416486740112, 0.5765411257743835, 0.4204089343547821, 0.2780870497226715, 0.5275075435638428]
[0.5193629860877991, 0.5856478810310364, 0.41173920035362244, 0.282301664352417, 0.5441094636917114]
[0.5211277008056641, 0.5828658938407898, 0.4255162179470062, 0.292866587638855, 0.5366049408912659]
[0.48266497254371643, 0.5598254203796387, 0.43987298011779785, 0.33527037501335144, 0.5116411447525024]
[0.5126591920852661, 0.5759720802307129, 0.4152299463748932, 0.2810848355293274, 0.5174343585968018]
[0.5230501294136047, 0.5843208432197571, 0.43142691254615784, 0.2590777277946472, 0.5279942154884338]
[0.45508113503456116, 0.5708916783332825, 0.4301108121871948, 0.3060150742530823, 0.5033947825431824]
[0.43745335936546326, 0.5497353076934814, 0.43106740713119507, 0.2865664064884186, 0.48021867871284485]
[0.3642502725124359, 0.5391412973403931, 0.43868619203567505, 0.27364617586135864, 0.42331743240356445]
[0.46472543478012085, 0.5283187627792358, 0.45476844906806946, 0.33281436562538147, 0.4303869307041168]
[0.5674224495887756, 0.5749002695083618, 0.40298235416412354, 0.2488516867160797, 0.526391327381134]
[0.5270999670028687, 0.5808767080307007, 0.4542510211467743, 0.34598368406295776, 0.5483074188232422]
[0.5471523404121399, 0.5792396664619446, 0.40402913093566895, 0.2823047637939453, 0.5574895739555359]
[0.37589749693870544, 0.5577855110168457, 0.44758397340774536, 0.31370580196380615, 0.4379955530166626]
[0.5186274647712708, 0.5666534900665283, 0.415682852268219, 0.2686671018600464, 0.578555166721344]
[0.5311179161071777, 0.5694189071655273, 0.4188261926174164, 0.2506699860095978, 0.5428253412246704]
[0.48002368211746216, 0.5668062567710876, 0.4385146498680115, 0.3166976869106293, 0.4927319586277008]
[0.5422282814979553, 0.5863180160522461, 0.40551844239234924, 0.2753317654132843, 0.556081235408783]
[0.5275508761405945, 0.5712538361549377, 0.4221792221069336, 0.2996254563331604, 0.5228271484375]
[0.5283595323562622, 0.5765145421028137, 0.42546993494033813, 0.29530325531959534, 0.5356664061546326]
[0.521575927734375, 0.5623839497566223, 0.4575277268886566, 0.3018091022968292, 0.550131618976593]
[0.47747018933296204, 0.5487275123596191, 0.4285944700241089, 0.32780921459198, 0.5011077523231506]
[0.4817415475845337, 0.532214343547821, 0.5066975951194763, 0.41068777441978455, 0.5434204339981079]
[0.5173869132995605, 0.5667767524719238, 0.4257967472076416, 0.31828293204307556, 0.523329496383667]
[0.4560532569885254, 0.5865623354911804, 0.46629470586776733, 0.28526070713996887, 0.4967609941959381]
[0.4804575443267822, 0.5675807595252991, 0.4500877559185028, 0.32001200318336487, 0.5134535431861877]
[0.503957986831665, 0.5723580121994019, 0.41342538595199585, 0.30109477043151855, 0.5175948143005371]
[0.564521312713623, 0.570933997631073, 0.4069521427154541, 0.26321640610694885, 0.569558322429657]
[0.4341124892234802, 0.5359821319580078, 0.4654397666454315, 0.36268365383148193, 0.46664273738861084]
[0.5065630674362183, 0.5366418957710266, 0.45207706093788147, 0.31617334485054016, 0.5078117847442627]
[0.5226011872291565, 0.5556076169013977, 0.4176316261291504, 0.2794516980648041, 0.5568891167640686]
[0.49819183349609375, 0.5695810914039612, 0.4092336595058441, 0.28381651639938354, 0.5330636501312256]
[0.43690770864486694, 0.5362764596939087, 0.46461668610572815, 0.32660093903541565, 0.475332111120224]
[0.5332638025283813, 0.5707007050514221, 0.41789212822914124, 0.28338000178337097, 0.5344061851501465]
[0.512444257736206, 0.5438048839569092, 0.4485276937484741, 0.32502683997154236, 0.4913139045238495]
[0.48567995429039, 0.542248547077179, 0.4399135708808899, 0.3082318603992462, 0.5087141394615173]
[0.5522788166999817, 0.5533367395401001, 0.41018444299697876, 0.2716381549835205, 0.5693116784095764]
[0.4907263517379761, 0.5740360617637634, 0.430331826210022, 0.315174400806427, 0.5362787842750549]
[0.48495763540267944, 0.5715457797050476, 0.4331599175930023, 0.31429022550582886, 0.47564011812210083]
[0.5013970136642456, 0.5733717679977417, 0.43532389402389526, 0.2661559283733368, 0.5343089699745178]
[0.48490363359451294, 0.5603006482124329, 0.4662282466888428, 0.3283713757991791, 0.5222636461257935]
[0.5391814112663269, 0.5745160579681396, 0.4165029525756836, 0.2710275650024414, 0.5356994867324829]
[0.5022034645080566, 0.5848979949951172, 0.40920916199684143, 0.281161904335022, 0.5399476289749146]
[0.5400903820991516, 0.5835076570510864, 0.4344645142555237, 0.26322659850120544, 0.5375416874885559]
[0.5391814112663269, 0.5745160579681396, 0.4165029525756836, 0.2710275650024414, 0.5356994867324829]
[0.5382431745529175, 0.5567613244056702, 0.4157330393791199, 0.2871676981449127, 0.533977210521698]
[0.4635249674320221, 0.5644224286079407, 0.4329700171947479, 0.3018946051597595, 0.4627099633216858]
[0.5627168416976929, 0.5369813442230225, 0.405495822429657, 0.3018074035644531, 0.5692238211631775]
[0.5627168416976929, 0.5369813442230225, 0.405495822429657, 0.3018074035644531, 0.5692238211631775]
[0.5187084674835205, 0.5488998293876648, 0.42586004734039307, 0.27243757247924805, 0.508959174156189]
[0.5008798837661743, 0.5807594656944275, 0.43138840794563293, 0.2765881419181824, 0.5400554537773132]
[0.547616720199585, 0.5786662101745605, 0.43001994490623474, 0.268674373626709, 0.5238481163978577]
[0.4210108816623688, 0.5783799886703491, 0.4473589360713959, 0.2895412743091583, 0.4514295160770416]
[0.5615060329437256, 0.5841159224510193, 0.39749354124069214, 0.27023908495903015, 0.5706154108047485]
[0.5383166074752808, 0.5832463502883911, 0.41970109939575195, 0.2736428380012512, 0.5575675368309021]
[0.4487622082233429, 0.5716210603713989, 0.4600348174571991, 0.3031274080276489, 0.45275557041168213]
[0.5054485201835632, 0.5460448265075684, 0.430665522813797, 0.2821173369884491, 0.5490156412124634]
[0.5063847899436951, 0.5633782744407654, 0.4479268789291382, 0.2740086317062378, 0.5322566628456116]
[0.43943801522254944, 0.5738308429718018, 0.44352179765701294, 0.3243783712387085, 0.4523821771144867]
[0.5606769919395447, 0.5887103080749512, 0.415513277053833, 0.2710340917110443, 0.5449779033660889]
[0.5123659372329712, 0.5548266768455505, 0.449379563331604, 0.32297804951667786, 0.5293838381767273]
[0.4204256236553192, 0.5314229726791382, 0.47346389293670654, 0.3361307978630066, 0.47272685170173645]
[0.5063424110412598, 0.577704906463623, 0.42792531847953796, 0.28167885541915894, 0.5432165265083313]
[0.44201692938804626, 0.5236101150512695, 0.45749837160110474, 0.33497005701065063, 0.4754018783569336]
[0.4620800018310547, 0.5749905705451965, 0.4488990008831024, 0.29578274488449097, 0.4757459759712219]
[0.5508842468261719, 0.5846335887908936, 0.4120919406414032, 0.2642506957054138, 0.5194078087806702]
[0.4318273365497589, 0.5373808145523071, 0.47422730922698975, 0.342440128326416, 0.45263615250587463]
[0.45215609669685364, 0.5607452988624573, 0.4616570770740509, 0.3269304633140564, 0.4802494943141937]
[0.4199877977371216, 0.5551272630691528, 0.45783936977386475, 0.31990376114845276, 0.45589736104011536]
[0.4202689528465271, 0.5757107138633728, 0.4309403896331787, 0.27894097566604614, 0.466061532497406]
[0.521575927734375, 0.5623839497566223, 0.4575277268886566, 0.3018091022968292, 0.550131618976593]
[0.5227840542793274, 0.5625928640365601, 0.4241989850997925, 0.28297555446624756, 0.5328983664512634]
[0.51799076795578, 0.5677035450935364, 0.42753100395202637, 0.30140888690948486, 0.5084195733070374]
[0.49043136835098267, 0.5787898302078247, 0.4085555374622345, 0.2653382122516632, 0.5362514853477478]
[0.5051712393760681, 0.5599501729011536, 0.4419494867324829, 0.29406797885894775, 0.5207089185714722]
[0.49590301513671875, 0.5559601783752441, 0.4353523552417755, 0.31902003288269043, 0.5379674434661865]
[0.5373668074607849, 0.5801810026168823, 0.4181728661060333, 0.27608978748321533, 0.5357499122619629]
