1
全球发出警示！请传出去！ 隐翅虫，在你身上时绝对不要打，她身上有 毒液，接触到皮肤，就死定了！ 跟你的孩 子、朋友讲，万一身上有这虫，用嘴巴轻轻 吹走就好。绝对不要用手打. 医师强调,如果 每个收到这份邮件的人,能够转发十份给其他 人,肯定至少有一条生命将会被挽救回来,请 转寄转发！别只存档！
[0.5011024475097656, 0.5129536986351013, 0.45926934480667114, 0.3593798577785492, 0.5206566452980042]
[0.5745149850845337, 0.5918307304382324, 0.40629512071609497, 0.2523180842399597, 0.5619648098945618]
[0.5185933113098145, 0.5886591672897339, 0.41420748829841614, 0.28358691930770874, 0.5321028828620911]
[0.4639146029949188, 0.5555030107498169, 0.4436652660369873, 0.309455931186676, 0.4851667582988739]
[0.5629023313522339, 0.5852979421615601, 0.4044997990131378, 0.2657450735569, 0.5803154110908508]
[0.4381900131702423, 0.549334704875946, 0.4601078927516937, 0.3372645676136017, 0.47832196950912476]
[0.5005210041999817, 0.5672413110733032, 0.42154020071029663, 0.26935333013534546, 0.5435815453529358]
[0.42615824937820435, 0.5378583073616028, 0.512825608253479, 0.4222189486026764, 0.4687447249889374]
[0.5405113697052002, 0.5926933884620667, 0.4115977883338928, 0.265913724899292, 0.5505838990211487]
[0.5325873494148254, 0.5880876183509827, 0.42129048705101013, 0.2533036768436432, 0.5475322008132935]
[0.46842190623283386, 0.5804670453071594, 0.43650028109550476, 0.30999377369880676, 0.4927496314048767]
[0.5146374702453613, 0.560339629650116, 0.41398605704307556, 0.3172578811645508, 0.499498575925827]
[0.5185933113098145, 0.5886591672897339, 0.41420748829841614, 0.28358691930770874, 0.5321028828620911]
[0.5185933113098145, 0.5886591672897339, 0.41420748829841614, 0.28358691930770874, 0.5321028828620911]
[0.42441490292549133, 0.5676126480102539, 0.4618966281414032, 0.3119684159755707, 0.45158058404922485]
[0.4487622082233429, 0.5716210603713989, 0.4600348174571991, 0.3031274080276489, 0.45275557041168213]
[0.5629498958587646, 0.5451099872589111, 0.4327898919582367, 0.30172163248062134, 0.5269293785095215]
[0.5185933113098145, 0.5886591672897339, 0.41420748829841614, 0.28358691930770874, 0.5321028828620911]
[0.44259634613990784, 0.5687706470489502, 0.44336360692977905, 0.31643155217170715, 0.5144411325454712]
[0.4263864755630493, 0.5664157271385193, 0.4624934494495392, 0.3055035471916199, 0.47273245453834534]
[0.416271448135376, 0.5763152837753296, 0.4356174170970917, 0.290353387594223, 0.4663355350494385]
[0.500576913356781, 0.5566949248313904, 0.4441457688808441, 0.3277882933616638, 0.48427921533584595]
[0.4885247051715851, 0.5762351155281067, 0.42589354515075684, 0.2655780017375946, 0.5220528244972229]
[0.5354865789413452, 0.5888907313346863, 0.41922876238822937, 0.2605830132961273, 0.5253303050994873]
[0.4573020040988922, 0.5494940280914307, 0.4534953236579895, 0.29442062973976135, 0.4833233952522278]
[0.4639146029949188, 0.5555030107498169, 0.4436652660369873, 0.309455931186676, 0.4851667582988739]
[0.4270341694355011, 0.5374135971069336, 0.48523056507110596, 0.3939610421657562, 0.4933972656726837]
[0.5558633804321289, 0.5782895684242249, 0.39877524971961975, 0.2771058976650238, 0.5483465194702148]
[0.4907926917076111, 0.5637834668159485, 0.4414612948894501, 0.2947947084903717, 0.49108949303627014]
[0.6277270913124084, 0.537666380405426, 0.42318394780158997, 0.30911746621131897, 0.6100323796272278]
[0.5268816351890564, 0.5746033787727356, 0.45918670296669006, 0.2730390429496765, 0.5197311639785767]
[0.4978654086589813, 0.5617608428001404, 0.4568106234073639, 0.32500189542770386, 0.5231204032897949]
[0.5438017845153809, 0.5942021012306213, 0.41521143913269043, 0.26803213357925415, 0.5571514964103699]
[0.498781681060791, 0.5222538113594055, 0.4488155245780945, 0.32609227299690247, 0.5424038767814636]
[0.48950397968292236, 0.5647398829460144, 0.4498073160648346, 0.3020136058330536, 0.5285483002662659]
[0.5056449770927429, 0.534934937953949, 0.4677809774875641, 0.3135908842086792, 0.5198076963424683]
[0.4639146029949188, 0.5555030107498169, 0.4436652660369873, 0.309455931186676, 0.4851667582988739]
[0.5438017845153809, 0.5942021012306213, 0.41521143913269043, 0.26803213357925415, 0.5571514964103699]
[0.493630588054657, 0.5350545048713684, 0.4491840898990631, 0.2804061472415924, 0.5526363849639893]
[0.4818546772003174, 0.5671708583831787, 0.4427948296070099, 0.3154818117618561, 0.5104961395263672]
[0.46221932768821716, 0.5545415878295898, 0.4551794230937958, 0.3352252244949341, 0.4908079504966736]
[0.5819011330604553, 0.597586989402771, 0.4133100211620331, 0.2578873038291931, 0.5655254125595093]
[0.4343229830265045, 0.5747340321540833, 0.4211362600326538, 0.2859302759170532, 0.49944451451301575]
[0.48732292652130127, 0.5445289611816406, 0.45147567987442017, 0.3134179711341858, 0.528788685798645]
[0.4389329254627228, 0.5138972401618958, 0.46539437770843506, 0.3403894603252411, 0.4662674367427826]
[0.4363641142845154, 0.556746244430542, 0.4690587818622589, 0.3392133116722107, 0.5104755163192749]
[0.5167049169540405, 0.5579066872596741, 0.42848286032676697, 0.25847887992858887, 0.5450566411018372]
[0.556914746761322, 0.5554795861244202, 0.4009011387825012, 0.27941280603408813, 0.5881316661834717]
[0.5066846013069153, 0.5458189249038696, 0.4465051293373108, 0.31300514936447144, 0.5039306282997131]
[0.4221557676792145, 0.5055749416351318, 0.46205201745033264, 0.3291562497615814, 0.46401047706604004]
[0.4672738313674927, 0.5673826336860657, 0.41790899634361267, 0.27476513385772705, 0.5304879546165466]
[0.48379552364349365, 0.5937032699584961, 0.41920071840286255, 0.2830924987792969, 0.4925927221775055]
[0.4603986144065857, 0.5471836924552917, 0.46688735485076904, 0.2898696959018707, 0.49766209721565247]
[0.5896202325820923, 0.6009964942932129, 0.3933485150337219, 0.243545264005661, 0.5743495225906372]
[0.5155974626541138, 0.5895904302597046, 0.4409688115119934, 0.286056786775589, 0.5465564727783203]
[0.5389956831932068, 0.588248610496521, 0.4123530685901642, 0.2631196677684784, 0.563580334186554]
[0.4898499548435211, 0.5653178095817566, 0.428251713514328, 0.30449143052101135, 0.5427470207214355]
[0.4732851982116699, 0.5868063569068909, 0.45203202962875366, 0.30515390634536743, 0.4953383803367615]
[0.6086146831512451, 0.5378232002258301, 0.4393068253993988, 0.2911835312843323, 0.5890754461288452]
[0.4400561451911926, 0.533082127571106, 0.5111449360847473, 0.4195428788661957, 0.4812144935131073]
[0.5208905935287476, 0.5660848617553711, 0.43637433648109436, 0.2673412263393402, 0.5409100651741028]
[0.5472911596298218, 0.5641331672668457, 0.4093487858772278, 0.25283628702163696, 0.5391229391098022]
[0.5149213075637817, 0.5745115280151367, 0.4294396936893463, 0.2818833291530609, 0.5206738114356995]
[0.46842190623283386, 0.5804670453071594, 0.43650028109550476, 0.30999377369880676, 0.4927496314048767]
[0.4639146029949188, 0.5555030107498169, 0.4436652660369873, 0.309455931186676, 0.4851667582988739]
[0.4825313091278076, 0.5803935527801514, 0.45230862498283386, 0.31167471408843994, 0.5009760856628418]
[0.5024508237838745, 0.6025152802467346, 0.4395695924758911, 0.2743152379989624, 0.540715754032135]
[0.5407817959785461, 0.5897576808929443, 0.4290953576564789, 0.2789396643638611, 0.5162546038627625]
[0.4855194091796875, 0.5528109073638916, 0.4448601305484772, 0.2478916496038437, 0.5241280794143677]
[0.5356758832931519, 0.5875645279884338, 0.3988873064517975, 0.2612370550632477, 0.5325288772583008]
[0.5006136894226074, 0.5833132266998291, 0.44605791568756104, 0.29710063338279724, 0.5302693247795105]
[0.5981948375701904, 0.5779948234558105, 0.3748388886451721, 0.22626450657844543, 0.5952652096748352]
[0.5387901663780212, 0.558228075504303, 0.41251012682914734, 0.2856934070587158, 0.5438406467437744]
[0.5239889025688171, 0.5261844396591187, 0.4459439516067505, 0.32550758123397827, 0.5555793642997742]
[0.4311923682689667, 0.5663431882858276, 0.45392096042633057, 0.3258710503578186, 0.4884532392024994]
[0.4639146029949188, 0.5555030107498169, 0.4436652660369873, 0.309455931186676, 0.4851667582988739]
[0.5396196246147156, 0.5694347620010376, 0.4103088676929474, 0.24974597990512848, 0.5586556792259216]
[0.3275853395462036, 0.5372298955917358, 0.511401891708374, 0.40497177839279175, 0.4310537278652191]
[0.4639146029949188, 0.5555030107498169, 0.4436652660369873, 0.309455931186676, 0.4851667582988739]
[0.6033474206924438, 0.5140542387962341, 0.441980242729187, 0.29828616976737976, 0.5835766792297363]
[0.4988306760787964, 0.552144467830658, 0.43525660037994385, 0.3075862228870392, 0.5107594728469849]
[0.36768266558647156, 0.5553683042526245, 0.44645723700523376, 0.2846674919128418, 0.45567676424980164]
[0.4732937812805176, 0.5318037867546082, 0.49107927083969116, 0.386951744556427, 0.48185139894485474]
[0.4865289628505707, 0.5791062116622925, 0.42532429099082947, 0.2829860746860504, 0.5096619129180908]
[0.527854323387146, 0.5857251286506653, 0.42558375000953674, 0.27191784977912903, 0.5264109373092651]
[0.5814520120620728, 0.5771154761314392, 0.37861549854278564, 0.2756890058517456, 0.5652401447296143]
[0.4121541380882263, 0.55524080991745, 0.4526788592338562, 0.32349610328674316, 0.4646817743778229]
[0.4909738302230835, 0.5377801656723022, 0.4526502192020416, 0.29848799109458923, 0.5369743704795837]
[0.5411493182182312, 0.5709260702133179, 0.42604145407676697, 0.2950160503387451, 0.5388819575309753]
[0.5491952300071716, 0.5918990969657898, 0.42066478729248047, 0.26386961340904236, 0.5615143775939941]
[0.5119738578796387, 0.5767773985862732, 0.420161634683609, 0.2886592149734497, 0.5166778564453125]
[0.5119738578796387, 0.5767773985862732, 0.420161634683609, 0.2886592149734497, 0.5166778564453125]
[0.4884336292743683, 0.5582363605499268, 0.4178074598312378, 0.3037866950035095, 0.5183115601539612]
[0.442802757024765, 0.5650879740715027, 0.44845661520957947, 0.26426219940185547, 0.46217238903045654]
[0.5592700839042664, 0.5705516934394836, 0.4010929465293884, 0.28534162044525146, 0.544588565826416]
[0.5185417532920837, 0.5889230370521545, 0.4058743715286255, 0.27247926592826843, 0.5398168563842773]
[0.547031819820404, 0.5869520306587219, 0.40498122572898865, 0.2504142224788666, 0.5671120285987854]
[0.5667445063591003, 0.5810951590538025, 0.4241302013397217, 0.29689398407936096, 0.583669900894165]
[0.303408145904541, 0.5318134427070618, 0.5595124363899231, 0.5053560733795166, 0.4622904658317566]
[0.521691083908081, 0.5878927707672119, 0.4193263351917267, 0.279192179441452, 0.5255200266838074]
[0.4309981167316437, 0.5640817880630493, 0.4491002559661865, 0.30952978134155273, 0.5000504851341248]
