1
据爆料，给留几手、郑渊洁、何润东等每人10万元让他们在同一时间发微博黑苹果品牌的某公关公司受雇于三星。该公司相关人士此前和上述人士联系，询问是原创还是写好微博内容发给他们。留几手和郑渊洁都是玩笔头子的，但何润东这胸无点墨的坑爹货直接把私信内容中的发布时间也当成内容发出来了……（转）
[0.5120581388473511, 0.48551440238952637, 0.5236223340034485, 0.4212650954723358, 0.55474853515625]
[0.5303716659545898, 0.5983080863952637, 0.443265438079834, 0.2690446674823761, 0.5367318987846375]
[0.52363121509552, 0.5741883516311646, 0.4356193244457245, 0.29541030526161194, 0.5106095671653748]
[0.4896587133407593, 0.5791651010513306, 0.4274458587169647, 0.2882910668849945, 0.5096859931945801]
[0.5337868928909302, 0.5587835311889648, 0.4729033410549164, 0.29876962304115295, 0.5357632040977478]
[0.5312796831130981, 0.5684921741485596, 0.4324648082256317, 0.2906951606273651, 0.5376463532447815]
[0.5502377152442932, 0.5551975965499878, 0.4230861961841583, 0.26825958490371704, 0.5659220218658447]
[0.4804925322532654, 0.5172975659370422, 0.5088894963264465, 0.38715142011642456, 0.5285394787788391]
[0.36245766282081604, 0.5374246835708618, 0.49627289175987244, 0.35129308700561523, 0.4201290011405945]
[0.5414170026779175, 0.5761213302612305, 0.4416748583316803, 0.3039344847202301, 0.5510515570640564]
[0.3996051251888275, 0.5526978373527527, 0.4748111963272095, 0.38192397356033325, 0.4448339641094208]
[0.4474339485168457, 0.5672552585601807, 0.4381857216358185, 0.29146426916122437, 0.4788472056388855]
[0.5047516226768494, 0.5333253145217896, 0.4654730260372162, 0.3369264602661133, 0.5257588028907776]
[0.49436646699905396, 0.5546057224273682, 0.46809229254722595, 0.28414851427078247, 0.5234388709068298]
[0.523610532283783, 0.5994791984558105, 0.42087504267692566, 0.2746094763278961, 0.5271908044815063]
[0.48337140679359436, 0.5032538771629333, 0.4921712279319763, 0.3780761659145355, 0.45354941487312317]
[0.5621587038040161, 0.5795714259147644, 0.3971477746963501, 0.2730106711387634, 0.5582802891731262]
[0.5531685948371887, 0.5851036310195923, 0.43529242277145386, 0.26462849974632263, 0.5645080804824829]
[0.4864628314971924, 0.5297974944114685, 0.49310073256492615, 0.4166642427444458, 0.5178679823875427]
[0.47215500473976135, 0.5473933815956116, 0.47595056891441345, 0.3497525453567505, 0.5237978100776672]
[0.502892017364502, 0.5832241177558899, 0.4397941827774048, 0.28723251819610596, 0.5201901197433472]
[0.463502436876297, 0.5583076477050781, 0.46360310912132263, 0.34310469031333923, 0.48543208837509155]
[0.4828810691833496, 0.5448436737060547, 0.4560318887233734, 0.2925470173358917, 0.48988932371139526]
[0.5514085292816162, 0.5464959144592285, 0.457138329744339, 0.31309524178504944, 0.5591593384742737]
[0.547616720199585, 0.5786662101745605, 0.43001994490623474, 0.268674373626709, 0.5238481163978577]
[0.5366584062576294, 0.5826035737991333, 0.41132357716560364, 0.26246190071105957, 0.5674506425857544]
[0.4762526750564575, 0.5488804578781128, 0.44592374563217163, 0.31652629375457764, 0.4835972785949707]
[0.5612120628356934, 0.5645775198936462, 0.4287577271461487, 0.26787272095680237, 0.5530959367752075]
[0.4311735928058624, 0.5307837128639221, 0.44872352480888367, 0.29801762104034424, 0.4966772198677063]
[0.5355646014213562, 0.5654733180999756, 0.4194575846195221, 0.27858373522758484, 0.557971179485321]
[0.4526226222515106, 0.5624217987060547, 0.4399867653846741, 0.30411556363105774, 0.46093156933784485]
[0.4662071466445923, 0.5580788254737854, 0.4580192565917969, 0.3149893879890442, 0.4988658130168915]
[0.5067535638809204, 0.5962961316108704, 0.41018155217170715, 0.25474223494529724, 0.5455000996589661]
[0.5511190295219421, 0.564219057559967, 0.4222157597541809, 0.29248833656311035, 0.5478589534759521]
[0.5126591920852661, 0.5759720802307129, 0.4152299463748932, 0.2810848355293274, 0.5174343585968018]
[0.48097020387649536, 0.5533695220947266, 0.4451247751712799, 0.2782551944255829, 0.5119407176971436]
[0.5668581128120422, 0.5804747939109802, 0.41503000259399414, 0.24677561223506927, 0.5651646852493286]
[0.40723830461502075, 0.5207638144493103, 0.4580068588256836, 0.352359414100647, 0.42462158203125]
[0.37778183817863464, 0.5300420522689819, 0.4691147208213806, 0.373095840215683, 0.4428398013114929]
[0.5149213075637817, 0.5745115280151367, 0.4294396936893463, 0.2818833291530609, 0.5206738114356995]
[0.43351075053215027, 0.5686937570571899, 0.43506544828414917, 0.2816014587879181, 0.47719863057136536]
[0.513436496257782, 0.5123924612998962, 0.4990376830101013, 0.4203770160675049, 0.5193977355957031]
[0.5409992337226868, 0.5760461091995239, 0.4161771535873413, 0.31331464648246765, 0.5444594621658325]
[0.5422282814979553, 0.5863180160522461, 0.40551844239234924, 0.2753317654132843, 0.556081235408783]
[0.5583644509315491, 0.5890427231788635, 0.41501522064208984, 0.286562442779541, 0.5480142831802368]
[0.5033422112464905, 0.5315908193588257, 0.4711463451385498, 0.3458689749240875, 0.5088245868682861]
[0.51509028673172, 0.5541377663612366, 0.4503460228443146, 0.33817058801651, 0.5028237104415894]
[0.5213147401809692, 0.5764793753623962, 0.4323413670063019, 0.2971729636192322, 0.5275312662124634]
[0.4799361526966095, 0.5695452690124512, 0.42021647095680237, 0.25125712156295776, 0.5508893728256226]
[0.5052240490913391, 0.5494958758354187, 0.4523341953754425, 0.3128454387187958, 0.4766637980937958]
[0.47160056233406067, 0.5265335440635681, 0.4746868908405304, 0.3562959134578705, 0.4766555726528168]
[0.48489221930503845, 0.5620611310005188, 0.44520410895347595, 0.29160889983177185, 0.511073112487793]
[0.525402307510376, 0.5630677342414856, 0.4413047134876251, 0.3013787865638733, 0.5453609824180603]
[0.4346896708011627, 0.5402396321296692, 0.4709959328174591, 0.3690212070941925, 0.4479115605354309]
[0.47689923644065857, 0.5432942509651184, 0.4587385058403015, 0.33500346541404724, 0.5003621578216553]
[0.5280715823173523, 0.5496053695678711, 0.452492892742157, 0.3094327449798584, 0.5192942023277283]
[0.48752105236053467, 0.5401696562767029, 0.46582746505737305, 0.312964528799057, 0.5502110719680786]
[0.4742971956729889, 0.5489120483398438, 0.4656376838684082, 0.3147867023944855, 0.4887067377567291]
[0.5103245377540588, 0.5390527844429016, 0.4985433518886566, 0.3977178931236267, 0.5412607789039612]
[0.5159958004951477, 0.5782589912414551, 0.42258304357528687, 0.27509555220603943, 0.5522229075431824]
[0.47696453332901, 0.570992648601532, 0.42090582847595215, 0.2833089828491211, 0.49601688981056213]
[0.4441954493522644, 0.5751778483390808, 0.44408416748046875, 0.2888377606868744, 0.5166482925415039]
[0.4183192551136017, 0.5661600828170776, 0.45951807498931885, 0.31634339690208435, 0.4495454430580139]
[0.5974828600883484, 0.5934775471687317, 0.3905601501464844, 0.23303736746311188, 0.5828800797462463]
