1
她是一个14月大的小女孩，一场大火的生还者。上身达到95%的烧伤。属于重度烧伤。器官功能完全丧失，需特殊医疗依赖及完全护理依赖方可维持生命。需花费医疗费用五十万，急需好心人捐款帮助，每转发一次孩子的父母就可以得到3分钱的支助。有爱心的网友请动动宝贵的手指转一下。
[0.5003675222396851, 0.5430706739425659, 0.48046547174453735, 0.3421020209789276, 0.5307292938232422]
[0.5437332391738892, 0.560399055480957, 0.4122404456138611, 0.27517542243003845, 0.5566647052764893]
[0.5325873494148254, 0.5880876183509827, 0.42129048705101013, 0.2533036768436432, 0.5475322008132935]
[0.3861103653907776, 0.5626804232597351, 0.42905399203300476, 0.2910979092121124, 0.48848703503608704]
[0.4092138111591339, 0.5418517589569092, 0.4730137884616852, 0.36936619877815247, 0.4483805000782013]
[0.44968026876449585, 0.5401620864868164, 0.45972225069999695, 0.30963364243507385, 0.4466307461261749]
[0.4930914640426636, 0.5724161863327026, 0.469940185546875, 0.2931903600692749, 0.5200625061988831]
[0.3861103653907776, 0.5626804232597351, 0.42905399203300476, 0.2910979092121124, 0.48848703503608704]
[0.44204825162887573, 0.5648837089538574, 0.448106050491333, 0.32863983511924744, 0.4783065915107727]
[0.5438017845153809, 0.5942021012306213, 0.41521143913269043, 0.26803213357925415, 0.5571514964103699]
[0.47117969393730164, 0.5868361592292786, 0.4351334869861603, 0.29113155603408813, 0.49926260113716125]
[0.4650244116783142, 0.5768699049949646, 0.4432328939437866, 0.2886543273925781, 0.5188762545585632]
[0.3861103653907776, 0.5626804232597351, 0.42905399203300476, 0.2910979092121124, 0.48848703503608704]
[0.3861103653907776, 0.5626804232597351, 0.42905399203300476, 0.2910979092121124, 0.48848703503608704]
[0.5438017845153809, 0.5942021012306213, 0.41521143913269043, 0.26803213357925415, 0.5571514964103699]
[0.5081821084022522, 0.5734208822250366, 0.4388361871242523, 0.2703220248222351, 0.5263715982437134]
[0.3861103653907776, 0.5626804232597351, 0.42905399203300476, 0.2910979092121124, 0.48848703503608704]
[0.4089055061340332, 0.5784577131271362, 0.45308005809783936, 0.2784103751182556, 0.48602575063705444]
[0.5325873494148254, 0.5880876183509827, 0.42129048705101013, 0.2533036768436432, 0.5475322008132935]
[0.5118181705474854, 0.5905980467796326, 0.404599130153656, 0.27576056122779846, 0.5503923296928406]
[0.5100626349449158, 0.5703786611557007, 0.4102787375450134, 0.27659788727760315, 0.5409623980522156]
[0.5005799531936646, 0.5704668164253235, 0.424398273229599, 0.2599084675312042, 0.5052033066749573]
[0.47112634778022766, 0.5833551287651062, 0.4385415017604828, 0.281551718711853, 0.519355058670044]
[0.4416618049144745, 0.5637140870094299, 0.4662083387374878, 0.3181019425392151, 0.48068946599960327]
[0.4953887462615967, 0.567542314529419, 0.43353188037872314, 0.2840769588947296, 0.5274627208709717]
[0.5325873494148254, 0.5880876183509827, 0.42129048705101013, 0.2533036768436432, 0.5475322008132935]
[0.5459779500961304, 0.5577608942985535, 0.4267324209213257, 0.2664526700973511, 0.5624415874481201]
[0.528118908405304, 0.5852379202842712, 0.43063226342201233, 0.2623966634273529, 0.5555712580680847]
[0.4924471080303192, 0.5796366333961487, 0.4622570276260376, 0.29224881529808044, 0.516469419002533]
[0.5159958600997925, 0.587539792060852, 0.4064553678035736, 0.27738943696022034, 0.542119026184082]
[0.4232862889766693, 0.5577744245529175, 0.4397221803665161, 0.3064557909965515, 0.48918014764785767]
[0.5756508111953735, 0.5805990099906921, 0.3845190107822418, 0.2361668348312378, 0.5610156059265137]
[0.5383667349815369, 0.577918529510498, 0.4370206594467163, 0.26881781220436096, 0.5098469257354736]
[0.4930911064147949, 0.5815789699554443, 0.40990379452705383, 0.2791878879070282, 0.5191712379455566]
[0.46213921904563904, 0.5861423015594482, 0.4374459981918335, 0.2912745475769043, 0.5490413308143616]
[0.5115415453910828, 0.5866368412971497, 0.43492332100868225, 0.301077663898468, 0.5348446369171143]
[0.46721047163009644, 0.5727313160896301, 0.4422203004360199, 0.32488813996315, 0.5045840740203857]
[0.5325873494148254, 0.5880876183509827, 0.42129048705101013, 0.2533036768436432, 0.5475322008132935]
[0.47112634778022766, 0.5833551287651062, 0.4385415017604828, 0.281551718711853, 0.519355058670044]
[0.47112634778022766, 0.5833551287651062, 0.4385415017604828, 0.281551718711853, 0.519355058670044]
[0.5196710824966431, 0.5163252353668213, 0.4862249195575714, 0.3797759413719177, 0.5126467347145081]
[0.33419448137283325, 0.5596022009849548, 0.44180619716644287, 0.30573782324790955, 0.4624442756175995]
[0.4765048027038574, 0.5820110440254211, 0.4278464913368225, 0.26863208413124084, 0.5161042213439941]
[0.5559179782867432, 0.5696994662284851, 0.4019356667995453, 0.2807859182357788, 0.5436939001083374]
[0.3861103653907776, 0.5626804232597351, 0.42905399203300476, 0.2910979092121124, 0.48848703503608704]
[0.3861103653907776, 0.5626804232597351, 0.42905399203300476, 0.2910979092121124, 0.48848703503608704]
[0.44701945781707764, 0.5815195441246033, 0.4398183226585388, 0.2904619872570038, 0.5238161683082581]
[0.43134644627571106, 0.5691262483596802, 0.4445318579673767, 0.27229711413383484, 0.47883468866348267]
[0.4261602461338043, 0.5778869986534119, 0.4263501465320587, 0.272535502910614, 0.49045300483703613]
[0.38034260272979736, 0.5558615922927856, 0.5103573799133301, 0.4295955300331116, 0.4504765570163727]
[0.5325873494148254, 0.5880876183509827, 0.42129048705101013, 0.2533036768436432, 0.5475322008132935]
[0.4650244116783142, 0.5768699049949646, 0.4432328939437866, 0.2886543273925781, 0.5188762545585632]
[0.3861103653907776, 0.5626804232597351, 0.42905399203300476, 0.2910979092121124, 0.48848703503608704]
[0.44097089767456055, 0.5360216498374939, 0.4611971378326416, 0.36186331510543823, 0.47964954376220703]
[0.5573438405990601, 0.5495587587356567, 0.42987385392189026, 0.2847324013710022, 0.5713444352149963]
[0.4049126207828522, 0.57755047082901, 0.44388940930366516, 0.27381059527397156, 0.5007010102272034]
[0.48168671131134033, 0.5894235968589783, 0.44307729601860046, 0.294770210981369, 0.5138202905654907]
[0.528118908405304, 0.5852379202842712, 0.43063226342201233, 0.2623966634273529, 0.5555712580680847]
[0.5070725679397583, 0.5795678496360779, 0.4309682846069336, 0.25872695446014404, 0.538472592830658]
[0.4858817160129547, 0.5612564086914062, 0.4360722601413727, 0.30748435854911804, 0.5190314054489136]
[0.5325873494148254, 0.5880876183509827, 0.42129048705101013, 0.2533036768436432, 0.5475322008132935]
[0.3861103653907776, 0.5626804232597351, 0.42905399203300476, 0.2910979092121124, 0.48848703503608704]
[0.47518089413642883, 0.5844701528549194, 0.4386751353740692, 0.2857070863246918, 0.5236069560050964]
[0.4551995098590851, 0.5922648310661316, 0.4540148973464966, 0.29140207171440125, 0.4736001789569855]
[0.5536749362945557, 0.5571878552436829, 0.3998219668865204, 0.27919909358024597, 0.5846094489097595]
[0.47952592372894287, 0.5848807692527771, 0.4390442669391632, 0.28724730014801025, 0.5307024717330933]
[0.5956874489784241, 0.5701892375946045, 0.3755218982696533, 0.22748537361621857, 0.6039926409721375]
[0.528118908405304, 0.5852379202842712, 0.43063226342201233, 0.2623966634273529, 0.5555712580680847]
[0.528118908405304, 0.5852379202842712, 0.43063226342201233, 0.2623966634273529, 0.5555712580680847]
[0.5098600387573242, 0.5343474745750427, 0.41729241609573364, 0.2910914123058319, 0.555141806602478]
[0.5466623306274414, 0.5617116689682007, 0.3992123007774353, 0.2419731467962265, 0.5798161029815674]
[0.33419448137283325, 0.5596022009849548, 0.44180619716644287, 0.30573782324790955, 0.4624442756175995]
[0.47518089413642883, 0.5844701528549194, 0.4386751353740692, 0.2857070863246918, 0.5236069560050964]
[0.5074443221092224, 0.5536304116249084, 0.4730498492717743, 0.37316814064979553, 0.504603922367096]
[0.3525565266609192, 0.5549966096878052, 0.4557444751262665, 0.29298844933509827, 0.43208077549934387]
[0.4172413945198059, 0.5424970388412476, 0.43762195110321045, 0.306659072637558, 0.4627942144870758]
[0.4847409129142761, 0.53875732421875, 0.44451454281806946, 0.29558292031288147, 0.47005242109298706]
[0.4937092661857605, 0.5623059868812561, 0.45870164036750793, 0.31614556908607483, 0.5086201429367065]
[0.5405536890029907, 0.5985178351402283, 0.4189143776893616, 0.27738383412361145, 0.5613213777542114]
[0.48236283659935, 0.5934791564941406, 0.45783835649490356, 0.2857806384563446, 0.5092843174934387]
[0.46580228209495544, 0.5567018389701843, 0.4984667897224426, 0.3886266052722931, 0.532310426235199]
[0.502946674823761, 0.5847076177597046, 0.4225614666938782, 0.2829054296016693, 0.5400750637054443]
[0.3925979733467102, 0.5827486515045166, 0.43968722224235535, 0.28990069031715393, 0.49348166584968567]
[0.5325873494148254, 0.5880876183509827, 0.42129048705101013, 0.2533036768436432, 0.5475322008132935]
[0.5026147365570068, 0.5857885479927063, 0.41914936900138855, 0.27273568511009216, 0.5551959872245789]
[0.47112634778022766, 0.5833551287651062, 0.4385415017604828, 0.281551718711853, 0.519355058670044]
[0.4320327043533325, 0.580361008644104, 0.4439273774623871, 0.3277483582496643, 0.490519255399704]
[0.528118908405304, 0.5852379202842712, 0.43063226342201233, 0.2623966634273529, 0.5555712580680847]
[0.5411620140075684, 0.5940960049629211, 0.4337894320487976, 0.30073121190071106, 0.5565338730812073]
[0.4160030484199524, 0.5493624210357666, 0.43458545207977295, 0.3007882833480835, 0.4683142602443695]
[0.42989054322242737, 0.5609063506126404, 0.4612199366092682, 0.3131498396396637, 0.5026050209999084]
[0.5325873494148254, 0.5880876183509827, 0.42129048705101013, 0.2533036768436432, 0.5475322008132935]
[0.511255145072937, 0.5555015802383423, 0.44553065299987793, 0.29960352182388306, 0.5322266817092896]
[0.3861103653907776, 0.5626804232597351, 0.42905399203300476, 0.2910979092121124, 0.48848703503608704]
[0.454990953207016, 0.5554013252258301, 0.4434759318828583, 0.31117168068885803, 0.4807475805282593]
[0.43452635407447815, 0.5498600602149963, 0.47434526681900024, 0.3549744784832001, 0.4699723422527313]
[0.3813536465167999, 0.5868236422538757, 0.4521878957748413, 0.2991652190685272, 0.46230101585388184]
