1
浪浪你真的要开启微博可查看最近访客功能了么。。。。。。
[0.40587887167930603, 0.5146488547325134, 0.47578132152557373, 0.3247443735599518, 0.4318563640117645]
[0.5520936250686646, 0.572313666343689, 0.40184590220451355, 0.26712536811828613, 0.5757388472557068]
[0.5456783771514893, 0.5811651349067688, 0.4214344918727875, 0.2664158344268799, 0.5638814568519592]
[0.40587887167930603, 0.5146488547325134, 0.47578132152557373, 0.3247443735599518, 0.4318563640117645]
[0.5552852153778076, 0.5857468843460083, 0.4001559317111969, 0.27149248123168945, 0.5646634697914124]
[0.525303304195404, 0.5893932580947876, 0.4286787211894989, 0.2753893733024597, 0.5701485276222229]
[0.4912557303905487, 0.571743905544281, 0.4201211631298065, 0.2772582471370697, 0.5193119645118713]
[0.46607449650764465, 0.5837430953979492, 0.43418726325035095, 0.29521000385284424, 0.49424687027931213]
[0.508120059967041, 0.5876989364624023, 0.4319666028022766, 0.2722293436527252, 0.5139364004135132]
[0.5788037180900574, 0.5487756133079529, 0.4039960503578186, 0.2587178945541382, 0.5830512046813965]
[0.4375351369380951, 0.5263824462890625, 0.45628103613853455, 0.28995952010154724, 0.4579482972621918]
[0.4834599196910858, 0.5994558930397034, 0.440403014421463, 0.2683957517147064, 0.5310229659080505]
[0.47672373056411743, 0.5364335775375366, 0.4632250964641571, 0.3003908693790436, 0.48645859956741333]
[0.4035619795322418, 0.5630075931549072, 0.43835076689720154, 0.29424363374710083, 0.4609862267971039]
[0.4791093170642853, 0.5684128999710083, 0.4524901807308197, 0.3232845067977905, 0.5040432214736938]
[0.5496272444725037, 0.59309983253479, 0.40155869722366333, 0.24858905375003815, 0.5685585737228394]
[0.49606969952583313, 0.5910388827323914, 0.4339299201965332, 0.2859033942222595, 0.5256103277206421]
[0.5606805086135864, 0.581872284412384, 0.4016381502151489, 0.24889259040355682, 0.5764707922935486]
[0.5542343854904175, 0.5777077674865723, 0.4069485664367676, 0.2708486318588257, 0.5451472997665405]
[0.48550519347190857, 0.5677828788757324, 0.42112356424331665, 0.31835228204727173, 0.49466603994369507]
[0.527698278427124, 0.5565246939659119, 0.42912352085113525, 0.29253652691841125, 0.5311814546585083]
[0.5139617323875427, 0.5929368138313293, 0.41964560747146606, 0.23943687975406647, 0.5214974880218506]
[0.48359230160713196, 0.5927678942680359, 0.43945881724357605, 0.2975825071334839, 0.5169289112091064]
[0.5965641140937805, 0.547516405582428, 0.4104860723018646, 0.2593013346195221, 0.5951106548309326]
[0.5292156338691711, 0.5936098098754883, 0.40508562326431274, 0.266557514667511, 0.5508575439453125]
[0.47077932953834534, 0.5853559374809265, 0.45415860414505005, 0.2854330837726593, 0.5164240002632141]
[0.5065202116966248, 0.5603808164596558, 0.43458470702171326, 0.3115789592266083, 0.48890554904937744]
[0.5263778567314148, 0.5777227878570557, 0.4122494161128998, 0.2974676191806793, 0.5200011134147644]
[0.49555298686027527, 0.570673942565918, 0.4313119649887085, 0.2879068851470947, 0.5146951675415039]
[0.46209973096847534, 0.560062825679779, 0.42035165429115295, 0.27489611506462097, 0.4754510223865509]
[0.5812540054321289, 0.5724236965179443, 0.39404743909835815, 0.25024962425231934, 0.5734004378318787]
[0.5142314434051514, 0.5862836241722107, 0.39162108302116394, 0.2580210864543915, 0.5354888439178467]
[0.5373119711875916, 0.5812968611717224, 0.4039570391178131, 0.2715168595314026, 0.5575428009033203]
[0.5342981815338135, 0.5741659998893738, 0.41388148069381714, 0.2728855311870575, 0.5583904385566711]
[0.46205252408981323, 0.5259303450584412, 0.47328802943229675, 0.36455634236335754, 0.4666791558265686]
[0.516655683517456, 0.5590341091156006, 0.4293815791606903, 0.27639639377593994, 0.571778416633606]
[0.42196205258369446, 0.5526748895645142, 0.4561918079853058, 0.34653240442276, 0.47953349351882935]
[0.6407794952392578, 0.5526632070541382, 0.3897344768047333, 0.2576867640018463, 0.6169785261154175]
[0.4753713309764862, 0.5572567582130432, 0.44697487354278564, 0.33028843998908997, 0.5075287222862244]
[0.5486038327217102, 0.5648041367530823, 0.412729412317276, 0.282899409532547, 0.5469978451728821]
[0.5517248511314392, 0.5549774169921875, 0.4464064836502075, 0.28823524713516235, 0.5284642577171326]
[0.5422282814979553, 0.5863180160522461, 0.40551844239234924, 0.2753317654132843, 0.556081235408783]
[0.43928033113479614, 0.5755216479301453, 0.43812182545661926, 0.28464990854263306, 0.4676651954650879]
[0.5592738389968872, 0.5711734890937805, 0.42513081431388855, 0.2722630202770233, 0.5683789849281311]
[0.3535257875919342, 0.5439347624778748, 0.475736141204834, 0.3571394979953766, 0.4300806522369385]
[0.4990110993385315, 0.5518850088119507, 0.4324730932712555, 0.32225555181503296, 0.5399283170700073]
[0.5263777375221252, 0.588252604007721, 0.43623432517051697, 0.29369571805000305, 0.5394673347473145]
[0.41560500860214233, 0.5475965738296509, 0.48548489809036255, 0.3485899567604065, 0.4544442296028137]
[0.5329002141952515, 0.5764288902282715, 0.4051896035671234, 0.2745994031429291, 0.5388232469558716]
[0.5673233270645142, 0.5659038424491882, 0.41933420300483704, 0.2973175048828125, 0.5455405712127686]
[0.42325443029403687, 0.5556743741035461, 0.4778863191604614, 0.31850871443748474, 0.4680750072002411]
[0.5673273801803589, 0.5903279781341553, 0.40779194235801697, 0.26420968770980835, 0.5527147650718689]
[0.5274214148521423, 0.5498321056365967, 0.4604334831237793, 0.30587276816368103, 0.5344683527946472]
[0.6420375108718872, 0.5503091812133789, 0.3936220109462738, 0.2616586685180664, 0.6189441084861755]
[0.5207046270370483, 0.5794954299926758, 0.4166705906391144, 0.2826118469238281, 0.5263526439666748]
[0.4847269058227539, 0.5656787753105164, 0.4381105601787567, 0.3042294681072235, 0.5023387670516968]
[0.5718469619750977, 0.5815160870552063, 0.3957914113998413, 0.262713760137558, 0.5624905824661255]
[0.48733916878700256, 0.5739020109176636, 0.42586496472358704, 0.2761390507221222, 0.4984787106513977]
[0.5486038327217102, 0.5648041367530823, 0.412729412317276, 0.282899409532547, 0.5469978451728821]
[0.41621118783950806, 0.5739651918411255, 0.44331684708595276, 0.2904062569141388, 0.4628446102142334]
[0.3921860158443451, 0.5159637928009033, 0.4999467730522156, 0.3847832679748535, 0.43230411410331726]
[0.5275729894638062, 0.5859180688858032, 0.4228576719760895, 0.2802053987979889, 0.5224067568778992]
[0.5246820449829102, 0.5564000606536865, 0.45507338643074036, 0.34774136543273926, 0.5146464109420776]
[0.49693024158477783, 0.5751205086708069, 0.43108290433883667, 0.2961260974407196, 0.5257686972618103]
[0.5126953125, 0.560925304889679, 0.418638676404953, 0.2630497217178345, 0.5419027805328369]
[0.5451405048370361, 0.5799071192741394, 0.4316512644290924, 0.266661137342453, 0.5196403861045837]
[0.4638775587081909, 0.5840900540351868, 0.4519519507884979, 0.30400708317756653, 0.48178359866142273]
[0.6061928272247314, 0.5108001828193665, 0.42533689737319946, 0.3190164566040039, 0.5851561427116394]
[0.5463929176330566, 0.5916547179222107, 0.4025300443172455, 0.2478436678647995, 0.5655365586280823]
[0.5078759789466858, 0.579383909702301, 0.42844724655151367, 0.2770571708679199, 0.5027909874916077]
[0.5494908690452576, 0.5729881525039673, 0.41540223360061646, 0.29267773032188416, 0.5318506956100464]
[0.5817319750785828, 0.5725146532058716, 0.4011012613773346, 0.23860274255275726, 0.6054785251617432]
[0.636580765247345, 0.5568690896034241, 0.38323137164115906, 0.25090309977531433, 0.6133875846862793]
[0.48913073539733887, 0.5636693239212036, 0.417116641998291, 0.28689903020858765, 0.4952878952026367]
[0.45922142267227173, 0.5660679936408997, 0.4554342031478882, 0.32057371735572815, 0.5220562219619751]
[0.5182501673698425, 0.5802010297775269, 0.4109402596950531, 0.28290191292762756, 0.5242315530776978]
[0.5193629860877991, 0.5856478810310364, 0.41173920035362244, 0.282301664352417, 0.5441094636917114]
[0.54066401720047, 0.581046998500824, 0.4031358063220978, 0.2702166438102722, 0.5596573948860168]
[0.5456281900405884, 0.556740939617157, 0.4653714895248413, 0.29611435532569885, 0.5521315932273865]
[0.4415026307106018, 0.5813966989517212, 0.4342733323574066, 0.2754673659801483, 0.4972495436668396]
[0.47553038597106934, 0.5658459067344666, 0.4600957930088043, 0.3129691779613495, 0.502972424030304]
[0.5154855847358704, 0.567176342010498, 0.4259607195854187, 0.29753100872039795, 0.5537407994270325]
[0.47694599628448486, 0.5707288980484009, 0.4301442503929138, 0.2884899973869324, 0.49586066603660583]
[0.5535337924957275, 0.6107580661773682, 0.42254284024238586, 0.26326942443847656, 0.5784542560577393]
[0.4429226517677307, 0.5649592280387878, 0.4430728554725647, 0.3133943974971771, 0.45409658551216125]
[0.44596704840660095, 0.5193638801574707, 0.5358006954193115, 0.4306866526603699, 0.5031050443649292]
[0.5518072247505188, 0.6019368171691895, 0.42530229687690735, 0.2723400294780731, 0.5655333995819092]
[0.45526114106178284, 0.5025209784507751, 0.5469513535499573, 0.5939924716949463, 0.4873396158218384]
[0.4675804376602173, 0.559989333152771, 0.433964341878891, 0.29324162006378174, 0.5053040981292725]
[0.4674685001373291, 0.575319230556488, 0.4267653822898865, 0.2900838553905487, 0.4737687408924103]
[0.4272163212299347, 0.578639805316925, 0.4649880826473236, 0.29797032475471497, 0.4680140018463135]
[0.5373493432998657, 0.5828500390052795, 0.40312543511390686, 0.27187472581863403, 0.5585471391677856]
[0.5634029507637024, 0.5783467292785645, 0.39400532841682434, 0.27352380752563477, 0.574043333530426]
[0.5135759711265564, 0.5720741152763367, 0.43224209547042847, 0.30111274123191833, 0.5122555494308472]
[0.5057675242424011, 0.5497478246688843, 0.45473089814186096, 0.3081973195075989, 0.5292428135871887]
[0.4870556890964508, 0.5727516412734985, 0.4438820779323578, 0.28865766525268555, 0.5071542263031006]
[0.4487622082233429, 0.5716210603713989, 0.4600348174571991, 0.3031274080276489, 0.45275557041168213]
[0.5638980865478516, 0.5499029755592346, 0.4067833423614502, 0.2644767761230469, 0.5755651593208313]
[0.4514324963092804, 0.5575992465019226, 0.45350131392478943, 0.340752512216568, 0.48385897278785706]
[0.5135759711265564, 0.5720741152763367, 0.43224209547042847, 0.30111274123191833, 0.5122555494308472]
[0.5858302116394043, 0.5803328156471252, 0.3857389986515045, 0.2403317391872406, 0.5815504193305969]
