1
【转】三亚发现一名河南籍乞讨儿童，就是这个小男孩，孩子不能说话，记者怀疑孩子是被人控制。孩子用手比划着告诉我们，他是被一女两男带出来乞讨的，每天要乞讨到80块钱才算完成任务，嘴巴也是他们弄的不能说话。孩子说自己来自河南安阳，家里有一个哥哥一个姐姐。大家多转转吧! 让他的家人可以找到他
[0.5194085836410522, 0.5207145810127258, 0.5202194452285767, 0.41604083776474, 0.5468171238899231]
[0.4073496460914612, 0.5921524167060852, 0.466568261384964, 0.3011021018028259, 0.4826768934726715]
[0.44420063495635986, 0.5822407603263855, 0.45290830731391907, 0.30039045214653015, 0.5102972984313965]
[0.574697732925415, 0.5756683349609375, 0.39976558089256287, 0.2637142241001129, 0.5769898295402527]
[0.4796365797519684, 0.5414051413536072, 0.46774420142173767, 0.3538062274456024, 0.4916084408760071]
[0.47646287083625793, 0.577259361743927, 0.4464941918849945, 0.3045458495616913, 0.4917979836463928]
[0.47646287083625793, 0.577259361743927, 0.4464941918849945, 0.3045458495616913, 0.4917979836463928]
[0.36768266558647156, 0.5553683042526245, 0.44645723700523376, 0.2846674919128418, 0.45567676424980164]
[0.5012935996055603, 0.5762504935264587, 0.42405515909194946, 0.2874540686607361, 0.5137268304824829]
[0.47112634778022766, 0.5833551287651062, 0.4385415017604828, 0.281551718711853, 0.519355058670044]
[0.47646287083625793, 0.577259361743927, 0.4464941918849945, 0.3045458495616913, 0.4917979836463928]
[0.48751696944236755, 0.5738409757614136, 0.4369329810142517, 0.29005634784698486, 0.5205778479576111]
[0.48153480887413025, 0.5554901361465454, 0.4232776463031769, 0.26601406931877136, 0.5407105088233948]
[0.511549174785614, 0.5419926643371582, 0.4666028916835785, 0.34637880325317383, 0.5116448998451233]
[0.5159385204315186, 0.5588047504425049, 0.4480481743812561, 0.3331230878829956, 0.5418654084205627]
[0.47646287083625793, 0.577259361743927, 0.4464941918849945, 0.3045458495616913, 0.4917979836463928]
[0.5156430602073669, 0.5804081559181213, 0.44862934947013855, 0.2905164062976837, 0.5323150157928467]
[0.42406517267227173, 0.592087984085083, 0.4363042116165161, 0.27177485823631287, 0.4936925172805786]
[0.521691083908081, 0.5878927707672119, 0.4193263351917267, 0.279192179441452, 0.5255200266838074]
[0.47646287083625793, 0.577259361743927, 0.4464941918849945, 0.3045458495616913, 0.4917979836463928]
[0.48236283659935, 0.5934791564941406, 0.45783835649490356, 0.2857806384563446, 0.5092843174934387]
[0.45713499188423157, 0.5679379105567932, 0.42072793841362, 0.29779359698295593, 0.5020739436149597]
[0.47894003987312317, 0.6006265878677368, 0.42362478375434875, 0.2659461796283722, 0.5371859073638916]
[0.4948548972606659, 0.5803357362747192, 0.44951388239860535, 0.2903982698917389, 0.5115106105804443]
[0.5276305675506592, 0.5717406868934631, 0.42352691292762756, 0.2583360970020294, 0.5232225060462952]
[0.5198639631271362, 0.5878791809082031, 0.4358642101287842, 0.2835219204425812, 0.5469194650650024]
[0.4691205322742462, 0.5607624650001526, 0.4360201060771942, 0.3265096843242645, 0.5069836974143982]
[0.5310042500495911, 0.550330400466919, 0.4174548089504242, 0.30006206035614014, 0.5351015329360962]
[0.45927900075912476, 0.5544055104255676, 0.4256175458431244, 0.3063991069793701, 0.4978505074977875]
[0.42406517267227173, 0.592087984085083, 0.4363042116165161, 0.27177485823631287, 0.4936925172805786]
[0.4360820949077606, 0.5170025825500488, 0.47784292697906494, 0.34463104605674744, 0.4765557050704956]
[0.5443278551101685, 0.584579348564148, 0.4285435974597931, 0.2789374589920044, 0.5458494424819946]
[0.5411978363990784, 0.5540944337844849, 0.4131864905357361, 0.2743666172027588, 0.530319333076477]
[0.4745897352695465, 0.551053524017334, 0.44524499773979187, 0.29173171520233154, 0.4924519658088684]
[0.5189448595046997, 0.5540218949317932, 0.46864327788352966, 0.30950427055358887, 0.5198292136192322]
[0.5739045143127441, 0.5940030217170715, 0.4020262658596039, 0.2592354416847229, 0.5767600536346436]
[0.515447199344635, 0.5728804469108582, 0.4319251775741577, 0.33066460490226746, 0.5308650135993958]
[0.47646287083625793, 0.577259361743927, 0.4464941918849945, 0.3045458495616913, 0.4917979836463928]
[0.47646287083625793, 0.577259361743927, 0.4464941918849945, 0.3045458495616913, 0.4917979836463928]
[0.4464671015739441, 0.5257006287574768, 0.4425952136516571, 0.301408588886261, 0.477632611989975]
[0.46868401765823364, 0.5801210999488831, 0.4507400095462799, 0.2947137951850891, 0.5081733465194702]
[0.48633456230163574, 0.5641056299209595, 0.4650104343891144, 0.316974014043808, 0.5282915830612183]
[0.42406517267227173, 0.592087984085083, 0.4363042116165161, 0.27177485823631287, 0.4936925172805786]
[0.5065810084342957, 0.6004035472869873, 0.42188915610313416, 0.280615895986557, 0.5492813587188721]
[0.47646287083625793, 0.577259361743927, 0.4464941918849945, 0.3045458495616913, 0.4917979836463928]
[0.47646287083625793, 0.577259361743927, 0.4464941918849945, 0.3045458495616913, 0.4917979836463928]
[0.5074204802513123, 0.5800320506095886, 0.44994494318962097, 0.28634166717529297, 0.531578540802002]
[0.4457000494003296, 0.5766928195953369, 0.45394885540008545, 0.33813756704330444, 0.48298826813697815]
[0.5122741460800171, 0.5802704691886902, 0.4321803152561188, 0.295563668012619, 0.5421624779701233]
[0.4954512417316437, 0.5997869968414307, 0.4401913285255432, 0.27002304792404175, 0.521312952041626]
[0.405179888010025, 0.4981382191181183, 0.5011295080184937, 0.40813446044921875, 0.44475945830345154]
[0.5536578297615051, 0.5851238965988159, 0.4206966161727905, 0.2564728260040283, 0.5472202301025391]
[0.5135356187820435, 0.5604022741317749, 0.42404061555862427, 0.30195432901382446, 0.5328851342201233]
[0.5043873190879822, 0.5946911573410034, 0.4446835219860077, 0.266641765832901, 0.5355215072631836]
[0.4839681386947632, 0.5794842839241028, 0.44259175658226013, 0.2923116683959961, 0.49939432740211487]
[0.47839853167533875, 0.5651161074638367, 0.4315623939037323, 0.3043055832386017, 0.4977578818798065]
[0.4855309724807739, 0.5786405801773071, 0.4220833480358124, 0.29873979091644287, 0.5267472863197327]
[0.6010124087333679, 0.5425795912742615, 0.3969343900680542, 0.24349519610404968, 0.6135485172271729]
[0.4385375678539276, 0.5782274603843689, 0.4583386778831482, 0.30116528272628784, 0.4600597620010376]
[0.4457000494003296, 0.5766928195953369, 0.45394885540008545, 0.33813756704330444, 0.48298826813697815]
[0.4344981014728546, 0.5502508282661438, 0.47501322627067566, 0.3580865263938904, 0.4860870838165283]
[0.3861103653907776, 0.5626804232597351, 0.42905399203300476, 0.2910979092121124, 0.48848703503608704]
[0.4412839412689209, 0.5552772283554077, 0.45834848284721375, 0.3261246979236603, 0.4772273004055023]
[0.4769796133041382, 0.6058762073516846, 0.41899070143699646, 0.2801472842693329, 0.5411762595176697]
[0.47463420033454895, 0.5827622413635254, 0.43642523884773254, 0.27036213874816895, 0.5040925145149231]
[0.5588362812995911, 0.5748013257980347, 0.42195963859558105, 0.26532649993896484, 0.5468020439147949]
[0.42406517267227173, 0.592087984085083, 0.4363042116165161, 0.27177485823631287, 0.4936925172805786]
[0.5463663339614868, 0.5744607448577881, 0.39033398032188416, 0.2638415992259979, 0.5671335458755493]
[0.45045551657676697, 0.5596852898597717, 0.43735530972480774, 0.3111896216869354, 0.4885723292827606]
[0.5489473938941956, 0.5863284468650818, 0.41040337085723877, 0.23354943096637726, 0.5489058494567871]
[0.517460823059082, 0.5630872249603271, 0.4294469952583313, 0.30076849460601807, 0.527301549911499]
[0.4371742904186249, 0.5505669116973877, 0.4845322072505951, 0.3541088104248047, 0.48789653182029724]
[0.47646287083625793, 0.577259361743927, 0.4464941918849945, 0.3045458495616913, 0.4917979836463928]
[0.35272935032844543, 0.57756108045578, 0.4564403295516968, 0.3002152442932129, 0.44867509603500366]
[0.5571498870849609, 0.5843037366867065, 0.4247225224971771, 0.2771587371826172, 0.5698927640914917]
[0.4504586160182953, 0.5743362307548523, 0.43329498171806335, 0.29703056812286377, 0.4976920783519745]
[0.45239493250846863, 0.5648000836372375, 0.4524022936820984, 0.2885980010032654, 0.5260882377624512]
[0.5122741460800171, 0.5802704691886902, 0.4321803152561188, 0.295563668012619, 0.5421624779701233]
[0.5530697703361511, 0.5729717016220093, 0.4374313950538635, 0.3046218752861023, 0.5531587600708008]
[0.5149213075637817, 0.5745115280151367, 0.4294396936893463, 0.2818833291530609, 0.5206738114356995]
[0.3784494698047638, 0.5832644104957581, 0.4487568438053131, 0.29239195585250854, 0.46777692437171936]
[0.48236283659935, 0.5934791564941406, 0.45783835649490356, 0.2857806384563446, 0.5092843174934387]
[0.5057511329650879, 0.5468847155570984, 0.4437643885612488, 0.3017503619194031, 0.5182653069496155]
[0.42406517267227173, 0.592087984085083, 0.4363042116165161, 0.27177485823631287, 0.4936925172805786]
[0.4977409839630127, 0.5353419184684753, 0.43397632241249084, 0.3565625846385956, 0.5182639956474304]
[0.5724424123764038, 0.6006996631622314, 0.3837011456489563, 0.24152950942516327, 0.5767343640327454]
[0.4858739972114563, 0.5456851124763489, 0.4911099672317505, 0.45586147904396057, 0.5031667351722717]
[0.3861103653907776, 0.5626804232597351, 0.42905399203300476, 0.2910979092121124, 0.48848703503608704]
[0.4339366555213928, 0.5587248206138611, 0.463848739862442, 0.3087190091609955, 0.4780730903148651]
[0.45462319254875183, 0.5490372180938721, 0.4428772032260895, 0.3172527551651001, 0.4940131902694702]
[0.47646287083625793, 0.577259361743927, 0.4464941918849945, 0.3045458495616913, 0.4917979836463928]
[0.3601253628730774, 0.5588699579238892, 0.4370354115962982, 0.2802875339984894, 0.4537184536457062]
[0.5205277800559998, 0.5960012674331665, 0.41923096776008606, 0.2751123607158661, 0.540634274482727]
[0.5076591968536377, 0.5597898960113525, 0.45718660950660706, 0.31958287954330444, 0.5414392948150635]
[0.5149213075637817, 0.5745115280151367, 0.4294396936893463, 0.2818833291530609, 0.5206738114356995]
[0.5325873494148254, 0.5880876183509827, 0.42129048705101013, 0.2533036768436432, 0.5475322008132935]
[0.48959580063819885, 0.5714190602302551, 0.44733721017837524, 0.3100228011608124, 0.5167064070701599]
[0.44420063495635986, 0.5822407603263855, 0.45290830731391907, 0.30039045214653015, 0.5102972984313965]
[0.41353943943977356, 0.5668389201164246, 0.44224563241004944, 0.3034105896949768, 0.4632740616798401]
[0.4089055061340332, 0.5784577131271362, 0.45308005809783936, 0.2784103751182556, 0.48602575063705444]
[0.5299258232116699, 0.5388598442077637, 0.4414682388305664, 0.33235490322113037, 0.5464476943016052]
