1
大家有没有发现，微博可以查看阅读量了？阿丁不禁想问：浪浪你真的要开启微博可查看最近访客功能了么。。。。。。（图 by 丁一晨DYC）
[0.4365057051181793, 0.5232629179954529, 0.5462606549263, 0.45205405354499817, 0.5243681073188782]
[0.40587887167930603, 0.5146488547325134, 0.47578132152557373, 0.3247443735599518, 0.4318563640117645]
[0.40587887167930603, 0.5146488547325134, 0.47578132152557373, 0.3247443735599518, 0.4318563640117645]
[0.40587887167930603, 0.5146488547325134, 0.47578132152557373, 0.3247443735599518, 0.4318563640117645]
[0.40587887167930603, 0.5146488547325134, 0.47578132152557373, 0.3247443735599518, 0.4318563640117645]
[0.516832709312439, 0.5791578888893127, 0.4301661550998688, 0.27593040466308594, 0.5681087970733643]
[0.5184803605079651, 0.5847436189651489, 0.42718178033828735, 0.2831519544124603, 0.5340947508811951]
[0.5963955521583557, 0.5000938773155212, 0.47141948342323303, 0.35600805282592773, 0.6046545505523682]
[0.5667076110839844, 0.5824559330940247, 0.40948083996772766, 0.24802812933921814, 0.5509757995605469]
[0.4843592345714569, 0.5684127807617188, 0.45892733335494995, 0.31850314140319824, 0.5353475213050842]
[0.5193629860877991, 0.5856478810310364, 0.41173920035362244, 0.282301664352417, 0.5441094636917114]
[0.41854584217071533, 0.5555670261383057, 0.46096962690353394, 0.3251221776008606, 0.45894676446914673]
[0.48285260796546936, 0.5449928045272827, 0.4424747824668884, 0.29904547333717346, 0.5027794241905212]
[0.4272163212299347, 0.578639805316925, 0.4649880826473236, 0.29797032475471497, 0.4680140018463135]
[0.5113290548324585, 0.5526027679443359, 0.43425634503364563, 0.28495392203330994, 0.5136871933937073]
[0.4805552363395691, 0.5842164754867554, 0.45099276304244995, 0.2732749283313751, 0.5431900024414062]
[0.5373493432998657, 0.5828500390052795, 0.40312543511390686, 0.27187472581863403, 0.5585471391677856]
[0.5242680907249451, 0.5860019326210022, 0.40547609329223633, 0.2750428318977356, 0.5480639934539795]
[0.5312302708625793, 0.5874090194702148, 0.4130095839500427, 0.2744174897670746, 0.5446003675460815]
[0.5261619091033936, 0.5865175127983093, 0.42083391547203064, 0.2791692912578583, 0.5540699362754822]
[0.4345061480998993, 0.5568930506706238, 0.44924604892730713, 0.3036644160747528, 0.4710766077041626]
[0.4935415983200073, 0.5741624236106873, 0.43842318654060364, 0.26955562829971313, 0.5180968046188354]
[0.43944251537323, 0.5827980637550354, 0.4458513855934143, 0.27562034130096436, 0.49379515647888184]
[0.5178279280662537, 0.531367301940918, 0.5080209970474243, 0.4396653473377228, 0.5420078039169312]
[0.5918773412704468, 0.5954312682151794, 0.38330674171447754, 0.2451559156179428, 0.5984187722206116]
[0.6261783838272095, 0.5606667399406433, 0.3796393871307373, 0.24957814812660217, 0.6046227216720581]
[0.5193629860877991, 0.5856478810310364, 0.41173920035362244, 0.282301664352417, 0.5441094636917114]
[0.5189820528030396, 0.5750948786735535, 0.43515732884407043, 0.2849554419517517, 0.5476575493812561]
[0.48379552364349365, 0.5937032699584961, 0.41920071840286255, 0.2830924987792969, 0.4925927221775055]
[0.47353243827819824, 0.5542315244674683, 0.4462817311286926, 0.31170853972435, 0.5031074285507202]
[0.49129152297973633, 0.5496616959571838, 0.46315768361091614, 0.3256077468395233, 0.5334523320198059]
[0.4726197421550751, 0.5581468939781189, 0.4512266218662262, 0.3341854512691498, 0.49928444623947144]
[0.4055260121822357, 0.5623958110809326, 0.46410566568374634, 0.3339943587779999, 0.4597046673297882]
[0.5063144564628601, 0.5683811902999878, 0.4212415814399719, 0.3051060736179352, 0.517640233039856]
[0.4934130609035492, 0.5199646353721619, 0.4719398319721222, 0.3525162935256958, 0.481120765209198]
[0.4934130609035492, 0.5199646353721619, 0.4719398319721222, 0.3525162935256958, 0.481120765209198]
[0.4934130609035492, 0.5199646353721619, 0.4719398319721222, 0.3525162935256958, 0.481120765209198]
[0.4934130609035492, 0.5199646353721619, 0.4719398319721222, 0.3525162935256958, 0.481120765209198]
[0.4934130609035492, 0.5199646353721619, 0.4719398319721222, 0.3525162935256958, 0.481120765209198]
[0.4934130609035492, 0.5199646353721619, 0.4719398319721222, 0.3525162935256958, 0.481120765209198]
[0.4934130609035492, 0.5199646353721619, 0.4719398319721222, 0.3525162935256958, 0.481120765209198]
[0.565333902835846, 0.5740373730659485, 0.41033920645713806, 0.2582043707370758, 0.5612456202507019]
[0.5529648065567017, 0.5319424867630005, 0.4174864888191223, 0.2847716510295868, 0.5534806251525879]
[0.4259960353374481, 0.5367966890335083, 0.4808739721775055, 0.386810302734375, 0.48072704672813416]
[0.5193132162094116, 0.5753822922706604, 0.42902642488479614, 0.27802079916000366, 0.5124107599258423]
[0.5323842763900757, 0.5456946492195129, 0.4334270656108856, 0.2989528477191925, 0.5689235329627991]
[0.5193629860877991, 0.5856478810310364, 0.41173920035362244, 0.282301664352417, 0.5441094636917114]
[0.4635508358478546, 0.5725487470626831, 0.4649708569049835, 0.3134104609489441, 0.5091056227684021]
[0.48379552364349365, 0.5937032699584961, 0.41920071840286255, 0.2830924987792969, 0.4925927221775055]
[0.5235055685043335, 0.5806278586387634, 0.4074332118034363, 0.28725287318229675, 0.5288695693016052]
[0.48158976435661316, 0.5677477121353149, 0.4438095688819885, 0.3050166964530945, 0.4950582683086395]
[0.5292749404907227, 0.5901339054107666, 0.40582072734832764, 0.2650637924671173, 0.5516903400421143]
[0.4319668114185333, 0.5705850124359131, 0.4536588191986084, 0.3070041239261627, 0.480530321598053]
[0.5369938015937805, 0.5734905004501343, 0.4156331717967987, 0.27202263474464417, 0.5268031358718872]
[0.47723838686943054, 0.5667481422424316, 0.4366689622402191, 0.3048495054244995, 0.5027945637702942]
[0.4944609999656677, 0.5102515816688538, 0.487499475479126, 0.3800741732120514, 0.4804767072200775]
[0.47425612807273865, 0.5785049200057983, 0.4397018551826477, 0.3021250367164612, 0.4918173551559448]
[0.5048091411590576, 0.5325580835342407, 0.4411720633506775, 0.32617202401161194, 0.5419323444366455]
[0.6261783838272095, 0.5606667399406433, 0.3796393871307373, 0.24957814812660217, 0.6046227216720581]
[0.5139617323875427, 0.5929368138313293, 0.41964560747146606, 0.23943687975406647, 0.5214974880218506]
[0.5888426899909973, 0.5548902153968811, 0.41221868991851807, 0.270804762840271, 0.5782802700996399]
[0.4668017327785492, 0.5599426031112671, 0.45331740379333496, 0.33898577094078064, 0.49111664295196533]
[0.4725134074687958, 0.5661928653717041, 0.4470703899860382, 0.30806422233581543, 0.5170902609825134]
[0.479442834854126, 0.5366714000701904, 0.4613673985004425, 0.36240240931510925, 0.5211576223373413]
[0.5141831040382385, 0.5771200060844421, 0.43716558814048767, 0.3061671853065491, 0.5314500331878662]
[0.511255145072937, 0.5555015802383423, 0.44553065299987793, 0.29960352182388306, 0.5322266817092896]
