1
河南官员把拆迁户孩子扔下楼，父亲跪地崩溃！（你再删，我再发，大家都转起来！）via：
[0.5919799208641052, 0.5758480429649353, 0.410595178604126, 0.2627909779548645, 0.5761224031448364]
[0.5460119843482971, 0.5714907050132751, 0.41865044832229614, 0.2795654833316803, 0.5394255518913269]
[0.47759583592414856, 0.5759186744689941, 0.42432042956352234, 0.272921085357666, 0.5279743671417236]
[0.539788007736206, 0.5670352578163147, 0.3832779824733734, 0.24416767060756683, 0.5663011074066162]
[0.5677019953727722, 0.5291207432746887, 0.4380031228065491, 0.27662381529808044, 0.5843042731285095]
[0.44893014430999756, 0.5247294306755066, 0.5008312463760376, 0.3946295976638794, 0.48981958627700806]
[0.5134738087654114, 0.5148457884788513, 0.45581114292144775, 0.3723280429840088, 0.5246853232383728]
[0.452068954706192, 0.5528137683868408, 0.4740733206272125, 0.34427109360694885, 0.4843072295188904]
[0.5325873494148254, 0.5880876183509827, 0.42129048705101013, 0.2533036768436432, 0.5475322008132935]
[0.5293673872947693, 0.597162127494812, 0.4173027276992798, 0.25699809193611145, 0.5390734076499939]
