1
【这是一个外国人无法理解的国家】北京，一名外国大姐挡在一辆驶入非机动车道的京HL2021车前，微笑着劝说司机回到机动车道去，司机先是鸣喇叭，再谩骂，后推搡，要老外让开，老外坚持着不让。司机最后夺过自行车丢在了路边，在非机动车道上扬长驶去。围观的国人在边上笑看不知所措的外国大姐.....转
[0.583576500415802, 0.5541509985923767, 0.4476226270198822, 0.29470497369766235, 0.5759146213531494]
[0.5674898028373718, 0.5788464546203613, 0.4183424115180969, 0.2891875207424164, 0.532056987285614]
[0.56297767162323, 0.5790780186653137, 0.4051131308078766, 0.2596811056137085, 0.557317316532135]
[0.4846780598163605, 0.5452772974967957, 0.4088010787963867, 0.2853477895259857, 0.548272967338562]
[0.5239817500114441, 0.5656099915504456, 0.4158633053302765, 0.2915274202823639, 0.5267618298530579]
[0.5169802904129028, 0.5499466061592102, 0.4548254609107971, 0.30608317255973816, 0.5523676872253418]
[0.4898534417152405, 0.5858739614486694, 0.4349291920661926, 0.2716834247112274, 0.5328798890113831]
[0.48148539662361145, 0.5781969428062439, 0.44620251655578613, 0.2942225933074951, 0.536065399646759]
[0.4444626271724701, 0.5796604752540588, 0.42106014490127563, 0.27564737200737, 0.4757292568683624]
[0.49819183349609375, 0.5695810914039612, 0.4092336595058441, 0.28381651639938354, 0.5330636501312256]
[0.4697412848472595, 0.5824872851371765, 0.4175102710723877, 0.23500514030456543, 0.5199748277664185]
[0.44358667731285095, 0.543042004108429, 0.4955480694770813, 0.3532738983631134, 0.5003363490104675]
[0.5314710140228271, 0.5624015927314758, 0.4468989968299866, 0.28962352871894836, 0.5304890275001526]
[0.49126774072647095, 0.5910831093788147, 0.42211195826530457, 0.27535632252693176, 0.5208421945571899]
[0.42804190516471863, 0.537873387336731, 0.48570770025253296, 0.3633160889148712, 0.48149698972702026]
[0.42018261551856995, 0.5135719180107117, 0.5333476662635803, 0.41428783535957336, 0.477704793214798]
[0.5022034645080566, 0.5848979949951172, 0.40920916199684143, 0.281161904335022, 0.5399476289749146]
[0.5355998277664185, 0.5974736213684082, 0.4167988896369934, 0.26813042163848877, 0.5452298521995544]
[0.5556813478469849, 0.5151675343513489, 0.4663873612880707, 0.33638906478881836, 0.558663547039032]
[0.46634042263031006, 0.5368390679359436, 0.4932986795902252, 0.41354432702064514, 0.5072237849235535]
[0.5074425935745239, 0.5589601397514343, 0.450133740901947, 0.30700722336769104, 0.5383797287940979]
[0.5372178554534912, 0.5342352986335754, 0.488811194896698, 0.3687512278556824, 0.5358445644378662]
[0.5208895206451416, 0.5833489298820496, 0.4011358618736267, 0.27265918254852295, 0.5343212485313416]
[0.5127522945404053, 0.5960636734962463, 0.4163011908531189, 0.28122180700302124, 0.5108632445335388]
[0.42934808135032654, 0.5483723282814026, 0.45449668169021606, 0.31398165225982666, 0.5051862597465515]
[0.4344746470451355, 0.5851055979728699, 0.42623844742774963, 0.27694591879844666, 0.5023674964904785]
[0.36547350883483887, 0.5508125424385071, 0.4412592649459839, 0.28719913959503174, 0.4624904692173004]
[0.43738415837287903, 0.5719547271728516, 0.43069174885749817, 0.28993654251098633, 0.5091231465339661]
[0.5377228260040283, 0.5958510637283325, 0.4156869649887085, 0.25722938776016235, 0.5663581490516663]
[0.5001099109649658, 0.5631083250045776, 0.41920775175094604, 0.2896673083305359, 0.5115642547607422]
[0.5051686763763428, 0.5833696126937866, 0.4136965572834015, 0.28584256768226624, 0.5175267457962036]
[0.299699991941452, 0.5357517004013062, 0.46393805742263794, 0.3387625217437744, 0.4280739426612854]
[0.4624592661857605, 0.5616379976272583, 0.4461795687675476, 0.31816408038139343, 0.5018572807312012]
[0.494540810585022, 0.5765523910522461, 0.4369892477989197, 0.29483866691589355, 0.4920979142189026]
[0.5165911316871643, 0.5752843022346497, 0.4422529637813568, 0.319065123796463, 0.531566858291626]
[0.520602285861969, 0.5922062993049622, 0.4009891748428345, 0.263202041387558, 0.5304512977600098]
[0.5622263550758362, 0.5984497666358948, 0.39492112398147583, 0.2593628466129303, 0.5657355785369873]
[0.553322434425354, 0.600837230682373, 0.41561126708984375, 0.25832659006118774, 0.5684487819671631]
[0.5018230676651001, 0.5642297267913818, 0.44780856370925903, 0.32550618052482605, 0.535164475440979]
[0.4758692681789398, 0.5671343803405762, 0.4664519131183624, 0.3051452934741974, 0.4674079716205597]
[0.5222287774085999, 0.5620677471160889, 0.43411916494369507, 0.3012913465499878, 0.5374944806098938]
[0.4696716368198395, 0.5549660325050354, 0.4583151936531067, 0.33449068665504456, 0.5066695213317871]
[0.47289538383483887, 0.5585443377494812, 0.46388691663742065, 0.33669018745422363, 0.462462842464447]
[0.397257536649704, 0.5274226665496826, 0.4793989360332489, 0.3444995880126953, 0.4680154025554657]
[0.5115190744400024, 0.5579957365989685, 0.46577438712120056, 0.3421981632709503, 0.526580810546875]
[0.43738415837287903, 0.5719547271728516, 0.43069174885749817, 0.28993654251098633, 0.5091231465339661]
[0.4169246554374695, 0.5463589429855347, 0.4552886486053467, 0.30055296421051025, 0.480070024728775]
[0.42371663451194763, 0.5680468678474426, 0.4414891004562378, 0.29082557559013367, 0.4971197843551636]
[0.57015460729599, 0.5985986590385437, 0.40163037180900574, 0.2568325698375702, 0.5742675065994263]
[0.5358458161354065, 0.575247585773468, 0.40378132462501526, 0.26520827412605286, 0.5512030124664307]
[0.5445119738578796, 0.5843786597251892, 0.41506728529930115, 0.25699159502983093, 0.5592021942138672]
[0.4659610986709595, 0.5538555979728699, 0.4398861229419708, 0.29069361090660095, 0.49717772006988525]
[0.5187286734580994, 0.5872001051902771, 0.4202192425727844, 0.2647993862628937, 0.5596391558647156]
[0.4089055061340332, 0.5784577131271362, 0.45308005809783936, 0.2784103751182556, 0.48602575063705444]
[0.5307965874671936, 0.5445616841316223, 0.4252021014690399, 0.2974683940410614, 0.5149320363998413]
[0.5758270621299744, 0.5806719660758972, 0.4087633788585663, 0.25956156849861145, 0.5454006195068359]
[0.43553775548934937, 0.5503381490707397, 0.47210758924484253, 0.2983472943305969, 0.4643234610557556]
[0.46581289172172546, 0.5402555465698242, 0.43534666299819946, 0.2661638557910919, 0.48526477813720703]
[0.5227623581886292, 0.5404812097549438, 0.42780083417892456, 0.26416394114494324, 0.5409214496612549]
[0.41973230242729187, 0.554063618183136, 0.4584439694881439, 0.3479972183704376, 0.49153637886047363]
[0.5179962515830994, 0.5462539196014404, 0.43023037910461426, 0.31261304020881653, 0.5557128190994263]
[0.46741190552711487, 0.5842670202255249, 0.4206816256046295, 0.2775116264820099, 0.49959900975227356]
[0.5073755979537964, 0.5770494937896729, 0.42240992188453674, 0.2886010408401489, 0.5490515828132629]
[0.5431535840034485, 0.5794405937194824, 0.4195542633533478, 0.2907547056674957, 0.5576677918434143]
[0.486807256937027, 0.560988187789917, 0.4250854253768921, 0.29363763332366943, 0.5207648277282715]
[0.5141716003417969, 0.5736103653907776, 0.4221446216106415, 0.2956959903240204, 0.5575365424156189]
[0.563305139541626, 0.5885866284370422, 0.4027336537837982, 0.2540661692619324, 0.5551349520683289]
[0.45739489793777466, 0.5525915026664734, 0.46064093708992004, 0.3330673575401306, 0.48853766918182373]
[0.4957455098628998, 0.5692088603973389, 0.4337522089481354, 0.3074987530708313, 0.49643489718437195]
[0.5373854637145996, 0.5939379334449768, 0.42454230785369873, 0.27667441964149475, 0.5271508693695068]
[0.5409746766090393, 0.5663735270500183, 0.4409472942352295, 0.2842230498790741, 0.5193966031074524]
[0.5370113253593445, 0.5515063405036926, 0.45120081305503845, 0.308817595243454, 0.5469831228256226]
[0.5547714233398438, 0.5821341872215271, 0.4174683392047882, 0.2875100076198578, 0.5698308944702148]
[0.5012179017066956, 0.5675573945045471, 0.4410475492477417, 0.29701703786849976, 0.5426644682884216]
[0.3880974054336548, 0.5477753281593323, 0.4669308066368103, 0.3719046413898468, 0.42353999614715576]
[0.5747218132019043, 0.5823624730110168, 0.39563634991645813, 0.2608311176300049, 0.5679308772087097]
[0.547785222530365, 0.5844218730926514, 0.4260305166244507, 0.27033165097236633, 0.5683391094207764]
[0.46598127484321594, 0.5724824070930481, 0.43203386664390564, 0.29541799426078796, 0.49913448095321655]
[0.4068257510662079, 0.5702196359634399, 0.4418065845966339, 0.27699071168899536, 0.47141143679618835]
[0.5332385897636414, 0.5826280117034912, 0.433687299489975, 0.29320457577705383, 0.5652158260345459]
[0.5558339953422546, 0.587071418762207, 0.4236689507961273, 0.28021571040153503, 0.5556709170341492]
[0.4020400643348694, 0.5386983752250671, 0.4786468744277954, 0.3367002606391907, 0.45682957768440247]
[0.57015460729599, 0.5985986590385437, 0.40163037180900574, 0.2568325698375702, 0.5742675065994263]
[0.49374788999557495, 0.5882137417793274, 0.4414183795452118, 0.28371429443359375, 0.5174751281738281]
[0.5022034645080566, 0.5848979949951172, 0.40920916199684143, 0.281161904335022, 0.5399476289749146]
[0.5663811564445496, 0.5769298076629639, 0.4101331830024719, 0.2877584993839264, 0.5514130592346191]
[0.47169941663742065, 0.532270610332489, 0.48798224329948425, 0.3412182033061981, 0.5184667706489563]
[0.559407114982605, 0.57120281457901, 0.4063206613063812, 0.26282086968421936, 0.5577083826065063]
[0.5282148122787476, 0.5716671347618103, 0.42877766489982605, 0.2910214364528656, 0.5490875840187073]
[0.5291746258735657, 0.5526961088180542, 0.43873536586761475, 0.30808430910110474, 0.529171347618103]
[0.43738415837287903, 0.5719547271728516, 0.43069174885749817, 0.28993654251098633, 0.5091231465339661]
[0.5621575117111206, 0.5856571793556213, 0.4093182682991028, 0.25215083360671997, 0.570976197719574]
[0.5196583271026611, 0.5518346428871155, 0.43156975507736206, 0.294744074344635, 0.5411240458488464]
[0.43845412135124207, 0.5715252161026001, 0.4426468312740326, 0.2889382541179657, 0.46981164813041687]
[0.42326295375823975, 0.5726231932640076, 0.4363365173339844, 0.2885419428348541, 0.46195968985557556]
[0.5178347229957581, 0.5409859418869019, 0.4565873444080353, 0.39111265540122986, 0.5294839143753052]
[0.5391383767127991, 0.5712428689002991, 0.4031420946121216, 0.25539258122444153, 0.5404086709022522]
[0.5513319373130798, 0.5861985683441162, 0.4012758135795593, 0.2545214891433716, 0.5538169741630554]
[0.4697328209877014, 0.5432227253913879, 0.42925992608070374, 0.2792852520942688, 0.5220580697059631]
[0.49890637397766113, 0.5759702920913696, 0.4447380304336548, 0.2803613245487213, 0.5044612288475037]
[0.47862064838409424, 0.571394145488739, 0.43643268942832947, 0.2666255533695221, 0.48437535762786865]
