1
【京HL2021 想火就帮帮你喽】北京，一名外国大姐挡在一辆驶入非机动车道的京HL2021车前，微笑着劝说司机回到机动车道去，司机先是鸣喇叭，再谩骂，后推搡，要老外让开，老外坚持着不让。司机最后夺过自行车丢在了路边，在非机动车道上扬长驶去。围观的国人在边上笑看不知所措的外国大姐.....
[0.46952226758003235, 0.5419138073921204, 0.4962936341762543, 0.3606205880641937, 0.5224132537841797]
[0.43738415837287903, 0.5719547271728516, 0.43069174885749817, 0.28993654251098633, 0.5091231465339661]
[0.5049319267272949, 0.5576702356338501, 0.4392441213130951, 0.30145353078842163, 0.5266537070274353]
[0.5051686763763428, 0.5833696126937866, 0.4136965572834015, 0.28584256768226624, 0.5175267457962036]
[0.4070144295692444, 0.5687861442565918, 0.43889880180358887, 0.33061400055885315, 0.47391214966773987]
[0.5067943930625916, 0.5722489356994629, 0.42617538571357727, 0.27034157514572144, 0.5527551174163818]
[0.43738415837287903, 0.5719547271728516, 0.43069174885749817, 0.28993654251098633, 0.5091231465339661]
[0.5162575244903564, 0.564923107624054, 0.40792447328567505, 0.2827129065990448, 0.5461507439613342]
[0.44652798771858215, 0.5902798771858215, 0.44926881790161133, 0.286908894777298, 0.5267876982688904]
[0.4926067292690277, 0.5536705255508423, 0.4100196957588196, 0.2707820236682892, 0.5348896384239197]
[0.5726941823959351, 0.5776793360710144, 0.3987896740436554, 0.2584353983402252, 0.572466254234314]
[0.43738415837287903, 0.5719547271728516, 0.43069174885749817, 0.28993654251098633, 0.5091231465339661]
[0.35908403992652893, 0.5653815865516663, 0.43774640560150146, 0.29879966378211975, 0.45398029685020447]
[0.43738415837287903, 0.5719547271728516, 0.43069174885749817, 0.28993654251098633, 0.5091231465339661]
[0.49769333004951477, 0.544499397277832, 0.3837123215198517, 0.24029196798801422, 0.5322815775871277]
[0.48102355003356934, 0.5632309317588806, 0.449726402759552, 0.3297780454158783, 0.49900272488594055]
[0.43738415837287903, 0.5719547271728516, 0.43069174885749817, 0.28993654251098633, 0.5091231465339661]
[0.4240833520889282, 0.5353617072105408, 0.45162755250930786, 0.3485471308231354, 0.4669605791568756]
[0.5221901535987854, 0.5983448624610901, 0.41298869252204895, 0.258897066116333, 0.546411395072937]
[0.5954406261444092, 0.5518380403518677, 0.39210954308509827, 0.24003750085830688, 0.5968236327171326]
[0.43738415837287903, 0.5719547271728516, 0.43069174885749817, 0.28993654251098633, 0.5091231465339661]
[0.43738415837287903, 0.5719547271728516, 0.43069174885749817, 0.28993654251098633, 0.5091231465339661]
[0.4729582667350769, 0.5406378507614136, 0.4505322575569153, 0.3051297068595886, 0.5009868144989014]
[0.48597443103790283, 0.588756799697876, 0.4697408676147461, 0.29689162969589233, 0.5177492499351501]
[0.49172648787498474, 0.5690720081329346, 0.4318241477012634, 0.313702791929245, 0.5194741487503052]
[0.5918723940849304, 0.5012649893760681, 0.4864146113395691, 0.37036561965942383, 0.5923822522163391]
[0.43738415837287903, 0.5719547271728516, 0.43069174885749817, 0.28993654251098633, 0.5091231465339661]
[0.4798320531845093, 0.5790625214576721, 0.4586509168148041, 0.2706936001777649, 0.5293750762939453]
[0.43738415837287903, 0.5719547271728516, 0.43069174885749817, 0.28993654251098633, 0.5091231465339661]
[0.5217991471290588, 0.5769096612930298, 0.4064003825187683, 0.2774016857147217, 0.5165208578109741]
[0.4432310163974762, 0.5890558362007141, 0.4443731904029846, 0.2900370657444, 0.4939911663532257]
[0.5217777490615845, 0.5802500247955322, 0.4248981475830078, 0.28763914108276367, 0.5528504848480225]
[0.46656131744384766, 0.5662961006164551, 0.4335058033466339, 0.30243003368377686, 0.501737654209137]
[0.48933881521224976, 0.5889749526977539, 0.4233795702457428, 0.2865162491798401, 0.5043583512306213]
[0.48522502183914185, 0.5737171173095703, 0.44738778471946716, 0.314923495054245, 0.4844110310077667]
[0.4278005361557007, 0.5233632326126099, 0.48992180824279785, 0.37656909227371216, 0.4594957232475281]
[0.42595145106315613, 0.5638910531997681, 0.4365284740924835, 0.2847729027271271, 0.4788304567337036]
[0.4894348084926605, 0.5702763199806213, 0.4316054582595825, 0.2736557126045227, 0.5473331212997437]
[0.505731999874115, 0.5777941346168518, 0.42653805017471313, 0.2782786786556244, 0.539345383644104]
[0.3072885572910309, 0.5462142825126648, 0.45011675357818604, 0.3187411427497864, 0.437751442193985]
[0.5194302201271057, 0.5733546018600464, 0.42251038551330566, 0.30058974027633667, 0.518128514289856]
[0.47411489486694336, 0.5547431707382202, 0.44668814539909363, 0.29521796107292175, 0.5142601728439331]
[0.47583460807800293, 0.5655049085617065, 0.43806636333465576, 0.2974678575992584, 0.5141801238059998]
[0.5676146745681763, 0.5742097496986389, 0.42417600750923157, 0.2776213586330414, 0.5862419605255127]
[0.3072885572910309, 0.5462142825126648, 0.45011675357818604, 0.3187411427497864, 0.437751442193985]
[0.49025511741638184, 0.530067503452301, 0.4838341474533081, 0.41006308794021606, 0.45813292264938354]
[0.43738415837287903, 0.5719547271728516, 0.43069174885749817, 0.28993654251098633, 0.5091231465339661]
[0.5050548911094666, 0.5690096020698547, 0.4447397291660309, 0.31475669145584106, 0.5029302835464478]
[0.4862312376499176, 0.5701988935470581, 0.4492010176181793, 0.3205656409263611, 0.5247237682342529]
[0.4898366928100586, 0.5295590758323669, 0.4683847427368164, 0.34061959385871887, 0.5190638303756714]
[0.4336767792701721, 0.5390428900718689, 0.4691859781742096, 0.2999287247657776, 0.4233246445655823]
[0.4376063942909241, 0.5804401636123657, 0.43067461252212524, 0.2842821180820465, 0.4853391647338867]
[0.5508493781089783, 0.5696185231208801, 0.4030761420726776, 0.2577227056026459, 0.5406416058540344]
[0.5052597522735596, 0.5740378499031067, 0.4338594675064087, 0.2824956178665161, 0.5545167326927185]
[0.453114777803421, 0.5498142242431641, 0.4596804976463318, 0.31848493218421936, 0.488675594329834]
[0.4919501543045044, 0.5482911467552185, 0.4574546813964844, 0.3007587492465973, 0.5331739187240601]
[0.5661290884017944, 0.5719859004020691, 0.4329141080379486, 0.27530401945114136, 0.5441942811012268]
[0.49077528715133667, 0.5733771920204163, 0.4479576051235199, 0.30165812373161316, 0.5434150099754333]
[0.48860231041908264, 0.574203610420227, 0.42989709973335266, 0.29619526863098145, 0.48936381936073303]
[0.5399131774902344, 0.5509480237960815, 0.4534398317337036, 0.29530608654022217, 0.5430782437324524]
[0.48379552364349365, 0.5937032699584961, 0.41920071840286255, 0.2830924987792969, 0.4925927221775055]
[0.5302032828330994, 0.53191739320755, 0.4190157353878021, 0.2958858609199524, 0.5486781001091003]
[0.4401741325855255, 0.5345537066459656, 0.46311649680137634, 0.3555123805999756, 0.46980610489845276]
[0.4759574830532074, 0.586664617061615, 0.4248286485671997, 0.2749210000038147, 0.5222594738006592]
[0.43738415837287903, 0.5719547271728516, 0.43069174885749817, 0.28993654251098633, 0.5091231465339661]
[0.47353219985961914, 0.5577569007873535, 0.46692508459091187, 0.3365117907524109, 0.4971933960914612]
[0.5508421659469604, 0.5857031345367432, 0.40201592445373535, 0.2655819058418274, 0.5506809949874878]
[0.5668475031852722, 0.5414902567863464, 0.4239627420902252, 0.3184009790420532, 0.5614128112792969]
[0.4635807275772095, 0.5810839533805847, 0.41908666491508484, 0.29580071568489075, 0.4903080463409424]
[0.4608849883079529, 0.5737989544868469, 0.42152178287506104, 0.2519894242286682, 0.49043625593185425]
[0.4947459101676941, 0.5488026142120361, 0.4628799259662628, 0.3106597661972046, 0.49969154596328735]
[0.3682872951030731, 0.5410106182098389, 0.43682804703712463, 0.29630130529403687, 0.4435845613479614]
[0.4468800127506256, 0.5648500323295593, 0.4500228762626648, 0.3233630359172821, 0.48719069361686707]
[0.48481979966163635, 0.5930529832839966, 0.42546895146369934, 0.27266812324523926, 0.5225622057914734]
[0.43738415837287903, 0.5719547271728516, 0.43069174885749817, 0.28993654251098633, 0.5091231465339661]
[0.5222985148429871, 0.5374802350997925, 0.44493862986564636, 0.34184831380844116, 0.5501694679260254]
[0.5315476655960083, 0.5489698648452759, 0.4401627779006958, 0.2820875644683838, 0.5324730277061462]
[0.6077678203582764, 0.5183841586112976, 0.42726507782936096, 0.3040149509906769, 0.6022213697433472]
[0.45283180475234985, 0.5699177384376526, 0.48183757066726685, 0.33388057351112366, 0.48642662167549133]
[0.5245262384414673, 0.5801011323928833, 0.4139323830604553, 0.26340171694755554, 0.5406143665313721]
[0.563305139541626, 0.5885866284370422, 0.4027336537837982, 0.2540661692619324, 0.5551349520683289]
[0.44204825162887573, 0.5648837089538574, 0.448106050491333, 0.32863983511924744, 0.4783065915107727]
[0.5073690414428711, 0.5740153789520264, 0.42621713876724243, 0.311618834733963, 0.5178983807563782]
[0.5127406120300293, 0.5906342267990112, 0.42688578367233276, 0.2718465030193329, 0.5366487503051758]
[0.549691379070282, 0.5871497988700867, 0.4130420386791229, 0.26551756262779236, 0.5281603336334229]
[0.515438437461853, 0.5868279933929443, 0.42849329113960266, 0.2674389183521271, 0.5309655070304871]
[0.466747909784317, 0.5680680274963379, 0.4260454773902893, 0.29815712571144104, 0.5198284983634949]
[0.5533925890922546, 0.5717112421989441, 0.41040775179862976, 0.27168384194374084, 0.551853358745575]
[0.4755200445652008, 0.5173338651657104, 0.5191299319267273, 0.4441397488117218, 0.48326095938682556]
[0.4696716368198395, 0.5549660325050354, 0.4583151936531067, 0.33449068665504456, 0.5066695213317871]
[0.4808821976184845, 0.5849932432174683, 0.41810551285743713, 0.2759568393230438, 0.5010196566581726]
[0.5213780403137207, 0.5537922978401184, 0.4313763380050659, 0.3148186206817627, 0.5151014924049377]
[0.48379552364349365, 0.5937032699584961, 0.41920071840286255, 0.2830924987792969, 0.4925927221775055]
[0.5955970287322998, 0.5747936964035034, 0.40250691771507263, 0.24635185301303864, 0.5811852216720581]
[0.4748097360134125, 0.5888622403144836, 0.4054355323314667, 0.24674420058727264, 0.5425944328308105]
[0.49975526332855225, 0.5874056220054626, 0.4230498969554901, 0.27203112840652466, 0.5168728828430176]
[0.49975526332855225, 0.5874056220054626, 0.4230498969554901, 0.27203112840652466, 0.5168728828430176]
[0.5230212211608887, 0.577720046043396, 0.4260614812374115, 0.28859254717826843, 0.5300318598747253]
[0.5037883520126343, 0.5560305118560791, 0.4363044798374176, 0.29862573742866516, 0.5494124889373779]
[0.5051686763763428, 0.5833696126937866, 0.4136965572834015, 0.28584256768226624, 0.5175267457962036]
[0.4740046262741089, 0.5617156624794006, 0.4228525161743164, 0.3013233542442322, 0.5168941617012024]
