1
！【李天一取保获释！】李双江----戏子将军再次搞定中国法律！
[0.5301126837730408, 0.5649288892745972, 0.43700557947158813, 0.2677309215068817, 0.525303304195404]
[0.5025492310523987, 0.5692167282104492, 0.452237993478775, 0.30617305636405945, 0.5195237994194031]
[0.5231723189353943, 0.538683295249939, 0.4511818289756775, 0.3041207492351532, 0.5309939384460449]
[0.5603437423706055, 0.5904064178466797, 0.40750792622566223, 0.2688036262989044, 0.5475644469261169]
[0.39123964309692383, 0.5418840050697327, 0.4343259036540985, 0.276216059923172, 0.44199132919311523]
[0.5156553983688354, 0.5821885466575623, 0.4285387694835663, 0.2946968674659729, 0.5061303377151489]
[0.30926090478897095, 0.5484082102775574, 0.451367050409317, 0.29945293068885803, 0.41213345527648926]
[0.5883532762527466, 0.5802943706512451, 0.39505526423454285, 0.24832919239997864, 0.5680074095726013]
[0.4487622082233429, 0.5716210603713989, 0.4600348174571991, 0.3031274080276489, 0.45275557041168213]
[0.4682828485965729, 0.5621095299720764, 0.45368409156799316, 0.32827410101890564, 0.511561393737793]
[0.5006312727928162, 0.5621168613433838, 0.436413437128067, 0.28475242853164673, 0.5057879090309143]
[0.5896202325820923, 0.6009964942932129, 0.3933485150337219, 0.243545264005661, 0.5743495225906372]
[0.5271984934806824, 0.5865408778190613, 0.4212495982646942, 0.29642266035079956, 0.5529496073722839]
[0.43372195959091187, 0.5776039361953735, 0.4284563362598419, 0.27846717834472656, 0.47131162881851196]
[0.4366488754749298, 0.5793625712394714, 0.44044944643974304, 0.322752982378006, 0.4690849781036377]
[0.412741094827652, 0.5848208069801331, 0.44923728704452515, 0.2782731056213379, 0.46887215971946716]
[0.4659847021102905, 0.5690659284591675, 0.43457499146461487, 0.2974833846092224, 0.46231207251548767]
[0.44416114687919617, 0.5364017486572266, 0.45739102363586426, 0.2675454616546631, 0.49759572744369507]
[0.4272163212299347, 0.578639805316925, 0.4649880826473236, 0.29797032475471497, 0.4680140018463135]
[0.46673205494880676, 0.5603037476539612, 0.4294842779636383, 0.28425803780555725, 0.523192822933197]
[0.4935120940208435, 0.5690001249313354, 0.4466777443885803, 0.30074578523635864, 0.5041333436965942]
[0.4832915961742401, 0.5702683925628662, 0.42324477434158325, 0.2767159938812256, 0.5120180249214172]
[0.5104618668556213, 0.5785824656486511, 0.42471960186958313, 0.31939277052879333, 0.5387049317359924]
[0.5569475293159485, 0.5823045969009399, 0.41117697954177856, 0.2738196849822998, 0.5603517293930054]
[0.521691083908081, 0.5878927707672119, 0.4193263351917267, 0.279192179441452, 0.5255200266838074]
[0.5658798217773438, 0.5641647577285767, 0.42897799611091614, 0.2947196066379547, 0.5520285964012146]
[0.3727392256259918, 0.5642948746681213, 0.44281867146492004, 0.3047259449958801, 0.4586901068687439]
[0.5132670402526855, 0.5934965014457703, 0.4420536458492279, 0.27757078409194946, 0.5219869613647461]
[0.4662203788757324, 0.5196857452392578, 0.4904108941555023, 0.3588819205760956, 0.4742008447647095]
[0.5149213075637817, 0.5745115280151367, 0.4294396936893463, 0.2818833291530609, 0.5206738114356995]
[0.4594305455684662, 0.528464674949646, 0.5004246830940247, 0.3828316926956177, 0.5144093632698059]
[0.5164649486541748, 0.5854774117469788, 0.4017040729522705, 0.2835840582847595, 0.5335943698883057]
[0.5199083685874939, 0.5800395011901855, 0.4041523039340973, 0.2778555750846863, 0.5220812559127808]
[0.5126456618309021, 0.5909768342971802, 0.4132327437400818, 0.2519718110561371, 0.5365179181098938]
[0.456306129693985, 0.5550468564033508, 0.4453062117099762, 0.30820807814598083, 0.48932504653930664]
[0.569183886051178, 0.5089263319969177, 0.519115149974823, 0.44167277216911316, 0.586295485496521]
[0.3873230218887329, 0.5507174730300903, 0.43194106221199036, 0.27228862047195435, 0.47213783860206604]
[0.4457797408103943, 0.5655960440635681, 0.44004178047180176, 0.31478771567344666, 0.503461480140686]
[0.4633839428424835, 0.567227303981781, 0.44915103912353516, 0.29152780771255493, 0.4881996810436249]
[0.5302376747131348, 0.6008773446083069, 0.4236106872558594, 0.2907899022102356, 0.5069928765296936]
[0.44148263335227966, 0.5747902989387512, 0.4527567923069, 0.28358981013298035, 0.48210057616233826]
[0.521691083908081, 0.5878927707672119, 0.4193263351917267, 0.279192179441452, 0.5255200266838074]
[0.48143041133880615, 0.5816358327865601, 0.4339022636413574, 0.2886752188205719, 0.4806816875934601]
[0.433353066444397, 0.5749847888946533, 0.4415958523750305, 0.3176670968532562, 0.4609335958957672]
[0.5403834581375122, 0.5775120258331299, 0.4266323745250702, 0.2728956937789917, 0.5427184700965881]
[0.5595993399620056, 0.5375957489013672, 0.43550390005111694, 0.28276652097702026, 0.5396643280982971]
[0.5491952300071716, 0.5918990969657898, 0.42066478729248047, 0.26386961340904236, 0.5615143775939941]
[0.5451316833496094, 0.5681348443031311, 0.40678951144218445, 0.27278947830200195, 0.5342933535575867]
[0.4876927435398102, 0.570842981338501, 0.44163304567337036, 0.30296623706817627, 0.47582152485847473]
[0.4479808807373047, 0.5307978391647339, 0.4649728238582611, 0.3208042085170746, 0.45838841795921326]
[0.5391049385070801, 0.5371683835983276, 0.43212199211120605, 0.30139365792274475, 0.5637432932853699]
[0.4948323667049408, 0.5502734780311584, 0.4655941426753998, 0.33905029296875, 0.48939865827560425]
[0.4793832302093506, 0.5397354364395142, 0.4554083049297333, 0.3246791958808899, 0.4998224973678589]
[0.5331478118896484, 0.5692525506019592, 0.3993370234966278, 0.2771684527397156, 0.5498486161231995]
[0.4487622082233429, 0.5716210603713989, 0.4600348174571991, 0.3031274080276489, 0.45275557041168213]
[0.5741896629333496, 0.5928956866264343, 0.4096674919128418, 0.26018762588500977, 0.5691772103309631]
[0.4748508632183075, 0.5413045883178711, 0.4468715190887451, 0.29170355200767517, 0.4910563826560974]
[0.5459146499633789, 0.5924881100654602, 0.41540858149528503, 0.25022950768470764, 0.5559735298156738]
[0.5082544088363647, 0.5791059732437134, 0.4347999691963196, 0.29272016882896423, 0.5051053166389465]
[0.5149213075637817, 0.5745115280151367, 0.4294396936893463, 0.2818833291530609, 0.5206738114356995]
[0.5491952300071716, 0.5918990969657898, 0.42066478729248047, 0.26386961340904236, 0.5615143775939941]
[0.4189586639404297, 0.5354630351066589, 0.44542115926742554, 0.28925272822380066, 0.44327056407928467]
[0.5368802547454834, 0.5902737975120544, 0.43697285652160645, 0.2651607096195221, 0.5534125566482544]
[0.5190555453300476, 0.5563502311706543, 0.45206502079963684, 0.31671884655952454, 0.5426336526870728]
[0.5080185532569885, 0.5711004137992859, 0.43914657831192017, 0.2747330069541931, 0.5427408218383789]
[0.4074153006076813, 0.5705834031105042, 0.4697808027267456, 0.32263895869255066, 0.4438190162181854]
[0.5416696667671204, 0.5793046355247498, 0.39474305510520935, 0.2852451205253601, 0.5345643162727356]
[0.5896202325820923, 0.6009964942932129, 0.3933485150337219, 0.243545264005661, 0.5743495225906372]
[0.42740345001220703, 0.5862472057342529, 0.459237277507782, 0.30124911665916443, 0.4579195976257324]
[0.5411900877952576, 0.5884541273117065, 0.43880146741867065, 0.2942470610141754, 0.5452009439468384]
[0.48379552364349365, 0.5937032699584961, 0.41920071840286255, 0.2830924987792969, 0.4925927221775055]
[0.493713915348053, 0.5516363382339478, 0.421566903591156, 0.27709609270095825, 0.517180860042572]
[0.4903630316257477, 0.5286398530006409, 0.45322102308273315, 0.35334670543670654, 0.5026591420173645]
[0.4487622082233429, 0.5716210603713989, 0.4600348174571991, 0.3031274080276489, 0.45275557041168213]
[0.5491952300071716, 0.5918990969657898, 0.42066478729248047, 0.26386961340904236, 0.5615143775939941]
[0.4074153006076813, 0.5705834031105042, 0.4697808027267456, 0.32263895869255066, 0.4438190162181854]
[0.41240203380584717, 0.5295515060424805, 0.4873964786529541, 0.3724583685398102, 0.4803696572780609]
[0.4531664550304413, 0.547607958316803, 0.4553799629211426, 0.3420540690422058, 0.47814327478408813]
[0.45706474781036377, 0.5413655042648315, 0.45711180567741394, 0.37056514620780945, 0.46970805525779724]
[0.35131362080574036, 0.544434666633606, 0.44078582525253296, 0.3023931384086609, 0.4357650876045227]
[0.5685970187187195, 0.582064151763916, 0.39217516779899597, 0.2286308854818344, 0.5953227877616882]
[0.5190311074256897, 0.5530609488487244, 0.4525265693664551, 0.3288988173007965, 0.5319240093231201]
[0.43149858713150024, 0.5686896443367004, 0.44426319003105164, 0.3048991858959198, 0.45935726165771484]
[0.5911785960197449, 0.6037437915802002, 0.4155704081058502, 0.2517341077327728, 0.5754988193511963]
[0.5034229159355164, 0.5805166363716125, 0.43478924036026, 0.2991620600223541, 0.49711790680885315]
[0.47983336448669434, 0.5589202642440796, 0.4433872699737549, 0.31003451347351074, 0.47928741574287415]
[0.4810642600059509, 0.5596683621406555, 0.459420382976532, 0.2989795207977295, 0.5287174582481384]
[0.4298611581325531, 0.566800057888031, 0.46233683824539185, 0.3196055293083191, 0.4818360209465027]
[0.532219409942627, 0.5796871185302734, 0.4230729639530182, 0.28443577885627747, 0.5285305380821228]
[0.4768839478492737, 0.5667404532432556, 0.460076242685318, 0.31169113516807556, 0.5124326944351196]
[0.515039324760437, 0.577570915222168, 0.42854437232017517, 0.2780945897102356, 0.5080845355987549]
[0.5896202325820923, 0.6009964942932129, 0.3933485150337219, 0.243545264005661, 0.5743495225906372]
[0.4746222198009491, 0.5452300310134888, 0.46631672978401184, 0.311150461435318, 0.5037598013877869]
[0.5235560536384583, 0.5821626782417297, 0.42181745171546936, 0.28188711404800415, 0.5389454960823059]
[0.5394395589828491, 0.5825493335723877, 0.4024844467639923, 0.27014395594596863, 0.5587474703788757]
[0.4272163212299347, 0.578639805316925, 0.4649880826473236, 0.29797032475471497, 0.4680140018463135]
[0.4487622082233429, 0.5716210603713989, 0.4600348174571991, 0.3031274080276489, 0.45275557041168213]
[0.48510318994522095, 0.5490270853042603, 0.4293713867664337, 0.31227439641952515, 0.5197650194168091]
[0.5206971168518066, 0.540736734867096, 0.46480292081832886, 0.3763977587223053, 0.526024580001831]
[0.39445212483406067, 0.5660341382026672, 0.44333627820014954, 0.3222808539867401, 0.43070146441459656]
[0.5124432444572449, 0.5849056243896484, 0.4236675798892975, 0.2647193968296051, 0.519386887550354]
