1
这就是种水螳螂，生活在下水道中，以老鼠为食。头部有剧毒，为河豚的2-3倍。中毒后无解，只能保守治疗。中毒后五年存活率为0.032。没要小心！
[0.4471588134765625, 0.5398073196411133, 0.48624852299690247, 0.3727891743183136, 0.5165988206863403]
[0.5165516138076782, 0.5497108101844788, 0.4685293734073639, 0.32154327630996704, 0.5214732885360718]
[0.4274388551712036, 0.545888364315033, 0.4495183229446411, 0.3249298632144928, 0.4629381597042084]
[0.5407167077064514, 0.6046335101127625, 0.4269522726535797, 0.2638828754425049, 0.5547890663146973]
[0.533269464969635, 0.5868103504180908, 0.40906140208244324, 0.25302958488464355, 0.5710731148719788]
[0.46721750497817993, 0.5710896253585815, 0.46807071566581726, 0.3357393145561218, 0.4833126962184906]
[0.4743424654006958, 0.545665979385376, 0.4537361264228821, 0.34913644194602966, 0.4912888705730438]
[0.3799281418323517, 0.5512181520462036, 0.46631041169166565, 0.31733617186546326, 0.46836206316947937]
[0.46720412373542786, 0.5815197229385376, 0.42604300379753113, 0.26240283250808716, 0.5313586592674255]
[0.4412171244621277, 0.5460465550422668, 0.4543313980102539, 0.3494144380092621, 0.4905416667461395]
[0.48402106761932373, 0.5495891571044922, 0.49160534143447876, 0.37558525800704956, 0.5117332935333252]
[0.5336543917655945, 0.5335224866867065, 0.43546274304389954, 0.3289470374584198, 0.5206087231636047]
[0.45086875557899475, 0.5599561333656311, 0.4499364495277405, 0.3061724305152893, 0.5226134657859802]
[0.45925676822662354, 0.5512387752532959, 0.45494019985198975, 0.3132244050502777, 0.5098639130592346]
[0.5506526827812195, 0.5846158862113953, 0.42394232749938965, 0.2658838629722595, 0.5437895655632019]
[0.47200706601142883, 0.5296632051467896, 0.44867387413978577, 0.3624911308288574, 0.4767848551273346]
[0.3588907718658447, 0.5554547905921936, 0.4720049500465393, 0.380317747592926, 0.4118751287460327]
[0.4933643639087677, 0.564414918422699, 0.427621066570282, 0.319123238325119, 0.5099587440490723]
[0.48424550890922546, 0.5592451095581055, 0.46179866790771484, 0.28464460372924805, 0.4704655706882477]
[0.5051432847976685, 0.5719606280326843, 0.42790210247039795, 0.2954005002975464, 0.510975182056427]
[0.506532609462738, 0.5959643125534058, 0.4126585125923157, 0.2743836045265198, 0.5137982964515686]
[0.4670991897583008, 0.5713468194007874, 0.44912588596343994, 0.3243083357810974, 0.4796771705150604]
[0.4684327244758606, 0.5966560244560242, 0.4377680718898773, 0.2744907736778259, 0.5130742192268372]
[0.5455630421638489, 0.5580233931541443, 0.4236295819282532, 0.27178242802619934, 0.5493521690368652]
[0.5065327882766724, 0.5732185244560242, 0.40750616788864136, 0.27605757117271423, 0.518057107925415]
[0.43520817160606384, 0.5225047469139099, 0.4492756128311157, 0.3057962656021118, 0.4802454113960266]
[0.49108579754829407, 0.5825814604759216, 0.44519710540771484, 0.28256890177726746, 0.529002845287323]
[0.5116655230522156, 0.5827375650405884, 0.41892409324645996, 0.27371448278427124, 0.5497203469276428]
[0.47989606857299805, 0.5300719738006592, 0.4492245018482208, 0.3145332932472229, 0.4640204906463623]
[0.5912731885910034, 0.5709311366081238, 0.38889989256858826, 0.2588109076023102, 0.5970433950424194]
[0.49273648858070374, 0.5809178352355957, 0.42834872007369995, 0.2907680571079254, 0.5097492933273315]
[0.5416132807731628, 0.5622572302818298, 0.42804449796676636, 0.32241079211235046, 0.5325542688369751]
[0.45429661870002747, 0.5405025482177734, 0.43547138571739197, 0.31275510787963867, 0.5094471573829651]
[0.4848595857620239, 0.5552043914794922, 0.4293240010738373, 0.2899271547794342, 0.5320755243301392]
[0.38230380415916443, 0.5387409329414368, 0.4445112347602844, 0.3252236843109131, 0.4433228075504303]
[0.5143647789955139, 0.5500078201293945, 0.4472479820251465, 0.3271220922470093, 0.5067651271820068]
[0.4994969666004181, 0.5603806972503662, 0.45628708600997925, 0.31605127453804016, 0.4898488223552704]
[0.43928033113479614, 0.5755216479301453, 0.43812182545661926, 0.28464990854263306, 0.4676651954650879]
[0.4597916603088379, 0.5436849594116211, 0.4380319118499756, 0.2864460349082947, 0.5188230276107788]
[0.5083950757980347, 0.5662651658058167, 0.4369790852069855, 0.28630906343460083, 0.5338888764381409]
[0.4641302227973938, 0.546319842338562, 0.466539204120636, 0.336725652217865, 0.519821047782898]
[0.5281583666801453, 0.5767425298690796, 0.43157878518104553, 0.2908264696598053, 0.5266862511634827]
[0.4661221206188202, 0.5754777193069458, 0.44082367420196533, 0.316067636013031, 0.48989802598953247]
[0.44672977924346924, 0.5351765751838684, 0.47213268280029297, 0.3394750654697418, 0.48470425605773926]
[0.5277860760688782, 0.5701972842216492, 0.42875874042510986, 0.2586612105369568, 0.5196042060852051]
[0.45161986351013184, 0.5390506386756897, 0.482263445854187, 0.34445494413375854, 0.5097247362136841]
[0.5203505158424377, 0.5647279620170593, 0.4764538109302521, 0.35602739453315735, 0.5131509304046631]
[0.47935932874679565, 0.5943428874015808, 0.4477689862251282, 0.2805696129798889, 0.5171215534210205]
[0.43928033113479614, 0.5755216479301453, 0.43812182545661926, 0.28464990854263306, 0.4676651954650879]
[0.4743424654006958, 0.545665979385376, 0.4537361264228821, 0.34913644194602966, 0.4912888705730438]
[0.46418026089668274, 0.5608646869659424, 0.44115230441093445, 0.31901517510414124, 0.49514758586883545]
[0.5160178542137146, 0.5895063281059265, 0.4181462824344635, 0.26784566044807434, 0.5280237793922424]
[0.616146981716156, 0.5333402752876282, 0.4403020441532135, 0.3088560104370117, 0.5695793032646179]
[0.5137903094291687, 0.5768159031867981, 0.4336342513561249, 0.3006867468357086, 0.5021027326583862]
[0.4772268831729889, 0.5411717891693115, 0.43751275539398193, 0.29066166281700134, 0.527910590171814]
[0.5116655230522156, 0.5827375650405884, 0.41892409324645996, 0.27371448278427124, 0.5497203469276428]
[0.5187509655952454, 0.5736953020095825, 0.45058706402778625, 0.312949001789093, 0.5177459120750427]
[0.4815428853034973, 0.5844283699989319, 0.45243439078330994, 0.2743363380432129, 0.5155646204948425]
[0.5352060794830322, 0.5804887413978577, 0.4065929055213928, 0.24405765533447266, 0.5640352964401245]
[0.5213509202003479, 0.582225501537323, 0.4095211327075958, 0.2627350091934204, 0.5429415106773376]
[0.5077658295631409, 0.5612872242927551, 0.4354925751686096, 0.28637224435806274, 0.5480049252510071]
[0.49108579754829407, 0.5825814604759216, 0.44519710540771484, 0.28256890177726746, 0.529002845287323]
[0.4902826249599457, 0.5420035123825073, 0.4621734023094177, 0.3350870907306671, 0.5020900368690491]
[0.5514224171638489, 0.5735533833503723, 0.4308132529258728, 0.2884060740470886, 0.5664275288581848]
[0.42743557691574097, 0.5571927428245544, 0.4780533015727997, 0.3298951983451843, 0.5146364569664001]
[0.47597530484199524, 0.5493046045303345, 0.45221468806266785, 0.3388351798057556, 0.48900654911994934]
[0.42323678731918335, 0.5277355909347534, 0.4967601001262665, 0.40065625309944153, 0.48377564549446106]
[0.4959668517112732, 0.5670942664146423, 0.43210160732269287, 0.29099541902542114, 0.5192169547080994]
[0.48500147461891174, 0.5578296780586243, 0.455702006816864, 0.31114432215690613, 0.5329146981239319]
[0.5489344596862793, 0.5708193182945251, 0.44545778632164, 0.27061688899993896, 0.5461269617080688]
[0.48848816752433777, 0.5033622980117798, 0.5101984143257141, 0.438044935464859, 0.509048342704773]
[0.4345519244670868, 0.5290088057518005, 0.5002366900444031, 0.40235400199890137, 0.4810933768749237]
[0.48867323994636536, 0.5438833236694336, 0.4553755521774292, 0.3624061048030853, 0.4859701097011566]
[0.44609957933425903, 0.5641056299209595, 0.4837521016597748, 0.31282126903533936, 0.48867279291152954]
[0.4648263156414032, 0.5871445536613464, 0.4475094676017761, 0.3089708685874939, 0.4875606596469879]
[0.4875514805316925, 0.5550635457038879, 0.44040292501449585, 0.30272483825683594, 0.5218024849891663]
[0.3966201841831207, 0.5389257073402405, 0.4746023416519165, 0.3548027575016022, 0.4885212779045105]
[0.5276654958724976, 0.5694742202758789, 0.41563013195991516, 0.2946573793888092, 0.5558925271034241]
[0.5329501628875732, 0.5767613053321838, 0.4288593828678131, 0.2761383652687073, 0.566400945186615]
[0.5254249572753906, 0.5848090052604675, 0.4098208248615265, 0.26413002610206604, 0.5479177236557007]
[0.45306915044784546, 0.5508184432983398, 0.46110036969184875, 0.348570853471756, 0.4895764887332916]
[0.5450677275657654, 0.5807713866233826, 0.3945557773113251, 0.2516902685165405, 0.5566892027854919]
[0.3799281418323517, 0.5512181520462036, 0.46631041169166565, 0.31733617186546326, 0.46836206316947937]
[0.4914586842060089, 0.5598971247673035, 0.4470609128475189, 0.31037411093711853, 0.5033780932426453]
[0.49993860721588135, 0.5671497583389282, 0.41416454315185547, 0.30472996830940247, 0.5337883234024048]
[0.527854323387146, 0.5857251286506653, 0.42558375000953674, 0.27191784977912903, 0.5264109373092651]
[0.46545660495758057, 0.5670998692512512, 0.46429094672203064, 0.34239086508750916, 0.527424693107605]
[0.41946685314178467, 0.5558083057403564, 0.4707949757575989, 0.33259767293930054, 0.4562667906284332]
[0.5002608895301819, 0.5523579120635986, 0.4282551109790802, 0.30530616641044617, 0.5254186987876892]
[0.5060082674026489, 0.5696560740470886, 0.427156537771225, 0.302063524723053, 0.5269892811775208]
[0.46319133043289185, 0.5758873820304871, 0.4198231101036072, 0.2784119248390198, 0.5034263134002686]
[0.5350362658500671, 0.5838172435760498, 0.4195323586463928, 0.28482383489608765, 0.5410046577453613]
[0.5357453227043152, 0.5867043137550354, 0.4155917167663574, 0.27863481640815735, 0.5459131002426147]
[0.5386499762535095, 0.5606077909469604, 0.4137837290763855, 0.2623102068901062, 0.5403615832328796]
[0.4670991897583008, 0.5713468194007874, 0.44912588596343994, 0.3243083357810974, 0.4796771705150604]
[0.46838048100471497, 0.5327701568603516, 0.45847585797309875, 0.2860528528690338, 0.5268420577049255]
[0.42240703105926514, 0.5629240274429321, 0.45192253589630127, 0.3041943907737732, 0.47857964038848877]
[0.5017368793487549, 0.5587702989578247, 0.42800286412239075, 0.2860648036003113, 0.5313290357589722]
[0.462534099817276, 0.5502059459686279, 0.4595448970794678, 0.3298797309398651, 0.47537747025489807]
[0.5101400017738342, 0.5568881034851074, 0.44604378938674927, 0.3104337453842163, 0.5116828083992004]
[0.46062105894088745, 0.5606505870819092, 0.4566328227519989, 0.3359904885292053, 0.4988225996494293]
