1
【人肉馅饼，此起彼伏】云南信息报30日报道 网友给本报记者爆料称，今上午湖北巴东一维权农民遭罐车碾压尸首不全。据目击者李先生介绍，事发地在巴东县沿渡河镇西边淌村宜巴高速29标段，属人为指使。以往当地有类似事件。微评：中国人的公民权利就是靠这种螳臂当车的勇气一点一点争取的。
[0.5118481516838074, 0.49379226565361023, 0.518799901008606, 0.4187105596065521, 0.5075427293777466]
[0.5628870129585266, 0.5811468362808228, 0.4022155702114105, 0.2496836930513382, 0.5770052671432495]
[0.5502533316612244, 0.5312448740005493, 0.41978147625923157, 0.28317323327064514, 0.554564893245697]
[0.5022861361503601, 0.5891458988189697, 0.4198150336742401, 0.26165318489074707, 0.5273987054824829]
[0.4857978820800781, 0.580875813961029, 0.4217785596847534, 0.3053698241710663, 0.523478627204895]
[0.48715442419052124, 0.5859525799751282, 0.43323078751564026, 0.29721054434776306, 0.5083881616592407]
[0.49410179257392883, 0.5243967175483704, 0.4643588960170746, 0.3490230143070221, 0.5317100286483765]
[0.5323976278305054, 0.5857362151145935, 0.41660812497138977, 0.28283679485321045, 0.5534697771072388]
[0.4968923330307007, 0.5975486040115356, 0.4194812476634979, 0.26219624280929565, 0.5275206565856934]
[0.511255145072937, 0.5555015802383423, 0.44553065299987793, 0.29960352182388306, 0.5322266817092896]
[0.5144441723823547, 0.5850447416305542, 0.41281625628471375, 0.2804650366306305, 0.5416693687438965]
[0.43726083636283875, 0.5240368843078613, 0.49308857321739197, 0.36922499537467957, 0.5178262591362]
[0.5747342109680176, 0.5600539445877075, 0.3939237594604492, 0.2860140800476074, 0.5464133620262146]
[0.53533935546875, 0.5853418111801147, 0.39588335156440735, 0.2635458707809448, 0.5482013821601868]
[0.5738323926925659, 0.5908666253089905, 0.37474218010902405, 0.23904134333133698, 0.5737921595573425]
[0.5122714042663574, 0.5766435861587524, 0.418464332818985, 0.29385438561439514, 0.5439008474349976]
[0.448713093996048, 0.5579037666320801, 0.4159557521343231, 0.2919459342956543, 0.507270336151123]
[0.5317884683609009, 0.5354341864585876, 0.4324049651622772, 0.2747385799884796, 0.5519391894340515]
[0.4453623294830322, 0.5524255633354187, 0.43969446420669556, 0.3063051402568817, 0.48358455300331116]
[0.5067607164382935, 0.5819416642189026, 0.4185640215873718, 0.28162404894828796, 0.5252562165260315]
[0.5138062238693237, 0.5863835215568542, 0.42009565234184265, 0.2856086194515228, 0.5205011963844299]
[0.5870286822319031, 0.5875925421714783, 0.40242236852645874, 0.2636497914791107, 0.5870552659034729]
[0.48084691166877747, 0.5284478068351746, 0.4854869842529297, 0.40211719274520874, 0.4876934885978699]
[0.48642802238464355, 0.5572472810745239, 0.433493435382843, 0.2866351306438446, 0.49913328886032104]
[0.5415683388710022, 0.575059711933136, 0.3958379924297333, 0.24328705668449402, 0.5711178183555603]
[0.44850942492485046, 0.5468109846115112, 0.4442217946052551, 0.27941954135894775, 0.5212249159812927]
[0.43569090962409973, 0.5825913548469543, 0.44453319907188416, 0.2785439193248749, 0.49386656284332275]
[0.5214006900787354, 0.5420559048652649, 0.4293235242366791, 0.30345603823661804, 0.5597866773605347]
[0.49325498938560486, 0.5946826338768005, 0.43706801533699036, 0.2781893312931061, 0.5281903147697449]
[0.4957493245601654, 0.5545886158943176, 0.43690693378448486, 0.29287251830101013, 0.5323055982589722]
[0.49053558707237244, 0.5510807633399963, 0.4509420394897461, 0.30884507298469543, 0.5131801962852478]
[0.5310587882995605, 0.5692809224128723, 0.43080493807792664, 0.31427711248397827, 0.5305786728858948]
[0.6005733609199524, 0.5923550724983215, 0.3734882175922394, 0.23561197519302368, 0.5848484635353088]
[0.5506752133369446, 0.5665207505226135, 0.44174399971961975, 0.3146234154701233, 0.5661496520042419]
[0.45984214544296265, 0.5678572654724121, 0.4296155869960785, 0.2960386574268341, 0.4907665550708771]
[0.469631165266037, 0.5466175079345703, 0.46048250794410706, 0.3121652603149414, 0.48857933282852173]
[0.45507436990737915, 0.5671398639678955, 0.4428098201751709, 0.3052523136138916, 0.5030577778816223]
[0.4755702316761017, 0.5226088166236877, 0.4750990867614746, 0.3700256049633026, 0.499013751745224]
[0.5030889511108398, 0.5630578994750977, 0.4469195306301117, 0.3221522569656372, 0.5157750844955444]
[0.4998144507408142, 0.6037166714668274, 0.442720890045166, 0.28468871116638184, 0.5073404312133789]
[0.561625063419342, 0.5812013149261475, 0.3963361382484436, 0.2548585832118988, 0.5806505680084229]
[0.45016148686408997, 0.5164422988891602, 0.545822262763977, 0.48325398564338684, 0.5299065113067627]
[0.5363470315933228, 0.5709744095802307, 0.43667522072792053, 0.2943679988384247, 0.5745795369148254]
[0.5365492701530457, 0.5889348387718201, 0.41284966468811035, 0.2666901648044586, 0.5463777184486389]
[0.4549754858016968, 0.5880573987960815, 0.4444543421268463, 0.30614495277404785, 0.4842345416545868]
[0.5250722765922546, 0.5722643733024597, 0.4058178961277008, 0.3003932535648346, 0.5301344990730286]
[0.47883692383766174, 0.539413571357727, 0.4860701262950897, 0.4152628183364868, 0.538981556892395]
[0.46501424908638, 0.5538878440856934, 0.45639726519584656, 0.33074817061424255, 0.5076660513877869]
[0.5379420518875122, 0.5897853970527649, 0.41531988978385925, 0.2789376378059387, 0.5611333250999451]
[0.4302244186401367, 0.5506980419158936, 0.4522850513458252, 0.320476770401001, 0.47702160477638245]
[0.4739364981651306, 0.5850540399551392, 0.44495242834091187, 0.2779299020767212, 0.500389575958252]
[0.49302956461906433, 0.509566068649292, 0.4805763363838196, 0.3297678828239441, 0.5344231128692627]
[0.4605228006839752, 0.5497416853904724, 0.4817405641078949, 0.3209478557109833, 0.5124778151512146]
[0.49103763699531555, 0.5726817846298218, 0.43275225162506104, 0.2906627058982849, 0.5185551643371582]
[0.48748722672462463, 0.5680605173110962, 0.4205531179904938, 0.28650015592575073, 0.5244388580322266]
[0.4093025326728821, 0.5658195614814758, 0.4329472780227661, 0.2821645736694336, 0.4816562533378601]
[0.48288607597351074, 0.5429698824882507, 0.4204755425453186, 0.29958537220954895, 0.5171317458152771]
[0.48346617817878723, 0.5896596312522888, 0.4111800193786621, 0.27940016984939575, 0.5194050669670105]
[0.578382670879364, 0.5896302461624146, 0.3864900767803192, 0.2419198602437973, 0.5786598920822144]
[0.5010936856269836, 0.581724226474762, 0.4163317382335663, 0.27084511518478394, 0.521085798740387]
[0.4378441870212555, 0.5448214411735535, 0.496726393699646, 0.3593428432941437, 0.486101895570755]
[0.4490474462509155, 0.5488415956497192, 0.442924439907074, 0.31411686539649963, 0.483603298664093]
[0.5419156551361084, 0.5876093506813049, 0.4150928556919098, 0.2756805121898651, 0.5457966327667236]
[0.5743278861045837, 0.5676549673080444, 0.43910303711891174, 0.30616575479507446, 0.5713585019111633]
[0.5394117832183838, 0.573399007320404, 0.399368017911911, 0.24733926355838776, 0.5651695132255554]
[0.5264978408813477, 0.5636646151542664, 0.42420998215675354, 0.2926819622516632, 0.5396020412445068]
[0.3761543929576874, 0.5577797293663025, 0.4492653012275696, 0.29860055446624756, 0.44160598516464233]
[0.4272415339946747, 0.5739355087280273, 0.4527394473552704, 0.3073126971721649, 0.5206824541091919]
[0.5067607164382935, 0.5819416642189026, 0.4185640215873718, 0.28162404894828796, 0.5252562165260315]
[0.5290111303329468, 0.5676278471946716, 0.44014060497283936, 0.2917369604110718, 0.5585047006607056]
[0.5001205205917358, 0.5312798619270325, 0.4765796363353729, 0.35418134927749634, 0.5139023065567017]
[0.43875759840011597, 0.562843918800354, 0.44410642981529236, 0.3224124610424042, 0.4656752049922943]
[0.5447994470596313, 0.5909743309020996, 0.4254886209964752, 0.2532714009284973, 0.5556678175926208]
[0.47368982434272766, 0.572874903678894, 0.44895637035369873, 0.28464484214782715, 0.48894622921943665]
[0.524021327495575, 0.5552259683609009, 0.47719863057136536, 0.37099015712738037, 0.5386307835578918]
[0.32364219427108765, 0.5401533842086792, 0.5125768780708313, 0.3839685320854187, 0.41211575269699097]
[0.4636331796646118, 0.55240398645401, 0.43332040309906006, 0.29523763060569763, 0.5001272559165955]
[0.5162679553031921, 0.5797311663627625, 0.4148600995540619, 0.28401899337768555, 0.5457693338394165]
[0.4269879162311554, 0.5643128156661987, 0.4684346616268158, 0.3513258099555969, 0.4447406232357025]
[0.43372195959091187, 0.5776039361953735, 0.4284563362598419, 0.27846717834472656, 0.47131162881851196]
[0.5123317241668701, 0.5624569058418274, 0.42763692140579224, 0.2978610694408417, 0.5352267026901245]
[0.5364772081375122, 0.5907306671142578, 0.41414517164230347, 0.28475838899612427, 0.5515894293785095]
[0.529803991317749, 0.5736370086669922, 0.4067022204399109, 0.2659829258918762, 0.5504698157310486]
[0.4598255157470703, 0.5182983875274658, 0.496165931224823, 0.40683871507644653, 0.4920778274536133]
[0.4770423173904419, 0.5563706755638123, 0.47735852003097534, 0.3618696928024292, 0.5296542048454285]
[0.45828014612197876, 0.5552972555160522, 0.46846500039100647, 0.33079299330711365, 0.48424002528190613]
[0.44625818729400635, 0.5558136701583862, 0.4318959414958954, 0.3017244040966034, 0.4850173592567444]
[0.5280067324638367, 0.573801577091217, 0.4154537618160248, 0.25985485315322876, 0.5501572489738464]
[0.476485013961792, 0.5605858564376831, 0.4441249966621399, 0.3322230577468872, 0.5210781693458557]
[0.5642149448394775, 0.5962333083152771, 0.3949394226074219, 0.24700899422168732, 0.5578749179840088]
[0.49156859517097473, 0.5393555164337158, 0.46998804807662964, 0.3671673536300659, 0.5084530711174011]
[0.5410920977592468, 0.5958268046379089, 0.4238665997982025, 0.2562282681465149, 0.559149980545044]
[0.5304393768310547, 0.5867005586624146, 0.4197182357311249, 0.25634658336639404, 0.5433788895606995]
[0.4783901572227478, 0.5208727717399597, 0.5069881677627563, 0.4093644618988037, 0.5120121836662292]
[0.4720098376274109, 0.5326625108718872, 0.43716683983802795, 0.28642576932907104, 0.5083919763565063]
[0.4190409481525421, 0.5220955014228821, 0.4573897123336792, 0.33611372113227844, 0.47019532322883606]
[0.5158827304840088, 0.5557482242584229, 0.4412921965122223, 0.3142654001712799, 0.5250763893127441]
[0.561694324016571, 0.5816819667816162, 0.4100854992866516, 0.2585405111312866, 0.5747520327568054]
[0.5457285046577454, 0.580504834651947, 0.40479129552841187, 0.2796773910522461, 0.5536881685256958]
[0.5149595737457275, 0.5986050963401794, 0.4352034032344818, 0.2745414972305298, 0.5414910316467285]
[0.5667433738708496, 0.5871694684028625, 0.4373244345188141, 0.27057528495788574, 0.5905614495277405]
