1
【央视员工爆料：广西惊现帝王局长】广西都安民政局长黄某一个人吃着509份底保，九套房子，6个老婆。三老婆刘茹跟人偷情被局长打，不服，报料：各位后宫电话：江素：15078554853黄鹂：18777887596张晓：15078070889阿萍：13478865543丽丽：13877860659第二轮反腐开始，大家速速顶起
[0.5325563549995422, 0.5445752739906311, 0.49359190464019775, 0.3269087076187134, 0.5016092658042908]
[0.5205757021903992, 0.595733642578125, 0.4235420525074005, 0.277443528175354, 0.5473731160163879]
[0.4487622082233429, 0.5716210603713989, 0.4600348174571991, 0.3031274080276489, 0.45275557041168213]
[0.4281434118747711, 0.5470485687255859, 0.431033730506897, 0.2744760513305664, 0.46588975191116333]
[0.5272536873817444, 0.5871959328651428, 0.40474992990493774, 0.26819518208503723, 0.5187954902648926]
[0.5142841339111328, 0.5889285206794739, 0.41164782643318176, 0.25675347447395325, 0.5437027215957642]
[0.49617186188697815, 0.5734677910804749, 0.41911032795906067, 0.2668518126010895, 0.5345969796180725]
[0.5479222536087036, 0.5357394814491272, 0.4183436334133148, 0.2781786024570465, 0.5537046790122986]
[0.5156604051589966, 0.5474948287010193, 0.4576876759529114, 0.34434613585472107, 0.5142883658409119]
[0.5535097718238831, 0.5879549980163574, 0.4161883294582367, 0.2576355040073395, 0.5706420540809631]
[0.5119333863258362, 0.5552727580070496, 0.4446541965007782, 0.2923685312271118, 0.528296172618866]
[0.48232367634773254, 0.5703045725822449, 0.445115864276886, 0.3103577792644501, 0.5106710195541382]
[0.5896202325820923, 0.6009964942932129, 0.3933485150337219, 0.243545264005661, 0.5743495225906372]
[0.4807949364185333, 0.5395967364311218, 0.4020060896873474, 0.2878629267215729, 0.5255495309829712]
[0.5711544752120972, 0.5917998552322388, 0.407341331243515, 0.26189300417900085, 0.5726853013038635]
[0.4412144720554352, 0.5644070506095886, 0.4353482127189636, 0.29452675580978394, 0.47834375500679016]
[0.42529091238975525, 0.5537400245666504, 0.4474567770957947, 0.30380576848983765, 0.4861450493335724]
[0.5238269567489624, 0.5756938457489014, 0.43178462982177734, 0.2660461962223053, 0.530784010887146]
[0.5491952300071716, 0.5918990969657898, 0.42066478729248047, 0.26386961340904236, 0.5615143775939941]
[0.3525565266609192, 0.5549966096878052, 0.4557444751262665, 0.29298844933509827, 0.43208077549934387]
[0.4904966950416565, 0.5869221091270447, 0.4421014189720154, 0.27411946654319763, 0.5114354491233826]
[0.5004854798316956, 0.5902912020683289, 0.43289992213249207, 0.2721915543079376, 0.5421431064605713]
[0.46784406900405884, 0.5647584199905396, 0.4524374306201935, 0.3055913746356964, 0.4853271543979645]
[0.5272536873817444, 0.5871959328651428, 0.40474992990493774, 0.26819518208503723, 0.5187954902648926]
[0.5083345770835876, 0.5676560997962952, 0.4416787326335907, 0.30812910199165344, 0.5127723217010498]
[0.5100494623184204, 0.5868834257125854, 0.41862213611602783, 0.3034520447254181, 0.5209700465202332]
[0.46743646264076233, 0.5507208108901978, 0.48172882199287415, 0.3264901638031006, 0.4965934157371521]
[0.4189586639404297, 0.5354630351066589, 0.44542115926742554, 0.28925272822380066, 0.44327056407928467]
[0.5323862433433533, 0.57984459400177, 0.4278446435928345, 0.2712331712245941, 0.5589743852615356]
[0.49931079149246216, 0.5799129605293274, 0.4192613661289215, 0.2796894907951355, 0.49778494238853455]
[0.4722515046596527, 0.5374837517738342, 0.5140395760536194, 0.3916182219982147, 0.49395298957824707]
[0.5166944265365601, 0.5789506435394287, 0.45623666048049927, 0.29519346356391907, 0.552056074142456]
[0.5896202325820923, 0.6009964942932129, 0.3933485150337219, 0.243545264005661, 0.5743495225906372]
[0.4945236146450043, 0.5615577101707458, 0.4506128132343292, 0.30653083324432373, 0.5446484088897705]
[0.4717971384525299, 0.547344982624054, 0.4453493356704712, 0.3181876540184021, 0.46925947070121765]
[0.5132670402526855, 0.5934965014457703, 0.4420536458492279, 0.27757078409194946, 0.5219869613647461]
[0.5009192228317261, 0.5674887299537659, 0.4157615900039673, 0.3039485216140747, 0.4950887858867645]
[0.5101419687271118, 0.5646481513977051, 0.44669297337532043, 0.3038500249385834, 0.5315093398094177]
[0.5401257276535034, 0.5670716166496277, 0.4174119532108307, 0.290618896484375, 0.5629988312721252]
[0.5174325108528137, 0.5436736941337585, 0.4331689476966858, 0.3190324604511261, 0.5145626664161682]
[0.5393591523170471, 0.5544173717498779, 0.42363283038139343, 0.2985970377922058, 0.5115381479263306]
[0.44003623723983765, 0.550259530544281, 0.4936634600162506, 0.3644779920578003, 0.5022905468940735]
[0.521691083908081, 0.5878927707672119, 0.4193263351917267, 0.279192179441452, 0.5255200266838074]
[0.42039579153060913, 0.5154228210449219, 0.48595041036605835, 0.4022674262523651, 0.445732444524765]
[0.521691083908081, 0.5878927707672119, 0.4193263351917267, 0.279192179441452, 0.5255200266838074]
[0.5272536873817444, 0.5871959328651428, 0.40474992990493774, 0.26819518208503723, 0.5187954902648926]
[0.45955798029899597, 0.5605957508087158, 0.45125871896743774, 0.3119511008262634, 0.46328240633010864]
[0.5107951164245605, 0.585511326789856, 0.44738325476646423, 0.3149595856666565, 0.5291226506233215]
[0.5779282450675964, 0.5897534489631653, 0.41852471232414246, 0.25681042671203613, 0.5685724020004272]
[0.4601503014564514, 0.5803269147872925, 0.44179409742355347, 0.28724274039268494, 0.5021133422851562]
[0.4031516909599304, 0.5752106308937073, 0.4475557804107666, 0.29367324709892273, 0.4547121524810791]
[0.4132101833820343, 0.535747766494751, 0.45339688658714294, 0.3195337653160095, 0.4540499448776245]
[0.5172974467277527, 0.5846865773200989, 0.41779181361198425, 0.3041718304157257, 0.520179271697998]
[0.5466477274894714, 0.5806161165237427, 0.3789280951023102, 0.2588830888271332, 0.5758638978004456]
[0.4634189009666443, 0.5792109370231628, 0.42668792605400085, 0.286301851272583, 0.4654543399810791]
[0.4591224491596222, 0.5579900145530701, 0.4487888216972351, 0.34076690673828125, 0.47424179315567017]
[0.5730430483818054, 0.5985519886016846, 0.4114331007003784, 0.25862058997154236, 0.5439824461936951]
[0.4857660233974457, 0.5657548904418945, 0.43229150772094727, 0.313180148601532, 0.5095909237861633]
[0.5400903820991516, 0.5835076570510864, 0.4344645142555237, 0.26322659850120544, 0.5375416874885559]
[0.4501008093357086, 0.5615357160568237, 0.4442484378814697, 0.28585121035575867, 0.4841359555721283]
[0.543059229850769, 0.5832253694534302, 0.4286113977432251, 0.26792556047439575, 0.5403822064399719]
[0.3601253628730774, 0.5588699579238892, 0.4370354115962982, 0.2802875339984894, 0.4537184536457062]
[0.49245890974998474, 0.5328878164291382, 0.48106518387794495, 0.3696504533290863, 0.5088560581207275]
[0.49421700835227966, 0.5648091435432434, 0.477838933467865, 0.3364515006542206, 0.5015267133712769]
[0.5632971525192261, 0.6023535132408142, 0.4072880446910858, 0.26663443446159363, 0.5681238174438477]
[0.49890637397766113, 0.5759702920913696, 0.4447380304336548, 0.2803613245487213, 0.5044612288475037]
[0.5193629860877991, 0.5856478810310364, 0.41173920035362244, 0.282301664352417, 0.5441094636917114]
[0.4835297167301178, 0.5142726898193359, 0.48860999941825867, 0.38731032609939575, 0.4733737111091614]
[0.3321322500705719, 0.5619553327560425, 0.44466179609298706, 0.28787761926651, 0.4495306611061096]
[0.44169583916664124, 0.5551336407661438, 0.4506232738494873, 0.3051048815250397, 0.4977608323097229]
[0.3601253628730774, 0.5588699579238892, 0.4370354115962982, 0.2802875339984894, 0.4537184536457062]
[0.4487622082233429, 0.5716210603713989, 0.4600348174571991, 0.3031274080276489, 0.45275557041168213]
[0.581121563911438, 0.5660029649734497, 0.38721543550491333, 0.21889153122901917, 0.5910428166389465]
[0.4981653392314911, 0.586291491985321, 0.4130634367465973, 0.27747800946235657, 0.5251455903053284]
[0.5314415097236633, 0.5880375504493713, 0.42886027693748474, 0.25573834776878357, 0.5471035838127136]
[0.5325873494148254, 0.5880876183509827, 0.42129048705101013, 0.2533036768436432, 0.5475322008132935]
[0.5896202325820923, 0.6009964942932129, 0.3933485150337219, 0.243545264005661, 0.5743495225906372]
[0.5896202325820923, 0.6009964942932129, 0.3933485150337219, 0.243545264005661, 0.5743495225906372]
[0.528060793876648, 0.5775929093360901, 0.42657679319381714, 0.29309341311454773, 0.5615077614784241]
[0.5136358737945557, 0.5712554454803467, 0.42128270864486694, 0.2977977991104126, 0.4985015094280243]
[0.42441490292549133, 0.5676126480102539, 0.4618966281414032, 0.3119684159755707, 0.45158058404922485]
[0.34750816226005554, 0.5560660362243652, 0.45347926020622253, 0.2995207607746124, 0.4459770917892456]
[0.5261703133583069, 0.5426946878433228, 0.4492185711860657, 0.3331332206726074, 0.5139383673667908]
[0.6002585887908936, 0.559033215045929, 0.39112117886543274, 0.2583683729171753, 0.6026594042778015]
[0.5532957911491394, 0.5965481996536255, 0.4047166109085083, 0.25828850269317627, 0.5612041354179382]
[0.5016195774078369, 0.5606277585029602, 0.4819878339767456, 0.32155513763427734, 0.5182849764823914]
[0.5205801129341125, 0.5815105438232422, 0.41277003288269043, 0.2946546971797943, 0.5310460329055786]
[0.5125040411949158, 0.5868558287620544, 0.4108029305934906, 0.2800924777984619, 0.5480381846427917]
[0.5566691756248474, 0.5824846029281616, 0.42462286353111267, 0.27581587433815, 0.5560423731803894]
[0.5544819831848145, 0.5530653595924377, 0.39258578419685364, 0.2777673304080963, 0.5783970355987549]
[0.4869062602519989, 0.5319656729698181, 0.48219120502471924, 0.3396183252334595, 0.47979000210762024]
[0.5378316640853882, 0.5827499628067017, 0.4208487868309021, 0.27333468198776245, 0.5281314253807068]
