1
前天下午发生在下伍堡的事情，这名天真无邪的小孩失踪了，父母欲哭无泪，请看到的朋友相互转告「轉發」…定有重谢…電话：137-7489-5533。动动你的手指，也许可以拯救一个小孩，一个家庭。
[0.49561306834220886, 0.5578818917274475, 0.4396202266216278, 0.2780563235282898, 0.5403991937637329]
[0.46970805525779724, 0.5716831088066101, 0.42851781845092773, 0.2998838424682617, 0.5164676308631897]
[0.40880292654037476, 0.5824149250984192, 0.4172484874725342, 0.2796557545661926, 0.4982803761959076]
[0.5894806385040283, 0.5655566453933716, 0.3874339461326599, 0.24424892663955688, 0.5658186078071594]
[0.5563814640045166, 0.5367290377616882, 0.4145640432834625, 0.28160518407821655, 0.558997392654419]
[0.508446991443634, 0.5233654975891113, 0.44988125562667847, 0.37357625365257263, 0.5229975581169128]
[0.49801957607269287, 0.5749903917312622, 0.4214969277381897, 0.28750139474868774, 0.5129627585411072]
[0.4737333059310913, 0.6044455170631409, 0.43854159116744995, 0.27192071080207825, 0.49753108620643616]
[0.5425536632537842, 0.5866343975067139, 0.4028252959251404, 0.2649601697921753, 0.5492538809776306]
[0.4861519932746887, 0.5295459032058716, 0.457664430141449, 0.3661532700061798, 0.5179054737091064]
[0.5011066198348999, 0.5547869801521301, 0.4410937428474426, 0.29194507002830505, 0.519145667552948]
[0.4644547402858734, 0.5723578929901123, 0.4247061312198639, 0.2894514203071594, 0.4946068823337555]
[0.4709406793117523, 0.5337275862693787, 0.4533216953277588, 0.32306575775146484, 0.49867457151412964]
[0.4401841461658478, 0.5568767189979553, 0.4351443350315094, 0.3285825848579407, 0.5074201226234436]
[0.5090017914772034, 0.5928217768669128, 0.4176779091358185, 0.2741379141807556, 0.5251357555389404]
[0.5119491815567017, 0.5732265114784241, 0.4689755141735077, 0.3265860080718994, 0.5333079099655151]
[0.5100260376930237, 0.5138610601425171, 0.5061851143836975, 0.40953129529953003, 0.4933711588382721]
[0.4863424599170685, 0.5561679601669312, 0.4342605173587799, 0.3088851869106293, 0.5381465554237366]
[0.5267856121063232, 0.5725550055503845, 0.4179774224758148, 0.28728389739990234, 0.55305016040802]
