1
#微信收费标准# 在工信部，运营商双重压力下，小马哥最终没能顶住，微信收费将于7月1日开始，收费标准信息5分/条，语音1毛/条，按这样的标准有多少人会放弃微信？其实中国人的微信使用已经包含了流量费，如果微信收费那么微博没理由不收费。大家转起来，让那些眼馋着不该眼馋的人士无地自容
[0.5205264687538147, 0.5238681435585022, 0.49698224663734436, 0.3941648602485657, 0.5412554144859314]
[0.402902215719223, 0.5367748737335205, 0.47558143734931946, 0.4033429026603699, 0.4981972873210907]
[0.5254647731781006, 0.592790424823761, 0.4278890788555145, 0.2920580804347992, 0.5194801092147827]
[0.4820463955402374, 0.5430416464805603, 0.4680730104446411, 0.349552720785141, 0.5172728300094604]
[0.43336185812950134, 0.5209416151046753, 0.4835585951805115, 0.3693867325782776, 0.47431719303131104]
[0.39220985770225525, 0.535389244556427, 0.49790826439857483, 0.3936220109462738, 0.4556626081466675]
[0.5581734776496887, 0.5924793481826782, 0.411124587059021, 0.2467498928308487, 0.5649451613426208]
[0.6292452216148376, 0.5703071355819702, 0.3652748167514801, 0.23766842484474182, 0.5997552871704102]
[0.4534236490726471, 0.5405962467193604, 0.4773121476173401, 0.3563714027404785, 0.5064486861228943]
[0.47675982117652893, 0.5697749257087708, 0.4441709816455841, 0.30056700110435486, 0.5092787742614746]
[0.49915990233421326, 0.5698376297950745, 0.4178638160228729, 0.28590819239616394, 0.5082831382751465]
[0.5138370394706726, 0.5687023997306824, 0.410884827375412, 0.2967008948326111, 0.5372787117958069]
[0.4857213497161865, 0.5668888688087463, 0.4456942677497864, 0.3330044448375702, 0.5085703730583191]
[0.535921037197113, 0.5964357852935791, 0.4199274182319641, 0.27324655652046204, 0.5504410862922668]
[0.43557703495025635, 0.5618182420730591, 0.4510149657726288, 0.29320552945137024, 0.4701696038246155]
[0.4366488754749298, 0.5793625712394714, 0.44044944643974304, 0.322752982378006, 0.4690849781036377]
[0.547616720199585, 0.5786662101745605, 0.43001994490623474, 0.268674373626709, 0.5238481163978577]
[0.4878353476524353, 0.5858733057975769, 0.4092434346675873, 0.2628680467605591, 0.5334952473640442]
[0.45824509859085083, 0.542302668094635, 0.4686843454837799, 0.34610262513160706, 0.47933390736579895]
[0.47437143325805664, 0.5754193067550659, 0.45140543580055237, 0.30026742815971375, 0.5094063878059387]
[0.4649539887905121, 0.5559133291244507, 0.44225403666496277, 0.31707829236984253, 0.476583331823349]
[0.5511294603347778, 0.5858116149902344, 0.4041522741317749, 0.25002187490463257, 0.5692523717880249]
[0.484157919883728, 0.5717177987098694, 0.4622473418712616, 0.3159709870815277, 0.519476056098938]
[0.4878308176994324, 0.5212765336036682, 0.4460224509239197, 0.30939891934394836, 0.5225585699081421]
[0.47209420800209045, 0.5391199588775635, 0.46746546030044556, 0.3575401306152344, 0.5069984197616577]
[0.48906025290489197, 0.53469318151474, 0.4666082262992859, 0.33539798855781555, 0.5065357685089111]
[0.4389225244522095, 0.5490853190422058, 0.4793303906917572, 0.38394758105278015, 0.4677150547504425]
[0.49040138721466064, 0.556007981300354, 0.45455989241600037, 0.3093942403793335, 0.49961453676223755]
[0.4651155471801758, 0.5549716949462891, 0.4697891175746918, 0.31013211607933044, 0.5050607323646545]
[0.5166273713111877, 0.577295184135437, 0.4250851273536682, 0.2566443681716919, 0.5192375183105469]
[0.5927538275718689, 0.49559256434440613, 0.49367672204971313, 0.4124149680137634, 0.5862418413162231]
[0.5359427332878113, 0.5710208415985107, 0.4311084747314453, 0.28503841161727905, 0.5295471549034119]
[0.4451271891593933, 0.5417206287384033, 0.4747786223888397, 0.3378983736038208, 0.4626895487308502]
[0.4816063642501831, 0.5391629934310913, 0.4551700949668884, 0.3465815782546997, 0.4677872955799103]
[0.454357385635376, 0.5483025312423706, 0.446135550737381, 0.32097551226615906, 0.4564260244369507]
[0.5112745761871338, 0.5618571639060974, 0.41845089197158813, 0.30011501908302307, 0.5006950497627258]
[0.45688509941101074, 0.5608281493186951, 0.45678630471229553, 0.3097251057624817, 0.5079967975616455]
[0.4811103940010071, 0.5510034561157227, 0.44435960054397583, 0.2894299328327179, 0.5166991353034973]
[0.4949747323989868, 0.5670416951179504, 0.43831437826156616, 0.30537670850753784, 0.5346280932426453]
