1
党内奇闻！书记实名举报市长！河南息县项店镇书记洪友强举报息县书记张富治：张贪污受贿4.6亿！勾结黑社贩卖毒品，开赌场！强迫少女卖淫 ！包养有三名二奶，奸淫幼女8人！后耗费9600万向省领导买得信阳市副市长官帽！张把政府工程承包给其兄张富山，获利三个亿！张时常把女下属叫办公室进行开光！
[0.5278397798538208, 0.525187611579895, 0.5067102909088135, 0.4001580774784088, 0.536491870880127]
[0.5575770735740662, 0.5808904767036438, 0.39394187927246094, 0.2617652714252472, 0.5474557876586914]
[0.38955026865005493, 0.5593437552452087, 0.44096553325653076, 0.2965483069419861, 0.48852789402008057]
[0.5879111289978027, 0.5516254305839539, 0.408719539642334, 0.2902298867702484, 0.5889321565628052]
[0.3664727509021759, 0.554492712020874, 0.4789113998413086, 0.287409245967865, 0.4113079607486725]
[0.5185332298278809, 0.5979981422424316, 0.4238531291484833, 0.2804935872554779, 0.5281396508216858]
[0.5121686458587646, 0.5350668430328369, 0.43435537815093994, 0.2781466841697693, 0.5557458996772766]
[0.5207867622375488, 0.5602865219116211, 0.4428085684776306, 0.2952714264392853, 0.5243027210235596]
[0.514331579208374, 0.557384192943573, 0.4556495249271393, 0.349608451128006, 0.5142150521278381]
[0.5241172313690186, 0.5849148631095886, 0.4210233986377716, 0.265076220035553, 0.5400421023368835]
[0.4631926715373993, 0.5752389430999756, 0.43595919013023376, 0.2914429306983948, 0.5212047100067139]
[0.4296763241291046, 0.5623920559883118, 0.4458489716053009, 0.32644668221473694, 0.4513860046863556]
[0.4487622082233429, 0.5716210603713989, 0.4600348174571991, 0.3031274080276489, 0.45275557041168213]
[0.5095726251602173, 0.5681461691856384, 0.4120560884475708, 0.2972185015678406, 0.5195224285125732]
[0.455947607755661, 0.5732675790786743, 0.4583991765975952, 0.3011781573295593, 0.47755667567253113]
[0.5020657181739807, 0.56005859375, 0.46335139870643616, 0.2976892590522766, 0.5260084867477417]
[0.5336639881134033, 0.5491827130317688, 0.4376939833164215, 0.3064483404159546, 0.5303354263305664]
[0.5643189549446106, 0.5757243633270264, 0.3989166021347046, 0.2686406672000885, 0.5808311700820923]
[0.5149440765380859, 0.5544582009315491, 0.4494372606277466, 0.32989269495010376, 0.5439077615737915]
[0.4661044776439667, 0.5424011945724487, 0.49429643154144287, 0.3635435700416565, 0.49115192890167236]
[0.4189586639404297, 0.5354630351066589, 0.44542115926742554, 0.28925272822380066, 0.44327056407928467]
[0.5040035247802734, 0.5719863772392273, 0.43091994524002075, 0.27657848596572876, 0.5261465907096863]
[0.4127063453197479, 0.5640968084335327, 0.47777602076530457, 0.31034690141677856, 0.43765386939048767]
[0.5066124796867371, 0.5490175485610962, 0.45384693145751953, 0.30399811267852783, 0.5181009769439697]
[0.5452942848205566, 0.573063313961029, 0.3952295184135437, 0.2523936629295349, 0.537310779094696]
[0.5357117652893066, 0.5923728346824646, 0.42654621601104736, 0.2512914538383484, 0.5427975058555603]
[0.43928033113479614, 0.5755216479301453, 0.43812182545661926, 0.28464990854263306, 0.4676651954650879]
[0.5035032629966736, 0.5757539868354797, 0.41576138138771057, 0.24512256681919098, 0.5587049126625061]
[0.48535242676734924, 0.5689724087715149, 0.4476085305213928, 0.30482208728790283, 0.5097345113754272]
[0.5268097519874573, 0.5051571130752563, 0.48254624009132385, 0.36810970306396484, 0.4868035316467285]
[0.4881383776664734, 0.5772236585617065, 0.4250279366970062, 0.2775874435901642, 0.5288858413696289]
[0.5452942848205566, 0.573063313961029, 0.3952295184135437, 0.2523936629295349, 0.537310779094696]
[0.4165293574333191, 0.5746177434921265, 0.4455544650554657, 0.27437880635261536, 0.4870135188102722]
[0.5481700301170349, 0.5252376794815063, 0.43015655875205994, 0.31490522623062134, 0.5498070120811462]
[0.3245897889137268, 0.5537521243095398, 0.46650734543800354, 0.3104945719242096, 0.41715970635414124]
[0.4557313024997711, 0.5366566777229309, 0.4756510853767395, 0.36676904559135437, 0.4988079071044922]
[0.5892292261123657, 0.5963268876075745, 0.3986921012401581, 0.24606390297412872, 0.5847727060317993]
[0.5595993399620056, 0.5375957489013672, 0.43550390005111694, 0.28276652097702026, 0.5396643280982971]
[0.5514229536056519, 0.589118480682373, 0.41416841745376587, 0.2525023818016052, 0.5688425302505493]
[0.5203148126602173, 0.5731161832809448, 0.4149087965488434, 0.2616339325904846, 0.5537034869194031]
[0.35966286063194275, 0.5224252343177795, 0.49539244174957275, 0.3831193447113037, 0.4280729293823242]
[0.4943787157535553, 0.5593746900558472, 0.44839730858802795, 0.2817355692386627, 0.5217624306678772]
[0.3977232575416565, 0.5340009927749634, 0.5145618319511414, 0.3889009654521942, 0.4675503969192505]
[0.3915664553642273, 0.5503469109535217, 0.445071280002594, 0.3033696413040161, 0.42722824215888977]
[0.4487622082233429, 0.5716210603713989, 0.4600348174571991, 0.3031274080276489, 0.45275557041168213]
[0.49325498938560486, 0.5946826338768005, 0.43706801533699036, 0.2781893312931061, 0.5281903147697449]
[0.4885534942150116, 0.5595464706420898, 0.4212390184402466, 0.29015979170799255, 0.5480488538742065]
[0.5319922566413879, 0.5529549717903137, 0.43123361468315125, 0.2954568862915039, 0.5604485273361206]
[0.4492225646972656, 0.5286108255386353, 0.49915558099746704, 0.39291757345199585, 0.4657965302467346]
[0.5045247077941895, 0.5519277453422546, 0.42732828855514526, 0.32532963156700134, 0.5043663382530212]
[0.571580171585083, 0.5493065118789673, 0.45519590377807617, 0.34403127431869507, 0.5943745374679565]
[0.5376209616661072, 0.5900484323501587, 0.416332483291626, 0.2748580574989319, 0.5650807619094849]
[0.5774304270744324, 0.6065936088562012, 0.41549786925315857, 0.2480234056711197, 0.5604559779167175]
[0.491393506526947, 0.5726274251937866, 0.4245305359363556, 0.29245901107788086, 0.5149761438369751]
[0.5065202116966248, 0.5603808164596558, 0.43458470702171326, 0.3115789592266083, 0.48890554904937744]
[0.5854958295822144, 0.5838187336921692, 0.4119493067264557, 0.2530624568462372, 0.551971435546875]
[0.5038105845451355, 0.5771220922470093, 0.4311198592185974, 0.27163153886795044, 0.5482231974601746]
[0.296042799949646, 0.5238666534423828, 0.5248317718505859, 0.4142492115497589, 0.4449203312397003]
[0.572969913482666, 0.5367477536201477, 0.43244457244873047, 0.303550124168396, 0.516218364238739]
[0.4473745822906494, 0.5779164433479309, 0.4276672601699829, 0.2801303565502167, 0.48803606629371643]
[0.37695854902267456, 0.551487386226654, 0.45505836606025696, 0.31891095638275146, 0.43797314167022705]
[0.5192168951034546, 0.6032370924949646, 0.43540099263191223, 0.2778320610523224, 0.5340579152107239]
[0.5448249578475952, 0.5505185127258301, 0.41528189182281494, 0.27370497584342957, 0.5573042631149292]
[0.49103808403015137, 0.5585989356040955, 0.442922979593277, 0.30503949522972107, 0.48935800790786743]
[0.48547855019569397, 0.5697909593582153, 0.4092746675014496, 0.2696012854576111, 0.5273615121841431]
[0.5527238249778748, 0.585284948348999, 0.414357990026474, 0.27996668219566345, 0.5583892464637756]
[0.47253480553627014, 0.5210433602333069, 0.46944528818130493, 0.3845084309577942, 0.4769643247127533]
[0.6113386750221252, 0.5909162163734436, 0.4073716402053833, 0.24414417147636414, 0.5977637767791748]
[0.5074568390846252, 0.5838928818702698, 0.44667956233024597, 0.30775511264801025, 0.5300291180610657]
[0.3525565266609192, 0.5549966096878052, 0.4557444751262665, 0.29298844933509827, 0.43208077549934387]
[0.5149213075637817, 0.5745115280151367, 0.4294396936893463, 0.2818833291530609, 0.5206738114356995]
[0.4917965829372406, 0.5642513632774353, 0.44473153352737427, 0.292820006608963, 0.504958987236023]
[0.46015068888664246, 0.5384864807128906, 0.4476534128189087, 0.3099573850631714, 0.4895583689212799]
[0.5374892354011536, 0.5747427940368652, 0.40465784072875977, 0.29010599851608276, 0.5451164841651917]
[0.5830693244934082, 0.5635366439819336, 0.4359852075576782, 0.2837413549423218, 0.5740078687667847]
[0.5799715518951416, 0.5953717827796936, 0.39087656140327454, 0.2357998490333557, 0.5807968378067017]
[0.5543323159217834, 0.5579010248184204, 0.3850453794002533, 0.25763028860092163, 0.5543923377990723]
[0.5043392181396484, 0.5354391932487488, 0.44770026206970215, 0.3356482982635498, 0.4780401289463043]
[0.48791342973709106, 0.5508249998092651, 0.43648791313171387, 0.29552367329597473, 0.47934627532958984]
[0.4189586639404297, 0.5354630351066589, 0.44542115926742554, 0.28925272822380066, 0.44327056407928467]
[0.4846356511116028, 0.5516751408576965, 0.46946340799331665, 0.32588499784469604, 0.5441485643386841]
[0.5626137256622314, 0.584600567817688, 0.39879077672958374, 0.2661856412887573, 0.5653064846992493]
[0.4175374507904053, 0.5512509346008301, 0.4760083854198456, 0.3252849876880646, 0.4555606544017792]
[0.43250396847724915, 0.5391267538070679, 0.4704435467720032, 0.34371262788772583, 0.45369213819503784]
[0.4493747055530548, 0.5704452991485596, 0.43854591250419617, 0.2941981852054596, 0.4821981191635132]
[0.5257518887519836, 0.5616456270217896, 0.4239446520805359, 0.2745627760887146, 0.5575043559074402]
[0.4780902564525604, 0.5757809281349182, 0.44089195132255554, 0.30135127902030945, 0.5060385465621948]
[0.45059770345687866, 0.5691094398498535, 0.45833417773246765, 0.32077279686927795, 0.49009597301483154]
[0.5261608958244324, 0.5786963105201721, 0.4137856066226959, 0.28510141372680664, 0.5187142491340637]
[0.47425612807273865, 0.5785049200057983, 0.4397018551826477, 0.3021250367164612, 0.4918173551559448]
[0.4427150785923004, 0.5262764692306519, 0.4547681510448456, 0.3112863600254059, 0.45084667205810547]
[0.4734781086444855, 0.5588162541389465, 0.43885767459869385, 0.3017987906932831, 0.48972973227500916]
[0.540187418460846, 0.5849522948265076, 0.4338134825229645, 0.273849219083786, 0.5240756273269653]
[0.5329163670539856, 0.5438103675842285, 0.4650454521179199, 0.35823026299476624, 0.5157133340835571]
[0.5146484971046448, 0.5464616417884827, 0.4821498990058899, 0.3318784236907959, 0.5290055274963379]
[0.5434406995773315, 0.586092472076416, 0.42628541588783264, 0.28050917387008667, 0.5585830211639404]
[0.45386072993278503, 0.5563576817512512, 0.4469277560710907, 0.32948872447013855, 0.48186805844306946]
[0.45920121669769287, 0.5545257925987244, 0.48306286334991455, 0.3291482925415039, 0.4945209324359894]
[0.4034264087677002, 0.5471171140670776, 0.44950518012046814, 0.2799036502838135, 0.4783283472061157]
[0.530336320400238, 0.5772755742073059, 0.4476131498813629, 0.2835492789745331, 0.5504220724105835]
[0.4487622082233429, 0.5716210603713989, 0.4600348174571991, 0.3031274080276489, 0.45275557041168213]
