1
想狠狠地爆粗口。。。
[0.44623449444770813, 0.561312735080719, 0.43645888566970825, 0.30134937167167664, 0.4672270119190216]
[0.46184825897216797, 0.5481919050216675, 0.47821781039237976, 0.3740617334842682, 0.4778275191783905]
[0.4306574761867523, 0.553895115852356, 0.4246208071708679, 0.32463333010673523, 0.4966844618320465]
[0.5610678791999817, 0.5783045887947083, 0.4122641086578369, 0.26330018043518066, 0.5589461326599121]
[0.4751778841018677, 0.5825155377388, 0.48242247104644775, 0.3318783938884735, 0.4874713718891144]
[0.4215250313282013, 0.5441492199897766, 0.4548966884613037, 0.33849450945854187, 0.45715460181236267]
[0.5055689215660095, 0.5746166706085205, 0.4209915101528168, 0.2902238368988037, 0.5168247222900391]
[0.5571991205215454, 0.5841984748840332, 0.37403616309165955, 0.2114570587873459, 0.5940081477165222]
[0.43178680539131165, 0.55655437707901, 0.45616811513900757, 0.36211252212524414, 0.5165513753890991]
[0.5146893858909607, 0.5606511831283569, 0.4173426032066345, 0.29055410623550415, 0.5499430894851685]
[0.5798380970954895, 0.5718586444854736, 0.40677696466445923, 0.288222074508667, 0.5517691969871521]
[0.5397361516952515, 0.5904175043106079, 0.44017866253852844, 0.26652219891548157, 0.5390766859054565]
[0.5275288224220276, 0.5523266792297363, 0.4617237448692322, 0.2959083020687103, 0.5670785903930664]
[0.49024972319602966, 0.5882104635238647, 0.4241757392883301, 0.2765776813030243, 0.5193210244178772]
[0.5149213075637817, 0.5745115280151367, 0.4294396936893463, 0.2818833291530609, 0.5206738114356995]
[0.4584922790527344, 0.5455871820449829, 0.45785120129585266, 0.34218284487724304, 0.5039626359939575]
[0.4572996199131012, 0.5959582328796387, 0.42041918635368347, 0.27400970458984375, 0.5410424470901489]
[0.44445255398750305, 0.5511023998260498, 0.49875640869140625, 0.3515707850456238, 0.4873460829257965]
[0.47413355112075806, 0.578053891658783, 0.4847041368484497, 0.3345579206943512, 0.5319637060165405]
[0.5448487997055054, 0.555813193321228, 0.3976374864578247, 0.29815390706062317, 0.533388078212738]
[0.505906343460083, 0.5543438792228699, 0.4443298876285553, 0.2775556147098541, 0.5217565298080444]
[0.505906343460083, 0.5543438792228699, 0.4443298876285553, 0.2775556147098541, 0.5217565298080444]
[0.46661871671676636, 0.5836977958679199, 0.436079204082489, 0.27481111884117126, 0.4732847213745117]
[0.49448728561401367, 0.5316103100776672, 0.45551028847694397, 0.2969517111778259, 0.49400126934051514]
[0.5164111256599426, 0.5865702033042908, 0.42245909571647644, 0.2652145028114319, 0.556084930896759]
