1
【一个三陪女在法庭上的“精彩陈述”】审判长先生：我作为一名三陪女，站在这个庄严的法庭上我感到羞耻。我曾给原市委书记韦君梓做过两年二奶（也可能是三奶、四奶）。今天在座的人里，有我以前的顾客，现在却来审判我！审判长断喝：请民警同志把被告人押出去！（给力大帝）
[0.49488139152526855, 0.5096444487571716, 0.5027526617050171, 0.4637307822704315, 0.5277862548828125]
[0.5360473990440369, 0.5532819032669067, 0.4040921926498413, 0.2578413188457489, 0.5638741254806519]
[0.5445119738578796, 0.5843786597251892, 0.41506728529930115, 0.25699159502983093, 0.5592021942138672]
[0.5609209537506104, 0.5759924054145813, 0.41780638694763184, 0.26818159222602844, 0.563245415687561]
[0.3608447015285492, 0.5762860178947449, 0.4336370527744293, 0.286149263381958, 0.45083215832710266]
[0.4801514446735382, 0.5223961472511292, 0.46339020133018494, 0.33646833896636963, 0.48513033986091614]
[0.4000750780105591, 0.5592566132545471, 0.4542953372001648, 0.33317628502845764, 0.44404709339141846]
[0.546039879322052, 0.564105212688446, 0.4355798363685608, 0.2852941155433655, 0.514577329158783]
[0.5040035247802734, 0.5719863772392273, 0.43091994524002075, 0.27657848596572876, 0.5261465907096863]
[0.48444563150405884, 0.5725975632667542, 0.45217013359069824, 0.3052592873573303, 0.521064817905426]
[0.5517482161521912, 0.5927955508232117, 0.4255983531475067, 0.26425862312316895, 0.5471106171607971]
[0.46370506286621094, 0.5702861547470093, 0.4175129234790802, 0.2460595816373825, 0.5015429854393005]
[0.3524492383003235, 0.5467141270637512, 0.4400029182434082, 0.307807594537735, 0.4579818546772003]
[0.5010077357292175, 0.5628122687339783, 0.43356361985206604, 0.3098001778125763, 0.5326542854309082]
[0.5217850804328918, 0.5476406216621399, 0.436872273683548, 0.3291867673397064, 0.5162432789802551]
[0.5370507836341858, 0.5613564848899841, 0.425319641828537, 0.2755800485610962, 0.5634361505508423]
[0.5178738236427307, 0.5909562706947327, 0.45050933957099915, 0.2864140570163727, 0.5297909379005432]
[0.5552852153778076, 0.5857468843460083, 0.4001559317111969, 0.27149248123168945, 0.5646634697914124]
[0.5090926289558411, 0.6018798351287842, 0.4406072199344635, 0.2831183969974518, 0.5262677669525146]
[0.5248470902442932, 0.5503510236740112, 0.4406927824020386, 0.29207396507263184, 0.5505686402320862]
[0.48589253425598145, 0.5649659633636475, 0.43507248163223267, 0.2942325472831726, 0.4836515784263611]
[0.5889542698860168, 0.5714396238327026, 0.40143829584121704, 0.2664742171764374, 0.5794781446456909]
[0.44420063495635986, 0.5822407603263855, 0.45290830731391907, 0.30039045214653015, 0.5102972984313965]
[0.43750348687171936, 0.5468660593032837, 0.45439666509628296, 0.3098497688770294, 0.4840971529483795]
[0.45410844683647156, 0.5405155420303345, 0.42964622378349304, 0.27620911598205566, 0.4937308728694916]
[0.5386666655540466, 0.5248871445655823, 0.5205034017562866, 0.45165717601776123, 0.570239782333374]
[0.4893718659877777, 0.5696976184844971, 0.4192650318145752, 0.2592029571533203, 0.5413655042648315]
[0.4773058295249939, 0.5666350722312927, 0.4227232038974762, 0.2751469612121582, 0.5166220664978027]
[0.52652508020401, 0.5536782741546631, 0.4455823302268982, 0.297581285238266, 0.5128471851348877]
[0.5576450824737549, 0.5433520674705505, 0.4233055114746094, 0.309964656829834, 0.5493097305297852]
[0.5191934108734131, 0.561714768409729, 0.4220088720321655, 0.2909528911113739, 0.4986235797405243]
[0.46161219477653503, 0.546688437461853, 0.439982146024704, 0.2985396683216095, 0.5022364854812622]
[0.3526487350463867, 0.4995923936367035, 0.5212032198905945, 0.39291948080062866, 0.44859105348587036]
[0.2655532956123352, 0.5207022428512573, 0.5171111822128296, 0.37078726291656494, 0.39374101161956787]
[0.5486337542533875, 0.5684589743614197, 0.41676583886146545, 0.2723503112792969, 0.5416470170021057]
[0.4550905227661133, 0.5402452945709229, 0.47685542702674866, 0.33982551097869873, 0.48822614550590515]
[0.48820364475250244, 0.5395777225494385, 0.4537729322910309, 0.32553887367248535, 0.4966581165790558]
[0.4929380714893341, 0.5653655529022217, 0.4417056143283844, 0.28969472646713257, 0.5239073038101196]
[0.4487622082233429, 0.5716210603713989, 0.4600348174571991, 0.3031274080276489, 0.45275557041168213]
[0.4726383090019226, 0.5390105247497559, 0.42995378375053406, 0.28765901923179626, 0.471051424741745]
[0.3992510437965393, 0.5275400280952454, 0.46792250871658325, 0.3322792947292328, 0.44485434889793396]
[0.4968995749950409, 0.541094183921814, 0.46443694829940796, 0.34158116579055786, 0.5316250920295715]
[0.48696279525756836, 0.5398411750793457, 0.4669067859649658, 0.29310688376426697, 0.49987831711769104]
[0.5356819033622742, 0.5704862475395203, 0.39461609721183777, 0.2671816051006317, 0.5577585101127625]
[0.47973084449768066, 0.5847050547599792, 0.43689075112342834, 0.29918062686920166, 0.4910236597061157]
[0.5432249307632446, 0.5274268388748169, 0.48338115215301514, 0.3909605145454407, 0.5597950220108032]
[0.5516418218612671, 0.5756282210350037, 0.42462071776390076, 0.2789616882801056, 0.5478143095970154]
[0.48468366265296936, 0.5679690837860107, 0.4087563753128052, 0.2893827557563782, 0.5001989603042603]
[0.535011351108551, 0.5712170004844666, 0.42518648505210876, 0.2948063015937805, 0.5359482169151306]
[0.5069834589958191, 0.5817517042160034, 0.4331110715866089, 0.28278011083602905, 0.5240263342857361]
[0.5043221116065979, 0.5865379571914673, 0.42984679341316223, 0.26554110646247864, 0.5444095730781555]
[0.4514855146408081, 0.543570339679718, 0.4621765613555908, 0.32540151476860046, 0.4835261404514313]
[0.501534640789032, 0.5584841370582581, 0.4386568069458008, 0.3167388141155243, 0.5309266448020935]
[0.5593141317367554, 0.5555888414382935, 0.40882444381713867, 0.2761194407939911, 0.5616495013237]
[0.46331390738487244, 0.5646504163742065, 0.4522932171821594, 0.33457139134407043, 0.5169938206672668]
[0.49487411975860596, 0.5337907075881958, 0.5005621910095215, 0.37573590874671936, 0.536399781703949]
[0.4230599105358124, 0.5446051955223083, 0.44222286343574524, 0.3166486620903015, 0.4711850881576538]
[0.3682872951030731, 0.5410106182098389, 0.43682804703712463, 0.29630130529403687, 0.4435845613479614]
[0.5401149392127991, 0.5848982930183411, 0.4279850423336029, 0.2759241461753845, 0.5507621765136719]
[0.4323282539844513, 0.5396350622177124, 0.48551490902900696, 0.3316211402416229, 0.47981759905815125]
