1
【反对微信收费】一个微信，在几个月内，把巨头的电话短信收费逼死。难怪急的跳脚，做出没水平举动。在有关部门和运营商双重压力下，企鹅没顶住。微信收费将于7月1日开始，信息5分/条，语音1毛/条，其实微信使用已经包含了流量费。中国不差这点钱，但不应该为垄断商干预市场。反对微信收费者大力转！
[0.45432835817337036, 0.5181283354759216, 0.5463141798973083, 0.4396496117115021, 0.503688633441925]
[0.5413313508033752, 0.583615243434906, 0.41027888655662537, 0.27348577976226807, 0.5684775114059448]
[0.49667179584503174, 0.5966708660125732, 0.43829280138015747, 0.27316388487815857, 0.5369511842727661]
[0.539924681186676, 0.5804798603057861, 0.41125279664993286, 0.24800628423690796, 0.5392829179763794]
[0.5055267214775085, 0.5164107084274292, 0.4484674036502838, 0.3240222632884979, 0.5171505808830261]
[0.5695945620536804, 0.5681892037391663, 0.4535660445690155, 0.29710185527801514, 0.5419396758079529]
[0.45321089029312134, 0.5421130657196045, 0.49857842922210693, 0.3459896743297577, 0.4965168237686157]
[0.5134456753730774, 0.5788925290107727, 0.43633943796157837, 0.32362449169158936, 0.5437597036361694]
[0.5565007925033569, 0.534369170665741, 0.4667951762676239, 0.30111825466156006, 0.5595291256904602]
[0.40155723690986633, 0.5611138939857483, 0.44391506910324097, 0.2860320806503296, 0.45994502305984497]
[0.547648549079895, 0.570778489112854, 0.4170810580253601, 0.30038967728614807, 0.5133587121963501]
[0.4986111521720886, 0.5572998523712158, 0.4318309426307678, 0.2817603349685669, 0.5054681897163391]
[0.47520092129707336, 0.5508803129196167, 0.44122737646102905, 0.29828742146492004, 0.5111603140830994]
[0.4955954849720001, 0.5661535859107971, 0.4419909417629242, 0.2842470109462738, 0.540302038192749]
[0.44106990098953247, 0.5546020269393921, 0.4594527781009674, 0.34033122658729553, 0.5156134963035583]
[0.48101845383644104, 0.5487426519393921, 0.4531976580619812, 0.3509898781776428, 0.4953025281429291]
[0.555521547794342, 0.5800996422767639, 0.4233357906341553, 0.26646149158477783, 0.5345950722694397]
[0.539924681186676, 0.5804798603057861, 0.41125279664993286, 0.24800628423690796, 0.5392829179763794]
[0.5311022400856018, 0.5248655676841736, 0.44218170642852783, 0.32036224007606506, 0.5429797172546387]
[0.3889014720916748, 0.5456293225288391, 0.46952569484710693, 0.33497270941734314, 0.4569125771522522]
[0.4972706139087677, 0.5328638553619385, 0.47375085949897766, 0.3376914858818054, 0.4986681640148163]
[0.3506559133529663, 0.46669483184814453, 0.5047386884689331, 0.4556869566440582, 0.4462982714176178]
[0.48057055473327637, 0.57651287317276, 0.4390086829662323, 0.2941281199455261, 0.5065724849700928]
[0.5527864098548889, 0.576545774936676, 0.38551196455955505, 0.260124534368515, 0.573520839214325]
[0.46236303448677063, 0.5028621554374695, 0.48722609877586365, 0.32755374908447266, 0.48882463574409485]
[0.5177302360534668, 0.5557262897491455, 0.43966352939605713, 0.3252614736557007, 0.5408459901809692]
[0.49030953645706177, 0.5420270562171936, 0.45902878046035767, 0.2986271381378174, 0.5186415910720825]
[0.5592638254165649, 0.5845202803611755, 0.40358543395996094, 0.25491949915885925, 0.5568742752075195]
[0.3963428735733032, 0.5220375657081604, 0.5548961162567139, 0.46535661816596985, 0.47392815351486206]
[0.5604598522186279, 0.5825155377388, 0.40153899788856506, 0.24891500174999237, 0.576511025428772]
[0.39986318349838257, 0.5336812138557434, 0.4745011031627655, 0.3696087598800659, 0.43249642848968506]
[0.4272163212299347, 0.578639805316925, 0.4649880826473236, 0.29797032475471497, 0.4680140018463135]
[0.44629770517349243, 0.5866092443466187, 0.43822628259658813, 0.29665109515190125, 0.4912143051624298]
[0.5585275292396545, 0.5582029223442078, 0.41606682538986206, 0.2699522078037262, 0.5462879538536072]
[0.5389556884765625, 0.5420833826065063, 0.4478295147418976, 0.31067657470703125, 0.4996698796749115]
[0.41669878363609314, 0.5463985800743103, 0.45832565426826477, 0.3213822841644287, 0.45952898263931274]
[0.4366488754749298, 0.5793625712394714, 0.44044944643974304, 0.322752982378006, 0.4690849781036377]
[0.39684703946113586, 0.5653483867645264, 0.44241341948509216, 0.30521824955940247, 0.46071523427963257]
[0.47166481614112854, 0.5759022235870361, 0.44340813159942627, 0.3029998242855072, 0.49477317929267883]
[0.5119377970695496, 0.5847818851470947, 0.416146844625473, 0.2916679084300995, 0.512735903263092]
[0.5803270936012268, 0.5733524560928345, 0.40381255745887756, 0.2496839016675949, 0.5864313840866089]
[0.5716805458068848, 0.5728229880332947, 0.42526891827583313, 0.2779000699520111, 0.5620498657226562]
[0.48331764340400696, 0.5587576031684875, 0.4278790354728699, 0.2605065703392029, 0.5572154521942139]
[0.4747813642024994, 0.5470733046531677, 0.4529659152030945, 0.33909109234809875, 0.4919995367527008]
[0.5352104306221008, 0.5509735941886902, 0.44490644335746765, 0.31391358375549316, 0.5274484157562256]
[0.5303288102149963, 0.5381302237510681, 0.44374215602874756, 0.2909952998161316, 0.5169565677642822]
[0.5230090022087097, 0.5740367770195007, 0.4167049825191498, 0.27545487880706787, 0.5511098504066467]
[0.521213710308075, 0.558175802230835, 0.4156263470649719, 0.2981739640235901, 0.543755829334259]
[0.40946173667907715, 0.5527698993682861, 0.4490513503551483, 0.3091594874858856, 0.4572799801826477]
[0.4831312596797943, 0.515194296836853, 0.4767122268676758, 0.3615533113479614, 0.5074265599250793]
[0.49667179584503174, 0.5966708660125732, 0.43829280138015747, 0.27316388487815857, 0.5369511842727661]
[0.3919515311717987, 0.5070371031761169, 0.45335328578948975, 0.3052111566066742, 0.4748598337173462]
[0.3536585867404938, 0.561711847782135, 0.4298149049282074, 0.27608194947242737, 0.44226711988449097]
[0.539924681186676, 0.5804798603057861, 0.41125279664993286, 0.24800628423690796, 0.5392829179763794]
[0.4781692326068878, 0.5521373152732849, 0.451485812664032, 0.325703889131546, 0.5225195288658142]
[0.5149213075637817, 0.5745115280151367, 0.4294396936893463, 0.2818833291530609, 0.5206738114356995]
[0.524381697177887, 0.5800937414169312, 0.42649057507514954, 0.2844732999801636, 0.5254685878753662]
[0.5174584984779358, 0.5443137884140015, 0.44392240047454834, 0.33338990807533264, 0.5035730004310608]
[0.49096739292144775, 0.572737455368042, 0.4291364252567291, 0.31767699122428894, 0.5155726075172424]
[0.5005929470062256, 0.556698203086853, 0.4568963050842285, 0.3615858852863312, 0.5115495920181274]
[0.47310054302215576, 0.5583353638648987, 0.4453027546405792, 0.32223066687583923, 0.5082665085792542]
[0.48717501759529114, 0.5743027925491333, 0.41999486088752747, 0.3047216832637787, 0.5035843849182129]
[0.38689178228378296, 0.5294302701950073, 0.4773097336292267, 0.3568940758705139, 0.4558149576187134]
[0.41168588399887085, 0.578947901725769, 0.44794294238090515, 0.2779575288295746, 0.47840917110443115]
[0.3732701539993286, 0.5374699831008911, 0.4827979803085327, 0.3769870102405548, 0.45821040868759155]
[0.44154849648475647, 0.5581870675086975, 0.45496469736099243, 0.3123379945755005, 0.44239652156829834]
[0.4637819528579712, 0.4991515278816223, 0.4970986843109131, 0.36714106798171997, 0.48778995871543884]
[0.48620885610580444, 0.5608854293823242, 0.40978288650512695, 0.2750873863697052, 0.5185891389846802]
[0.45335376262664795, 0.5410837531089783, 0.4654087722301483, 0.34537115693092346, 0.46060994267463684]
[0.5373435616493225, 0.5541790127754211, 0.4392850399017334, 0.31422412395477295, 0.5376561880111694]
[0.49733129143714905, 0.5826816558837891, 0.42001235485076904, 0.28728094696998596, 0.5023945569992065]
[0.5608618855476379, 0.5709052085876465, 0.40605515241622925, 0.2725570499897003, 0.5734167695045471]
[0.5437332391738892, 0.560399055480957, 0.4122404456138611, 0.27517542243003845, 0.5566647052764893]
[0.48110300302505493, 0.5775769352912903, 0.42976945638656616, 0.2921017110347748, 0.5132613778114319]
[0.44221803545951843, 0.5239515900611877, 0.511323094367981, 0.38174790143966675, 0.4838177263736725]
[0.5161315202713013, 0.5715600252151489, 0.4346138834953308, 0.26698681712150574, 0.5168441534042358]
[0.522010326385498, 0.5704876780509949, 0.4092447757720947, 0.24149085581302643, 0.55328369140625]
[0.48696357011795044, 0.5275304913520813, 0.46784794330596924, 0.34848272800445557, 0.5258547067642212]
[0.5248948931694031, 0.539387047290802, 0.4598194658756256, 0.3094107210636139, 0.520489513874054]
[0.3525565266609192, 0.5549966096878052, 0.4557444751262665, 0.29298844933509827, 0.43208077549934387]
[0.4786747395992279, 0.5306622385978699, 0.4495934545993805, 0.32905346155166626, 0.5172379016876221]
[0.5786074995994568, 0.5835019946098328, 0.3957993686199188, 0.22456827759742737, 0.5978977084159851]
[0.3611186742782593, 0.5558561682701111, 0.4661370515823364, 0.3127511739730835, 0.4488532841205597]
[0.41685399413108826, 0.5278851985931396, 0.4741986393928528, 0.33191484212875366, 0.45504796504974365]
[0.5501665472984314, 0.5628997087478638, 0.42058202624320984, 0.29068130254745483, 0.5428677797317505]
[0.5606805086135864, 0.581872284412384, 0.4016381502151489, 0.24889259040355682, 0.5764707922935486]
[0.46822524070739746, 0.5337366461753845, 0.4754810631275177, 0.39218029379844666, 0.4876907765865326]
[0.5497512221336365, 0.5834966897964478, 0.41296860575675964, 0.24747690558433533, 0.5514193773269653]
[0.4081227779388428, 0.5790151357650757, 0.439989298582077, 0.2832556664943695, 0.48525360226631165]
[0.5060780644416809, 0.5504051446914673, 0.4263914227485657, 0.27983999252319336, 0.5202624201774597]
[0.5653793215751648, 0.582434892654419, 0.39132294058799744, 0.2585252821445465, 0.5461805462837219]
[0.4688640534877777, 0.528388261795044, 0.45186281204223633, 0.3337459862232208, 0.4727068245410919]
[0.5367116928100586, 0.5732993483543396, 0.4570996165275574, 0.2711721658706665, 0.5207390189170837]
[0.581247091293335, 0.5324441194534302, 0.4103376567363739, 0.27493324875831604, 0.5630204677581787]
[0.5345858335494995, 0.5204866528511047, 0.4581007957458496, 0.33858156204223633, 0.570499837398529]
[0.4776187241077423, 0.5397941470146179, 0.4351371228694916, 0.31347206234931946, 0.4996715486049652]
[0.4941374659538269, 0.5938432812690735, 0.44359052181243896, 0.2905518710613251, 0.5274378657341003]
[0.4232933819293976, 0.5605103373527527, 0.5013859868049622, 0.3862975537776947, 0.4793908894062042]
[0.4984245002269745, 0.536291778087616, 0.4754248857498169, 0.34363895654678345, 0.5402520895004272]
[0.539924681186676, 0.5804798603057861, 0.41125279664993286, 0.24800628423690796, 0.5392829179763794]
[0.4919157028198242, 0.5623354911804199, 0.4427275061607361, 0.3221901059150696, 0.5270587205886841]
