1
恭喜镇江的朋友们，昨晚在镇江市区医院确诊了一名H7N9患者，病情不稳定，现已隔离，情况属实，请各位朋友板蓝根的干活！
[0.5693050622940063, 0.5525974035263062, 0.43349120020866394, 0.2886054217815399, 0.5531060099601746]
[0.4866459369659424, 0.5864337682723999, 0.4356321692466736, 0.29189199209213257, 0.4929947257041931]
[0.5343959331512451, 0.5803273916244507, 0.4334368109703064, 0.2919882535934448, 0.54979008436203]
[0.5693456530570984, 0.583507776260376, 0.4019218683242798, 0.26276230812072754, 0.540063202381134]
[0.5178043246269226, 0.5751285552978516, 0.4382241666316986, 0.2788609266281128, 0.5311517715454102]
[0.4377846121788025, 0.5537105798721313, 0.45894911885261536, 0.32962924242019653, 0.5062966346740723]
[0.4487622082233429, 0.5716210603713989, 0.4600348174571991, 0.3031274080276489, 0.45275557041168213]
[0.49555298686027527, 0.570673942565918, 0.4313119649887085, 0.2879068851470947, 0.5146951675415039]
[0.4866459369659424, 0.5864337682723999, 0.4356321692466736, 0.29189199209213257, 0.4929947257041931]
[0.4272163212299347, 0.578639805316925, 0.4649880826473236, 0.29797032475471497, 0.4680140018463135]
[0.5106387138366699, 0.604141354560852, 0.4275153577327728, 0.281530499458313, 0.5216702818870544]
[0.4968051612377167, 0.5642532110214233, 0.42912960052490234, 0.3017331063747406, 0.489399790763855]
[0.46776825189590454, 0.5631663799285889, 0.4470350444316864, 0.3191208839416504, 0.48649826645851135]
[0.5099647045135498, 0.5907382965087891, 0.4257095158100128, 0.26115882396698, 0.5382242202758789]
[0.4866459369659424, 0.5864337682723999, 0.4356321692466736, 0.29189199209213257, 0.4929947257041931]
[0.5290335416793823, 0.5651559233665466, 0.44406068325042725, 0.34167027473449707, 0.5276688933372498]
[0.5502427220344543, 0.5859279036521912, 0.4207659065723419, 0.2827933728694916, 0.5425423383712769]
[0.5071026682853699, 0.5757883787155151, 0.4455753266811371, 0.2736285924911499, 0.5129168629646301]
[0.5316103100776672, 0.5643872022628784, 0.4244861900806427, 0.3021441400051117, 0.5360319018363953]
[0.4487622082233429, 0.5716210603713989, 0.4600348174571991, 0.3031274080276489, 0.45275557041168213]
[0.43658486008644104, 0.5869081616401672, 0.43641677498817444, 0.26493722200393677, 0.47683727741241455]
[0.6150046586990356, 0.5741888284683228, 0.36398816108703613, 0.2345670908689499, 0.6039349436759949]
[0.5132670402526855, 0.5934965014457703, 0.4420536458492279, 0.27757078409194946, 0.5219869613647461]
[0.5355910658836365, 0.5731844902038574, 0.43961238861083984, 0.3074791133403778, 0.5217735171318054]
[0.5187511444091797, 0.5657637715339661, 0.4381132125854492, 0.2819228768348694, 0.518878698348999]
[0.49797800183296204, 0.5647724270820618, 0.4446357190608978, 0.28127095103263855, 0.5063090920448303]
[0.5557948350906372, 0.5535880923271179, 0.42657288908958435, 0.28161266446113586, 0.5698562860488892]
[0.5261088609695435, 0.5578621029853821, 0.42924684286117554, 0.30110228061676025, 0.5330685973167419]
[0.49093544483184814, 0.5439124703407288, 0.4493139088153839, 0.3287879228591919, 0.5002694129943848]
[0.4413749873638153, 0.5868677496910095, 0.46928057074546814, 0.3195206820964813, 0.46616679430007935]
[0.5653747320175171, 0.5958674550056458, 0.410073459148407, 0.2521335780620575, 0.5308053493499756]
[0.4487622082233429, 0.5716210603713989, 0.4600348174571991, 0.3031274080276489, 0.45275557041168213]
[0.4272163212299347, 0.578639805316925, 0.4649880826473236, 0.29797032475471497, 0.4680140018463135]
[0.4355781674385071, 0.5476991534233093, 0.469234436750412, 0.3136225640773773, 0.5047181844711304]
[0.5315115451812744, 0.5855736136436462, 0.39861738681793213, 0.2707137167453766, 0.5307518839836121]
[0.4923032522201538, 0.5832500457763672, 0.4641370177268982, 0.29686328768730164, 0.5042217373847961]
[0.5210187435150146, 0.584735631942749, 0.43094196915626526, 0.291852205991745, 0.5438175797462463]
[0.4784596860408783, 0.5690925717353821, 0.4651995301246643, 0.3155668079853058, 0.5139694809913635]
[0.48379552364349365, 0.5937032699584961, 0.41920071840286255, 0.2830924987792969, 0.4925927221775055]
