1
【央视是美国的央视】4月14日湖北襄阳一景城市花园酒店大火14人遇难，47人受伤。最小遇难者仅仅5岁，如同人间炼狱。第一时间央视保持了沉默，第二时间领导保持了沉默，第三时间波士顿恐怖袭击他们马上高潮了！一个漠视民众生命的媒体必将被唾弃，让他们继续坚持特色亢奋和沉默吧，我们来纪念同胞。转。
[0.4957275390625, 0.5154679417610168, 0.49649524688720703, 0.44213220477104187, 0.5274820923805237]
[0.49975526332855225, 0.5874056220054626, 0.4230498969554901, 0.27203112840652466, 0.5168728828430176]
[0.5325873494148254, 0.5880876183509827, 0.42129048705101013, 0.2533036768436432, 0.5475322008132935]
[0.49819183349609375, 0.5695810914039612, 0.4092336595058441, 0.28381651639938354, 0.5330636501312256]
[0.5022034645080566, 0.5848979949951172, 0.40920916199684143, 0.281161904335022, 0.5399476289749146]
[0.5628424286842346, 0.5834706425666809, 0.4071221351623535, 0.2587239146232605, 0.5724868178367615]
[0.4035619795322418, 0.5630075931549072, 0.43835076689720154, 0.29424363374710083, 0.4609862267971039]
[0.46037736535072327, 0.5804769396781921, 0.45730265974998474, 0.2996896207332611, 0.5132833123207092]
[0.4990689754486084, 0.5563971400260925, 0.43697693943977356, 0.29578372836112976, 0.5249877572059631]
[0.34365737438201904, 0.5411667823791504, 0.44637569785118103, 0.300726056098938, 0.43355581164360046]
[0.3796050548553467, 0.5542588829994202, 0.45427069067955017, 0.3126196265220642, 0.4324057400226593]
[0.5371260643005371, 0.5964977145195007, 0.4096620976924896, 0.2601942718029022, 0.5390732884407043]
[0.35851606726646423, 0.5517454147338867, 0.44528043270111084, 0.29724395275115967, 0.453659325838089]
[0.5269377827644348, 0.5840235948562622, 0.4018830955028534, 0.26423943042755127, 0.5415268540382385]
[0.48165127635002136, 0.5512507557868958, 0.4355279505252838, 0.29563283920288086, 0.48317065834999084]
[0.46363401412963867, 0.5688857436180115, 0.45260322093963623, 0.2959952652454376, 0.5327842235565186]
[0.4505169689655304, 0.5694190859794617, 0.4276803433895111, 0.2750873863697052, 0.49205219745635986]
[0.4890102446079254, 0.5471761226654053, 0.4471621513366699, 0.32090428471565247, 0.5207655429840088]
[0.493935763835907, 0.5835617780685425, 0.4297652244567871, 0.28446727991104126, 0.5032767057418823]
[0.5373542904853821, 0.5784922242164612, 0.43699705600738525, 0.30561718344688416, 0.5354758501052856]
[0.5774304270744324, 0.6065936088562012, 0.41549786925315857, 0.2480234056711197, 0.5604559779167175]
[0.4996044337749481, 0.5460914969444275, 0.4456610381603241, 0.31795835494995117, 0.5164899826049805]
[0.4349014163017273, 0.546475350856781, 0.49299630522727966, 0.3130004405975342, 0.5029058456420898]
[0.42915186285972595, 0.5986442565917969, 0.4539533853530884, 0.29100796580314636, 0.47836366295814514]
[0.4603559076786041, 0.5665453672409058, 0.4582054913043976, 0.3626170754432678, 0.49015605449676514]
[0.4694955348968506, 0.5435981750488281, 0.45847776532173157, 0.3185429871082306, 0.486445814371109]
[0.5325873494148254, 0.5880876183509827, 0.42129048705101013, 0.2533036768436432, 0.5475322008132935]
[0.499753475189209, 0.5475915670394897, 0.4234149158000946, 0.29842478036880493, 0.5317540764808655]
[0.5621522068977356, 0.5862839818000793, 0.40882521867752075, 0.25262171030044556, 0.5776990056037903]
[0.435322642326355, 0.5547484159469604, 0.4681722819805145, 0.3133281469345093, 0.5142766833305359]
[0.4800949990749359, 0.5713227987289429, 0.4382103979587555, 0.3232002854347229, 0.5165388584136963]
[0.5405565500259399, 0.5836949944496155, 0.409803181886673, 0.2812861204147339, 0.5341225266456604]
[0.4450477957725525, 0.5756738781929016, 0.4239181578159332, 0.31051963567733765, 0.4966220557689667]
[0.34668099880218506, 0.5450159907341003, 0.46161866188049316, 0.33101072907447815, 0.42042285203933716]
[0.4698329567909241, 0.5829276442527771, 0.44912320375442505, 0.30328255891799927, 0.4990152418613434]
[0.5264768004417419, 0.5304943323135376, 0.4560977518558502, 0.39448031783103943, 0.5318089723587036]
[0.4474411904811859, 0.5793290138244629, 0.44378119707107544, 0.2883545756340027, 0.500278115272522]
[0.5648605823516846, 0.5542954802513123, 0.4107744097709656, 0.27319037914276123, 0.5293335914611816]
[0.5003552436828613, 0.5528799891471863, 0.4641377329826355, 0.34854722023010254, 0.5238372087478638]
[0.5421134233474731, 0.5623512864112854, 0.4041717052459717, 0.24461309611797333, 0.5592959523200989]
[0.5344021916389465, 0.5595083236694336, 0.427178293466568, 0.2814096510410309, 0.5476495623588562]
[0.537272036075592, 0.5887752175331116, 0.4071476459503174, 0.2596084177494049, 0.5493714213371277]
[0.48507559299468994, 0.5473370552062988, 0.43569615483283997, 0.2580014765262604, 0.5289682745933533]
[0.33499887585639954, 0.5617280006408691, 0.5575918555259705, 0.5607578158378601, 0.46482574939727783]
[0.4687376618385315, 0.5497883558273315, 0.47207778692245483, 0.327359139919281, 0.5039774179458618]
[0.4842250347137451, 0.5811697840690613, 0.439346045255661, 0.2826501429080963, 0.5254417657852173]
[0.4196958541870117, 0.5598815083503723, 0.44444161653518677, 0.32503771781921387, 0.5062803030014038]
[0.4945234954357147, 0.5810849666595459, 0.4297792613506317, 0.28698715567588806, 0.5115618109703064]
[0.4947201907634735, 0.5562241077423096, 0.4153391420841217, 0.28152337670326233, 0.512010931968689]
[0.49008429050445557, 0.5598211884498596, 0.44334280490875244, 0.30888795852661133, 0.5373825430870056]
[0.5071041584014893, 0.5635563135147095, 0.44198745489120483, 0.2950724959373474, 0.5310894846916199]
[0.4253500699996948, 0.580965518951416, 0.4227798879146576, 0.30584412813186646, 0.44732964038848877]
[0.5224173665046692, 0.5790922045707703, 0.4212590157985687, 0.29728057980537415, 0.5232928395271301]
[0.5445119738578796, 0.5843786597251892, 0.41506728529930115, 0.25699159502983093, 0.5592021942138672]
[0.40207380056381226, 0.550371527671814, 0.44749611616134644, 0.30777281522750854, 0.45011985301971436]
[0.49975526332855225, 0.5874056220054626, 0.4230498969554901, 0.27203112840652466, 0.5168728828430176]
[0.5882130265235901, 0.5695845484733582, 0.37992724776268005, 0.24991223216056824, 0.5895262956619263]
[0.5083625316619873, 0.5529857277870178, 0.44869381189346313, 0.3066869080066681, 0.544130802154541]
[0.5079970359802246, 0.5650388598442078, 0.41907259821891785, 0.27895838022232056, 0.5375708937644958]
[0.4880378842353821, 0.5725910067558289, 0.46699169278144836, 0.28020331263542175, 0.5146061778068542]
[0.46719416975975037, 0.5884975790977478, 0.42779821157455444, 0.2918071746826172, 0.5010092854499817]
[0.5173284411430359, 0.5658065676689148, 0.4283621907234192, 0.2737730145454407, 0.5333646535873413]
[0.4723535478115082, 0.5654107332229614, 0.4475138783454895, 0.2907072901725769, 0.5016665458679199]
[0.5738491415977478, 0.5417672991752625, 0.4178839921951294, 0.28833600878715515, 0.5328563451766968]
[0.6282810568809509, 0.5201861262321472, 0.4145835041999817, 0.3084968328475952, 0.5917305946350098]
[0.5438846945762634, 0.5658465623855591, 0.39962026476860046, 0.2594514787197113, 0.5736246109008789]
[0.4988536834716797, 0.5527359843254089, 0.43594273924827576, 0.28408804535865784, 0.5002679824829102]
[0.5262389779090881, 0.574874222278595, 0.4233153462409973, 0.25364989042282104, 0.5368286967277527]
[0.4556579291820526, 0.5527065396308899, 0.4340532720088959, 0.2928997278213501, 0.5142077803611755]
[0.5173481106758118, 0.5919039249420166, 0.418485552072525, 0.25689515471458435, 0.5488755106925964]
[0.5079970359802246, 0.5650388598442078, 0.41907259821891785, 0.27895838022232056, 0.5375708937644958]
[0.480493426322937, 0.5681890845298767, 0.4339432716369629, 0.26626497507095337, 0.49931472539901733]
[0.5263824462890625, 0.5929355621337891, 0.4218444526195526, 0.25288981199264526, 0.5463270545005798]
[0.5410048365592957, 0.5514455437660217, 0.39906278252601624, 0.2575884759426117, 0.5678823590278625]
[0.5181060433387756, 0.608632504940033, 0.438276469707489, 0.28479206562042236, 0.5111607909202576]
[0.5714980959892273, 0.5453935861587524, 0.4163302779197693, 0.2898358702659607, 0.5801083445549011]
[0.49546265602111816, 0.5764082670211792, 0.39678484201431274, 0.2582787275314331, 0.5339535474777222]
[0.4799744784832001, 0.5602176189422607, 0.45551085472106934, 0.3364742696285248, 0.4956417679786682]
[0.5405113697052002, 0.5496257543563843, 0.42449989914894104, 0.27525031566619873, 0.5644509196281433]
[0.2941322922706604, 0.5642082095146179, 0.5826894044876099, 0.5558348894119263, 0.42813724279403687]
[0.535921037197113, 0.5964357852935791, 0.4199274182319641, 0.27324655652046204, 0.5504410862922668]
[0.6126337647438049, 0.5861102342605591, 0.3788113594055176, 0.2450234740972519, 0.5912215113639832]
[0.4769163131713867, 0.5504052042961121, 0.4532102048397064, 0.33735084533691406, 0.47401878237724304]
[0.4280148446559906, 0.5580599904060364, 0.46592816710472107, 0.2993263900279999, 0.46238580346107483]
[0.46514639258384705, 0.5773199796676636, 0.443998247385025, 0.3064408600330353, 0.5200267434120178]
[0.4377354383468628, 0.5569998621940613, 0.4415963292121887, 0.30466926097869873, 0.46278777718544006]
[0.5495834946632385, 0.5463626384735107, 0.4093494415283203, 0.28954339027404785, 0.5495626330375671]
[0.4474555253982544, 0.5222136378288269, 0.47539234161376953, 0.3571367561817169, 0.491386353969574]
[0.5051541328430176, 0.5677861571311951, 0.43479907512664795, 0.3117377460002899, 0.524963915348053]
[0.5390996932983398, 0.5582841038703918, 0.4613187909126282, 0.3376302123069763, 0.5794802904129028]
[0.546464204788208, 0.5636548399925232, 0.4267367422580719, 0.27326440811157227, 0.5378903150558472]
[0.4586682915687561, 0.5692464709281921, 0.4327811300754547, 0.2983732521533966, 0.47399231791496277]
[0.549691379070282, 0.5871497988700867, 0.4130420386791229, 0.26551756262779236, 0.5281603336334229]
[0.4336435794830322, 0.5648418664932251, 0.45592084527015686, 0.33838772773742676, 0.5166177153587341]
[0.3584725558757782, 0.5749191641807556, 0.4497581422328949, 0.3151237964630127, 0.45562493801116943]
[0.5163214206695557, 0.5733069777488708, 0.4155014157295227, 0.2598685026168823, 0.5503297448158264]
[0.5116031765937805, 0.5268831253051758, 0.46570923924446106, 0.3249833881855011, 0.5417973399162292]
[0.44061508774757385, 0.5246027112007141, 0.4641874432563782, 0.31272193789482117, 0.5046294331550598]
[0.49819183349609375, 0.5695810914039612, 0.4092336595058441, 0.28381651639938354, 0.5330636501312256]
[0.5260142683982849, 0.6009833812713623, 0.4200855791568756, 0.2605200707912445, 0.5512116551399231]
[0.5747751593589783, 0.5686262249946594, 0.3870358169078827, 0.2601330876350403, 0.5667808055877686]
