1
【默哀】昨日波士顿马拉松比赛连续发生两起爆炸，造成至少2人死亡，其中一名是8岁儿童，近百人受伤，Twitter称8岁死者就是这名小女孩，愿逝者安息，生者坚强。在大多数目光都转移到波士顿时，也请大家不要忘记湖北大火烧死14名同胞，伤60人，他们也需要我们的关爱和支持，尽管现在新闻上已经没有踪影了
[0.5481476187705994, 0.5243377089500427, 0.48390358686447144, 0.4221785366535187, 0.5721768140792847]
[0.4301527440547943, 0.5558317303657532, 0.469653457403183, 0.35378581285476685, 0.4807263910770416]
[0.5448593497276306, 0.5610807538032532, 0.4306366741657257, 0.2705267667770386, 0.5579962134361267]
[0.5213832855224609, 0.5919201970100403, 0.4471101760864258, 0.3202937841415405, 0.5515358448028564]
[0.5024893879890442, 0.5839381814002991, 0.4279889464378357, 0.29506224393844604, 0.5310208797454834]
[0.513443648815155, 0.5278064608573914, 0.4912489354610443, 0.36123594641685486, 0.5364943742752075]
[0.5539999008178711, 0.5907496809959412, 0.41408923268318176, 0.27103471755981445, 0.560905396938324]
[0.4862304925918579, 0.5671078562736511, 0.42953336238861084, 0.2876461446285248, 0.5025283098220825]
[0.554415762424469, 0.5902718901634216, 0.4060269594192505, 0.2640080749988556, 0.5598397254943848]
[0.5610893368721008, 0.5917602181434631, 0.43488624691963196, 0.2686871290206909, 0.5625132322311401]
[0.5337488651275635, 0.589595377445221, 0.399512380361557, 0.2456403225660324, 0.5708073973655701]
[0.4650721251964569, 0.553487241268158, 0.5292954444885254, 0.4735007882118225, 0.5099985599517822]
[0.5214030742645264, 0.572002112865448, 0.45972734689712524, 0.3020012080669403, 0.5391817688941956]
[0.5196844339370728, 0.5871365070343018, 0.4190031886100769, 0.28307825326919556, 0.5233801603317261]
[0.4966122806072235, 0.5821616053581238, 0.4080374240875244, 0.2674298882484436, 0.5387101173400879]
[0.3721811771392822, 0.5638195276260376, 0.45789095759391785, 0.30349791049957275, 0.4347987174987793]
[0.5045866370201111, 0.5767751932144165, 0.4193336069583893, 0.3013676404953003, 0.5292914509773254]
[0.5560088157653809, 0.5897853374481201, 0.3966818153858185, 0.23702101409435272, 0.5770601034164429]
[0.4600464403629303, 0.5739575624465942, 0.4596788287162781, 0.3004622459411621, 0.51395183801651]
[0.5140900015830994, 0.5391039252281189, 0.4476315379142761, 0.32410556077957153, 0.5446852445602417]
[0.5014537572860718, 0.5801079869270325, 0.4411714971065521, 0.3003951609134674, 0.5493718385696411]
[0.5046009421348572, 0.5619444847106934, 0.4736355245113373, 0.34164345264434814, 0.5096010565757751]
[0.5728805065155029, 0.5697919130325317, 0.39266589283943176, 0.25241386890411377, 0.576874852180481]
