1
『波士顿爆炸案，美帝自导自演的一出戏？』谁能告诉我，为什么这名在阿富汗被炸断腿的美军士兵会出现在爆炸地点？他是如何再一次成功的被炸断原本已经残缺的双腿，进而成为得到无数人的怜悯和祈祷的可怜的受害者？这是巧合呢？还是巧合呢？还是巧合呢？我不懂，求证万能的微博了。
[0.5112302899360657, 0.5472784042358398, 0.46323296427726746, 0.40995684266090393, 0.5443011522293091]
[0.4189586639404297, 0.5354630351066589, 0.44542115926742554, 0.28925272822380066, 0.44327056407928467]
[0.5307741761207581, 0.564008891582489, 0.4246916174888611, 0.28026601672172546, 0.5141254663467407]
[0.4878993630409241, 0.5871379375457764, 0.428532212972641, 0.27578291296958923, 0.5473822355270386]
[0.4120343029499054, 0.5586985349655151, 0.4860113263130188, 0.32629644870758057, 0.45099005103111267]
[0.4189586639404297, 0.5354630351066589, 0.44542115926742554, 0.28925272822380066, 0.44327056407928467]
[0.5770156979560852, 0.5979297161102295, 0.4066532850265503, 0.2511694133281708, 0.5702731609344482]
[0.5653747320175171, 0.5958674550056458, 0.410073459148407, 0.2521335780620575, 0.5308053493499756]
[0.5443069338798523, 0.5318812727928162, 0.45260098576545715, 0.3390442132949829, 0.535039484500885]
[0.501714825630188, 0.5713180899620056, 0.4171050786972046, 0.28246843814849854, 0.497427761554718]
[0.4173901081085205, 0.5127676129341125, 0.5406590104103088, 0.4791591763496399, 0.45709428191185]
[0.5461215972900391, 0.5766284465789795, 0.4165326654911041, 0.2867545187473297, 0.5250059962272644]
[0.5095183849334717, 0.5850616693496704, 0.45231038331985474, 0.2754064202308655, 0.5347699522972107]
[0.4381309747695923, 0.5578991770744324, 0.45392999053001404, 0.30857548117637634, 0.4653015434741974]
[0.43680375814437866, 0.5657351613044739, 0.4459715485572815, 0.3014421761035919, 0.5112611651420593]
[0.45570170879364014, 0.5727967619895935, 0.4625685214996338, 0.3246188461780548, 0.4767780900001526]
[0.45920538902282715, 0.5601336359977722, 0.43083250522613525, 0.2929394841194153, 0.49719616770744324]
[0.6169242858886719, 0.581451416015625, 0.378370463848114, 0.2158040702342987, 0.6017977595329285]
[0.5638123154640198, 0.5176360011100769, 0.44263267517089844, 0.3246678113937378, 0.5539880394935608]
[0.5411900877952576, 0.5884541273117065, 0.43880146741867065, 0.2942470610141754, 0.5452009439468384]
[0.4787909984588623, 0.5925405025482178, 0.4237663745880127, 0.2440660297870636, 0.5490062236785889]
[0.45085352659225464, 0.5303059816360474, 0.5238888263702393, 0.4674631655216217, 0.50811368227005]
[0.33310142159461975, 0.5323814153671265, 0.5555187463760376, 0.5567930340766907, 0.48135969042778015]
[0.5214357972145081, 0.5878158211708069, 0.43287864327430725, 0.2571558654308319, 0.5330959558486938]
[0.5406715869903564, 0.5555627942085266, 0.43959203362464905, 0.29947423934936523, 0.5206451416015625]
[0.453349769115448, 0.5800856351852417, 0.428690105676651, 0.29963183403015137, 0.47158676385879517]
[0.4487622082233429, 0.5716210603713989, 0.4600348174571991, 0.3031274080276489, 0.45275557041168213]
[0.4921639561653137, 0.5029985904693604, 0.4946056604385376, 0.31979480385780334, 0.4801467955112457]
[0.5361129641532898, 0.5675627589225769, 0.4506235420703888, 0.2975759208202362, 0.5449565052986145]
[0.5362038016319275, 0.5630772709846497, 0.44426319003105164, 0.3070441782474518, 0.5342227816581726]
[0.5399671792984009, 0.5631161332130432, 0.43192246556282043, 0.2629115581512451, 0.5397605895996094]
[0.5315465331077576, 0.5555149912834167, 0.4518531262874603, 0.27693384885787964, 0.5330989360809326]
[0.48900118470191956, 0.5718966722488403, 0.44060996174812317, 0.28532806038856506, 0.5327584743499756]
[0.4487622082233429, 0.5716210603713989, 0.4600348174571991, 0.3031274080276489, 0.45275557041168213]
[0.5120280385017395, 0.5345954895019531, 0.47400903701782227, 0.39816948771476746, 0.5488089323043823]
[0.3120114803314209, 0.5376256108283997, 0.5742753744125366, 0.4410499632358551, 0.43145105242729187]
[0.48944467306137085, 0.5818204283714294, 0.4455360472202301, 0.2831488847732544, 0.5402171611785889]
[0.4795644283294678, 0.5629886388778687, 0.4363635778427124, 0.2762031853199005, 0.5127954483032227]
[0.4325675666332245, 0.5615314841270447, 0.45948800444602966, 0.2950885593891144, 0.4554254412651062]
