1
【让人心碎，他本打算在终点线求婚的】推特账户YourGentleman发推文披露一男子本打算在马拉松比赛终点线向参加比赛的女友求婚，怎料女友在爆炸案中不幸丧生，自此天人永隔。他在推文中这样写道：“这……让人心碎。他本打算在终点线求婚的”。。。。by网站分析公会
[0.5546482801437378, 0.5179359316825867, 0.4562814235687256, 0.28999650478363037, 0.5528885126113892]
[0.5070725679397583, 0.5795678496360779, 0.4309682846069336, 0.25872695446014404, 0.538472592830658]
[0.5176784992218018, 0.5614171028137207, 0.4369916617870331, 0.30062833428382874, 0.5485914349555969]
[0.4495479464530945, 0.5787973999977112, 0.4338943660259247, 0.2773074209690094, 0.47260284423828125]
[0.49097347259521484, 0.5690551996231079, 0.4426346719264984, 0.3075619339942932, 0.5062078237533569]
[0.43602412939071655, 0.5427919626235962, 0.4687044620513916, 0.3682708740234375, 0.47847115993499756]
[0.5197545886039734, 0.5789365172386169, 0.4243585467338562, 0.27721303701400757, 0.5683792233467102]
[0.49751874804496765, 0.5795021653175354, 0.43068745732307434, 0.28422725200653076, 0.5459666848182678]
[0.491494745016098, 0.5710782408714294, 0.4131999909877777, 0.2735484838485718, 0.506234884262085]
[0.5127427577972412, 0.5477384924888611, 0.4264196753501892, 0.28899094462394714, 0.5409103035926819]
[0.5404586791992188, 0.5726662874221802, 0.4077143967151642, 0.28752318024635315, 0.5324966311454773]
[0.5673088431358337, 0.5780134797096252, 0.4175730049610138, 0.27310237288475037, 0.5383926630020142]
[0.41671913862228394, 0.5610182285308838, 0.4293181002140045, 0.28488755226135254, 0.4620603621006012]
[0.4944455623626709, 0.5939369797706604, 0.44092199206352234, 0.28223204612731934, 0.521833598613739]
[0.47347190976142883, 0.5740625858306885, 0.4438380300998688, 0.30821940302848816, 0.4956815838813782]
[0.5923187732696533, 0.5819376707077026, 0.381011039018631, 0.2391476184129715, 0.6025682091712952]
[0.4704963266849518, 0.5796701312065125, 0.4295367896556854, 0.2780075669288635, 0.5183508992195129]
[0.4967844486236572, 0.594228982925415, 0.43202653527259827, 0.30136245489120483, 0.5253035426139832]
[0.3356742262840271, 0.551359236240387, 0.4424532651901245, 0.2815611660480499, 0.4287131428718567]
[0.5579289793968201, 0.5607007741928101, 0.4142208695411682, 0.26617398858070374, 0.5849971175193787]
[0.5303712487220764, 0.5785673260688782, 0.41942301392555237, 0.26301226019859314, 0.5413038730621338]
[0.48960304260253906, 0.5598728060722351, 0.4360371232032776, 0.27523598074913025, 0.5176267027854919]
[0.4331980347633362, 0.5704147815704346, 0.45033249258995056, 0.29423776268959045, 0.48839715123176575]
[0.3762940764427185, 0.5275539755821228, 0.49607449769973755, 0.37106606364250183, 0.4468644857406616]
