1
【请为这位小女孩点上一支】 这位戴着眼镜努力往前跑的1035号小朋友，今年8岁。在东部时间4月15日下午2点30分，波士顿马拉松爆炸事件中失去了生命小宝贝，天堂的路没有恐怖袭击，天堂的路可以自由奔跑 主页君很伤心很愤怒！！！
[0.5154100060462952, 0.5288453698158264, 0.4683862328529358, 0.3407631814479828, 0.526812732219696]
[0.4910760223865509, 0.5768086314201355, 0.4525933265686035, 0.28410348296165466, 0.490061491727829]
[0.4696716368198395, 0.5549660325050354, 0.4583151936531067, 0.33449068665504456, 0.5066695213317871]
[0.3644203245639801, 0.5459903478622437, 0.45157650113105774, 0.29537421464920044, 0.456711083650589]
[0.5399525165557861, 0.5749661922454834, 0.39611080288887024, 0.24370522797107697, 0.5782618522644043]
[0.5509851574897766, 0.551033079624176, 0.3926173448562622, 0.25897732377052307, 0.5809178948402405]
[0.5043282508850098, 0.5299264192581177, 0.456592857837677, 0.32298722863197327, 0.49965107440948486]
[0.41023313999176025, 0.5762098431587219, 0.4439812898635864, 0.286839097738266, 0.47170141339302063]
[0.4682732820510864, 0.5728346109390259, 0.4051748514175415, 0.2975148856639862, 0.5212578177452087]
[0.4081542491912842, 0.5786562561988831, 0.4497983455657959, 0.31751444935798645, 0.4708474576473236]
[0.508098304271698, 0.5477266311645508, 0.43073442578315735, 0.2521824240684509, 0.5294113159179688]
[0.5070384740829468, 0.5947889089584351, 0.42260977625846863, 0.28924861550331116, 0.5251440405845642]
