1
真的假的？美国人民太阴谋论了……波士顿马拉松爆炸案的“新闻”演员又被认出来了。被炸掉双腿的这个人是美军士兵，在阿富汗失去双腿。现场视频均是安排好的摄像师拍摄的，所以只看到镜头乱晃，甚至有意朝上拍摄，避免第一时间拍到现场画面，工作人员也好趁乱布置现场……
[0.5130035281181335, 0.5175564289093018, 0.4836665987968445, 0.37475714087486267, 0.5175942778587341]
[0.626852810382843, 0.49580979347229004, 0.43320706486701965, 0.32685428857803345, 0.588363766670227]
[0.5007783770561218, 0.5478023886680603, 0.42417994141578674, 0.322128564119339, 0.5096665620803833]
[0.560947597026825, 0.5349908471107483, 0.42647141218185425, 0.3182251751422882, 0.5521519780158997]
[0.5016245245933533, 0.5804614424705505, 0.43756839632987976, 0.28207287192344666, 0.5394651293754578]
[0.46302321553230286, 0.5637763738632202, 0.44089391827583313, 0.30242928862571716, 0.5024367570877075]
[0.4775308072566986, 0.564078152179718, 0.43062418699264526, 0.29901641607284546, 0.4673188626766205]
[0.4298750162124634, 0.5306869745254517, 0.4472379982471466, 0.25211843848228455, 0.4800359010696411]
[0.6086381077766418, 0.5683225989341736, 0.3870965242385864, 0.24286487698554993, 0.5992352366447449]
[0.5602936744689941, 0.5565198063850403, 0.4160231649875641, 0.29169827699661255, 0.5536133050918579]
[0.42740345001220703, 0.5862472057342529, 0.459237277507782, 0.30124911665916443, 0.4579195976257324]
[0.5665538907051086, 0.5576217770576477, 0.42967286705970764, 0.26957735419273376, 0.5206663608551025]
[0.4632820785045624, 0.5909239649772644, 0.43693307042121887, 0.2811998724937439, 0.5198095440864563]
[0.5451405048370361, 0.5799071192741394, 0.4316512644290924, 0.266661137342453, 0.5196403861045837]
[0.4487622082233429, 0.5716210603713989, 0.4600348174571991, 0.3031274080276489, 0.45275557041168213]
[0.4807133674621582, 0.5713623762130737, 0.4406064748764038, 0.31714770197868347, 0.4835810959339142]
[0.43402937054634094, 0.5670763254165649, 0.4446167051792145, 0.31068381667137146, 0.4740860164165497]
[0.4166063964366913, 0.5376956462860107, 0.4520397186279297, 0.33188024163246155, 0.4377107322216034]
[0.47651368379592896, 0.5597667098045349, 0.4546951949596405, 0.28755462169647217, 0.5246928930282593]
[0.5513103604316711, 0.555410623550415, 0.43678927421569824, 0.2973572909832001, 0.5423910617828369]
[0.48766428232192993, 0.5580388307571411, 0.4419589936733246, 0.28161048889160156, 0.5334604978561401]
[0.46642106771469116, 0.5629658102989197, 0.43208593130111694, 0.30083638429641724, 0.4834520220756531]
[0.5131697058677673, 0.5382604598999023, 0.4389811158180237, 0.2831675708293915, 0.511674165725708]
[0.557161808013916, 0.5964643359184265, 0.3980805575847626, 0.2631462514400482, 0.5575482845306396]
[0.40900924801826477, 0.5686658620834351, 0.4458058774471283, 0.2943789064884186, 0.4563308656215668]
[0.5491952300071716, 0.5918990969657898, 0.42066478729248047, 0.26386961340904236, 0.5615143775939941]
[0.5055201053619385, 0.5614838004112244, 0.4061427116394043, 0.289946973323822, 0.507975697517395]
[0.4599969685077667, 0.5528671145439148, 0.47007718682289124, 0.33413565158843994, 0.5072774291038513]
[0.5167297720909119, 0.5602877736091614, 0.4255114197731018, 0.2665683329105377, 0.5408835411071777]
[0.5036945939064026, 0.5389434099197388, 0.47583600878715515, 0.33358925580978394, 0.5146799087524414]
[0.4568480849266052, 0.5447324514389038, 0.44644829630851746, 0.3175869882106781, 0.4441682696342468]
[0.53938889503479, 0.5343228578567505, 0.47404712438583374, 0.39353448152542114, 0.5650030970573425]
[0.5555769205093384, 0.5899496674537659, 0.42552727460861206, 0.29053202271461487, 0.5512480139732361]
[0.4844907820224762, 0.5491224527359009, 0.466224730014801, 0.3024844229221344, 0.4853833019733429]
[0.3861047923564911, 0.5756350755691528, 0.447618693113327, 0.3484400510787964, 0.4372362196445465]
[0.48567068576812744, 0.5508520007133484, 0.44995933771133423, 0.2988474667072296, 0.4763045310974121]
[0.5194702744483948, 0.5883467793464661, 0.4371986389160156, 0.2839060425758362, 0.5378077030181885]
[0.5376421809196472, 0.554120659828186, 0.4248093366622925, 0.30311256647109985, 0.5701131224632263]
[0.556672990322113, 0.5691874623298645, 0.426744282245636, 0.2737492322921753, 0.5752245187759399]
[0.5208112001419067, 0.5923600792884827, 0.4268769323825836, 0.27991369366645813, 0.5203825831413269]
[0.526656448841095, 0.5453487634658813, 0.47364547848701477, 0.36189785599708557, 0.5012127161026001]
[0.48379552364349365, 0.5937032699584961, 0.41920071840286255, 0.2830924987792969, 0.4925927221775055]
[0.5479141473770142, 0.5890541076660156, 0.4237484335899353, 0.27125024795532227, 0.5295380353927612]
[0.3924489915370941, 0.5315220952033997, 0.4826870262622833, 0.34674015641212463, 0.44106099009513855]
[0.43887144327163696, 0.5140128135681152, 0.4869380295276642, 0.32721421122550964, 0.46072661876678467]
[0.49159467220306396, 0.5597363710403442, 0.45716995000839233, 0.3272925317287445, 0.5214362740516663]
[0.613735556602478, 0.5849857330322266, 0.3802798390388489, 0.24717600643634796, 0.5913806557655334]
[0.4807458817958832, 0.5420697331428528, 0.43953463435173035, 0.31487223505973816, 0.47089266777038574]
[0.4648034870624542, 0.5447129011154175, 0.4431375563144684, 0.30759379267692566, 0.48721545934677124]
[0.4976911246776581, 0.5796135067939758, 0.43682461977005005, 0.2781027853488922, 0.4979972243309021]
[0.5505009889602661, 0.5794167518615723, 0.4273000657558441, 0.281333863735199, 0.5500935316085815]
[0.5197805762290955, 0.543968915939331, 0.4818932116031647, 0.32437360286712646, 0.5260230302810669]
[0.5141652822494507, 0.5327726602554321, 0.43981313705444336, 0.3391120433807373, 0.5098881721496582]
[0.5328497290611267, 0.5772773623466492, 0.4110872149467468, 0.2743236720561981, 0.5419018268585205]
[0.442853182554245, 0.5493488311767578, 0.46735164523124695, 0.35296308994293213, 0.48995283246040344]
[0.5050907135009766, 0.594230055809021, 0.4393114447593689, 0.28273269534111023, 0.5287280082702637]
[0.4487622082233429, 0.5716210603713989, 0.4600348174571991, 0.3031274080276489, 0.45275557041168213]
[0.48189806938171387, 0.567779541015625, 0.44755491614341736, 0.3177388906478882, 0.4913804829120636]
[0.521908164024353, 0.5532341003417969, 0.4205946922302246, 0.2987782061100006, 0.5344903469085693]
[0.5018191933631897, 0.5683522820472717, 0.4362433850765228, 0.272984117269516, 0.51371169090271]
[0.5315566658973694, 0.5725516676902771, 0.4343833923339844, 0.2936243712902069, 0.5327972769737244]
[0.4487622082233429, 0.5716210603713989, 0.4600348174571991, 0.3031274080276489, 0.45275557041168213]
[0.46686527132987976, 0.5703590512275696, 0.44864773750305176, 0.30417776107788086, 0.5331689715385437]
[0.4712280333042145, 0.5523756742477417, 0.4532701075077057, 0.28512468934059143, 0.5008034706115723]
[0.5333214402198792, 0.586603581905365, 0.4156675338745117, 0.2887355089187622, 0.5377374887466431]
[0.5021213293075562, 0.5638626217842102, 0.447218120098114, 0.3052148222923279, 0.5076819062232971]
[0.4487622082233429, 0.5716210603713989, 0.4600348174571991, 0.3031274080276489, 0.45275557041168213]
[0.5491952300071716, 0.5918990969657898, 0.42066478729248047, 0.26386961340904236, 0.5615143775939941]
[0.5035750865936279, 0.5825343132019043, 0.4145297408103943, 0.2748437225818634, 0.527898907661438]
[0.45335596799850464, 0.5790760517120361, 0.45837074518203735, 0.3273347020149231, 0.49085772037506104]
[0.45393940806388855, 0.5437139272689819, 0.4387853145599365, 0.33748239278793335, 0.4644240736961365]
[0.5692928433418274, 0.5657598376274109, 0.3985629975795746, 0.2585366666316986, 0.5748022198677063]
[0.4487622082233429, 0.5716210603713989, 0.4600348174571991, 0.3031274080276489, 0.45275557041168213]
[0.5012364983558655, 0.5277525186538696, 0.5314697027206421, 0.47941461205482483, 0.5376590490341187]
[0.4966898560523987, 0.5834715962409973, 0.4292054772377014, 0.2858990430831909, 0.5189817547798157]
[0.5367147326469421, 0.566939115524292, 0.3925460875034332, 0.25399985909461975, 0.5241385698318481]
[0.49375295639038086, 0.5783133506774902, 0.45450490713119507, 0.29023781418800354, 0.505050003528595]
[0.4348945617675781, 0.571854829788208, 0.43087929487228394, 0.291187584400177, 0.5022575259208679]
[0.4573715627193451, 0.5759108662605286, 0.47698482871055603, 0.3109281361103058, 0.5102529525756836]
[0.5326565504074097, 0.613871693611145, 0.42189180850982666, 0.2729127109050751, 0.5246680378913879]
[0.48077133297920227, 0.5667237639427185, 0.45722493529319763, 0.2873997688293457, 0.5159209370613098]
[0.42160797119140625, 0.533592164516449, 0.46528318524360657, 0.3616069257259369, 0.46613001823425293]
[0.512328565120697, 0.5640425682067871, 0.44242823123931885, 0.3159593343734741, 0.5386366248130798]
[0.5308648347854614, 0.5822176337242126, 0.40829870104789734, 0.2842795252799988, 0.5304966568946838]
[0.5034229159355164, 0.5805166363716125, 0.43478924036026, 0.2991620600223541, 0.49711790680885315]
[0.5092286467552185, 0.5454557538032532, 0.44849520921707153, 0.3142794072628021, 0.5039979815483093]
[0.40472158789634705, 0.5589514970779419, 0.4523862302303314, 0.30592700839042664, 0.4909347593784332]
[0.41439059376716614, 0.5579837560653687, 0.500608503818512, 0.37646356225013733, 0.4660363793373108]
[0.4546404778957367, 0.5472337603569031, 0.47114041447639465, 0.335720032453537, 0.48657095432281494]
[0.45080405473709106, 0.5779833793640137, 0.43938857316970825, 0.30378496646881104, 0.49214988946914673]
[0.4409085512161255, 0.5329245328903198, 0.4726082980632782, 0.3744453489780426, 0.47847607731819153]
[0.5014753341674805, 0.5692667365074158, 0.4448041617870331, 0.30734187364578247, 0.5084803700447083]
[0.5018517374992371, 0.5392871499061584, 0.4560893177986145, 0.337667316198349, 0.5264002680778503]
[0.5222179293632507, 0.5773101449012756, 0.4228736460208893, 0.25920552015304565, 0.55533766746521]
[0.5636574029922485, 0.5550848841667175, 0.4296450912952423, 0.27890512347221375, 0.5739160776138306]
[0.39551764726638794, 0.5609376430511475, 0.43552759289741516, 0.29221540689468384, 0.45961177349090576]
[0.5230045914649963, 0.5559238791465759, 0.41852447390556335, 0.26651081442832947, 0.5512206554412842]
[0.48788613080978394, 0.5715441107749939, 0.4498834013938904, 0.28870540857315063, 0.506921648979187]
[0.4486883878707886, 0.5693315267562866, 0.44643279910087585, 0.29271042346954346, 0.47424936294555664]
[0.435977578163147, 0.5660979151725769, 0.45721811056137085, 0.2957686185836792, 0.5149344801902771]
[0.4487622082233429, 0.5716210603713989, 0.4600348174571991, 0.3031274080276489, 0.45275557041168213]
