1
最新消息，庐山大部分老房子已经坍塌，已有伤亡，成都双流机场一度关闭，为了缓解交通，没紧急事不要前往雅安。四川雅安庐山县地区非紧急情况请尽量少使用移动电话，保证紧急通讯通畅。求扩散！
[0.5157865285873413, 0.5223121047019958, 0.47516539692878723, 0.34061935544013977, 0.5202518105506897]
[0.5053021311759949, 0.584418773651123, 0.41982197761535645, 0.2882041335105896, 0.5274146199226379]
[0.48039817810058594, 0.5663650035858154, 0.43088585138320923, 0.2997044622898102, 0.49537762999534607]
[0.5533649325370789, 0.5922772884368896, 0.4088630974292755, 0.2677921652793884, 0.5596466064453125]
[0.4707871675491333, 0.5955306887626648, 0.42389070987701416, 0.2687733769416809, 0.5035836696624756]
[0.4999701976776123, 0.5621864795684814, 0.44622528553009033, 0.3064229488372803, 0.5254361629486084]
[0.4683886170387268, 0.5794816613197327, 0.447042316198349, 0.2855476438999176, 0.4960574805736542]
[0.5167694687843323, 0.5852960348129272, 0.42663446068763733, 0.2648038864135742, 0.5390409231185913]
[0.5513757467269897, 0.5907925367355347, 0.42435887455940247, 0.26186323165893555, 0.5497438311576843]
[0.5533649325370789, 0.5922772884368896, 0.4088630974292755, 0.2677921652793884, 0.5596466064453125]
[0.44820302724838257, 0.5768676400184631, 0.43901920318603516, 0.3134721517562866, 0.49750611186027527]
[0.5179698467254639, 0.5950044393539429, 0.40353620052337646, 0.25073885917663574, 0.5519951581954956]
[0.5040035247802734, 0.5719863772392273, 0.43091994524002075, 0.27657848596572876, 0.5261465907096863]
[0.39178016781806946, 0.5615248084068298, 0.4533350467681885, 0.28543761372566223, 0.45000317692756653]
[0.5270827412605286, 0.5967831015586853, 0.41281893849372864, 0.26888126134872437, 0.5519604086875916]
[0.5486230850219727, 0.5864576697349548, 0.3998076915740967, 0.2794845402240753, 0.5620977282524109]
[0.5229692459106445, 0.5761166214942932, 0.43494299054145813, 0.2745516300201416, 0.5277187824249268]
[0.5270827412605286, 0.5967831015586853, 0.41281893849372864, 0.26888126134872437, 0.5519604086875916]
[0.3601253628730774, 0.5588699579238892, 0.4370354115962982, 0.2802875339984894, 0.4537184536457062]
[0.48716187477111816, 0.585250973701477, 0.4232970178127289, 0.2700643539428711, 0.49718955159187317]
[0.4115726947784424, 0.5889117121696472, 0.4280593991279602, 0.28481826186180115, 0.49063342809677124]
[0.5762872695922852, 0.5880143642425537, 0.4123881161212921, 0.23370325565338135, 0.5708461999893188]
[0.518027663230896, 0.5809596180915833, 0.44744253158569336, 0.30298489332199097, 0.5297046899795532]
