1
大家挺起来//分享网易跟贴:壹基金怎成捐款主渠道
[0.4916516840457916, 0.5145452618598938, 0.44972938299179077, 0.3320160210132599, 0.5363547205924988]
[0.4363761842250824, 0.5578129291534424, 0.410792738199234, 0.27015724778175354, 0.5161092877388]
[0.33346760272979736, 0.5542339086532593, 0.44029879570007324, 0.3013506829738617, 0.4313089847564697]
[0.4924575686454773, 0.539779007434845, 0.4639185667037964, 0.33406683802604675, 0.5239870548248291]
[0.5318315625190735, 0.5331394076347351, 0.4530634880065918, 0.34963536262512207, 0.526164174079895]
[0.5181610584259033, 0.5488247275352478, 0.44138386845588684, 0.29600727558135986, 0.49320724606513977]
[0.5647438764572144, 0.5802873969078064, 0.40156564116477966, 0.27580100297927856, 0.5728111267089844]
[0.509648323059082, 0.5651763081550598, 0.4319837689399719, 0.29665428400039673, 0.5358527898788452]
[0.5252158045768738, 0.5366923809051514, 0.44888919591903687, 0.32937493920326233, 0.5448277592658997]
[0.5156406760215759, 0.572150468826294, 0.43389466404914856, 0.2903246283531189, 0.5355988144874573]
[0.405131459236145, 0.5520132780075073, 0.44739222526550293, 0.32572364807128906, 0.4478057026863098]
[0.5125056505203247, 0.5666394829750061, 0.4153457283973694, 0.280621737241745, 0.49896240234375]
[0.5095895528793335, 0.5849558711051941, 0.4127272069454193, 0.2771248519420624, 0.54680997133255]
[0.5086634755134583, 0.5762133002281189, 0.449045866727829, 0.28385359048843384, 0.5266271829605103]
[0.45879802107810974, 0.5418615937232971, 0.4976397752761841, 0.34757012128829956, 0.48326918482780457]
[0.4704301953315735, 0.5325453281402588, 0.4284593164920807, 0.28220415115356445, 0.48305657505989075]
[0.4089055061340332, 0.5784577131271362, 0.45308005809783936, 0.2784103751182556, 0.48602575063705444]
[0.5285549759864807, 0.5447137951850891, 0.45478326082229614, 0.3848525881767273, 0.521477997303009]
[0.4437237083911896, 0.5808864831924438, 0.43781134486198425, 0.27734535932540894, 0.47363385558128357]
[0.4992709159851074, 0.5263361930847168, 0.47556525468826294, 0.3933638334274292, 0.5021620392799377]
[0.5013836622238159, 0.5824781656265259, 0.43414297699928284, 0.2902583181858063, 0.5405502319335938]
[0.5776920318603516, 0.5526888370513916, 0.4042845368385315, 0.257595419883728, 0.5483032464981079]
[0.3525565266609192, 0.5549966096878052, 0.4557444751262665, 0.29298844933509827, 0.43208077549934387]
[0.5162679553031921, 0.5410357713699341, 0.4528330862522125, 0.3282397389411926, 0.5382968783378601]
[0.4653564393520355, 0.558555006980896, 0.42925941944122314, 0.2638571262359619, 0.5395700931549072]
[0.43309274315834045, 0.5553086996078491, 0.4388211667537689, 0.3165731728076935, 0.4667631685733795]
[0.5714783072471619, 0.5974074602127075, 0.4004465639591217, 0.25999125838279724, 0.5589027404785156]
