1
【雅安地震】自救方法！！ 紧急提示！！在没有医药的情况下，在患者伤处敷很薄的生土豆片，可以快速使伤口愈合、消肿，而给患者喝生土豆汁也可以快速补充能量，促进康复。请帮助扩散给灾区朋友。via
[0.5256965160369873, 0.5288814306259155, 0.45043742656707764, 0.323028028011322, 0.5362237691879272]
[0.3601253628730774, 0.5588699579238892, 0.4370354115962982, 0.2802875339984894, 0.4537184536457062]
[0.4089055061340332, 0.5784577131271362, 0.45308005809783936, 0.2784103751182556, 0.48602575063705444]
[0.5271139740943909, 0.592283308506012, 0.4315267503261566, 0.2712886333465576, 0.5463404655456543]
[0.5325873494148254, 0.5880876183509827, 0.42129048705101013, 0.2533036768436432, 0.5475322008132935]
[0.3682872951030731, 0.5410106182098389, 0.43682804703712463, 0.29630130529403687, 0.4435845613479614]
[0.3946944773197174, 0.5682172775268555, 0.430710107088089, 0.272221177816391, 0.47440600395202637]
[0.4445802569389343, 0.552327573299408, 0.4551900029182434, 0.31438276171684265, 0.5126773118972778]
[0.4361226558685303, 0.5487432479858398, 0.4649091064929962, 0.3211077153682709, 0.49997198581695557]
[0.49699336290359497, 0.5611077547073364, 0.4309987425804138, 0.2936782240867615, 0.5466808676719666]
[0.5337488651275635, 0.589595377445221, 0.399512380361557, 0.2456403225660324, 0.5708073973655701]
[0.3601253628730774, 0.5588699579238892, 0.4370354115962982, 0.2802875339984894, 0.4537184536457062]
[0.4907422661781311, 0.5824059247970581, 0.41343557834625244, 0.2802920341491699, 0.5279474854469299]
[0.4250338673591614, 0.5720228552818298, 0.4391118288040161, 0.2899983823299408, 0.481257826089859]
[0.5046790242195129, 0.5753585696220398, 0.4201226830482483, 0.2853218615055084, 0.5493805408477783]
[0.5412203669548035, 0.59114009141922, 0.4026564657688141, 0.2852252125740051, 0.5422782897949219]
[0.4450439214706421, 0.5626615285873413, 0.43416276574134827, 0.298454225063324, 0.5127504467964172]
[0.4353157579898834, 0.5445700287818909, 0.4543124735355377, 0.3396117687225342, 0.525806188583374]
[0.42803332209587097, 0.5223730206489563, 0.5016327500343323, 0.38994285464286804, 0.4984700083732605]
[0.5615972280502319, 0.5632656216621399, 0.42382338643074036, 0.2909274995326996, 0.5453963875770569]
[0.510299801826477, 0.563281238079071, 0.4474276602268219, 0.3104841411113739, 0.52103191614151]
[0.5635683536529541, 0.5445525646209717, 0.4140840768814087, 0.27922943234443665, 0.5389624834060669]
[0.5174089670181274, 0.5768981575965881, 0.42512407898902893, 0.2921169400215149, 0.545678973197937]
[0.5074089169502258, 0.5723849534988403, 0.4136432707309723, 0.2671232521533966, 0.5497972965240479]
[0.4915798604488373, 0.5435989499092102, 0.462031751871109, 0.34510141611099243, 0.5456166863441467]
[0.39335718750953674, 0.5298742651939392, 0.5239741206169128, 0.5642065405845642, 0.4726332128047943]
[0.4398688077926636, 0.5575554966926575, 0.44925764203071594, 0.31335750222206116, 0.5131019949913025]
[0.49627524614334106, 0.5492644309997559, 0.44176384806632996, 0.31298211216926575, 0.5266194939613342]
[0.49485570192337036, 0.5245964527130127, 0.4171929955482483, 0.2787591516971588, 0.5189891457557678]
[0.5043829083442688, 0.5302495956420898, 0.44817203283309937, 0.34823063015937805, 0.5350414514541626]
[0.5229759812355042, 0.5703825950622559, 0.4135495126247406, 0.25106602907180786, 0.5766802430152893]
[0.4403429925441742, 0.5826402902603149, 0.4342045187950134, 0.2857218384742737, 0.4969228208065033]
[0.3987826406955719, 0.5611701607704163, 0.4721585214138031, 0.30347248911857605, 0.42849382758140564]
[0.4762498736381531, 0.5086869597434998, 0.4964296221733093, 0.41896429657936096, 0.5280341506004333]
[0.4672321677207947, 0.5654299855232239, 0.45278552174568176, 0.32983899116516113, 0.5006767511367798]
[0.3601253628730774, 0.5588699579238892, 0.4370354115962982, 0.2802875339984894, 0.4537184536457062]
[0.4428461492061615, 0.52476966381073, 0.49304521083831787, 0.3961925804615021, 0.5246301293373108]
[0.48649072647094727, 0.5887455344200134, 0.44523122906684875, 0.2856648564338684, 0.504072368144989]
[0.48313620686531067, 0.5732027292251587, 0.44442084431648254, 0.3019120395183563, 0.5277640223503113]
[0.4354786276817322, 0.5475338101387024, 0.43275439739227295, 0.29129156470298767, 0.45462924242019653]
[0.4535844027996063, 0.580500066280365, 0.44157782196998596, 0.29743334650993347, 0.5038498044013977]
[0.513194739818573, 0.5949034094810486, 0.4303475320339203, 0.2563226819038391, 0.5419713258743286]
[0.44986793398857117, 0.5403056144714355, 0.45832356810569763, 0.33193978667259216, 0.5093619227409363]
[0.40444397926330566, 0.5446503758430481, 0.45395001769065857, 0.30111587047576904, 0.47878497838974]
[0.44696030020713806, 0.5571945309638977, 0.437543123960495, 0.29018035531044006, 0.5083509087562561]
[0.5325873494148254, 0.5880876183509827, 0.42129048705101013, 0.2533036768436432, 0.5475322008132935]
