1
在微信上看到： 有人求救，这是内容 “雅安燕西路156号，被压在下面。 一条腿已经没感觉了。有没有救援队或好心人在附近啊？” 求扩散，附近的朋友快救人。 求转发！
[0.5003522038459778, 0.5339522957801819, 0.47195693850517273, 0.3164869546890259, 0.5238198637962341]
[0.48300474882125854, 0.5576982498168945, 0.4215124249458313, 0.2585113048553467, 0.4726227819919586]
[0.43132129311561584, 0.5706793665885925, 0.41505587100982666, 0.2976488173007965, 0.5004452466964722]
[0.5205277800559998, 0.5960012674331665, 0.41923096776008606, 0.2751123607158661, 0.540634274482727]
[0.5107055902481079, 0.5822975039482117, 0.4401111900806427, 0.26379865407943726, 0.5370510220527649]
[0.4505973160266876, 0.5708748698234558, 0.4517556428909302, 0.35224685072898865, 0.49399837851524353]
[0.44663187861442566, 0.5738977789878845, 0.4616576135158539, 0.30525562167167664, 0.5038804411888123]
[0.6278734803199768, 0.5521413087844849, 0.3725665509700775, 0.2551718056201935, 0.6026723980903625]
[0.4931093156337738, 0.5153695940971375, 0.5116497278213501, 0.4550204575061798, 0.5067997574806213]
[0.3456394672393799, 0.5571502447128296, 0.4416414201259613, 0.2836785316467285, 0.4568733274936676]
[0.44911327958106995, 0.5760492086410522, 0.42729780077934265, 0.27668747305870056, 0.5032297968864441]
[0.5065532326698303, 0.5675090551376343, 0.4230091869831085, 0.29806676506996155, 0.547568678855896]
[0.5100358724594116, 0.533716082572937, 0.49933457374572754, 0.4045863151550293, 0.5491405129432678]
