1
【竹子会再长，家园定能重建】雅安是大熊猫栖息地之一，大熊猫保护中心碧峰峡基地距芦山县约20公里，内有百余熊猫。地震时200多游客与熊猫均安 然 无 恙。地震时，部分大熊猫惊慌失措，不过也有大熊猫较淡定，甚至在地震前后完成了自然交 配。图为一只害怕的熊猫死死抱住警察叔叔的腿。via东方早报
[0.40305817127227783, 0.46499136090278625, 0.5131414532661438, 0.5238534212112427, 0.48744893074035645]
[0.5343915224075317, 0.5474329590797424, 0.4302809536457062, 0.27967503666877747, 0.5620664358139038]
[0.4699808359146118, 0.5553694367408752, 0.4719787836074829, 0.3253383934497833, 0.5248692035675049]
[0.5962088108062744, 0.5457433462142944, 0.4089641869068146, 0.28340235352516174, 0.5928694605827332]
[0.4514324963092804, 0.5575992465019226, 0.45350131392478943, 0.340752512216568, 0.48385897278785706]
[0.5704624652862549, 0.5437338352203369, 0.4426395893096924, 0.27959582209587097, 0.5325070023536682]
[0.495687335729599, 0.5626155734062195, 0.4443815350532532, 0.3281519412994385, 0.5118480920791626]
[0.4124796986579895, 0.552308976650238, 0.45796218514442444, 0.3232976794242859, 0.4402354955673218]
[0.5040732622146606, 0.5688642263412476, 0.42057323455810547, 0.2909713387489319, 0.5110031962394714]
[0.5178738236427307, 0.5913012623786926, 0.42478033900260925, 0.2780857980251312, 0.5544928908348083]
[0.5376003384590149, 0.5852528214454651, 0.40434977412223816, 0.26935282349586487, 0.5527164340019226]
[0.5492737889289856, 0.5805322527885437, 0.4253450334072113, 0.29170361161231995, 0.5480800867080688]
[0.508368730545044, 0.5650675296783447, 0.42782849073410034, 0.3011244833469391, 0.5441073179244995]
[0.4514324963092804, 0.5575992465019226, 0.45350131392478943, 0.340752512216568, 0.48385897278785706]
[0.443852037191391, 0.5715776085853577, 0.44614729285240173, 0.30064529180526733, 0.5027456879615784]
[0.5014460682868958, 0.5396378040313721, 0.4640935957431793, 0.3106362819671631, 0.5155839920043945]
[0.4417133331298828, 0.5636965036392212, 0.4435969293117523, 0.32065457105636597, 0.4771459698677063]
[0.5085344910621643, 0.5850038528442383, 0.4313417375087738, 0.2932506799697876, 0.5465990900993347]
[0.5085344910621643, 0.5850038528442383, 0.4313417375087738, 0.2932506799697876, 0.5465990900993347]
[0.5079654455184937, 0.5719962120056152, 0.42966142296791077, 0.28499045968055725, 0.5263193249702454]
[0.4706675410270691, 0.5828587412834167, 0.4298226833343506, 0.30073025822639465, 0.5326498746871948]
[0.3382485806941986, 0.5264489650726318, 0.49765104055404663, 0.4404813051223755, 0.43418657779693604]
[0.5090835094451904, 0.592075526714325, 0.4252980351448059, 0.2729794383049011, 0.5334744453430176]
[0.4509277045726776, 0.572386622428894, 0.4650569558143616, 0.31717562675476074, 0.4825579524040222]
[0.5099582672119141, 0.5343621969223022, 0.49028250575065613, 0.38626137375831604, 0.5123791694641113]
[0.5512261390686035, 0.5829716920852661, 0.4285249412059784, 0.2811618149280548, 0.5435426831245422]
[0.5376856327056885, 0.5751838684082031, 0.41668835282325745, 0.27181515097618103, 0.5356186628341675]
[0.5492978692054749, 0.555663526058197, 0.41696521639823914, 0.27057987451553345, 0.5643141865730286]
[0.5403562188148499, 0.5556985139846802, 0.4251849353313446, 0.25235769152641296, 0.5787726044654846]
[0.4365001618862152, 0.560985267162323, 0.4606035649776459, 0.29832586646080017, 0.47634580731391907]
[0.4514324963092804, 0.5575992465019226, 0.45350131392478943, 0.340752512216568, 0.48385897278785706]
[0.49687373638153076, 0.5492464303970337, 0.4504183828830719, 0.34436914324760437, 0.5379793047904968]
[0.5079497694969177, 0.5359572768211365, 0.4816265404224396, 0.37692803144454956, 0.5006033778190613]
[0.46200284361839294, 0.5494950413703918, 0.4730146825313568, 0.34237489104270935, 0.494892954826355]
[0.48379552364349365, 0.5937032699584961, 0.41920071840286255, 0.2830924987792969, 0.4925927221775055]
[0.3861103653907776, 0.5626804232597351, 0.42905399203300476, 0.2910979092121124, 0.48848703503608704]
[0.5375891327857971, 0.5936415195465088, 0.42892560362815857, 0.2769445478916168, 0.5404124855995178]
[0.5510027408599854, 0.5874185562133789, 0.4110250174999237, 0.2563851475715637, 0.555259644985199]
[0.42519253492355347, 0.5570975542068481, 0.46653443574905396, 0.3479248881340027, 0.49557963013648987]
[0.5192958116531372, 0.5663090348243713, 0.4312290847301483, 0.26964423060417175, 0.5198745131492615]
[0.5178738236427307, 0.5913012623786926, 0.42478033900260925, 0.2780857980251312, 0.5544928908348083]
[0.47475680708885193, 0.5689146518707275, 0.4540461003780365, 0.341107040643692, 0.5178516507148743]
[0.4620116651058197, 0.5603551864624023, 0.45035144686698914, 0.298196017742157, 0.4843299388885498]
[0.48889073729515076, 0.5554928779602051, 0.4222957491874695, 0.3042087256908417, 0.5319822430610657]
[0.5273176431655884, 0.5680873394012451, 0.40710362792015076, 0.2843567728996277, 0.5236985087394714]
[0.5570229887962341, 0.5921159386634827, 0.42518001794815063, 0.268729567527771, 0.5495361685752869]
[0.5660277605056763, 0.5890903472900391, 0.4049946367740631, 0.2347949892282486, 0.5691006779670715]
[0.510784924030304, 0.5603834390640259, 0.4518047869205475, 0.31873613595962524, 0.5514247417449951]
[0.49058592319488525, 0.5487806797027588, 0.48669880628585815, 0.32961025834083557, 0.5236838459968567]
[0.424910306930542, 0.568991482257843, 0.4481573700904846, 0.3205401301383972, 0.5014986395835876]
[0.415189653635025, 0.5413199067115784, 0.45961689949035645, 0.3210829496383667, 0.4608966112136841]
[0.5310633778572083, 0.5913262367248535, 0.406970739364624, 0.2608931064605713, 0.5577508211135864]
[0.39664220809936523, 0.5731307864189148, 0.4544324278831482, 0.2662658095359802, 0.48464176058769226]
[0.48379552364349365, 0.5937032699584961, 0.41920071840286255, 0.2830924987792969, 0.4925927221775055]
[0.4962628483772278, 0.5206766724586487, 0.4516642689704895, 0.28261762857437134, 0.5058780908584595]
[0.4892280697822571, 0.5878584384918213, 0.4316594898700714, 0.2852410078048706, 0.5505512952804565]
[0.5203461647033691, 0.5783154368400574, 0.42207953333854675, 0.2909437417984009, 0.5251195430755615]
[0.44473209977149963, 0.5158964395523071, 0.5091268420219421, 0.4174858331680298, 0.49830737709999084]
[0.4514324963092804, 0.5575992465019226, 0.45350131392478943, 0.340752512216568, 0.48385897278785706]
[0.44343504309654236, 0.5454757809638977, 0.42946624755859375, 0.30825135111808777, 0.4564802646636963]
[0.5140193700790405, 0.5774092674255371, 0.41026318073272705, 0.28533288836479187, 0.5174720883369446]
[0.5451211929321289, 0.5156408548355103, 0.4258872866630554, 0.32698535919189453, 0.542496919631958]
[0.4514324963092804, 0.5575992465019226, 0.45350131392478943, 0.340752512216568, 0.48385897278785706]
[0.48772764205932617, 0.5799456238746643, 0.4326413571834564, 0.2776776850223541, 0.5609059929847717]
[0.5234137177467346, 0.5701587796211243, 0.4246560335159302, 0.2643505036830902, 0.570557713508606]
[0.4962000250816345, 0.5735884308815002, 0.4498434066772461, 0.28329333662986755, 0.5149291157722473]
[0.5100491046905518, 0.5706004500389099, 0.43745696544647217, 0.28014564514160156, 0.5415669083595276]
[0.5043923258781433, 0.5711999535560608, 0.42201128602027893, 0.26762303709983826, 0.5205498933792114]
[0.4063113033771515, 0.4905383586883545, 0.5319504141807556, 0.4402250349521637, 0.4575116038322449]
[0.4514324963092804, 0.5575992465019226, 0.45350131392478943, 0.340752512216568, 0.48385897278785706]
