1
请帮忙转发,披露中国的贪官: 今天又两个中江县红十字会的人来我们这里购买了1万多元的救灾药品，但要求我们开5万多元的发票。我们（成都制药一厂）没有答应，结果由隔壁通化一家药厂经营部开给他们了。 强烈谴责中国红十字会，并要中国红十字会对所有捐款去向做出解释，我们的捐款不是让你这样
[0.5486835837364197, 0.5021203756332397, 0.47986114025115967, 0.35688161849975586, 0.5674147009849548]
[0.48711514472961426, 0.5535646677017212, 0.4552808403968811, 0.347238689661026, 0.5112391114234924]
[0.47961926460266113, 0.5427783131599426, 0.46785685420036316, 0.3358359932899475, 0.47620683908462524]
[0.4903073012828827, 0.59424889087677, 0.4430173933506012, 0.2773799002170563, 0.5374157428741455]
[0.4202689528465271, 0.5757107138633728, 0.4309403896331787, 0.27894097566604614, 0.466061532497406]
[0.5304564237594604, 0.5682651400566101, 0.43937191367149353, 0.2958700954914093, 0.5658435225486755]
[0.5121210217475891, 0.5466780662536621, 0.42483359575271606, 0.31768879294395447, 0.5092779994010925]
[0.5304564237594604, 0.5682651400566101, 0.43937191367149353, 0.2958700954914093, 0.5658435225486755]
[0.5127131342887878, 0.5852316617965698, 0.43092992901802063, 0.27305951714515686, 0.5738712549209595]
[0.5304564237594604, 0.5682651400566101, 0.43937191367149353, 0.2958700954914093, 0.5658435225486755]
[0.5026974081993103, 0.5775784254074097, 0.4234887659549713, 0.2791147232055664, 0.5197634100914001]
[0.5149213075637817, 0.5745115280151367, 0.4294396936893463, 0.2818833291530609, 0.5206738114356995]
[0.4486783444881439, 0.5332021117210388, 0.4584101140499115, 0.33948349952697754, 0.49414771795272827]
[0.5149213075637817, 0.5745115280151367, 0.4294396936893463, 0.2818833291530609, 0.5206738114356995]
[0.5139232873916626, 0.571155309677124, 0.4476098120212555, 0.29408717155456543, 0.5726088285446167]
[0.5149213075637817, 0.5745115280151367, 0.4294396936893463, 0.2818833291530609, 0.5206738114356995]
[0.528118908405304, 0.5852379202842712, 0.43063226342201233, 0.2623966634273529, 0.5555712580680847]
[0.5149213075637817, 0.5745115280151367, 0.4294396936893463, 0.2818833291530609, 0.5206738114356995]
[0.5304564237594604, 0.5682651400566101, 0.43937191367149353, 0.2958700954914093, 0.5658435225486755]
[0.4385533332824707, 0.5494509339332581, 0.4735693633556366, 0.34456831216812134, 0.5016367435455322]
[0.4385533332824707, 0.5494509339332581, 0.4735693633556366, 0.34456831216812134, 0.5016367435455322]
[0.4385533332824707, 0.5494509339332581, 0.4735693633556366, 0.34456831216812134, 0.5016367435455322]
[0.4385533332824707, 0.5494509339332581, 0.4735693633556366, 0.34456831216812134, 0.5016367435455322]
[0.5427218079566956, 0.5803864002227783, 0.4249209761619568, 0.29177096486091614, 0.5774135589599609]
[0.5331020951271057, 0.5672021508216858, 0.4097055494785309, 0.29983651638031006, 0.5312609076499939]
[0.5304564237594604, 0.5682651400566101, 0.43937191367149353, 0.2958700954914093, 0.5658435225486755]
[0.4956605136394501, 0.5243676900863647, 0.47632503509521484, 0.38400694727897644, 0.46348196268081665]
[0.5032891035079956, 0.576302707195282, 0.42828816175460815, 0.2767896056175232, 0.5339251756668091]
[0.5304564237594604, 0.5682651400566101, 0.43937191367149353, 0.2958700954914093, 0.5658435225486755]
[0.4507438540458679, 0.522830605506897, 0.4452763795852661, 0.3766244649887085, 0.5040492415428162]
[0.520673930644989, 0.5653483271598816, 0.43389883637428284, 0.2949468195438385, 0.5217955708503723]
[0.5185167193412781, 0.5559492111206055, 0.41825252771377563, 0.2966042160987854, 0.5180920362472534]
[0.5508973002433777, 0.5592213869094849, 0.4157712459564209, 0.2695751190185547, 0.5456429123878479]
[0.45621809363365173, 0.5534773468971252, 0.4323970377445221, 0.298077791929245, 0.4561901092529297]
[0.5040202140808105, 0.565403401851654, 0.4414568841457367, 0.28921809792518616, 0.49610260128974915]
[0.4450418949127197, 0.5234371423721313, 0.4716803729534149, 0.34473785758018494, 0.4815230369567871]
[0.516481339931488, 0.5917481184005737, 0.4435672461986542, 0.2787536084651947, 0.5294630527496338]
