1
感动又被萌翻，地震发生期间一位警察救起了一只压在木板下的一只大熊猫当警察准备离开时熊猫死死地抱住警察叔叔的腿。如果你感动了，请转发一下把。地震无情人有情，为雅安祈福。
[0.4431803524494171, 0.5349938273429871, 0.5415633320808411, 0.4163137376308441, 0.532545804977417]
[0.49724024534225464, 0.5568228960037231, 0.43560197949409485, 0.28633397817611694, 0.4876142740249634]
[0.37810665369033813, 0.5492014288902283, 0.4317587912082672, 0.31480902433395386, 0.4608762562274933]
[0.539739191532135, 0.5631722807884216, 0.4074992835521698, 0.26580604910850525, 0.4941580593585968]
[0.5834604501724243, 0.5518340468406677, 0.41507041454315186, 0.29239606857299805, 0.5739841461181641]
[0.5074096918106079, 0.5905137658119202, 0.42286908626556396, 0.27135273814201355, 0.5313239097595215]
[0.47486522793769836, 0.5030844211578369, 0.5020578503608704, 0.4422110319137573, 0.5137144923210144]
[0.4613897502422333, 0.5711238980293274, 0.43757757544517517, 0.293671190738678, 0.5217134356498718]
[0.5986741185188293, 0.5722845792770386, 0.37965795397758484, 0.24550798535346985, 0.5924176573753357]
[0.4514324963092804, 0.5575992465019226, 0.45350131392478943, 0.340752512216568, 0.48385897278785706]
[0.5149832963943481, 0.5743406414985657, 0.4368250370025635, 0.29884639382362366, 0.5501143336296082]
[0.44287899136543274, 0.5560083389282227, 0.47064271569252014, 0.32932525873184204, 0.4714982211589813]
[0.4113456606864929, 0.5356596112251282, 0.47478270530700684, 0.34530559182167053, 0.4763570725917816]
[0.46843236684799194, 0.5756223797798157, 0.4492989480495453, 0.29589441418647766, 0.5149445533752441]
[0.46730703115463257, 0.5870420932769775, 0.42112162709236145, 0.29118138551712036, 0.4858253300189972]
[0.48662370443344116, 0.587315559387207, 0.43125641345977783, 0.26340252161026, 0.5473126173019409]
[0.4398711323738098, 0.5674436688423157, 0.45156434178352356, 0.31201788783073425, 0.4840441048145294]
[0.5063871741294861, 0.5758277773857117, 0.43265166878700256, 0.2586236894130707, 0.5307540893554688]
[0.6055775284767151, 0.5318122506141663, 0.4006847143173218, 0.31330403685569763, 0.5899018049240112]
[0.34245580434799194, 0.5453488826751709, 0.4318029284477234, 0.2987592816352844, 0.43772152066230774]
[0.5325873494148254, 0.5880876183509827, 0.42129048705101013, 0.2533036768436432, 0.5475322008132935]
[0.40942782163619995, 0.5820171236991882, 0.4505385458469391, 0.27593928575515747, 0.4837920665740967]
[0.6055775284767151, 0.5318122506141663, 0.4006847143173218, 0.31330403685569763, 0.5899018049240112]
[0.4264943301677704, 0.5361297130584717, 0.47302016615867615, 0.3453245162963867, 0.46498045325279236]
[0.4908314645290375, 0.5902506709098816, 0.4286216199398041, 0.2893553376197815, 0.5311232805252075]
[0.40942782163619995, 0.5820171236991882, 0.4505385458469391, 0.27593928575515747, 0.4837920665740967]
[0.500156581401825, 0.5791721343994141, 0.4280961751937866, 0.2726270854473114, 0.52374666929245]
[0.521204948425293, 0.5798750519752502, 0.4173949360847473, 0.29293614625930786, 0.5296719670295715]
[0.5598109364509583, 0.582121729850769, 0.41974133253097534, 0.2746199667453766, 0.5767423510551453]
[0.6055775284767151, 0.5318122506141663, 0.4006847143173218, 0.31330403685569763, 0.5899018049240112]
[0.49281638860702515, 0.576228678226471, 0.4406960904598236, 0.29006025195121765, 0.5271890759468079]
[0.5290814638137817, 0.5453735589981079, 0.42295339703559875, 0.2716107964515686, 0.5510300993919373]
[0.4676375687122345, 0.5683103799819946, 0.438495397567749, 0.30510371923446655, 0.5020607113838196]
[0.4115726947784424, 0.5889117121696472, 0.4280593991279602, 0.28481826186180115, 0.49063342809677124]
[0.44214409589767456, 0.5488420724868774, 0.46411508321762085, 0.3383033573627472, 0.48117905855178833]
[0.4365001618862152, 0.560985267162323, 0.4606035649776459, 0.29832586646080017, 0.47634580731391907]
[0.5202485918998718, 0.5287938117980957, 0.44349291920661926, 0.32671716809272766, 0.5522915720939636]
[0.40942782163619995, 0.5820171236991882, 0.4505385458469391, 0.27593928575515747, 0.4837920665740967]
