1
披露中国的贪官:今天有两个中江县红十字会的人来我们这里购买了1万多元的救灾药品，要求开5万多元的发票。我们（成都制药一厂）没答应，结果由隔壁通化一家药厂经营部开给他们了。强烈谴责中国红十字会，并要中国红十字会对所有捐款去向做出解释，我们的捐款不是让你这样贪污的！
[0.5492584705352783, 0.5090442299842834, 0.4621615707874298, 0.37908342480659485, 0.5660656690597534]
[0.5115638375282288, 0.5688448548316956, 0.4289403557777405, 0.2959609925746918, 0.5078279972076416]
[0.4951053857803345, 0.5781902074813843, 0.4183933138847351, 0.2813199460506439, 0.5318642258644104]
[0.4684925377368927, 0.5756428837776184, 0.4548713266849518, 0.29759350419044495, 0.5124017596244812]
[0.5491952300071716, 0.5918990969657898, 0.42066478729248047, 0.26386961340904236, 0.5615143775939941]
[0.4601503014564514, 0.5803269147872925, 0.44179409742355347, 0.28724274039268494, 0.5021133422851562]
[0.48555317521095276, 0.5695215463638306, 0.4456707835197449, 0.3108430504798889, 0.5018740296363831]
[0.5516784191131592, 0.5744781494140625, 0.4070355296134949, 0.25526371598243713, 0.5247833728790283]
[0.5896202325820923, 0.6009964942932129, 0.3933485150337219, 0.243545264005661, 0.5743495225906372]
[0.5354865789413452, 0.5888907313346863, 0.41922876238822937, 0.2605830132961273, 0.5253303050994873]
[0.5318148136138916, 0.5759472250938416, 0.3959941565990448, 0.28343644738197327, 0.5302940011024475]
[0.5203468799591064, 0.5795619487762451, 0.42113667726516724, 0.2958737015724182, 0.4997941553592682]
[0.42696723341941833, 0.5552625060081482, 0.4400854706764221, 0.2986104488372803, 0.45791733264923096]
[0.5491952300071716, 0.5918990969657898, 0.42066478729248047, 0.26386961340904236, 0.5615143775939941]
[0.4752703905105591, 0.5958537459373474, 0.4393661916255951, 0.27342793345451355, 0.4931979179382324]
[0.49605420231819153, 0.5711051225662231, 0.4285310208797455, 0.3089546859264374, 0.4797268211841583]
[0.5552852153778076, 0.5857468843460083, 0.4001559317111969, 0.27149248123168945, 0.5646634697914124]
[0.4501625597476959, 0.5662825703620911, 0.45321446657180786, 0.3247346878051758, 0.4640694260597229]
[0.4623667895793915, 0.5685446262359619, 0.40892982482910156, 0.23347720503807068, 0.5402276515960693]
[0.5595993399620056, 0.5375957489013672, 0.43550390005111694, 0.28276652097702026, 0.5396643280982971]
[0.3072885572910309, 0.5462142825126648, 0.45011675357818604, 0.3187411427497864, 0.437751442193985]
[0.43928033113479614, 0.5755216479301453, 0.43812182545661926, 0.28464990854263306, 0.4676651954650879]
[0.5407508611679077, 0.5460492372512817, 0.4145198464393616, 0.2906007766723633, 0.5459874272346497]
[0.4858730435371399, 0.554599404335022, 0.4347846508026123, 0.3202091157436371, 0.5100110173225403]
[0.5558679103851318, 0.5386664271354675, 0.4244917035102844, 0.3001041114330292, 0.5732676386833191]
[0.4696716368198395, 0.5549660325050354, 0.4583151936531067, 0.33449068665504456, 0.5066695213317871]
[0.48716187477111816, 0.585250973701477, 0.4232970178127289, 0.2700643539428711, 0.49718955159187317]
[0.4982662796974182, 0.542777419090271, 0.4511852562427521, 0.2955012023448944, 0.5199470520019531]
[0.489716112613678, 0.5474611520767212, 0.41591086983680725, 0.2953851521015167, 0.5326578617095947]
[0.4973081648349762, 0.5421463847160339, 0.46500682830810547, 0.3381558060646057, 0.5241352319717407]
[0.48022934794425964, 0.51454758644104, 0.5041906833648682, 0.3547860383987427, 0.4775133728981018]
[0.5127881765365601, 0.5506362915039062, 0.47075155377388, 0.32610538601875305, 0.5317352414131165]
