1
新闻上看到的，恶心的官员
[0.5096275806427002, 0.5617563724517822, 0.4276149868965149, 0.29045695066452026, 0.5198448896408081]
[0.5491952300071716, 0.5918990969657898, 0.42066478729248047, 0.26386961340904236, 0.5615143775939941]
[0.50304114818573, 0.5755523443222046, 0.4383406937122345, 0.2894165515899658, 0.5323488116264343]
[0.45124906301498413, 0.5576177835464478, 0.46967458724975586, 0.3386915922164917, 0.49416518211364746]
[0.48847076296806335, 0.5729765892028809, 0.44745495915412903, 0.2874152958393097, 0.5247654914855957]
[0.3978816866874695, 0.5683643817901611, 0.4505457282066345, 0.2896011471748352, 0.4818468689918518]
[0.45739999413490295, 0.5698526501655579, 0.44649019837379456, 0.31442880630493164, 0.4810757339000702]
[0.4608508050441742, 0.5618083477020264, 0.4376087486743927, 0.310405969619751, 0.522867739200592]
[0.3998245894908905, 0.5405452251434326, 0.475274920463562, 0.3571104109287262, 0.46454012393951416]
[0.4645380675792694, 0.5342172384262085, 0.478713721036911, 0.37502723932266235, 0.5030876398086548]
[0.493310809135437, 0.565106987953186, 0.41853800415992737, 0.2735096514225006, 0.5265092849731445]
[0.4516928195953369, 0.5565542578697205, 0.45722314715385437, 0.31736767292022705, 0.4913305342197418]
[0.5639417171478271, 0.5831043720245361, 0.3956373929977417, 0.26809877157211304, 0.5585792660713196]
[0.5228414535522461, 0.5627570152282715, 0.41512250900268555, 0.26121050119400024, 0.5630752444267273]
[0.5562002062797546, 0.5945013761520386, 0.4051147699356079, 0.2660619914531708, 0.5536155104637146]
