1
今天又两个中江县红十字会的人来购买了1万多元的救灾药品，但要求我们开5万多元的发票。我们（成都制药一厂）没有答应，结果由隔壁通化一家药厂经营部开了。 我可以留下我的真实身份：吴斌，1973年10月12日出生，家住什邡市方亭镇中心大街西段67号。跪请多转发，消灭贪官，为民除害！否则天理难容
[0.4832468032836914, 0.5042105913162231, 0.5293388366699219, 0.4654199779033661, 0.5205129981040955]
[0.5896202325820923, 0.6009964942932129, 0.3933485150337219, 0.243545264005661, 0.5743495225906372]
[0.4808007776737213, 0.5929372310638428, 0.4316270053386688, 0.27192357182502747, 0.5031707286834717]
[0.5726167559623718, 0.5871476531028748, 0.404644638299942, 0.25072360038757324, 0.5763685703277588]
[0.43738415837287903, 0.5719547271728516, 0.43069174885749817, 0.28993654251098633, 0.5091231465339661]
[0.5014699697494507, 0.5809504985809326, 0.43170008063316345, 0.265339732170105, 0.5266770720481873]
[0.5053513646125793, 0.5342774987220764, 0.42714402079582214, 0.3082617521286011, 0.5273178815841675]
[0.47700294852256775, 0.591952383518219, 0.4272235631942749, 0.2793278396129608, 0.5232466459274292]
[0.4020405411720276, 0.5664276480674744, 0.4392944276332855, 0.2833927571773529, 0.4751105010509491]
[0.4574069678783417, 0.561851441860199, 0.43882399797439575, 0.3036293685436249, 0.4955045282840729]
[0.40884163975715637, 0.5724865198135376, 0.4508785605430603, 0.2993389368057251, 0.47484102845191956]
[0.4551995098590851, 0.5922648310661316, 0.4540148973464966, 0.29140207171440125, 0.4736001789569855]
[0.559596061706543, 0.5464423298835754, 0.40891051292419434, 0.28615590929985046, 0.5659356117248535]
[0.46039995551109314, 0.5898824334144592, 0.44602033495903015, 0.2952153980731964, 0.5044002532958984]
[0.49245306849479675, 0.5492814183235168, 0.4339119493961334, 0.2936801016330719, 0.5043609142303467]
[0.5352473258972168, 0.5033374428749084, 0.4995706081390381, 0.4228052794933319, 0.5350623726844788]
[0.48478907346725464, 0.5684967041015625, 0.41059577465057373, 0.2925597131252289, 0.5423133373260498]
[0.4914485514163971, 0.5242588520050049, 0.4827576279640198, 0.43342339992523193, 0.5250034928321838]
[0.5778462886810303, 0.5899949073791504, 0.4071887731552124, 0.25471213459968567, 0.5716103315353394]
[0.5098550319671631, 0.5778510570526123, 0.4204000234603882, 0.2899104952812195, 0.521992564201355]
[0.5091460943222046, 0.5653031468391418, 0.4197984039783478, 0.29290762543678284, 0.5129581689834595]
[0.45887482166290283, 0.5604085922241211, 0.4496930241584778, 0.2935120761394501, 0.5155100226402283]
[0.5147384405136108, 0.581095278263092, 0.3989173471927643, 0.2703583240509033, 0.5521993637084961]
[0.4921349287033081, 0.578849732875824, 0.42225393652915955, 0.2768736183643341, 0.5308970212936401]
[0.5089025497436523, 0.5569100379943848, 0.4518197178840637, 0.28285542130470276, 0.5092896223068237]
[0.3922727704048157, 0.5622841119766235, 0.44826599955558777, 0.3083266615867615, 0.4488743245601654]
[0.5138077139854431, 0.49304571747779846, 0.4691840410232544, 0.33239004015922546, 0.5205559134483337]
[0.5248846411705017, 0.6029459834098816, 0.41297510266304016, 0.2651423215866089, 0.5415452122688293]
[0.47087594866752625, 0.5876999497413635, 0.433899462223053, 0.2689688503742218, 0.5200455784797668]
[0.49419650435447693, 0.580300509929657, 0.4208545386791229, 0.2709132432937622, 0.5265904068946838]
[0.3601253628730774, 0.5588699579238892, 0.4370354115962982, 0.2802875339984894, 0.4537184536457062]
[0.5325873494148254, 0.5880876183509827, 0.42129048705101013, 0.2533036768436432, 0.5475322008132935]
[0.4919798672199249, 0.5748646259307861, 0.4381832480430603, 0.283725380897522, 0.49894264340400696]
[0.4307834506034851, 0.5495678186416626, 0.43881139159202576, 0.3349960446357727, 0.4610467255115509]
[0.47422274947166443, 0.5719900727272034, 0.4298805892467499, 0.30515721440315247, 0.5238608121871948]
[0.5132670402526855, 0.5934965014457703, 0.4420536458492279, 0.27757078409194946, 0.5219869613647461]
[0.45687490701675415, 0.5688250660896301, 0.45417851209640503, 0.3062162697315216, 0.5176819562911987]
[0.5380034446716309, 0.5759488344192505, 0.4281512498855591, 0.28840208053588867, 0.5496025681495667]
[0.36376360058784485, 0.5573989152908325, 0.48465418815612793, 0.3519766628742218, 0.45258671045303345]
[0.5366919636726379, 0.5469314455986023, 0.45226672291755676, 0.3008630573749542, 0.5190111994743347]
[0.5132670402526855, 0.5934965014457703, 0.4420536458492279, 0.27757078409194946, 0.5219869613647461]
[0.4487622082233429, 0.5716210603713989, 0.4600348174571991, 0.3031274080276489, 0.45275557041168213]
[0.5134223699569702, 0.5644267201423645, 0.45700159668922424, 0.31825849413871765, 0.5365307927131653]
[0.4064704179763794, 0.5828936696052551, 0.4510383605957031, 0.2811925709247589, 0.4794014096260071]
[0.41697898507118225, 0.5329182744026184, 0.4323347210884094, 0.26478737592697144, 0.4671979248523712]
[0.5080776810646057, 0.5531684160232544, 0.43993663787841797, 0.3490963876247406, 0.5344830751419067]
[0.5071521401405334, 0.5625048875808716, 0.4514840543270111, 0.32601529359817505, 0.5304103493690491]
[0.40796947479248047, 0.5574575066566467, 0.4432666599750519, 0.32714328169822693, 0.4549604058265686]
[0.49326878786087036, 0.5631389021873474, 0.43336400389671326, 0.29859450459480286, 0.5333240628242493]
