1
红十字会，必须做出解释！
[0.49885979294776917, 0.5723425149917603, 0.44087865948677063, 0.292044997215271, 0.5000487565994263]
[0.47562673687934875, 0.5717602372169495, 0.43458813428878784, 0.29212623834609985, 0.5197374224662781]
[0.4524078667163849, 0.5966178178787231, 0.4397065043449402, 0.27037182450294495, 0.48680737614631653]
[0.43860507011413574, 0.5634506940841675, 0.46963274478912354, 0.31313443183898926, 0.496921181678772]
[0.48387449979782104, 0.5818397998809814, 0.4259311258792877, 0.3010976016521454, 0.49415329098701477]
[0.5691822171211243, 0.5463329553604126, 0.4572124183177948, 0.30060288310050964, 0.5628966093063354]
[0.480115681886673, 0.5632233023643494, 0.4492996633052826, 0.3009888529777527, 0.5208533406257629]
[0.5247653126716614, 0.5684136152267456, 0.4215739071369171, 0.29476115107536316, 0.5383175611495972]
[0.504109799861908, 0.5251928567886353, 0.44545361399650574, 0.33915597200393677, 0.5188840627670288]
[0.4982060492038727, 0.5948441624641418, 0.43895256519317627, 0.2805338203907013, 0.510705828666687]
[0.46853137016296387, 0.5875926613807678, 0.4446885287761688, 0.2846376895904541, 0.49482572078704834]
[0.5149223208427429, 0.5453459620475769, 0.43048524856567383, 0.29955196380615234, 0.4975098967552185]
[0.5045216679573059, 0.5722892880439758, 0.46389952301979065, 0.3201589584350586, 0.5323529243469238]
[0.3072885572910309, 0.5462142825126648, 0.45011675357818604, 0.3187411427497864, 0.437751442193985]
[0.3735016882419586, 0.52308189868927, 0.4511893391609192, 0.3422011733055115, 0.42517200112342834]
[0.46598002314567566, 0.5597622990608215, 0.4355453550815582, 0.31617963314056396, 0.5066946148872375]
[0.5586510300636292, 0.5525962114334106, 0.407741904258728, 0.31009411811828613, 0.5253654718399048]
[0.4792090952396393, 0.5357710719108582, 0.4655940532684326, 0.31093746423721313, 0.5235915184020996]
[0.44729405641555786, 0.5162622332572937, 0.49944570660591125, 0.4155093729496002, 0.5099099278450012]
[0.50374436378479, 0.5114641785621643, 0.46861082315444946, 0.4199730157852173, 0.4900190234184265]
[0.557749330997467, 0.5602818131446838, 0.46488839387893677, 0.3561156988143921, 0.5387046337127686]
[0.5451405048370361, 0.5799071192741394, 0.4316512644290924, 0.266661137342453, 0.5196403861045837]
[0.32591161131858826, 0.5267884135246277, 0.4799403250217438, 0.37232330441474915, 0.4459899067878723]
[0.47555577754974365, 0.5422719717025757, 0.4517805576324463, 0.3519299030303955, 0.4994456470012665]
[0.48018312454223633, 0.549188494682312, 0.4670769274234772, 0.3646669387817383, 0.5316612124443054]
[0.44167351722717285, 0.5533069372177124, 0.4417164921760559, 0.29441553354263306, 0.4991016983985901]
[0.3616941273212433, 0.5609371662139893, 0.4425567388534546, 0.3047291338443756, 0.44835665822029114]
[0.5705830454826355, 0.5818283557891846, 0.3936227560043335, 0.2592034935951233, 0.5837005376815796]
[0.47801142930984497, 0.5422405004501343, 0.47784656286239624, 0.33954089879989624, 0.5273135900497437]
[0.4485900104045868, 0.5783160924911499, 0.4512971341609955, 0.30540069937705994, 0.4591410458087921]
[0.5540975332260132, 0.5652841925621033, 0.4213551878929138, 0.28110966086387634, 0.5489481091499329]
[0.4662485122680664, 0.5325503349304199, 0.4292193353176117, 0.3255314826965332, 0.520363450050354]
[0.5564673542976379, 0.5206732153892517, 0.42676079273223877, 0.34671154618263245, 0.5886445045471191]
[0.5375479459762573, 0.5940473675727844, 0.43487873673439026, 0.2563377618789673, 0.5491749048233032]
[0.5881621241569519, 0.5862295627593994, 0.3812243640422821, 0.22770078480243683, 0.5667207837104797]
[0.5126127600669861, 0.5947902202606201, 0.4186301529407501, 0.2623601257801056, 0.5282232761383057]
[0.532743513584137, 0.5925197005271912, 0.42096295952796936, 0.2571699917316437, 0.5376510620117188]
[0.49139201641082764, 0.5448963642120361, 0.4513185918331146, 0.32242828607559204, 0.5172604918479919]
[0.55463045835495, 0.5841764211654663, 0.4032229483127594, 0.25088566541671753, 0.5732347369194031]
[0.43738415837287903, 0.5719547271728516, 0.43069174885749817, 0.28993654251098633, 0.5091231465339661]
[0.5090926289558411, 0.6018798351287842, 0.4406072199344635, 0.2831183969974518, 0.5262677669525146]
[0.4014793038368225, 0.569558322429657, 0.458955854177475, 0.29885298013687134, 0.46587464213371277]
[0.42565473914146423, 0.5788054466247559, 0.4353775978088379, 0.2885618805885315, 0.49178120493888855]
[0.527413010597229, 0.5222226977348328, 0.4380575716495514, 0.3030012249946594, 0.543449878692627]
[0.4799604117870331, 0.5537006258964539, 0.446723997592926, 0.2809860110282898, 0.49971264600753784]
[0.5084554553031921, 0.5740274786949158, 0.44029611349105835, 0.3140462636947632, 0.5302139520645142]
