1
我们曾经看过的超人迪加奥特曼已经死了 ！！！ 男主角长野博在2013年4月25日长野博出车祸去世。享年40岁。
[0.5019949078559875, 0.5325082540512085, 0.5232235789299011, 0.3885030746459961, 0.5319176316261292]
[0.4113008379936218, 0.5874296426773071, 0.4493573307991028, 0.29271313548088074, 0.4850918650627136]
[0.5764473080635071, 0.5883275866508484, 0.4144485592842102, 0.26689720153808594, 0.5601881742477417]
[0.4520260989665985, 0.5927117466926575, 0.4509981870651245, 0.27461570501327515, 0.5131053924560547]
[0.47772932052612305, 0.5759223699569702, 0.43720629811286926, 0.30228713154792786, 0.5182249546051025]
[0.5369462966918945, 0.5694273114204407, 0.44032856822013855, 0.30773383378982544, 0.5010155439376831]
[0.48303693532943726, 0.5781940817832947, 0.446503609418869, 0.29510924220085144, 0.5023401975631714]
[0.5254976153373718, 0.5632777810096741, 0.4269983470439911, 0.27438730001449585, 0.49212944507598877]
[0.5241818428039551, 0.5428935885429382, 0.44539695978164673, 0.3357405662536621, 0.5353472828865051]
[0.5585786700248718, 0.5666225552558899, 0.40928295254707336, 0.27090248465538025, 0.5530167818069458]
[0.4297640919685364, 0.5622831583023071, 0.4466482400894165, 0.31099721789360046, 0.44785165786743164]
[0.5277148485183716, 0.5683480501174927, 0.44825470447540283, 0.3102540373802185, 0.5514549612998962]
[0.4913419187068939, 0.5689353942871094, 0.4525238275527954, 0.27491480112075806, 0.5228589177131653]
[0.49807965755462646, 0.5596924424171448, 0.4403989911079407, 0.3106997609138489, 0.5176649689674377]
[0.5119463205337524, 0.5450525879859924, 0.44661515951156616, 0.3145275413990021, 0.5185950994491577]
[0.5898669958114624, 0.5359623432159424, 0.4053851366043091, 0.25532057881355286, 0.5776949524879456]
[0.4317234754562378, 0.5598273873329163, 0.4309925138950348, 0.29436951875686646, 0.4930969774723053]
[0.5431017875671387, 0.5520259737968445, 0.44672858715057373, 0.33059224486351013, 0.5325804948806763]
[0.5480636954307556, 0.5839349627494812, 0.4096861779689789, 0.29035577178001404, 0.552192211151123]
[0.5496413707733154, 0.563968300819397, 0.4423691928386688, 0.27877077460289, 0.5671676993370056]
[0.500377893447876, 0.5756695866584778, 0.4249354302883148, 0.2571798264980316, 0.5350930690765381]
[0.4366488754749298, 0.5793625712394714, 0.44044944643974304, 0.322752982378006, 0.4690849781036377]
[0.4729396402835846, 0.5501000881195068, 0.4507107138633728, 0.32920798659324646, 0.4672411382198334]
[0.46780383586883545, 0.5728155970573425, 0.4318225085735321, 0.2748638689517975, 0.49916988611221313]
[0.5197698473930359, 0.5749017000198364, 0.4240895211696625, 0.277471661567688, 0.5157871842384338]
[0.5281635522842407, 0.5419467091560364, 0.44183504581451416, 0.31460118293762207, 0.5330193042755127]
[0.5410119891166687, 0.5692079663276672, 0.4256749153137207, 0.27360209822654724, 0.5223697423934937]
[0.5040544867515564, 0.591483473777771, 0.436153769493103, 0.27451419830322266, 0.546052873134613]
[0.35097044706344604, 0.5345576405525208, 0.5902257561683655, 0.5776069164276123, 0.4531303346157074]
[0.534540057182312, 0.5928565859794617, 0.4151034355163574, 0.2759712338447571, 0.5561789274215698]
[0.48838698863983154, 0.5446488857269287, 0.46526050567626953, 0.340343177318573, 0.5008314251899719]
[0.48108261823654175, 0.5545884966850281, 0.43498656153678894, 0.324019193649292, 0.4942120909690857]
[0.5218187570571899, 0.5690664649009705, 0.44078946113586426, 0.3040887117385864, 0.5318784117698669]
[0.4801439344882965, 0.5975691080093384, 0.44354385137557983, 0.2793176770210266, 0.49765169620513916]
[0.4487769603729248, 0.5794314742088318, 0.40695130825042725, 0.27778324484825134, 0.5118995904922485]
[0.5077623724937439, 0.5677264332771301, 0.4364911913871765, 0.29991573095321655, 0.5068921446800232]
[0.5491695404052734, 0.56077641248703, 0.40388914942741394, 0.2733366787433624, 0.5457899570465088]
[0.49689981341362, 0.574522078037262, 0.4324667751789093, 0.27415731549263, 0.5135788321495056]
[0.5523629784584045, 0.5635871291160583, 0.42108145356178284, 0.27696481347084045, 0.5703427195549011]
[0.5059918761253357, 0.5658369660377502, 0.4255409240722656, 0.31462782621383667, 0.5128501057624817]
[0.5231544971466064, 0.5746205449104309, 0.4364670217037201, 0.2784336805343628, 0.5341336131095886]
[0.47704383730888367, 0.5524482131004333, 0.4603285789489746, 0.32363349199295044, 0.4916251599788666]
[0.5172696709632874, 0.573900580406189, 0.4253542125225067, 0.26069197058677673, 0.5415317416191101]
[0.44627508521080017, 0.5452013611793518, 0.48874062299728394, 0.3223961591720581, 0.4755794107913971]
[0.5284303426742554, 0.5986411571502686, 0.40530461072921753, 0.2584414482116699, 0.5318896770477295]
[0.4469088613986969, 0.5857508182525635, 0.4181983172893524, 0.26485735177993774, 0.5117712616920471]
[0.5280486345291138, 0.5816282629966736, 0.42709818482398987, 0.2687886655330658, 0.5454735159873962]
[0.5105099678039551, 0.5728846192359924, 0.42072150111198425, 0.28177720308303833, 0.506144642829895]
[0.5173964500427246, 0.5816425085067749, 0.4231061637401581, 0.28330597281455994, 0.5432304739952087]
[0.48313313722610474, 0.5820305943489075, 0.4502090811729431, 0.2996633052825928, 0.5295380353927612]
[0.4379290044307709, 0.5857341885566711, 0.4510009288787842, 0.3114069402217865, 0.482682466506958]
[0.5129325985908508, 0.5434535145759583, 0.4532965123653412, 0.312208354473114, 0.5505699515342712]
[0.5466910004615784, 0.5470064282417297, 0.43394720554351807, 0.30400916934013367, 0.5660268664360046]
[0.5436465740203857, 0.5671603083610535, 0.4335181713104248, 0.280326783657074, 0.5673862099647522]
[0.5424140095710754, 0.5755472183227539, 0.4305816888809204, 0.3022303581237793, 0.5353456139564514]
[0.4929075241088867, 0.5726436972618103, 0.42933356761932373, 0.27757078409194946, 0.5549396276473999]
[0.5323227047920227, 0.5778774619102478, 0.42354369163513184, 0.29744940996170044, 0.5354816317558289]
[0.5314368605613708, 0.5579918026924133, 0.45060381293296814, 0.29998648166656494, 0.5594884753227234]
[0.47137635946273804, 0.5742456316947937, 0.41731688380241394, 0.2618834376335144, 0.5513635873794556]
[0.503118097782135, 0.556208074092865, 0.4275589883327484, 0.2805613875389099, 0.5120964646339417]
[0.49906572699546814, 0.5618973970413208, 0.4348396360874176, 0.3286852538585663, 0.5319737792015076]
[0.5130782127380371, 0.5411875247955322, 0.45977431535720825, 0.32548633217811584, 0.5268129110336304]
[0.5320372581481934, 0.5550767183303833, 0.4620344638824463, 0.30199646949768066, 0.5163995623588562]
[0.5425907969474792, 0.5737998485565186, 0.4350891411304474, 0.2877475321292877, 0.5327448844909668]
[0.43520036339759827, 0.5427736043930054, 0.4500139355659485, 0.3077712953090668, 0.4852167069911957]
[0.5267148613929749, 0.5553881525993347, 0.4438678026199341, 0.32145652174949646, 0.5264983773231506]
[0.46780383586883545, 0.5728155970573425, 0.4318225085735321, 0.2748638689517975, 0.49916988611221313]
[0.39875227212905884, 0.5410903096199036, 0.46348926424980164, 0.3646455705165863, 0.45771387219429016]
[0.4272163212299347, 0.578639805316925, 0.4649880826473236, 0.29797032475471497, 0.4680140018463135]
[0.4913741648197174, 0.5610483288764954, 0.46123433113098145, 0.31564614176750183, 0.49438104033470154]
[0.5042169094085693, 0.5397130846977234, 0.4469410479068756, 0.30655792355537415, 0.49702000617980957]
[0.516635000705719, 0.5869800448417664, 0.41916289925575256, 0.2839234173297882, 0.5531395077705383]
[0.5341309905052185, 0.5783789753913879, 0.4676503837108612, 0.3050990104675293, 0.5368863344192505]
[0.5325309634208679, 0.5411040782928467, 0.4381973445415497, 0.3330610394477844, 0.5266817212104797]
[0.4058811068534851, 0.5032792091369629, 0.48386383056640625, 0.38306090235710144, 0.4491937458515167]
[0.5546799302101135, 0.5628030896186829, 0.41679656505584717, 0.2781522870063782, 0.5702947378158569]
[0.4648183286190033, 0.5752787590026855, 0.4606727361679077, 0.30974850058555603, 0.5186130404472351]
[0.46592050790786743, 0.5795283317565918, 0.44273555278778076, 0.29129788279533386, 0.4932370185852051]
[0.5462936162948608, 0.584064245223999, 0.41167181730270386, 0.26087242364883423, 0.581999659538269]
[0.4911835789680481, 0.5650721788406372, 0.4695068895816803, 0.349702388048172, 0.5137550830841064]
[0.436075359582901, 0.5660032033920288, 0.46206697821617126, 0.3000454008579254, 0.4744798243045807]
[0.5562955737113953, 0.5782477855682373, 0.4241175353527069, 0.27214130759239197, 0.5323220491409302]
[0.474362313747406, 0.5448950529098511, 0.4291715621948242, 0.28040406107902527, 0.4975634217262268]
[0.4712965786457062, 0.5635526776313782, 0.44114550948143005, 0.28843528032302856, 0.4920210838317871]
[0.4949619472026825, 0.5504018068313599, 0.4286879897117615, 0.3086825907230377, 0.5140395760536194]
[0.5433797240257263, 0.5853601694107056, 0.4269571304321289, 0.26041683554649353, 0.5370150804519653]
[0.43432047963142395, 0.5597660541534424, 0.4401026964187622, 0.3050931990146637, 0.46258148550987244]
[0.5939363837242126, 0.560173749923706, 0.42500039935112, 0.274844765663147, 0.5857668519020081]
[0.5156056880950928, 0.5891876220703125, 0.43629884719848633, 0.2911931276321411, 0.4964693486690521]
[0.5194889903068542, 0.5488804578781128, 0.43981027603149414, 0.3074464499950409, 0.5136858224868774]
[0.5545139312744141, 0.536355197429657, 0.4371805489063263, 0.30102530121803284, 0.5501464605331421]
[0.5119550824165344, 0.569075882434845, 0.4291037619113922, 0.27207010984420776, 0.5449720025062561]
[0.5214297771453857, 0.577392578125, 0.4302964210510254, 0.2941586673259735, 0.5183625221252441]
[0.4622216820716858, 0.5418893694877625, 0.4401499330997467, 0.36241328716278076, 0.4970235228538513]
[0.5417515635490417, 0.5826703906059265, 0.41409796476364136, 0.25831058621406555, 0.5444175601005554]
[0.519137978553772, 0.585263729095459, 0.4372938573360443, 0.29059305787086487, 0.5483559966087341]
[0.5504270195960999, 0.5657002925872803, 0.4359905421733856, 0.2968135178089142, 0.5497474074363708]
[0.3649933338165283, 0.5679571032524109, 0.46854737401008606, 0.3012046813964844, 0.4366567134857178]
[0.42455431818962097, 0.5557237267494202, 0.46545228362083435, 0.3291291892528534, 0.46147146821022034]
[0.4996945858001709, 0.5552959442138672, 0.45108386874198914, 0.31629815697669983, 0.49615031480789185]
[0.5670620799064636, 0.578117311000824, 0.41971859335899353, 0.26864054799079895, 0.5639766454696655]
