1
【谁的青春里没个诺基亚？】08年汶川地震，诺基亚捐5000万，苹果40万，三星一分没有；13年雅安地震，苹果捐5000万，三星捐6000万，诺基亚捐100万和4000部手机……诺基亚2013年一季财报净亏损1.5亿欧元…”看到这些，小编也有些不好受，谁的青春里没个诺基亚？！「重庆商报」
[0.5364149212837219, 0.5171153545379639, 0.4586694836616516, 0.3006170392036438, 0.5218647718429565]
[0.549691379070282, 0.5871497988700867, 0.4130420386791229, 0.26551756262779236, 0.5281603336334229]
[0.36914458870887756, 0.5587566494941711, 0.446248322725296, 0.3089417517185211, 0.4254244565963745]
[0.5789651274681091, 0.571595311164856, 0.4032285809516907, 0.24760465323925018, 0.5585728287696838]
[0.493759423494339, 0.5774041414260864, 0.45317137241363525, 0.3092178702354431, 0.5099419355392456]
[0.581464409828186, 0.5397868156433105, 0.4132099449634552, 0.292316734790802, 0.5968743562698364]
[0.4865771234035492, 0.5577594041824341, 0.4496482014656067, 0.31279247999191284, 0.5019551515579224]
[0.41947993636131287, 0.5539156198501587, 0.47398433089256287, 0.33489397168159485, 0.47699859738349915]
[0.5149075388908386, 0.5810822248458862, 0.40790441632270813, 0.2415623962879181, 0.5283783674240112]
[0.5575546622276306, 0.5612717866897583, 0.4167364537715912, 0.3083358705043793, 0.5539172291755676]
[0.48166364431381226, 0.5709443092346191, 0.4525282680988312, 0.30439430475234985, 0.5441356897354126]
[0.4947901666164398, 0.5619550347328186, 0.4395570158958435, 0.30557289719581604, 0.5112401843070984]
[0.48434627056121826, 0.5761185884475708, 0.42979952692985535, 0.27446267008781433, 0.5159497261047363]
[0.4791191518306732, 0.5569408535957336, 0.4462704062461853, 0.3073049485683441, 0.4900681972503662]
[0.5223463773727417, 0.5655349493026733, 0.4074702560901642, 0.2864353358745575, 0.5298394560813904]
[0.5068835616111755, 0.5508956909179688, 0.44167888164520264, 0.3071574568748474, 0.5183917880058289]
[0.5290705561637878, 0.5692833662033081, 0.4292856454849243, 0.27862152457237244, 0.5538868308067322]
[0.45802855491638184, 0.5373023748397827, 0.45524874329566956, 0.3032001554965973, 0.5048920512199402]
[0.44730493426322937, 0.5390711426734924, 0.47275739908218384, 0.3651324212551117, 0.480955570936203]
[0.49202829599380493, 0.5441733598709106, 0.46065753698349, 0.31641119718551636, 0.49602967500686646]
[0.4467568099498749, 0.5687612295150757, 0.46559765934944153, 0.30132099986076355, 0.5005860924720764]
[0.5759864449501038, 0.5528760552406311, 0.4204657971858978, 0.26574939489364624, 0.589265763759613]
[0.48268014192581177, 0.5506044626235962, 0.4483199715614319, 0.30451861023902893, 0.4919426441192627]
[0.4280717670917511, 0.5692645311355591, 0.4407545328140259, 0.2961277365684509, 0.46957406401634216]
[0.4919836223125458, 0.5852521061897278, 0.4551742374897003, 0.32964015007019043, 0.4954521954059601]
[0.48940709233283997, 0.5689107775688171, 0.4505632519721985, 0.3225058615207672, 0.4948592185974121]
[0.3616890609264374, 0.5476367473602295, 0.45356684923171997, 0.25656554102897644, 0.43413740396499634]
[0.46452951431274414, 0.5491090416908264, 0.46865370869636536, 0.31983187794685364, 0.48264214396476746]
[0.47627025842666626, 0.5407866835594177, 0.4401416480541229, 0.29177457094192505, 0.4959622323513031]
[0.5434221029281616, 0.5872843265533447, 0.3977856934070587, 0.2655016779899597, 0.54402095079422]
[0.5393276810646057, 0.5977734923362732, 0.4238417446613312, 0.25274720788002014, 0.5538996458053589]
[0.4772934913635254, 0.5738072991371155, 0.4300157427787781, 0.28811463713645935, 0.5105394124984741]
[0.5589655637741089, 0.5580434203147888, 0.4268953502178192, 0.2865750193595886, 0.5323342084884644]
[0.4865771234035492, 0.5577594041824341, 0.4496482014656067, 0.31279247999191284, 0.5019551515579224]
[0.5008837580680847, 0.5664218068122864, 0.4327630400657654, 0.30959171056747437, 0.5025759935379028]
[0.42312389612197876, 0.5479297637939453, 0.4411749541759491, 0.36589714884757996, 0.4820895493030548]
[0.5024789571762085, 0.5572786331176758, 0.4283519387245178, 0.3071570098400116, 0.5150324702262878]
[0.5054709911346436, 0.5494717955589294, 0.42082569003105164, 0.2830561399459839, 0.5119245648384094]
[0.5217891931533813, 0.5851165652275085, 0.43435370922088623, 0.3072150945663452, 0.528086245059967]
[0.5173904299736023, 0.5722856521606445, 0.41429945826530457, 0.2919548451900482, 0.5153425931930542]
[0.5153710246086121, 0.5665350556373596, 0.40961745381355286, 0.26078686118125916, 0.5256853103637695]
[0.4321978688240051, 0.5475982427597046, 0.46534794569015503, 0.34733015298843384, 0.49129876494407654]
[0.4611645042896271, 0.5784626007080078, 0.432126522064209, 0.3012101352214813, 0.5087530016899109]
[0.3993048071861267, 0.5431128144264221, 0.4768446981906891, 0.35105741024017334, 0.45800548791885376]
[0.5022967457771301, 0.5653828978538513, 0.4272097945213318, 0.24687090516090393, 0.5657138824462891]
[0.37880292534828186, 0.5448855757713318, 0.4885210394859314, 0.38878554105758667, 0.46210816502571106]
[0.47518089413642883, 0.5844701528549194, 0.4386751353740692, 0.2857070863246918, 0.5236069560050964]
[0.48572584986686707, 0.5784580111503601, 0.4351288974285126, 0.3151542544364929, 0.5344460010528564]
[0.5251994132995605, 0.5891821384429932, 0.4131585359573364, 0.2947598993778229, 0.5625620484352112]
[0.5081718564033508, 0.580329418182373, 0.4235948920249939, 0.2884973883628845, 0.5110995769500732]
[0.4105297327041626, 0.5608363747596741, 0.4587329030036926, 0.35051119327545166, 0.4380662739276886]
[0.49311962723731995, 0.5625985860824585, 0.43796607851982117, 0.30011454224586487, 0.4856675863265991]
[0.4756315052509308, 0.5457010865211487, 0.49517107009887695, 0.36050838232040405, 0.5140268206596375]
[0.44394204020500183, 0.5436450839042664, 0.46580857038497925, 0.33440473675727844, 0.49031001329421997]
[0.30755814909935, 0.5364001989364624, 0.49166619777679443, 0.4103091061115265, 0.41724535822868347]
[0.5150014758110046, 0.5793920755386353, 0.43517982959747314, 0.28287646174430847, 0.548334002494812]
[0.5411978363990784, 0.5540944337844849, 0.4131864905357361, 0.2743666172027588, 0.530319333076477]
[0.4834338426589966, 0.5564859509468079, 0.42871275544166565, 0.29198405146598816, 0.5115789771080017]
[0.5061331987380981, 0.5756192207336426, 0.4311986267566681, 0.29202428460121155, 0.5127617716789246]
[0.5111004114151001, 0.5790486931800842, 0.4239431917667389, 0.2751512825489044, 0.5088553428649902]
[0.4943728744983673, 0.5766223073005676, 0.40676653385162354, 0.24540510773658752, 0.5171979069709778]
[0.5477359890937805, 0.5487431287765503, 0.43211638927459717, 0.30644166469573975, 0.5399345755577087]
[0.512732207775116, 0.579735517501831, 0.44098958373069763, 0.2722317576408386, 0.5290191769599915]
[0.3488066792488098, 0.5472260117530823, 0.4893219769001007, 0.382487952709198, 0.4457118511199951]
[0.44482219219207764, 0.5631612539291382, 0.43905484676361084, 0.28344571590423584, 0.496482253074646]
[0.4907377362251282, 0.535732626914978, 0.47946327924728394, 0.37938740849494934, 0.46718829870224]
[0.4888705611228943, 0.5163879990577698, 0.467128723859787, 0.3487642705440521, 0.4773789048194885]
[0.5604598522186279, 0.5825155377388, 0.40153899788856506, 0.24891500174999237, 0.576511025428772]
[0.5317187905311584, 0.5823001861572266, 0.41987138986587524, 0.2869524657726288, 0.5248544216156006]
[0.4925296902656555, 0.5726666450500488, 0.42772361636161804, 0.2673814594745636, 0.5276998281478882]
[0.503911554813385, 0.5965122580528259, 0.4164451062679291, 0.2688538134098053, 0.5484476089477539]
[0.3745836019515991, 0.5468250513076782, 0.470852255821228, 0.31054434180259705, 0.46754905581474304]
[0.5386280417442322, 0.5904618501663208, 0.4133734107017517, 0.2655166685581207, 0.5378082990646362]
[0.435634970664978, 0.5819958448410034, 0.451397180557251, 0.29953673481941223, 0.5144122838973999]
[0.5477359890937805, 0.5487431287765503, 0.43211638927459717, 0.30644166469573975, 0.5399345755577087]
[0.5132888555526733, 0.5400469899177551, 0.4597426652908325, 0.35328736901283264, 0.5427876114845276]
[0.5264127850532532, 0.5591903924942017, 0.4293239116668701, 0.2984611392021179, 0.5437679290771484]
[0.5163829326629639, 0.5678097009658813, 0.4386865496635437, 0.3118008077144623, 0.5255677700042725]
[0.5061331987380981, 0.5756192207336426, 0.4311986267566681, 0.29202428460121155, 0.5127617716789246]
[0.5606805086135864, 0.581872284412384, 0.4016381502151489, 0.24889259040355682, 0.5764707922935486]
[0.5085563659667969, 0.5781126618385315, 0.4461519718170166, 0.2760344445705414, 0.537102460861206]
[0.43585458397865295, 0.5343071818351746, 0.46791332960128784, 0.34061893820762634, 0.454455703496933]
[0.5604598522186279, 0.5825155377388, 0.40153899788856506, 0.24891500174999237, 0.576511025428772]
[0.5306317210197449, 0.6074514985084534, 0.4270767867565155, 0.2711300849914551, 0.5435031652450562]
[0.48508456349372864, 0.5628328919410706, 0.44011232256889343, 0.3092142939567566, 0.49431467056274414]
[0.4042614996433258, 0.5731564164161682, 0.43942880630493164, 0.3057454228401184, 0.4466087222099304]
[0.5156179070472717, 0.5580000877380371, 0.4239090085029602, 0.29837045073509216, 0.5376223921775818]
[0.4151950478553772, 0.547273576259613, 0.45598453283309937, 0.33050987124443054, 0.456900030374527]
[0.532654881477356, 0.5271953344345093, 0.4634614586830139, 0.32468000054359436, 0.48812273144721985]
[0.5061625242233276, 0.5569732189178467, 0.4303778409957886, 0.30672115087509155, 0.5048408508300781]
[0.5393779873847961, 0.5593087077140808, 0.4172969162464142, 0.263160765171051, 0.5298187136650085]
[0.458792507648468, 0.5715233087539673, 0.44137924909591675, 0.31123319268226624, 0.49670496582984924]
[0.5242591500282288, 0.5810578465461731, 0.3865088224411011, 0.2281867265701294, 0.5589125156402588]
[0.5068585872650146, 0.5741159319877625, 0.42864078283309937, 0.295459508895874, 0.4959762990474701]
[0.47797346115112305, 0.5244187712669373, 0.47382691502571106, 0.3586942255496979, 0.5187239050865173]
[0.4218924045562744, 0.548553466796875, 0.48061856627464294, 0.2824125289916992, 0.4799291789531708]
[0.5156351923942566, 0.5654227137565613, 0.456910103559494, 0.3110598027706146, 0.49581822752952576]
[0.49996960163116455, 0.5772821307182312, 0.42192184925079346, 0.27695131301879883, 0.5323721170425415]
[0.43775293231010437, 0.5467037558555603, 0.4745602607727051, 0.32944244146347046, 0.4743921458721161]
[0.36970239877700806, 0.5617291331291199, 0.45317527651786804, 0.30398643016815186, 0.47146114706993103]
[0.48364734649658203, 0.5893118381500244, 0.42983534932136536, 0.27996826171875, 0.5309252738952637]
