1
【地产开发商近百亿资金改造北京什刹海】
[0.5444177389144897, 0.5686677694320679, 0.4378613531589508, 0.3013198673725128, 0.5276835560798645]
[0.5928245186805725, 0.5596083998680115, 0.4028281569480896, 0.26352646946907043, 0.5806005597114563]
[0.5149213075637817, 0.5745115280151367, 0.4294396936893463, 0.2818833291530609, 0.5206738114356995]
[0.542790412902832, 0.5807949900627136, 0.42520952224731445, 0.2537274658679962, 0.5861121416091919]
[0.4903298318386078, 0.584388792514801, 0.43859636783599854, 0.30169129371643066, 0.508415937423706]
[0.581450879573822, 0.5967397093772888, 0.3958885371685028, 0.2533192038536072, 0.5828254222869873]
[0.5472456812858582, 0.5873971581459045, 0.4180702567100525, 0.27600523829460144, 0.5551758408546448]
[0.5347583293914795, 0.5840079188346863, 0.4140399396419525, 0.29142096638679504, 0.552305281162262]
[0.4020405411720276, 0.5664276480674744, 0.4392944276332855, 0.2833927571773529, 0.4751105010509491]
[0.5344025492668152, 0.5500368475914001, 0.4180954098701477, 0.28006237745285034, 0.5374310612678528]
[0.558896005153656, 0.5586442947387695, 0.4436877965927124, 0.3026931881904602, 0.5724385976791382]
[0.5393012166023254, 0.5989338755607605, 0.41916120052337646, 0.2801820635795593, 0.5420583486557007]
[0.43372195959091187, 0.5776039361953735, 0.4284563362598419, 0.27846717834472656, 0.47131162881851196]
[0.5121511220932007, 0.60237056016922, 0.4230426251888275, 0.27097228169441223, 0.5119544267654419]
[0.5554922223091125, 0.5974733233451843, 0.4066140055656433, 0.2504960000514984, 0.5628675818443298]
[0.5930423736572266, 0.5992424488067627, 0.393890380859375, 0.24545352160930634, 0.5732589960098267]
[0.4195871651172638, 0.5671690106391907, 0.457993745803833, 0.29300016164779663, 0.47514042258262634]
[0.43647363781929016, 0.5411264300346375, 0.44600242376327515, 0.3264883756637573, 0.46793317794799805]
[0.5381051898002625, 0.5939087271690369, 0.4086015522480011, 0.2783729135990143, 0.5313045382499695]
[0.3837003707885742, 0.5821986198425293, 0.46060922741889954, 0.304048091173172, 0.46726423501968384]
[0.40155723690986633, 0.5611138939857483, 0.44391506910324097, 0.2860320806503296, 0.45994502305984497]
[0.5053107738494873, 0.5776823163032532, 0.4257984757423401, 0.30305469036102295, 0.5255358219146729]
[0.5094510912895203, 0.5780436992645264, 0.4517640471458435, 0.29161131381988525, 0.5169363617897034]
[0.5579781532287598, 0.5953483581542969, 0.40106889605522156, 0.26370561122894287, 0.5576211214065552]
[0.4498993754386902, 0.5924889445304871, 0.44785770773887634, 0.29112181067466736, 0.4927842915058136]
[0.43372195959091187, 0.5776039361953735, 0.4284563362598419, 0.27846717834472656, 0.47131162881851196]
[0.48359230160713196, 0.5927678942680359, 0.43945881724357605, 0.2975825071334839, 0.5169289112091064]
[0.5724138617515564, 0.5896485447883606, 0.40518423914909363, 0.24994952976703644, 0.5787628293037415]
[0.5114064812660217, 0.5953277349472046, 0.41181325912475586, 0.2558935880661011, 0.5427741408348083]
[0.5371264219284058, 0.5600899457931519, 0.41782915592193604, 0.2863730490207672, 0.5417962670326233]
[0.43928033113479614, 0.5755216479301453, 0.43812182545661926, 0.28464990854263306, 0.4676651954650879]
[0.5036085844039917, 0.5778301954269409, 0.41239580512046814, 0.2901606559753418, 0.5087212324142456]
[0.5431721806526184, 0.5873593091964722, 0.4193274676799774, 0.2931883931159973, 0.5412582755088806]
[0.464319109916687, 0.5772286653518677, 0.4320443570613861, 0.3052678406238556, 0.511715829372406]
[0.5391624569892883, 0.5790917873382568, 0.4268307089805603, 0.27021324634552, 0.534077525138855]
[0.5026050209999084, 0.5810195207595825, 0.41663751006126404, 0.2871434986591339, 0.5381975173950195]
[0.5102291107177734, 0.5552758574485779, 0.4629738926887512, 0.34992313385009766, 0.5323507785797119]
[0.43372195959091187, 0.5776039361953735, 0.4284563362598419, 0.27846717834472656, 0.47131162881851196]
[0.41300153732299805, 0.5886620283126831, 0.42482367157936096, 0.25227564573287964, 0.48420870304107666]
[0.5653747320175171, 0.5958674550056458, 0.410073459148407, 0.2521335780620575, 0.5308053493499756]
[0.4788029193878174, 0.5357901453971863, 0.5331387519836426, 0.44450643658638, 0.5220438241958618]
[0.27132079005241394, 0.5124578475952148, 0.5192983746528625, 0.39215800166130066, 0.4405990242958069]
[0.45293280482292175, 0.5665517449378967, 0.4491436779499054, 0.31731346249580383, 0.5059478282928467]
[0.5577999353408813, 0.5813937783241272, 0.41363781690597534, 0.2544856667518616, 0.5601621270179749]
[0.4269879162311554, 0.5643128156661987, 0.4684346616268158, 0.3513258099555969, 0.4447406232357025]
[0.5256255269050598, 0.5967679619789124, 0.44639480113983154, 0.2654249668121338, 0.5372954607009888]
[0.4356112778186798, 0.5428964495658875, 0.4557805359363556, 0.2976740300655365, 0.4566028118133545]
[0.5709696412086487, 0.5720469951629639, 0.4068874418735504, 0.2536025643348694, 0.5737265348434448]
[0.5090997219085693, 0.5834872126579285, 0.45467355847358704, 0.2908596396446228, 0.5375929474830627]
[0.5553049445152283, 0.5744321942329407, 0.40065765380859375, 0.26963475346565247, 0.568234920501709]
[0.4865202307701111, 0.5177199840545654, 0.500795841217041, 0.3815215826034546, 0.4824979603290558]
[0.5123624801635742, 0.5385682582855225, 0.4714370667934418, 0.30980682373046875, 0.5035134553909302]
[0.46451491117477417, 0.5463661551475525, 0.44438886642456055, 0.3227482736110687, 0.4758462607860565]
[0.5228679180145264, 0.5782578587532043, 0.4455098807811737, 0.29529672861099243, 0.5456411838531494]
[0.5037965178489685, 0.6100276112556458, 0.43238240480422974, 0.2778478264808655, 0.5000494122505188]
[0.43379858136177063, 0.5452913045883179, 0.4675476849079132, 0.35691264271736145, 0.4414438009262085]
[0.40155723690986633, 0.5611138939857483, 0.44391506910324097, 0.2860320806503296, 0.45994502305984497]
[0.5763323307037354, 0.5678796172142029, 0.39552369713783264, 0.23935642838478088, 0.5428657531738281]
[0.5322632789611816, 0.591285765171051, 0.42170625925064087, 0.2895399332046509, 0.5303780436515808]
[0.49165409803390503, 0.5435190796852112, 0.4566735029220581, 0.36038869619369507, 0.5204463005065918]
[0.5767341256141663, 0.590904951095581, 0.4143024981021881, 0.2623233497142792, 0.5689191222190857]
[0.48616331815719604, 0.5640437602996826, 0.4692058265209198, 0.288189172744751, 0.5179545879364014]
[0.5272136330604553, 0.5725533962249756, 0.443578839302063, 0.2995944917201996, 0.5529178977012634]
[0.5179291367530823, 0.5438071489334106, 0.45992475748062134, 0.36083486676216125, 0.5108861327171326]
[0.5345423221588135, 0.5791209936141968, 0.4250841438770294, 0.29269957542419434, 0.5470674633979797]
[0.49295347929000854, 0.5513411164283752, 0.43828460574150085, 0.284994900226593, 0.5058518648147583]
[0.566178560256958, 0.5951936841011047, 0.41664397716522217, 0.2581547200679779, 0.5701490640640259]
[0.43372195959091187, 0.5776039361953735, 0.4284563362598419, 0.27846717834472656, 0.47131162881851196]
[0.46395808458328247, 0.5576947331428528, 0.48364681005477905, 0.304523766040802, 0.4294885993003845]
[0.5149213075637817, 0.5745115280151367, 0.4294396936893463, 0.2818833291530609, 0.5206738114356995]
[0.4506866931915283, 0.5864230394363403, 0.44597578048706055, 0.2806970477104187, 0.5037842392921448]
[0.5363548994064331, 0.542938768863678, 0.4463405907154083, 0.3387950360774994, 0.5502954721450806]
[0.4938652217388153, 0.5439037680625916, 0.46581754088401794, 0.3407663106918335, 0.5044069290161133]
[0.47543880343437195, 0.5748670101165771, 0.42775458097457886, 0.28345102071762085, 0.5168813467025757]
[0.460004597902298, 0.5759000182151794, 0.4411439597606659, 0.316066175699234, 0.5115577578544617]
[0.42278188467025757, 0.5350134372711182, 0.4543624818325043, 0.35377809405326843, 0.46056807041168213]
[0.5106437802314758, 0.5561133027076721, 0.4101904630661011, 0.29426467418670654, 0.5442932844161987]
[0.3961632549762726, 0.48150938749313354, 0.5291480422019958, 0.5621935725212097, 0.4456000328063965]
[0.5011050701141357, 0.5714505910873413, 0.44882041215896606, 0.2944202125072479, 0.5211564898490906]
[0.4634978175163269, 0.5824149250984192, 0.43568548560142517, 0.26685449481010437, 0.4995439648628235]
[0.5148745775222778, 0.5779720544815063, 0.47039347887039185, 0.3211507201194763, 0.536732017993927]
[0.4607101082801819, 0.5666051506996155, 0.44250747561454773, 0.31215816736221313, 0.489777535200119]
[0.5309220552444458, 0.5814141035079956, 0.41390591859817505, 0.2706671953201294, 0.5415667295455933]
[0.4498993754386902, 0.5924889445304871, 0.44785770773887634, 0.29112181067466736, 0.4927842915058136]
[0.5411682724952698, 0.5985032320022583, 0.4204472005367279, 0.27660292387008667, 0.5480135083198547]
[0.5384536981582642, 0.5419259071350098, 0.4231109023094177, 0.3057655990123749, 0.5262396335601807]
[0.46189993619918823, 0.5509302020072937, 0.4475647807121277, 0.3181604743003845, 0.5179083943367004]
[0.43481573462486267, 0.5732477307319641, 0.4225466847419739, 0.27547064423561096, 0.4805860221385956]
[0.43310773372650146, 0.5899198055267334, 0.4514964818954468, 0.3001900911331177, 0.47296327352523804]
[0.4700551927089691, 0.5318718552589417, 0.46224445104599, 0.34766337275505066, 0.5106146931648254]
[0.5002183318138123, 0.5840955376625061, 0.4268903136253357, 0.2889651954174042, 0.5259145498275757]
[0.5222557783126831, 0.5302456617355347, 0.4708283841609955, 0.3181059956550598, 0.5170333385467529]
[0.5975687503814697, 0.5666543245315552, 0.4257119596004486, 0.2789422869682312, 0.5897059440612793]
[0.49502116441726685, 0.5901798605918884, 0.43459728360176086, 0.2799341380596161, 0.5357047915458679]
[0.5192012190818787, 0.5727112889289856, 0.43224668502807617, 0.29941752552986145, 0.5304101705551147]
[0.480945885181427, 0.5661458373069763, 0.4277465343475342, 0.31054046750068665, 0.5066242814064026]
[0.42034921050071716, 0.5304169058799744, 0.5393216013908386, 0.41949909925460815, 0.4803749918937683]
[0.49890637397766113, 0.5759702920913696, 0.4447380304336548, 0.2803613245487213, 0.5044612288475037]
[0.4561510682106018, 0.5675318241119385, 0.4381568431854248, 0.29192039370536804, 0.5191779732704163]
[0.5397323966026306, 0.5986484289169312, 0.42316994071006775, 0.2700996696949005, 0.5608393549919128]
[0.5030221939086914, 0.5996184349060059, 0.4274052381515503, 0.2837989032268524, 0.5101644992828369]
