1
三亚交警开车、亮警灯！追骑摩托车三少年、结果三少年摩托车撞上卡车三个人加起来不到60岁、全部毙命！为了抓个摩托车罚200块钱、三亚交警罚钱警察不给票据、再一次站到了祖国人民眼前、请把此贴转起来！三家家长在市政府门口拉横幅抗议场景！
[0.49269354343414307, 0.5229329466819763, 0.4959140419960022, 0.3883928656578064, 0.4994281530380249]
[0.5220893025398254, 0.558495044708252, 0.4353902339935303, 0.3138829469680786, 0.5337415933609009]
[0.518901526927948, 0.513270378112793, 0.509508490562439, 0.36479291319847107, 0.5171014070510864]
[0.49112674593925476, 0.5566004514694214, 0.43606287240982056, 0.2949071228504181, 0.5265174508094788]
[0.5221902132034302, 0.5840011835098267, 0.42702215909957886, 0.28392818570137024, 0.5374372005462646]
[0.6148457527160645, 0.543211042881012, 0.4046439528465271, 0.24981682002544403, 0.6009904742240906]
[0.5002990365028381, 0.5592185258865356, 0.42778515815734863, 0.27547547221183777, 0.5352179408073425]
[0.5080553889274597, 0.5677996873855591, 0.4651092290878296, 0.3145274817943573, 0.521515429019928]
[0.4992128610610962, 0.5608160495758057, 0.45403337478637695, 0.30207452178001404, 0.5369822382926941]
[0.5463082790374756, 0.566413402557373, 0.4231126606464386, 0.30274030566215515, 0.5525140166282654]
[0.4904939532279968, 0.5411378145217896, 0.5096727609634399, 0.42189285159111023, 0.5374021530151367]
[0.5181618928909302, 0.5609663724899292, 0.447965145111084, 0.3062819242477417, 0.5338848233222961]
[0.5325873494148254, 0.5880876183509827, 0.42129048705101013, 0.2533036768436432, 0.5475322008132935]
[0.455849289894104, 0.5839226841926575, 0.43962594866752625, 0.27267733216285706, 0.5009387731552124]
[0.5325873494148254, 0.5880876183509827, 0.42129048705101013, 0.2533036768436432, 0.5475322008132935]
[0.46243786811828613, 0.5534387826919556, 0.4713510274887085, 0.31979677081108093, 0.48748332262039185]
[0.49819183349609375, 0.5695810914039612, 0.4092336595058441, 0.28381651639938354, 0.5330636501312256]
[0.532647430896759, 0.5919407606124878, 0.4257792830467224, 0.26528164744377136, 0.5340920090675354]
[0.5325873494148254, 0.5880876183509827, 0.42129048705101013, 0.2533036768436432, 0.5475322008132935]
[0.5799700021743774, 0.5728905200958252, 0.39739030599594116, 0.26887747645378113, 0.5644840002059937]
[0.5006987452507019, 0.5483781099319458, 0.4549366533756256, 0.3109482526779175, 0.5197252035140991]
[0.5325873494148254, 0.5880876183509827, 0.42129048705101013, 0.2533036768436432, 0.5475322008132935]
[0.5047698616981506, 0.5257871747016907, 0.4592058062553406, 0.29535484313964844, 0.5171298980712891]
[0.5105639100074768, 0.532182514667511, 0.449358195066452, 0.3346669375896454, 0.527381420135498]
[0.41155949234962463, 0.532880425453186, 0.5143170952796936, 0.38663366436958313, 0.49956730008125305]
[0.4039576053619385, 0.5256027579307556, 0.4955482482910156, 0.3913760185241699, 0.4534566402435303]
[0.42706891894340515, 0.5099427103996277, 0.5051177740097046, 0.40534883737564087, 0.46588584780693054]
[0.45118215680122375, 0.5191500186920166, 0.506465494632721, 0.38767051696777344, 0.47915178537368774]
[0.5012624263763428, 0.570733368396759, 0.4409593641757965, 0.30920320749282837, 0.503422200679779]
[0.5232629179954529, 0.5388725996017456, 0.4876393973827362, 0.3480929434299469, 0.5345954298973083]
[0.4972253441810608, 0.5258044004440308, 0.5008653402328491, 0.4116520583629608, 0.5080087780952454]
[0.4084669053554535, 0.5441128611564636, 0.5008499622344971, 0.35480228066444397, 0.46198874711990356]
[0.46158722043037415, 0.5395397543907166, 0.45159876346588135, 0.36881524324417114, 0.4964708685874939]
[0.45670607686042786, 0.5682903528213501, 0.47114914655685425, 0.34702879190444946, 0.5332723259925842]
[0.5632441639900208, 0.5541709661483765, 0.42214953899383545, 0.2956504821777344, 0.5655860304832458]
[0.4894316494464874, 0.5649190545082092, 0.4373423755168915, 0.28695785999298096, 0.5118868350982666]
[0.4534567892551422, 0.5250401496887207, 0.5372341871261597, 0.45336630940437317, 0.5103144645690918]
[0.5098140835762024, 0.5548240542411804, 0.4267342686653137, 0.2726918160915375, 0.5534633994102478]
[0.4890820384025574, 0.5553467273712158, 0.43248996138572693, 0.27644476294517517, 0.5374680757522583]
[0.5568330883979797, 0.5447450876235962, 0.43822425603866577, 0.2942825257778168, 0.5565581917762756]
[0.48733916878700256, 0.5739020109176636, 0.42586496472358704, 0.2761390507221222, 0.4984787106513977]
[0.4747428297996521, 0.5316065549850464, 0.4764193594455719, 0.3643167018890381, 0.5141850113868713]
[0.5334456562995911, 0.5412377715110779, 0.45910173654556274, 0.36267125606536865, 0.5372668504714966]
[0.46023795008659363, 0.5101104378700256, 0.45507389307022095, 0.3081725239753723, 0.5060657262802124]
[0.44761109352111816, 0.5278617143630981, 0.49071449041366577, 0.3876815438270569, 0.4969533383846283]
[0.49485963582992554, 0.5610751509666443, 0.4610063433647156, 0.32085907459259033, 0.5453859567642212]
[0.4509521424770355, 0.5419636964797974, 0.45637911558151245, 0.32178059220314026, 0.48759451508522034]
[0.4970254600048065, 0.5224629640579224, 0.4908755123615265, 0.37418439984321594, 0.5352275967597961]
[0.4776211977005005, 0.5370696783065796, 0.5092642307281494, 0.3797699809074402, 0.5237724781036377]
[0.5066514015197754, 0.5563279986381531, 0.45620197057724, 0.29574891924858093, 0.5140868425369263]
[0.47397342324256897, 0.5557562112808228, 0.4552813470363617, 0.34777411818504333, 0.49141067266464233]
[0.4891369044780731, 0.5058387517929077, 0.5222694873809814, 0.3731625974178314, 0.48059770464897156]
[0.5229801535606384, 0.5059583187103271, 0.497785747051239, 0.44256868958473206, 0.5671001076698303]
[0.5267061591148376, 0.585752546787262, 0.4324178993701935, 0.27468353509902954, 0.5343965888023376]
[0.4885999858379364, 0.5746562480926514, 0.4224192202091217, 0.2865663766860962, 0.49495336413383484]
[0.49496200680732727, 0.5316042900085449, 0.4709118604660034, 0.3758012652397156, 0.5224513411521912]
[0.4900318384170532, 0.5305822491645813, 0.5250986218452454, 0.43090566992759705, 0.5441137552261353]
[0.5152838230133057, 0.5705302357673645, 0.4602871537208557, 0.3029412031173706, 0.5174708366394043]
[0.5325873494148254, 0.5880876183509827, 0.42129048705101013, 0.2533036768436432, 0.5475322008132935]
[0.44625547528266907, 0.49192938208580017, 0.5456193089485168, 0.4655785858631134, 0.4735317826271057]
[0.41181063652038574, 0.5376276969909668, 0.43906357884407043, 0.28376537561416626, 0.5137666463851929]
[0.44460004568099976, 0.5317456722259521, 0.5460788607597351, 0.42531847953796387, 0.518787682056427]
[0.4498162865638733, 0.5285756587982178, 0.5135701298713684, 0.40313348174095154, 0.5060542821884155]
[0.39617395401000977, 0.5123872756958008, 0.532689094543457, 0.3945838510990143, 0.46836960315704346]
[0.5391624569892883, 0.5790917873382568, 0.4268307089805603, 0.27021324634552, 0.534077525138855]
[0.5109180212020874, 0.5763060450553894, 0.45175379514694214, 0.2997218370437622, 0.5300298929214478]
[0.46187108755111694, 0.5893198847770691, 0.44806113839149475, 0.297460675239563, 0.4884728193283081]
[0.44236135482788086, 0.5267073512077332, 0.4916698932647705, 0.37157899141311646, 0.4927566349506378]
[0.4788525104522705, 0.5659851431846619, 0.4748518764972687, 0.32303759455680847, 0.5049565434455872]
[0.4824816882610321, 0.5739578008651733, 0.4509422779083252, 0.31119081377983093, 0.5138341784477234]
[0.5154786705970764, 0.5494732856750488, 0.46664467453956604, 0.33939722180366516, 0.5369312763214111]
[0.49715712666511536, 0.5477521419525146, 0.456682950258255, 0.3136858344078064, 0.5073979496955872]
[0.4962218105792999, 0.5484449863433838, 0.4404465854167938, 0.2835410237312317, 0.4759470820426941]
[0.5610404014587402, 0.5686408281326294, 0.38029301166534424, 0.2355993688106537, 0.5743905305862427]
[0.47192057967185974, 0.564262866973877, 0.428347647190094, 0.2906704843044281, 0.49909552931785583]
[0.44258615374565125, 0.550673246383667, 0.46834227442741394, 0.3281314969062805, 0.4604397416114807]
[0.49375295639038086, 0.5783133506774902, 0.45450490713119507, 0.29023781418800354, 0.505050003528595]
[0.5274280309677124, 0.5546469688415527, 0.42628541588783264, 0.2819826006889343, 0.5566285848617554]
[0.5384227633476257, 0.581546425819397, 0.39054855704307556, 0.24828827381134033, 0.5523282289505005]
[0.5563088655471802, 0.5548592805862427, 0.44169989228248596, 0.30024799704551697, 0.5619712471961975]
[0.47508952021598816, 0.531622052192688, 0.5096058249473572, 0.3698485195636749, 0.5147872567176819]
[0.5265679955482483, 0.5731620788574219, 0.41993725299835205, 0.28691795468330383, 0.5650216341018677]
[0.5595993399620056, 0.5375957489013672, 0.43550390005111694, 0.28276652097702026, 0.5396643280982971]
[0.5486549735069275, 0.5777196884155273, 0.419953316450119, 0.2709539234638214, 0.5633515119552612]
[0.5032850503921509, 0.5533919334411621, 0.438728392124176, 0.31659483909606934, 0.5054060220718384]
[0.5441817045211792, 0.546895444393158, 0.42357173562049866, 0.2894516587257385, 0.5048772096633911]
[0.5169158577919006, 0.5245850682258606, 0.4988235533237457, 0.3624936640262604, 0.5446252822875977]
[0.5216953158378601, 0.5778291821479797, 0.42917412519454956, 0.26959675550460815, 0.5353314280509949]
[0.5829511880874634, 0.5658918619155884, 0.39932313561439514, 0.26804453134536743, 0.5788030624389648]
[0.5205534100532532, 0.5514721274375916, 0.4482114911079407, 0.33414727449417114, 0.4811607301235199]
[0.5010091066360474, 0.5484101176261902, 0.4730888903141022, 0.3308596611022949, 0.5074514150619507]
[0.49527817964553833, 0.5646809935569763, 0.45002982020378113, 0.29523834586143494, 0.5468747019767761]
[0.39955654740333557, 0.5198068022727966, 0.5012702941894531, 0.3523642420768738, 0.44126299023628235]
[0.49217402935028076, 0.5572509169578552, 0.47586461901664734, 0.3339592218399048, 0.5270755887031555]
[0.48599568009376526, 0.5769184231758118, 0.43792903423309326, 0.2937690019607544, 0.5183546543121338]
[0.46021825075149536, 0.5218912363052368, 0.5034127235412598, 0.39391040802001953, 0.48528987169265747]
[0.5542999505996704, 0.5875916481018066, 0.406171977519989, 0.26915863156318665, 0.5416746735572815]
[0.4889247417449951, 0.573127031326294, 0.44238099455833435, 0.30493488907814026, 0.5309565663337708]
[0.5265011787414551, 0.5447743535041809, 0.43572476506233215, 0.3235468566417694, 0.5154887437820435]
[0.5751851201057434, 0.5697992444038391, 0.40578004717826843, 0.2848760187625885, 0.5888544917106628]
[0.4901249408721924, 0.5435254573822021, 0.4548245668411255, 0.29473161697387695, 0.4917030930519104]
