1
#直通车爆料#【高考阅卷老师冒死揭露内幕】一位参加过高考阅卷的教师，为我们揭露了阅卷中不为人知的内幕真相！让我们惊讶于一个如此重要的、决定一个学生前途命运的考试，其分数竟然是在这样难以想象的粗放流程中产生的！！！我们想问一句，到底有多少学生，是这样被耽误的？
[0.5666549205780029, 0.5221332907676697, 0.48127347230911255, 0.3893849849700928, 0.5573855042457581]
[0.4917965829372406, 0.5642513632774353, 0.44473153352737427, 0.292820006608963, 0.504958987236023]
[0.48379552364349365, 0.5937032699584961, 0.41920071840286255, 0.2830924987792969, 0.4925927221775055]
[0.5502533316612244, 0.5312448740005493, 0.41978147625923157, 0.28317323327064514, 0.554564893245697]
[0.511255145072937, 0.5555015802383423, 0.44553065299987793, 0.29960352182388306, 0.5322266817092896]
[0.5217992663383484, 0.5759159326553345, 0.452656626701355, 0.2818310856819153, 0.5283635854721069]
[0.5020936131477356, 0.5537746548652649, 0.4350067675113678, 0.294038861989975, 0.4884043335914612]
[0.5520697832107544, 0.5716598033905029, 0.44787028431892395, 0.3308295011520386, 0.5217073559761047]
[0.4749021530151367, 0.5577579140663147, 0.4518912434577942, 0.3093208968639374, 0.4879259765148163]
[0.5219081044197083, 0.5731650590896606, 0.4421303868293762, 0.3099837899208069, 0.5593805909156799]
[0.48856133222579956, 0.5538952946662903, 0.4490239918231964, 0.35813117027282715, 0.4794684946537018]
[0.4561728835105896, 0.5633611679077148, 0.4361492991447449, 0.30706968903541565, 0.47469010949134827]
[0.4142761528491974, 0.5588293075561523, 0.4752480387687683, 0.36255016922950745, 0.4524743854999542]
[0.4437237083911896, 0.5808864831924438, 0.43781134486198425, 0.27734535932540894, 0.47363385558128357]
[0.5338931083679199, 0.5677318572998047, 0.42597100138664246, 0.31622782349586487, 0.5392845869064331]
[0.5699508786201477, 0.5055800676345825, 0.4667610824108124, 0.3363255560398102, 0.5773903131484985]
[0.4879666864871979, 0.5882228016853333, 0.44586387276649475, 0.29895341396331787, 0.5407907962799072]
[0.4361811578273773, 0.5338903665542603, 0.5060860514640808, 0.36997175216674805, 0.49368008971214294]
[0.5799232125282288, 0.551127552986145, 0.42357105016708374, 0.28073248267173767, 0.5598526000976562]
[0.527854323387146, 0.5857251286506653, 0.42558375000953674, 0.27191784977912903, 0.5264109373092651]
[0.49819183349609375, 0.5695810914039612, 0.4092336595058441, 0.28381651639938354, 0.5330636501312256]
[0.5516536235809326, 0.5702977180480957, 0.42505109310150146, 0.2780081629753113, 0.5525313019752502]
[0.43810543417930603, 0.5268739461898804, 0.4628433585166931, 0.35229790210723877, 0.4731743335723877]
[0.5178043246269226, 0.5751285552978516, 0.4382241666316986, 0.2788609266281128, 0.5311517715454102]
[0.47996985912323, 0.5814402103424072, 0.43188199400901794, 0.2961585819721222, 0.4989992678165436]
[0.4855785369873047, 0.5885447859764099, 0.4262702465057373, 0.2824479341506958, 0.5286220908164978]
[0.4487622082233429, 0.5716210603713989, 0.4600348174571991, 0.3031274080276489, 0.45275557041168213]
[0.4437237083911896, 0.5808864831924438, 0.43781134486198425, 0.27734535932540894, 0.47363385558128357]
[0.43928033113479614, 0.5755216479301453, 0.43812182545661926, 0.28464990854263306, 0.4676651954650879]
[0.4562109112739563, 0.5529891848564148, 0.45498794317245483, 0.31548216938972473, 0.47315311431884766]
[0.4273349344730377, 0.5506659746170044, 0.4524139165878296, 0.3442235589027405, 0.47925472259521484]
[0.5312179327011108, 0.583070695400238, 0.4142923951148987, 0.25005796551704407, 0.5328344702720642]
[0.5149213075637817, 0.5745115280151367, 0.4294396936893463, 0.2818833291530609, 0.5206738114356995]
[0.5361396670341492, 0.5138749480247498, 0.4899512827396393, 0.4144020080566406, 0.49651065468788147]
[0.5502110719680786, 0.5674747824668884, 0.4267900586128235, 0.2959190011024475, 0.5413305759429932]
[0.5734310150146484, 0.5379044413566589, 0.41427746415138245, 0.2749728858470917, 0.5768445730209351]
[0.417087197303772, 0.5440554022789001, 0.519031286239624, 0.3584165871143341, 0.45495983958244324]
[0.40966761112213135, 0.5777799487113953, 0.4395371973514557, 0.33987998962402344, 0.4665702283382416]
[0.3401648998260498, 0.5166957974433899, 0.4982791244983673, 0.3622588515281677, 0.3986523747444153]
[0.4736765921115875, 0.559039294719696, 0.4417668282985687, 0.31943830847740173, 0.49935436248779297]
[0.5034418106079102, 0.5451306700706482, 0.4504827558994293, 0.3452480435371399, 0.5069546699523926]
[0.4726865887641907, 0.5597407221794128, 0.4727843105792999, 0.29432135820388794, 0.43461519479751587]
[0.511255145072937, 0.5555015802383423, 0.44553065299987793, 0.29960352182388306, 0.5322266817092896]
[0.4689054489135742, 0.5578938722610474, 0.43277430534362793, 0.3132185935974121, 0.49735546112060547]
[0.45833343267440796, 0.5352048873901367, 0.4422603249549866, 0.33737191557884216, 0.4886761009693146]
[0.45716434717178345, 0.5711500644683838, 0.447938472032547, 0.30821144580841064, 0.4997061491012573]
[0.48730161786079407, 0.5721107125282288, 0.44012391567230225, 0.2879214882850647, 0.5183072686195374]
[0.5085343718528748, 0.5654557943344116, 0.4216036796569824, 0.29768213629722595, 0.5302330851554871]
[0.4803164601325989, 0.5829500555992126, 0.4402025043964386, 0.27167651057243347, 0.5359610319137573]
[0.4413904547691345, 0.5767154097557068, 0.4596433639526367, 0.2992149293422699, 0.4572679400444031]
[0.4437237083911896, 0.5808864831924438, 0.43781134486198425, 0.27734535932540894, 0.47363385558128357]
[0.4760860800743103, 0.5564618706703186, 0.42960283160209656, 0.3063908517360687, 0.4926831126213074]
[0.5091623663902283, 0.5577723383903503, 0.46306052803993225, 0.339547336101532, 0.5285649299621582]
[0.5359488129615784, 0.5385161638259888, 0.45703282952308655, 0.33845651149749756, 0.5365250706672668]
[0.4737732410430908, 0.5352063179016113, 0.4665728211402893, 0.3533155620098114, 0.4595597982406616]
[0.5855161547660828, 0.5519477128982544, 0.4245268404483795, 0.2724291682243347, 0.5734727382659912]
[0.40712985396385193, 0.5538706183433533, 0.4863967299461365, 0.37607452273368835, 0.4674341082572937]
[0.49751096963882446, 0.5760007500648499, 0.4337840676307678, 0.2949337959289551, 0.5123721361160278]
[0.35490691661834717, 0.5338892936706543, 0.46071913838386536, 0.3440655469894409, 0.45014214515686035]
[0.43356946110725403, 0.5645630359649658, 0.4504556357860565, 0.2929685115814209, 0.4852895140647888]
[0.5708593726158142, 0.5666177272796631, 0.40925121307373047, 0.2809031307697296, 0.5418026447296143]
[0.46661871671676636, 0.5836977958679199, 0.436079204082489, 0.27481111884117126, 0.4732847213745117]
[0.48307761549949646, 0.5686565637588501, 0.44853273034095764, 0.3072284162044525, 0.5001973509788513]
[0.542169988155365, 0.5599425435066223, 0.4506320655345917, 0.3330177664756775, 0.5393755435943604]
[0.5596391558647156, 0.6096941232681274, 0.42277002334594727, 0.2654418647289276, 0.5375761985778809]
[0.4116235375404358, 0.532141923904419, 0.4786030054092407, 0.35458284616470337, 0.4454583525657654]
[0.545161247253418, 0.5922080278396606, 0.4381914734840393, 0.2604547441005707, 0.5444626808166504]
[0.42193976044654846, 0.551360547542572, 0.46585994958877563, 0.32687515020370483, 0.46603140234947205]
[0.43294692039489746, 0.5767252445220947, 0.46229901909828186, 0.2956230342388153, 0.48757404088974]
[0.48829230666160583, 0.558256983757019, 0.42048734426498413, 0.30926889181137085, 0.4848843514919281]
[0.4507927894592285, 0.6016541123390198, 0.4618966281414032, 0.3169693946838379, 0.501613974571228]
[0.470106840133667, 0.549222469329834, 0.4492129385471344, 0.3444839119911194, 0.5055163502693176]
[0.4825313091278076, 0.5803935527801514, 0.45230862498283386, 0.31167471408843994, 0.5009760856628418]
[0.522192656993866, 0.5988523364067078, 0.45172813534736633, 0.29416951537132263, 0.5281853079795837]
[0.5137394070625305, 0.5773321390151978, 0.42137813568115234, 0.27072641253471375, 0.5466689467430115]
[0.5120052695274353, 0.5819444060325623, 0.4429101347923279, 0.288278192281723, 0.5086879134178162]
[0.48621922731399536, 0.572644054889679, 0.4151756763458252, 0.2960335910320282, 0.520517885684967]
[0.45971736311912537, 0.5569499731063843, 0.46393129229545593, 0.3453415632247925, 0.4908270835876465]
[0.5023477077484131, 0.5731676816940308, 0.42931362986564636, 0.2996636629104614, 0.4897606074810028]
[0.46321338415145874, 0.5565918684005737, 0.47400325536727905, 0.3684219419956207, 0.4935069680213928]
[0.5413965582847595, 0.5913143157958984, 0.4050649404525757, 0.25012362003326416, 0.5627120733261108]
[0.4483662545681, 0.5620504021644592, 0.4416857063770294, 0.3014634847640991, 0.4948276877403259]
[0.5038610100746155, 0.5494894981384277, 0.45092764496803284, 0.3175244629383087, 0.541085422039032]
[0.4752258062362671, 0.5691908001899719, 0.4391210675239563, 0.3077876567840576, 0.4840574860572815]
[0.5206071734428406, 0.5417478084564209, 0.47644928097724915, 0.37114417552948, 0.5271002054214478]
[0.4656481146812439, 0.5580123662948608, 0.45142704248428345, 0.3397585153579712, 0.4950909912586212]
[0.5448200702667236, 0.576514720916748, 0.41504356265068054, 0.29150110483169556, 0.5156583189964294]
[0.5252239108085632, 0.6008768677711487, 0.41590195894241333, 0.28771528601646423, 0.5365734100341797]
[0.5467995405197144, 0.5975949764251709, 0.4120674133300781, 0.24552467465400696, 0.5582832098007202]
[0.49975526332855225, 0.5874056220054626, 0.4230498969554901, 0.27203112840652466, 0.5168728828430176]
[0.519464373588562, 0.5782762169837952, 0.4416919946670532, 0.29270216822624207, 0.5295988917350769]
[0.4299565553665161, 0.5295897722244263, 0.4659436345100403, 0.34745487570762634, 0.4858972132205963]
[0.4842638373374939, 0.5721356272697449, 0.4599474370479584, 0.32000473141670227, 0.5328064560890198]
[0.45031893253326416, 0.5580271482467651, 0.4615263044834137, 0.30503880977630615, 0.5056390166282654]
[0.4089055061340332, 0.5784577131271362, 0.45308005809783936, 0.2784103751182556, 0.48602575063705444]
[0.5149213075637817, 0.5745115280151367, 0.4294396936893463, 0.2818833291530609, 0.5206738114356995]
[0.5561572909355164, 0.5937171578407288, 0.41795048117637634, 0.2560843825340271, 0.5541695356369019]
[0.4437237083911896, 0.5808864831924438, 0.43781134486198425, 0.27734535932540894, 0.47363385558128357]
[0.43372195959091187, 0.5776039361953735, 0.4284563362598419, 0.27846717834472656, 0.47131162881851196]
[0.5254796743392944, 0.5767551064491272, 0.4005645215511322, 0.27106383442878723, 0.5384579300880432]
[0.5291987657546997, 0.5651491284370422, 0.44684040546417236, 0.3227332532405853, 0.5239739418029785]
