1
【高考阅卷老师冒死揭露内幕？！】一位自称参加过高考阅卷的教师，近日发帖揭露阅卷中不为人知的内幕真相！如果所述是真，我们不禁惊讶于如此重要的、决定一个学生前途命运的考试，分数竟然在这样的粗放流程中产生！到底有多少学生，是这样被耽误的？？求更多亲历者说法！
[0.4664533734321594, 0.5222764015197754, 0.5413345694541931, 0.4641881585121155, 0.5247277617454529]
[0.5586249232292175, 0.541388988494873, 0.4576958417892456, 0.3568028509616852, 0.5329068899154663]
[0.5451405048370361, 0.5799071192741394, 0.4316512644290924, 0.266661137342453, 0.5196403861045837]
[0.45936915278434753, 0.5400763750076294, 0.5083035230636597, 0.43120232224464417, 0.4810088574886322]
[0.5170913934707642, 0.5633302927017212, 0.44812366366386414, 0.30771684646606445, 0.5152959823608398]
[0.48884913325309753, 0.5484089255332947, 0.44165167212486267, 0.31867730617523193, 0.5063049793243408]
[0.5394198894500732, 0.5786067247390747, 0.43455708026885986, 0.2783748507499695, 0.48831498622894287]
[0.4410977363586426, 0.541799008846283, 0.47091910243034363, 0.3718763291835785, 0.436430424451828]
[0.5193628072738647, 0.5807132124900818, 0.4214364290237427, 0.2973706126213074, 0.5345861315727234]
[0.3569951057434082, 0.5390594601631165, 0.45421361923217773, 0.33701011538505554, 0.4167139232158661]
[0.48891523480415344, 0.5986390709877014, 0.4251663088798523, 0.2733253836631775, 0.5165185332298279]
[0.5159931182861328, 0.5451468825340271, 0.47484010457992554, 0.4048454761505127, 0.49180859327316284]
[0.528549075126648, 0.5871347784996033, 0.42459237575531006, 0.2661053240299225, 0.5300422310829163]
[0.508131206035614, 0.5484774112701416, 0.4625125229358673, 0.3468230664730072, 0.5042642951011658]
[0.4698834717273712, 0.5344765782356262, 0.4932815432548523, 0.37770384550094604, 0.5079672932624817]
[0.4956946074962616, 0.5476173758506775, 0.4553115963935852, 0.321230411529541, 0.5141645073890686]
[0.453543484210968, 0.542711615562439, 0.49668967723846436, 0.41707128286361694, 0.4533086121082306]
[0.4777849614620209, 0.5781552195549011, 0.43001532554626465, 0.29404351115226746, 0.5171934366226196]
[0.39786529541015625, 0.5262894034385681, 0.44396641850471497, 0.2749785780906677, 0.4413596987724304]
[0.5078901648521423, 0.5438637733459473, 0.47231653332710266, 0.3717576265335083, 0.5198267102241516]
[0.4306999146938324, 0.5402178764343262, 0.46712929010391235, 0.35720229148864746, 0.45223507285118103]
[0.4942898452281952, 0.5572579503059387, 0.47283896803855896, 0.3584193289279938, 0.5071766376495361]
[0.48800143599510193, 0.5710499882698059, 0.4270158112049103, 0.2710280418395996, 0.5321303009986877]
[0.4746849238872528, 0.5689502954483032, 0.4160187542438507, 0.26384681463241577, 0.5314106941223145]
[0.45525190234184265, 0.5768606066703796, 0.45595088601112366, 0.3312499225139618, 0.5005704164505005]
[0.4757949113845825, 0.5692344307899475, 0.4502541720867157, 0.289783775806427, 0.5133631229400635]
[0.5063496828079224, 0.5563176870346069, 0.4569898545742035, 0.3302876353263855, 0.49843764305114746]
[0.4503531754016876, 0.5248913764953613, 0.48656758666038513, 0.38353246450424194, 0.4714682400226593]
[0.41479870676994324, 0.5459651350975037, 0.45338043570518494, 0.319964736700058, 0.45574161410331726]
[0.3181513547897339, 0.5322242379188538, 0.4911364018917084, 0.443482905626297, 0.4096776247024536]
[0.4487622082233429, 0.5716210603713989, 0.4600348174571991, 0.3031274080276489, 0.45275557041168213]
[0.4937366843223572, 0.5421267747879028, 0.43878045678138733, 0.33377769589424133, 0.5305328369140625]
[0.462312787771225, 0.5251107215881348, 0.48589780926704407, 0.351034551858902, 0.48147743940353394]
[0.4866751730442047, 0.581548810005188, 0.4137732982635498, 0.285082072019577, 0.5230497717857361]
[0.5675005316734314, 0.5955690145492554, 0.40575820207595825, 0.25411516427993774, 0.5487556457519531]
[0.4857105016708374, 0.5603806972503662, 0.44402015209198, 0.31760168075561523, 0.5175350308418274]
[0.5037886500358582, 0.5704977512359619, 0.45044052600860596, 0.3228978216648102, 0.49953752756118774]
[0.47900623083114624, 0.590523898601532, 0.4495042562484741, 0.2895578444004059, 0.5100588202476501]
[0.46564429998397827, 0.5502045750617981, 0.45063304901123047, 0.35632020235061646, 0.4455444812774658]
[0.4582904577255249, 0.5876699090003967, 0.41608354449272156, 0.27471765875816345, 0.5001599192619324]
[0.4657067358493805, 0.5417543649673462, 0.45815137028694153, 0.32015690207481384, 0.4787561297416687]
[0.469136118888855, 0.5395542979240417, 0.5192016363143921, 0.39265739917755127, 0.5295656323432922]
[0.550836443901062, 0.5817238688468933, 0.3956185281276703, 0.25014787912368774, 0.5552815794944763]
[0.4510713815689087, 0.5532001256942749, 0.46921253204345703, 0.3340211808681488, 0.4786406457424164]
[0.4932766854763031, 0.5490023493766785, 0.48915380239486694, 0.4023764133453369, 0.48977193236351013]
[0.48884913325309753, 0.5484089255332947, 0.44165167212486267, 0.31867730617523193, 0.5063049793243408]
[0.5236871838569641, 0.5187851786613464, 0.5008823871612549, 0.3880322277545929, 0.5156071186065674]
[0.3630306124687195, 0.5362861156463623, 0.4980160892009735, 0.3820935785770416, 0.4296046495437622]
[0.4998631179332733, 0.5456690192222595, 0.464377760887146, 0.3442373275756836, 0.5278828144073486]
[0.49053868651390076, 0.5148130655288696, 0.5196913480758667, 0.4305547773838043, 0.4780709743499756]
[0.49593478441238403, 0.5787703394889832, 0.4550703167915344, 0.3069668710231781, 0.5341404676437378]
[0.48154929280281067, 0.5395042896270752, 0.4568890929222107, 0.340125173330307, 0.5076882839202881]
[0.5999149680137634, 0.529015064239502, 0.43875032663345337, 0.302997350692749, 0.5545712113380432]
[0.5094337463378906, 0.5903286337852478, 0.45259130001068115, 0.3008464574813843, 0.5281800031661987]
[0.4497853219509125, 0.5524499416351318, 0.47848522663116455, 0.33051228523254395, 0.4862542748451233]
[0.5227507948875427, 0.5217158794403076, 0.4998261332511902, 0.3829372823238373, 0.5107609033584595]
[0.5537579655647278, 0.5334194302558899, 0.4380669891834259, 0.3246706426143646, 0.5342637896537781]
[0.4467369318008423, 0.5192393064498901, 0.5420891046524048, 0.430807501077652, 0.4793040156364441]
[0.5964893102645874, 0.5877003073692322, 0.3852507174015045, 0.22709932923316956, 0.5996899604797363]
[0.5110101103782654, 0.570246696472168, 0.4441481828689575, 0.30714213848114014, 0.48525336384773254]
[0.5118111371994019, 0.5811338424682617, 0.43868112564086914, 0.28073760867118835, 0.5234392881393433]
[0.49143528938293457, 0.5160204172134399, 0.4828307032585144, 0.37831997871398926, 0.4997076988220215]
[0.4768112599849701, 0.559177577495575, 0.4427865147590637, 0.30894964933395386, 0.5042597651481628]
[0.5569209456443787, 0.5445467829704285, 0.43506285548210144, 0.3132861852645874, 0.5689588189125061]
[0.5797389149665833, 0.5842475295066833, 0.4041898846626282, 0.2574964463710785, 0.6003082394599915]
[0.5060402750968933, 0.4917927384376526, 0.5745707750320435, 0.5701121687889099, 0.5237719416618347]
[0.49690788984298706, 0.5705422163009644, 0.4019857347011566, 0.2718197703361511, 0.5152001976966858]
[0.47986266016960144, 0.5880082249641418, 0.4293723404407501, 0.2743452191352844, 0.5044422149658203]
[0.5354865789413452, 0.5888907313346863, 0.41922876238822937, 0.2605830132961273, 0.5253303050994873]
[0.510735809803009, 0.5965466499328613, 0.43332040309906006, 0.28669530153274536, 0.5291290283203125]
[0.5236871838569641, 0.5187851786613464, 0.5008823871612549, 0.3880322277545929, 0.5156071186065674]
[0.49698323011398315, 0.5593684315681458, 0.4286084473133087, 0.2849704921245575, 0.5344648957252502]
[0.3280259370803833, 0.5479519367218018, 0.4647623896598816, 0.3185060918331146, 0.44276294112205505]
[0.515423059463501, 0.5423430800437927, 0.4617270827293396, 0.35045772790908813, 0.5289220809936523]
[0.458067387342453, 0.5446081161499023, 0.47480618953704834, 0.33585673570632935, 0.45357558131217957]
[0.5616369843482971, 0.5803380012512207, 0.43422457575798035, 0.26300641894340515, 0.5692129135131836]
[0.5555318593978882, 0.5816153287887573, 0.41523754596710205, 0.2650635838508606, 0.5515600442886353]
[0.50167316198349, 0.5352586507797241, 0.4926415681838989, 0.4169529378414154, 0.4450262486934662]
[0.4621139168739319, 0.5656636953353882, 0.45350709557533264, 0.32267385721206665, 0.5005208253860474]
[0.5236871838569641, 0.5187851786613464, 0.5008823871612549, 0.3880322277545929, 0.5156071186065674]
[0.47432422637939453, 0.5642216801643372, 0.4995894134044647, 0.32551753520965576, 0.499740332365036]
[0.4911801218986511, 0.5794450044631958, 0.4399590790271759, 0.3331235349178314, 0.5261321663856506]
[0.49164676666259766, 0.5377625823020935, 0.4488948583602905, 0.3571131229400635, 0.4535088837146759]
[0.5236871838569641, 0.5187851786613464, 0.5008823871612549, 0.3880322277545929, 0.5156071186065674]
[0.512818455696106, 0.5640732645988464, 0.43594881892204285, 0.2913961410522461, 0.49749115109443665]
[0.5132029056549072, 0.5127376317977905, 0.49456068873405457, 0.341844767332077, 0.5025163888931274]
[0.5507119297981262, 0.6066612601280212, 0.4060409963130951, 0.25420886278152466, 0.5448079109191895]
[0.5227507948875427, 0.5217158794403076, 0.4998261332511902, 0.3829372823238373, 0.5107609033584595]
[0.5171118974685669, 0.5248297452926636, 0.45136258006095886, 0.3388383984565735, 0.5404067039489746]
[0.42526063323020935, 0.5321006178855896, 0.5422762036323547, 0.5216571092605591, 0.47929835319519043]
[0.5236871838569641, 0.5187851786613464, 0.5008823871612549, 0.3880322277545929, 0.5156071186065674]
[0.5041801929473877, 0.5296443700790405, 0.5337282419204712, 0.4679582417011261, 0.5197933912277222]
[0.4389602243900299, 0.4972999095916748, 0.5327412486076355, 0.461228609085083, 0.46093401312828064]
[0.5331273674964905, 0.5594736933708191, 0.4368517994880676, 0.31394174695014954, 0.5559132099151611]
[0.346496045589447, 0.5288269519805908, 0.5299084782600403, 0.36923712491989136, 0.4445675313472748]
[0.438907265663147, 0.5032809376716614, 0.5030180215835571, 0.40191811323165894, 0.4498049020767212]
[0.5225333571434021, 0.5846824645996094, 0.42400506138801575, 0.28540465235710144, 0.5260041356086731]
[0.49555298686027527, 0.570673942565918, 0.4313119649887085, 0.2879068851470947, 0.5146951675415039]
[0.49738240242004395, 0.5401812195777893, 0.4778429865837097, 0.37815186381340027, 0.529948353767395]
[0.4649370312690735, 0.5473487377166748, 0.47238823771476746, 0.3711623549461365, 0.47003060579299927]
[0.4853516221046448, 0.5546729564666748, 0.42453888058662415, 0.31215593218803406, 0.5267378687858582]
