1
【 死于澳门，你信吗？】网友 微博爆料:郭美美死于澳门，称消息已封锁长达半个月，亲属已进行交涉，骨火六月将送回大陆！
[0.4142075777053833, 0.5465490221977234, 0.485988974571228, 0.3390144109725952, 0.44625163078308105]
[0.5497230887413025, 0.5979835987091064, 0.4245476722717285, 0.2586861848831177, 0.5716163516044617]
[0.43538856506347656, 0.5664982795715332, 0.42574915289878845, 0.25497838854789734, 0.47804000973701477]
[0.5548117160797119, 0.5835170149803162, 0.4099801182746887, 0.25868597626686096, 0.5644381046295166]
[0.440341591835022, 0.5209426283836365, 0.5251959562301636, 0.3974831998348236, 0.4871997833251953]
[0.4696844220161438, 0.5816097855567932, 0.4409743845462799, 0.302291601896286, 0.4876464903354645]
[0.4272163212299347, 0.578639805316925, 0.4649880826473236, 0.29797032475471497, 0.4680140018463135]
[0.48916566371917725, 0.5494205355644226, 0.44846102595329285, 0.33529454469680786, 0.5222435593605042]
[0.5350887179374695, 0.5733042359352112, 0.39901432394981384, 0.2708630859851837, 0.5417754650115967]
[0.4777754843235016, 0.5381502509117126, 0.45351868867874146, 0.33842986822128296, 0.5147451758384705]
[0.5208532810211182, 0.5619333386421204, 0.42900747060775757, 0.2628783881664276, 0.553485631942749]
[0.4487622082233429, 0.5716210603713989, 0.4600348174571991, 0.3031274080276489, 0.45275557041168213]
[0.5329281091690063, 0.5935824513435364, 0.4188690781593323, 0.25940215587615967, 0.5473096370697021]
[0.5617088079452515, 0.566335141658783, 0.4398925304412842, 0.26611700654029846, 0.5359043478965759]
[0.40984418988227844, 0.5614606142044067, 0.46589070558547974, 0.3163810074329376, 0.49403560161590576]
[0.5291121006011963, 0.5923258662223816, 0.415624737739563, 0.2743915021419525, 0.544005274772644]
[0.452499121427536, 0.5651444792747498, 0.46623632311820984, 0.3240059018135071, 0.4856094419956207]
[0.4786408543586731, 0.540561318397522, 0.4633488655090332, 0.3080988824367523, 0.4910763204097748]
[0.5158785581588745, 0.5244864821434021, 0.4755255877971649, 0.36381658911705017, 0.5162151455879211]
[0.4377087354660034, 0.5630442500114441, 0.4509584307670593, 0.33389079570770264, 0.4553782343864441]
[0.5335527658462524, 0.5747133493423462, 0.44126781821250916, 0.3060646951198578, 0.5375156402587891]
[0.5896202325820923, 0.6009964942932129, 0.3933485150337219, 0.243545264005661, 0.5743495225906372]
[0.5491952300071716, 0.5918990969657898, 0.42066478729248047, 0.26386961340904236, 0.5615143775939941]
[0.5180051922798157, 0.5817042589187622, 0.43134617805480957, 0.27583613991737366, 0.5354204177856445]
[0.5596391558647156, 0.6096941232681274, 0.42277002334594727, 0.2654418647289276, 0.5375761985778809]
[0.5070725679397583, 0.5795678496360779, 0.4309682846069336, 0.25872695446014404, 0.538472592830658]
[0.4476873576641083, 0.5772334933280945, 0.4649015963077545, 0.29056864976882935, 0.4860781133174896]
[0.5259038209915161, 0.565677285194397, 0.43698132038116455, 0.2878722548484802, 0.5489986538887024]
[0.5659298896789551, 0.5665857195854187, 0.4324919581413269, 0.28324657678604126, 0.5710858702659607]
[0.463361531496048, 0.5625143051147461, 0.4308696389198303, 0.3211343586444855, 0.48679426312446594]
[0.5354865789413452, 0.5888907313346863, 0.41922876238822937, 0.2605830132961273, 0.5253303050994873]
[0.47862064838409424, 0.571394145488739, 0.43643268942832947, 0.2666255533695221, 0.48437535762786865]
[0.5115380883216858, 0.5655937194824219, 0.44270750880241394, 0.27695998549461365, 0.5316783785820007]
[0.45612800121307373, 0.5559235215187073, 0.4804839491844177, 0.31209519505500793, 0.5129016637802124]
[0.5106358528137207, 0.5540392994880676, 0.4595170021057129, 0.3304230272769928, 0.5015351176261902]
[0.5254345536231995, 0.5477467179298401, 0.43051791191101074, 0.29519638419151306, 0.5453413128852844]
[0.4576311707496643, 0.5719308257102966, 0.4566397964954376, 0.2905205488204956, 0.48774510622024536]
[0.5208467245101929, 0.5684149265289307, 0.43678227066993713, 0.28659743070602417, 0.5329500436782837]
[0.5520145893096924, 0.5649254322052002, 0.41388803720474243, 0.2822020351886749, 0.5342983603477478]
[0.5581731796264648, 0.5986613631248474, 0.4121725857257843, 0.252429336309433, 0.5671014785766602]
[0.5287489295005798, 0.5710899829864502, 0.4260669946670532, 0.2837880849838257, 0.5433242321014404]
[0.4487622082233429, 0.5716210603713989, 0.4600348174571991, 0.3031274080276489, 0.45275557041168213]
[0.44948628544807434, 0.5715370178222656, 0.43431371450424194, 0.3118129372596741, 0.46399712562561035]
[0.4911777675151825, 0.5714062452316284, 0.4108857810497284, 0.27367380261421204, 0.5485600829124451]
[0.5234781503677368, 0.5684486627578735, 0.44739577174186707, 0.29118627309799194, 0.5097358822822571]
[0.511255145072937, 0.5555015802383423, 0.44553065299987793, 0.29960352182388306, 0.5322266817092896]
[0.4916463792324066, 0.538205087184906, 0.43865662813186646, 0.30436158180236816, 0.5253103375434875]
[0.4857138693332672, 0.6007270812988281, 0.43978428840637207, 0.27710896730422974, 0.5180108547210693]
[0.47993382811546326, 0.5439946055412292, 0.48443377017974854, 0.3314935863018036, 0.47771966457366943]
[0.5312179327011108, 0.583070695400238, 0.4142923951148987, 0.25005796551704407, 0.5328344702720642]
[0.496595174074173, 0.5460776686668396, 0.46864810585975647, 0.3661147952079773, 0.5147095322608948]
[0.5802739858627319, 0.5787707567214966, 0.4022602438926697, 0.2394813895225525, 0.5900801420211792]
[0.42041438817977905, 0.5643006563186646, 0.4453163743019104, 0.32428351044654846, 0.4412297010421753]
[0.5951899886131287, 0.5540415644645691, 0.38912448287010193, 0.26819223165512085, 0.5911319255828857]
[0.451558917760849, 0.5560792088508606, 0.46958866715431213, 0.3369845151901245, 0.4855373799800873]
[0.5138559341430664, 0.5256850123405457, 0.4832480251789093, 0.412701278924942, 0.5034137964248657]
[0.48304206132888794, 0.5492330193519592, 0.4666907787322998, 0.3056267499923706, 0.49830910563468933]
[0.5082896947860718, 0.567413330078125, 0.42017555236816406, 0.3119363784790039, 0.5340538024902344]
[0.4901033043861389, 0.5252686738967896, 0.46520107984542847, 0.36312389373779297, 0.487643301486969]
[0.5166540145874023, 0.5648695826530457, 0.4107469320297241, 0.2578715980052948, 0.539132297039032]
[0.4487622082233429, 0.5716210603713989, 0.4600348174571991, 0.3031274080276489, 0.45275557041168213]
[0.4864151179790497, 0.5821390748023987, 0.431440144777298, 0.27086666226387024, 0.5153250694274902]
[0.43592125177383423, 0.5708475708961487, 0.4188461899757385, 0.2995161712169647, 0.45740827918052673]
[0.4580126404762268, 0.5653038024902344, 0.42685467004776, 0.33289027214050293, 0.4771300256252289]
[0.4052062928676605, 0.5603888034820557, 0.47756266593933105, 0.3635234832763672, 0.4534420967102051]
[0.4487622082233429, 0.5716210603713989, 0.4600348174571991, 0.3031274080276489, 0.45275557041168213]
[0.4975394010543823, 0.5497435331344604, 0.4219109117984772, 0.3203222155570984, 0.5189536809921265]
[0.4227067232131958, 0.5262048244476318, 0.5018404722213745, 0.3946545422077179, 0.4609924554824829]
[0.4127243757247925, 0.5669737458229065, 0.4520021677017212, 0.2944657504558563, 0.4851551949977875]
[0.5392138957977295, 0.5823938250541687, 0.4261903762817383, 0.27492547035217285, 0.5122859477996826]
[0.4487622082233429, 0.5716210603713989, 0.4600348174571991, 0.3031274080276489, 0.45275557041168213]
[0.4973178803920746, 0.5714160203933716, 0.42986080050468445, 0.288484662771225, 0.49881666898727417]
[0.5272536873817444, 0.5871959328651428, 0.40474992990493774, 0.26819518208503723, 0.5187954902648926]
[0.4896587133407593, 0.5791651010513306, 0.4274458587169647, 0.2882910668849945, 0.5096859931945801]
[0.49819183349609375, 0.5695810914039612, 0.4092336595058441, 0.28381651639938354, 0.5330636501312256]
[0.47381454706192017, 0.5355611443519592, 0.4899733364582062, 0.37982162833213806, 0.5041348934173584]
[0.49997496604919434, 0.5875206589698792, 0.4211397171020508, 0.280337393283844, 0.524574339389801]
[0.5139515399932861, 0.5564139485359192, 0.43036171793937683, 0.3004853129386902, 0.5383144021034241]
[0.5947011113166809, 0.5881290435791016, 0.3911924958229065, 0.24660852551460266, 0.5804263353347778]
[0.547561764717102, 0.5820305347442627, 0.4512929916381836, 0.27864977717399597, 0.5482330322265625]
[0.5353246331214905, 0.5669987797737122, 0.4114864766597748, 0.2611444592475891, 0.5357517004013062]
[0.5247333645820618, 0.5702114701271057, 0.4302571713924408, 0.26936599612236023, 0.5396215915679932]
[0.4991338849067688, 0.5854780673980713, 0.4332478940486908, 0.2805531322956085, 0.5085140466690063]
[0.5491952300071716, 0.5918990969657898, 0.42066478729248047, 0.26386961340904236, 0.5615143775939941]
[0.5322138071060181, 0.5233005881309509, 0.4602956175804138, 0.33822888135910034, 0.5217275619506836]
[0.5178935527801514, 0.553699791431427, 0.44969314336776733, 0.34789609909057617, 0.5081890225410461]
[0.4981653392314911, 0.586291491985321, 0.4130634367465973, 0.27747800946235657, 0.5251455903053284]
[0.5036309361457825, 0.5642091035842896, 0.4140823483467102, 0.28512704372406006, 0.5017557144165039]
[0.478038489818573, 0.5411055684089661, 0.45390862226486206, 0.3555199205875397, 0.480770468711853]
[0.6146214604377747, 0.5339404344558716, 0.41066479682922363, 0.2548888921737671, 0.5979645848274231]
[0.477546751499176, 0.5152116417884827, 0.5019363164901733, 0.38227537274360657, 0.5189884901046753]
[0.5005627870559692, 0.5808186531066895, 0.4605899155139923, 0.2902151644229889, 0.539182186126709]
[0.49511057138442993, 0.5542601346969604, 0.45465245842933655, 0.35475534200668335, 0.49985045194625854]
[0.4705062508583069, 0.5387312769889832, 0.4757421016693115, 0.3881174623966217, 0.5186054110527039]
[0.5951899886131287, 0.5540415644645691, 0.38912448287010193, 0.26819223165512085, 0.5911319255828857]
[0.527163565158844, 0.52956622838974, 0.47283515334129333, 0.35821840167045593, 0.5191763639450073]
[0.4431431293487549, 0.5850289463996887, 0.41682690382003784, 0.2743314206600189, 0.48580244183540344]
[0.5138058066368103, 0.5805346369743347, 0.40904778242111206, 0.2804737389087677, 0.5119002461433411]
[0.4531605541706085, 0.5735194683074951, 0.4482971429824829, 0.31082090735435486, 0.5107393264770508]
[0.5395416617393494, 0.583828330039978, 0.4527117908000946, 0.29329636693000793, 0.5432532429695129]
[0.5140926837921143, 0.5465279221534729, 0.4289029836654663, 0.30705586075782776, 0.5294878482818604]
