1
感谢上苍，感谢祖上庇佑，儿子仍然在我身边弹着琴。 今天下雨，平时外婆接小家伙幼儿园放学回家热热闹闹的马路国权路竟然比较冷清，离黄兴路还有大概30／50米的距离，迎面走来一个40多岁的中年妇女，没有任何征兆的手上拿着一大团白色的餐巾纸朝外婆口鼻捂过去， 我在:
[0.4791172444820404, 0.5319504141807556, 0.4778672456741333, 0.3539044260978699, 0.49550557136535645]
[0.5481877326965332, 0.5946312546730042, 0.4127618074417114, 0.24726763367652893, 0.5697609186172485]
[0.4818546772003174, 0.5671708583831787, 0.4427948296070099, 0.3154818117618561, 0.5104961395263672]
[0.580702006816864, 0.591020405292511, 0.40386220812797546, 0.23759815096855164, 0.5909315943717957]
[0.5185933113098145, 0.5886591672897339, 0.41420748829841614, 0.28358691930770874, 0.5321028828620911]
[0.5614722967147827, 0.5856158137321472, 0.40984341502189636, 0.2645743489265442, 0.5532160997390747]
[0.5172876715660095, 0.5764407515525818, 0.4590039849281311, 0.30144935846328735, 0.5379709005355835]
[0.4818546772003174, 0.5671708583831787, 0.4427948296070099, 0.3154818117618561, 0.5104961395263672]
[0.5151761174201965, 0.5878428220748901, 0.42387694120407104, 0.27509409189224243, 0.5351584553718567]
[0.4818546772003174, 0.5671708583831787, 0.4427948296070099, 0.3154818117618561, 0.5104961395263672]
[0.36121347546577454, 0.5541493892669678, 0.459409236907959, 0.31211334466934204, 0.45977386832237244]
[0.5438017845153809, 0.5942021012306213, 0.41521143913269043, 0.26803213357925415, 0.5571514964103699]
[0.5998565554618835, 0.5690724849700928, 0.39230436086654663, 0.2552301287651062, 0.5881258845329285]
[0.4136946201324463, 0.5618653297424316, 0.4400281310081482, 0.29044410586357117, 0.4703270196914673]
[0.44079744815826416, 0.5692268013954163, 0.45481687784194946, 0.3056572377681732, 0.4808805286884308]
[0.5136781930923462, 0.5448230504989624, 0.48560068011283875, 0.3133147060871124, 0.5101556777954102]
[0.4263521432876587, 0.5655648708343506, 0.48699095845222473, 0.31737399101257324, 0.4833701252937317]
[0.3485695421695709, 0.5629642605781555, 0.46026498079299927, 0.29564276337623596, 0.4526982009410858]
[0.47166895866394043, 0.5529858469963074, 0.4904354512691498, 0.3586918115615845, 0.514557957649231]
[0.5132670402526855, 0.5934965014457703, 0.4420536458492279, 0.27757078409194946, 0.5219869613647461]
[0.5377393364906311, 0.5688072443008423, 0.4557557702064514, 0.2975754141807556, 0.5486016273498535]
[0.4859561324119568, 0.5811956524848938, 0.43854981660842896, 0.3152267336845398, 0.5307828187942505]
[0.46430039405822754, 0.5747883915901184, 0.45199334621429443, 0.31907740235328674, 0.4950609505176544]
[0.5347278118133545, 0.5911832451820374, 0.4151272773742676, 0.2818816900253296, 0.5398721098899841]
[0.5215031504631042, 0.5798301696777344, 0.42202314734458923, 0.28602662682533264, 0.5048967599868774]
[0.5167646408081055, 0.5892900824546814, 0.43205246329307556, 0.27814891934394836, 0.5488680005073547]
[0.5144968628883362, 0.5816364288330078, 0.4691471457481384, 0.34421372413635254, 0.5347776412963867]
[0.5198670625686646, 0.5649636387825012, 0.4562153220176697, 0.3310670256614685, 0.5152939558029175]
[0.5157199501991272, 0.5822887420654297, 0.4383566677570343, 0.2834339737892151, 0.551535427570343]
[0.3771943747997284, 0.5417178273200989, 0.47832638025283813, 0.35051843523979187, 0.4353407621383667]
[0.5476531982421875, 0.5726392269134521, 0.42533501982688904, 0.29146283864974976, 0.5580508708953857]
[0.5163033604621887, 0.5736647844314575, 0.44971752166748047, 0.3358933925628662, 0.5407877564430237]
[0.4932512044906616, 0.5742915868759155, 0.451469361782074, 0.30560779571533203, 0.5310057997703552]
[0.4818001389503479, 0.57095867395401, 0.43893131613731384, 0.27533650398254395, 0.4979764223098755]
[0.5334172248840332, 0.5873072743415833, 0.4272991418838501, 0.28049758076667786, 0.5707762241363525]
[0.4937683045864105, 0.5687931776046753, 0.4563334584236145, 0.31678521633148193, 0.5432024002075195]
[0.5438017845153809, 0.5942021012306213, 0.41521143913269043, 0.26803213357925415, 0.5571514964103699]
[0.4457249641418457, 0.5472259521484375, 0.4667365252971649, 0.3308197557926178, 0.43681275844573975]
[0.42822423577308655, 0.5293339490890503, 0.4602353274822235, 0.34407737851142883, 0.49438488483428955]
[0.4176245927810669, 0.5363034605979919, 0.462990939617157, 0.2929711937904358, 0.45173144340515137]
[0.5070725679397583, 0.5795678496360779, 0.4309682846069336, 0.25872695446014404, 0.538472592830658]
[0.5185933113098145, 0.5886591672897339, 0.41420748829841614, 0.28358691930770874, 0.5321028828620911]
[0.5062722563743591, 0.5621822476387024, 0.436165452003479, 0.31476593017578125, 0.48909732699394226]
[0.3805495798587799, 0.5637439489364624, 0.4640239477157593, 0.29050421714782715, 0.46419093012809753]
[0.5370110869407654, 0.5784265398979187, 0.46482717990875244, 0.302061527967453, 0.5397616624832153]
[0.4895170032978058, 0.5692294239997864, 0.4460355341434479, 0.2943543791770935, 0.5104338526725769]
[0.4412367641925812, 0.5173133015632629, 0.492782324552536, 0.4186641573905945, 0.4913310408592224]
[0.5141028761863708, 0.5833340287208557, 0.4243682622909546, 0.28747013211250305, 0.528822124004364]
[0.49168428778648376, 0.5565927028656006, 0.4610452651977539, 0.3171723783016205, 0.5233684182167053]
[0.5293454527854919, 0.5763497948646545, 0.406628280878067, 0.2990739941596985, 0.5321488976478577]
[0.4980873465538025, 0.5667188167572021, 0.45994773507118225, 0.32053521275520325, 0.5106989741325378]
[0.49411672353744507, 0.5668970346450806, 0.44414931535720825, 0.31923893094062805, 0.5046558380126953]
[0.5132670402526855, 0.5934965014457703, 0.4420536458492279, 0.27757078409194946, 0.5219869613647461]
[0.42667144536972046, 0.5903091430664062, 0.43778926134109497, 0.28775283694267273, 0.4882849156856537]
[0.5372944474220276, 0.5866358876228333, 0.4109499156475067, 0.2716784179210663, 0.5636309385299683]
[0.5438017845153809, 0.5942021012306213, 0.41521143913269043, 0.26803213357925415, 0.5571514964103699]
[0.4771979749202728, 0.5815091729164124, 0.4482015371322632, 0.29395636916160583, 0.5121709108352661]
[0.5354865789413452, 0.5888907313346863, 0.41922876238822937, 0.2605830132961273, 0.5253303050994873]
[0.4703350365161896, 0.578338623046875, 0.42518770694732666, 0.288263201713562, 0.5013924837112427]
[0.5203762054443359, 0.5838677883148193, 0.40737050771713257, 0.2770597040653229, 0.5265580415725708]
[0.49403131008148193, 0.5493112802505493, 0.4464755654335022, 0.30483460426330566, 0.532024085521698]
[0.5090405941009521, 0.5817672610282898, 0.42956098914146423, 0.3038181960582733, 0.5082257986068726]
[0.5117586851119995, 0.5299084782600403, 0.41333526372909546, 0.31094616651535034, 0.5400859713554382]
[0.4684527516365051, 0.5646198391914368, 0.45353132486343384, 0.31428197026252747, 0.5061496496200562]
[0.5859512090682983, 0.5853310823440552, 0.4092317819595337, 0.24738740921020508, 0.5820106267929077]
[0.4718337655067444, 0.5611371994018555, 0.46228623390197754, 0.32240256667137146, 0.5135086178779602]
[0.5316678285598755, 0.5462245345115662, 0.45197349786758423, 0.340117484331131, 0.5315781235694885]
[0.4974372088909149, 0.573168158531189, 0.43143171072006226, 0.28781306743621826, 0.4998326301574707]
