1
《北大猛男，持刀刺官！！！》“可歌可泣”的是王同学投案自首之后冷冷说了一句话是 “我并不后悔。是他们不让我依靠自力生存！！！！！！”微评：认真读图文字，不要说话！
[0.5195069909095764, 0.5420277118682861, 0.462359756231308, 0.3503134846687317, 0.5484553575515747]
[0.4979846477508545, 0.5701060891151428, 0.45129692554473877, 0.2982170879840851, 0.5005569458007812]
[0.46502262353897095, 0.5065459609031677, 0.5593251585960388, 0.5313429236412048, 0.5069876909255981]
[0.4820959270000458, 0.5791441202163696, 0.4354386031627655, 0.2774257957935333, 0.5060079097747803]
[0.4840579032897949, 0.5791024565696716, 0.44922277331352234, 0.3207155466079712, 0.5171172022819519]
[0.49975526332855225, 0.5874056220054626, 0.4230498969554901, 0.27203112840652466, 0.5168728828430176]
[0.3682872951030731, 0.5410106182098389, 0.43682804703712463, 0.29630130529403687, 0.4435845613479614]
[0.5376986265182495, 0.5998648405075073, 0.42447203397750854, 0.26731181144714355, 0.5518503785133362]
[0.4567912220954895, 0.5763882994651794, 0.42483755946159363, 0.29759669303894043, 0.484043151140213]
[0.48146483302116394, 0.5893931984901428, 0.42650118470191956, 0.2779841721057892, 0.5134921073913574]
[0.299699991941452, 0.5357517004013062, 0.46393805742263794, 0.3387625217437744, 0.4280739426612854]
[0.4852401912212372, 0.552540123462677, 0.43993571400642395, 0.293468713760376, 0.529545783996582]
[0.48088538646698, 0.5242688059806824, 0.5060969591140747, 0.40385931730270386, 0.4961017370223999]
[0.45169195532798767, 0.5781406164169312, 0.4334428310394287, 0.3188249468803406, 0.49033379554748535]
[0.4750797748565674, 0.5117578506469727, 0.48541319370269775, 0.42635536193847656, 0.49539318680763245]
[0.48667794466018677, 0.5549985766410828, 0.43519043922424316, 0.2810100018978119, 0.4992615282535553]
[0.523693323135376, 0.5348256826400757, 0.5122003555297852, 0.41711702942848206, 0.5675415396690369]
[0.5140624046325684, 0.5637174844741821, 0.4514416754245758, 0.3674096465110779, 0.5173519849777222]
[0.49920910596847534, 0.5258463025093079, 0.4397675395011902, 0.3197433352470398, 0.5371228456497192]
[0.47969841957092285, 0.5543697476387024, 0.4662987291812897, 0.304720938205719, 0.5231431126594543]
[0.5188761353492737, 0.5603291392326355, 0.41685301065444946, 0.2694636583328247, 0.566674530506134]
[0.5193114280700684, 0.5532854199409485, 0.4388420879840851, 0.3241817355155945, 0.5116873979568481]
[0.4732827842235565, 0.5827668309211731, 0.45315736532211304, 0.3137093484401703, 0.5221827030181885]
[0.5469955801963806, 0.5724905729293823, 0.40061280131340027, 0.24026715755462646, 0.5443302989006042]
[0.519168496131897, 0.5423674583435059, 0.461892694234848, 0.35816490650177, 0.5397393703460693]
[0.5429907441139221, 0.5682187676429749, 0.43311840295791626, 0.27574482560157776, 0.5399646759033203]
[0.5741468667984009, 0.5742052793502808, 0.40832972526550293, 0.2494271993637085, 0.5648120045661926]
[0.4798636734485626, 0.5522350072860718, 0.4597059190273285, 0.3466336131095886, 0.5298958420753479]
[0.46848127245903015, 0.5265789031982422, 0.5155220031738281, 0.4419383704662323, 0.48068198561668396]
[0.47208666801452637, 0.5429450273513794, 0.4692588448524475, 0.31602218747138977, 0.5030946731567383]
[0.4908224940299988, 0.5711683034896851, 0.42494651675224304, 0.28234413266181946, 0.5153936147689819]
[0.5055398941040039, 0.522634744644165, 0.484247624874115, 0.4013930857181549, 0.4976550042629242]
[0.5459747314453125, 0.6059065461158752, 0.4249073565006256, 0.2606910467147827, 0.5492815971374512]
[0.4175374507904053, 0.5512509346008301, 0.4760083854198456, 0.3252849876880646, 0.4555606544017792]
[0.4696716368198395, 0.5549660325050354, 0.4583151936531067, 0.33449068665504456, 0.5066695213317871]
[0.5445119738578796, 0.5843786597251892, 0.41506728529930115, 0.25699159502983093, 0.5592021942138672]
[0.549691379070282, 0.5871497988700867, 0.4130420386791229, 0.26551756262779236, 0.5281603336334229]
[0.600538432598114, 0.592049241065979, 0.41666921973228455, 0.2570730745792389, 0.591600239276886]
[0.500005304813385, 0.5784248113632202, 0.43935245275497437, 0.27706998586654663, 0.5308062434196472]
[0.4466058313846588, 0.5610185861587524, 0.47200703620910645, 0.36049357056617737, 0.4810790419578552]
[0.5189605951309204, 0.5707298517227173, 0.44575536251068115, 0.33519676327705383, 0.5247862935066223]
[0.4663660228252411, 0.5383378267288208, 0.4588080644607544, 0.38616693019866943, 0.48578914999961853]
[0.5458124876022339, 0.5367725491523743, 0.4419463872909546, 0.31053420901298523, 0.5695489645004272]
[0.47048598527908325, 0.5703019499778748, 0.4398309886455536, 0.2930434048175812, 0.5055364966392517]
[0.526080310344696, 0.5225597620010376, 0.4671474099159241, 0.40377339720726013, 0.5475642085075378]
[0.5630542635917664, 0.53431236743927, 0.4322260320186615, 0.30403217673301697, 0.566829264163971]
[0.4931042194366455, 0.5412394404411316, 0.46157896518707275, 0.3362550139427185, 0.5252001881599426]
