1
孩子啊，妈去街上卖点山竹，挣完钱了给你买点肉吃吃，娘知道你一星期没吃到肉了。”重庆一妇女对她孩子说。孩子开心回答：“好啊，中午我在家洗菜淘米，等你回家来烧饭哦” ——想不到半路上遇到城管执法把她推下台阶！竟成了永别！旁边的小贩说，这名妇女卖水果辛苦拉扯3个孩子
[0.4855835437774658, 0.5476956963539124, 0.5275436639785767, 0.4474850296974182, 0.5253843069076538]
[0.5164956450462341, 0.5635305643081665, 0.42847853899002075, 0.3016831874847412, 0.5507621169090271]
[0.5577036738395691, 0.5678661465644836, 0.3968276381492615, 0.2762899100780487, 0.5567410588264465]
[0.40072280168533325, 0.5483353734016418, 0.45441097021102905, 0.33588624000549316, 0.45285630226135254]
[0.41913503408432007, 0.5508429408073425, 0.4831485152244568, 0.3098617494106293, 0.47774022817611694]
[0.49594804644584656, 0.5919405817985535, 0.4309821128845215, 0.2743179202079773, 0.5058466196060181]
[0.5418303608894348, 0.5757496356964111, 0.4198268949985504, 0.2576786279678345, 0.5632904171943665]
[0.4701509475708008, 0.5748838782310486, 0.47369885444641113, 0.3258221745491028, 0.5149987936019897]
[0.4134898781776428, 0.537762463092804, 0.4923970401287079, 0.3389730453491211, 0.44806793332099915]
[0.5230429768562317, 0.5598658919334412, 0.4468500018119812, 0.3099227547645569, 0.531983494758606]
[0.5130968689918518, 0.5663527250289917, 0.41196519136428833, 0.2652100622653961, 0.5670267939567566]
[0.5106452107429504, 0.544718861579895, 0.4555951952934265, 0.31225916743278503, 0.5174187421798706]
[0.4557010531425476, 0.5133634805679321, 0.48673856258392334, 0.4340074956417084, 0.5061381459236145]
[0.32245582342147827, 0.5217025279998779, 0.6011194586753845, 0.6232251524925232, 0.4541592299938202]
[0.5315115451812744, 0.5855736136436462, 0.39861738681793213, 0.2707137167453766, 0.5307518839836121]
[0.48307734727859497, 0.5865217447280884, 0.43836110830307007, 0.31073492765426636, 0.4994325637817383]
