1
【屌丝中奖一夜变高富帅 买豪车回单位辞职得瑟】上海青浦区练塘一位20岁出头小伙买彩票，中了6000万，税后4800万。然后，他开着兰博基尼LP700跑车到单位高调辞职，还请全车间吃饭，饭店订30几桌，每人一条熊猫香烟。据说当时厂领导的脸一会红一会绿。屌丝逆袭，一夜变高富帅啊。（猫扑）
[0.5377484560012817, 0.5546503663063049, 0.4534459114074707, 0.2884339690208435, 0.5522717237472534]
[0.4239566922187805, 0.541971743106842, 0.47025689482688904, 0.36416542530059814, 0.473558634519577]
[0.4975355267524719, 0.5387639999389648, 0.43811431527137756, 0.2945483326911926, 0.4993947446346283]
[0.5354865789413452, 0.5888907313346863, 0.41922876238822937, 0.2605830132961273, 0.5253303050994873]
[0.44786354899406433, 0.5321873426437378, 0.45376548171043396, 0.3382342755794525, 0.4637851417064667]
[0.5208462476730347, 0.555853545665741, 0.4379618763923645, 0.2966184914112091, 0.5164661407470703]
[0.4815685451030731, 0.5704625844955444, 0.43853235244750977, 0.29560697078704834, 0.46366429328918457]
[0.45524418354034424, 0.5893362164497375, 0.4467070996761322, 0.2794420123100281, 0.4906293451786041]
[0.6384454965591431, 0.5321692228317261, 0.44180193543434143, 0.31586316227912903, 0.6112725138664246]
[0.3879128396511078, 0.5287989377975464, 0.49912819266319275, 0.3873259127140045, 0.44940558075904846]
[0.5585727095603943, 0.6033990383148193, 0.4125964045524597, 0.2530871033668518, 0.5679294466972351]
[0.3056179881095886, 0.5190735459327698, 0.502311646938324, 0.47695183753967285, 0.4494863748550415]
[0.523248016834259, 0.5903918147087097, 0.4341278076171875, 0.2730090022087097, 0.5328544974327087]
[0.5620900988578796, 0.5942291021347046, 0.419325053691864, 0.2666260004043579, 0.5534039735794067]
[0.5077863931655884, 0.5524774193763733, 0.4444783926010132, 0.2991202771663666, 0.5260893702507019]
[0.4782562553882599, 0.5661914348602295, 0.43921422958374023, 0.28946617245674133, 0.4809021055698395]
[0.5197263956069946, 0.5719828009605408, 0.41825786232948303, 0.2806449234485626, 0.5378912687301636]
[0.41049227118492126, 0.5737622380256653, 0.41453424096107483, 0.2726047933101654, 0.47297403216362]
[0.5074755549430847, 0.5744354128837585, 0.4230654537677765, 0.29686239361763, 0.5299341678619385]
[0.5198972225189209, 0.5814624428749084, 0.4274238348007202, 0.2775104343891144, 0.5442565679550171]
[0.5620900988578796, 0.5942291021347046, 0.419325053691864, 0.2666260004043579, 0.5534039735794067]
[0.5436407327651978, 0.5520827174186707, 0.42748507857322693, 0.27972233295440674, 0.5466098189353943]
[0.5249866843223572, 0.5894585251808167, 0.4087333679199219, 0.26819366216659546, 0.5474106669425964]
[0.5596391558647156, 0.6096941232681274, 0.42277002334594727, 0.2654418647289276, 0.5375761985778809]
[0.47891533374786377, 0.5688909888267517, 0.4616212844848633, 0.2906021177768707, 0.49316635727882385]
[0.47820767760276794, 0.5528184771537781, 0.4595959484577179, 0.35575881600379944, 0.5149763822555542]
[0.5445050001144409, 0.5857556462287903, 0.40028634667396545, 0.2715148329734802, 0.5401042103767395]
[0.47367557883262634, 0.5350078344345093, 0.48097410798072815, 0.37746939063072205, 0.4908665418624878]
[0.6232807040214539, 0.5782052874565125, 0.36599957942962646, 0.2615821063518524, 0.595722496509552]
[0.5172679424285889, 0.5785378813743591, 0.4207283556461334, 0.27045515179634094, 0.555195689201355]
[0.5423590540885925, 0.5929710865020752, 0.4228568971157074, 0.2804340720176697, 0.5587366223335266]
[0.5378450155258179, 0.5650351643562317, 0.4163004457950592, 0.28516581654548645, 0.5378955006599426]
[0.4729340970516205, 0.5500357747077942, 0.4545864760875702, 0.35995107889175415, 0.5026741623878479]
[0.47961902618408203, 0.5710545182228088, 0.4493151605129242, 0.32793423533439636, 0.4981437921524048]
[0.5359990000724792, 0.5864332914352417, 0.4171929657459259, 0.260952889919281, 0.5506255030632019]
[0.5260142683982849, 0.6009833812713623, 0.4200855791568756, 0.2605200707912445, 0.5512116551399231]
[0.4839021861553192, 0.563106119632721, 0.4328775703907013, 0.3078575134277344, 0.514752209186554]
[0.5103840827941895, 0.575300395488739, 0.42304182052612305, 0.2965741753578186, 0.5128836631774902]
[0.5149213075637817, 0.5745115280151367, 0.4294396936893463, 0.2818833291530609, 0.5206738114356995]
[0.430734246969223, 0.5529069304466248, 0.4720272123813629, 0.3277209997177124, 0.4913327693939209]
[0.47781381011009216, 0.5650002360343933, 0.45316293835639954, 0.3130226135253906, 0.48370110988616943]
[0.47011616826057434, 0.5302664041519165, 0.4737682044506073, 0.34665361046791077, 0.48805537819862366]
[0.49459272623062134, 0.593308687210083, 0.4365106225013733, 0.302816778421402, 0.5133175253868103]
[0.48379552364349365, 0.5937032699584961, 0.41920071840286255, 0.2830924987792969, 0.4925927221775055]
[0.47225794196128845, 0.5480511784553528, 0.438155859708786, 0.3355904519557953, 0.5040968656539917]
[0.5322007536888123, 0.5801559090614319, 0.43354690074920654, 0.30513015389442444, 0.5499067902565002]
[0.4828309714794159, 0.5387356281280518, 0.4502093195915222, 0.33291488885879517, 0.48564082384109497]
[0.3927760422229767, 0.5353304743766785, 0.442298948764801, 0.320203572511673, 0.455865740776062]
[0.4714109003543854, 0.5585753321647644, 0.4334025979042053, 0.3134464621543884, 0.49433261156082153]
[0.5658982992172241, 0.5202699899673462, 0.44190070033073425, 0.28160983324050903, 0.5875887274742126]
[0.42821988463401794, 0.5504764318466187, 0.44471144676208496, 0.2881714105606079, 0.4579571485519409]
[0.3242242634296417, 0.5321041345596313, 0.47558069229125977, 0.38247784972190857, 0.4093867242336273]
[0.5534743070602417, 0.5836066603660583, 0.40017959475517273, 0.26728177070617676, 0.5528309345245361]
[0.36306875944137573, 0.5451125502586365, 0.43933528661727905, 0.31389331817626953, 0.4269064664840698]
[0.43997281789779663, 0.567802369594574, 0.45411065220832825, 0.3160842955112457, 0.48672962188720703]
[0.49470022320747375, 0.5782608389854431, 0.4333115220069885, 0.3018360137939453, 0.4940265417098999]
[0.5053690671920776, 0.5770865082740784, 0.4234728217124939, 0.26742568612098694, 0.5389273762702942]
[0.47875186800956726, 0.5899829864501953, 0.43297386169433594, 0.30162179470062256, 0.4955190420150757]
[0.40866222977638245, 0.5291868448257446, 0.4866311550140381, 0.3679364323616028, 0.4549854099750519]
[0.46815764904022217, 0.5847287774085999, 0.4390603005886078, 0.3281365931034088, 0.516424298286438]
[0.45922520756721497, 0.5570414066314697, 0.42950356006622314, 0.3029324412345886, 0.5020784139633179]
[0.4395931363105774, 0.5749927759170532, 0.4655901789665222, 0.33980223536491394, 0.4732204079627991]
[0.5582322478294373, 0.5615037083625793, 0.41163399815559387, 0.2963177561759949, 0.5289644598960876]
[0.3631642758846283, 0.5283474922180176, 0.4786909520626068, 0.36011937260627747, 0.4171702563762665]
[0.5675005316734314, 0.5955690145492554, 0.40575820207595825, 0.25411516427993774, 0.5487556457519531]
[0.491435706615448, 0.5634840130805969, 0.46282291412353516, 0.30246657133102417, 0.48291897773742676]
[0.563720166683197, 0.5610276460647583, 0.40157169103622437, 0.2865610122680664, 0.5403226017951965]
[0.5193524360656738, 0.557942807674408, 0.4505040943622589, 0.3516407310962677, 0.5138174891471863]
[0.5078968405723572, 0.5660549402236938, 0.43515336513519287, 0.31668713688850403, 0.49702587723731995]
[0.5172679424285889, 0.5785378813743591, 0.4207283556461334, 0.27045515179634094, 0.555195689201355]
[0.5107005834579468, 0.5730130672454834, 0.41474810242652893, 0.2929516136646271, 0.5219047665596008]
[0.4937191903591156, 0.5896794199943542, 0.4178791046142578, 0.2847837209701538, 0.5229591727256775]
[0.4671681523323059, 0.5750332474708557, 0.4215148389339447, 0.29252195358276367, 0.489638090133667]
[0.49743467569351196, 0.5510470271110535, 0.4893661141395569, 0.2866469621658325, 0.5327721834182739]
[0.46209973096847534, 0.560062825679779, 0.42035165429115295, 0.27489611506462097, 0.4754510223865509]
[0.5365638136863708, 0.5816769599914551, 0.4214255213737488, 0.27678367495536804, 0.5573482513427734]
[0.5073218941688538, 0.5798192620277405, 0.4243485927581787, 0.3250991404056549, 0.5388886332511902]
[0.5244597792625427, 0.5673940777778625, 0.42901942133903503, 0.28732484579086304, 0.508772611618042]
[0.5316293835639954, 0.5776978135108948, 0.4441455006599426, 0.2923584282398224, 0.5343380570411682]
[0.4882412254810333, 0.5797877311706543, 0.439382404088974, 0.2994617521762848, 0.5156060457229614]
[0.49830666184425354, 0.550398051738739, 0.43405699729919434, 0.3152359127998352, 0.5104492902755737]
[0.5741896629333496, 0.5928956866264343, 0.4096674919128418, 0.26018762588500977, 0.5691772103309631]
[0.476703017950058, 0.5726352334022522, 0.44544076919555664, 0.32992878556251526, 0.47546812891960144]
[0.41175997257232666, 0.5842848420143127, 0.4402930736541748, 0.27596911787986755, 0.4740660488605499]
[0.48644161224365234, 0.5601977109909058, 0.4205318093299866, 0.282252699136734, 0.4901305139064789]
[0.4035619795322418, 0.5630075931549072, 0.43835076689720154, 0.29424363374710083, 0.4609862267971039]
[0.5114198923110962, 0.590908944606781, 0.42923521995544434, 0.2746851146221161, 0.5149784684181213]
[0.31990480422973633, 0.534637987613678, 0.5022687315940857, 0.3851413428783417, 0.4217126667499542]
[0.49603673815727234, 0.5477341413497925, 0.42664480209350586, 0.2969922125339508, 0.489736944437027]
[0.4888731837272644, 0.5614363551139832, 0.4535311460494995, 0.2915157377719879, 0.5302982926368713]
[0.5468288660049438, 0.5912902355194092, 0.413615882396698, 0.2616507411003113, 0.5490807890892029]
[0.4290308356285095, 0.5699431300163269, 0.4414656162261963, 0.30588826537132263, 0.48431551456451416]
[0.5153188705444336, 0.5626304745674133, 0.4244864583015442, 0.3170253038406372, 0.5469146966934204]
[0.5266920924186707, 0.5753980875015259, 0.4155614376068115, 0.2742783725261688, 0.554032027721405]
[0.5069705247879028, 0.5598695874214172, 0.454033225774765, 0.30274805426597595, 0.5075497627258301]
[0.540577232837677, 0.5929621458053589, 0.4074528217315674, 0.2733916938304901, 0.5597308278083801]
[0.4770164489746094, 0.5561914443969727, 0.44000181555747986, 0.30004167556762695, 0.49360790848731995]
[0.49233266711235046, 0.5661886930465698, 0.4249783754348755, 0.3117634057998657, 0.5049411058425903]
[0.5078953504562378, 0.5735658407211304, 0.44457143545150757, 0.3157181441783905, 0.5366060137748718]
[0.529086709022522, 0.5695112347602844, 0.40358424186706543, 0.2642664611339569, 0.5531170964241028]
[0.5087924003601074, 0.5677638053894043, 0.43791094422340393, 0.28678470849990845, 0.546861469745636]
