1
40分钟的生命权值多少钱？美国一死囚执行死刑前，照例大吃一顿。这家伙吃了大餐还喝了红酒，没想突发脑溢血当场挂了。比执行死刑早死了40分钟。其亲属因此状告监狱：救护不力，明知高血压还让喝酒，让死囚丧失了本应享受40分钟的美好生命。官司赢了。40分钟的价值是350万美元。
[0.5161410570144653, 0.5354247093200684, 0.4606303870677948, 0.33080577850341797, 0.5238094925880432]
[0.3664727509021759, 0.554492712020874, 0.4789113998413086, 0.287409245967865, 0.4113079607486725]
[0.5533390641212463, 0.5809289216995239, 0.39744022488594055, 0.2653857171535492, 0.5494747757911682]
[0.3536585867404938, 0.561711847782135, 0.4298149049282074, 0.27608194947242737, 0.44226711988449097]
[0.45796915888786316, 0.5568928718566895, 0.4316752254962921, 0.2532620131969452, 0.5087961554527283]
[0.4729267954826355, 0.5630981922149658, 0.4410439431667328, 0.3184736371040344, 0.5129926204681396]
[0.4848213493824005, 0.5834701061248779, 0.4251655340194702, 0.2713945806026459, 0.5151329040527344]
[0.5630980730056763, 0.582516610622406, 0.3873172402381897, 0.2467525601387024, 0.5689592957496643]
[0.5071952939033508, 0.588127851486206, 0.43687954545021057, 0.2776690423488617, 0.5099326968193054]
[0.5818085074424744, 0.5176087617874146, 0.4419042766094208, 0.3041936159133911, 0.5760003924369812]
[0.3920971751213074, 0.5501581430435181, 0.4781254529953003, 0.3560645580291748, 0.4746820628643036]
[0.4955631196498871, 0.5904902815818787, 0.4041239619255066, 0.2576865255832672, 0.5250642895698547]
[0.32210054993629456, 0.5452435612678528, 0.45042532682418823, 0.30940645933151245, 0.4222107529640198]
[0.46775829792022705, 0.5474677681922913, 0.4653191566467285, 0.3491145372390747, 0.44821685552597046]
[0.5159826874732971, 0.5879311561584473, 0.4246066212654114, 0.2653981149196625, 0.5395025610923767]
[0.4825313091278076, 0.5803935527801514, 0.45230862498283386, 0.31167471408843994, 0.5009760856628418]
[0.49563726782798767, 0.5571481585502625, 0.46217888593673706, 0.31032225489616394, 0.5018972754478455]
[0.4162154793739319, 0.5588274598121643, 0.4089496433734894, 0.2900136113166809, 0.4964982569217682]
[0.5070725679397583, 0.5795678496360779, 0.4309682846069336, 0.25872695446014404, 0.538472592830658]
[0.3513955771923065, 0.557442843914032, 0.42990240454673767, 0.2888171374797821, 0.44313305616378784]
[0.422831654548645, 0.569013237953186, 0.419223427772522, 0.28657087683677673, 0.48999154567718506]
[0.49975526332855225, 0.5874056220054626, 0.4230498969554901, 0.27203112840652466, 0.5168728828430176]
[0.41366997361183167, 0.5184518098831177, 0.4632473886013031, 0.3483278453350067, 0.4715740382671356]
[0.45863983035087585, 0.5455048680305481, 0.46201291680336, 0.37171900272369385, 0.4830416738986969]
[0.3888304531574249, 0.5650179386138916, 0.45283836126327515, 0.32081860303878784, 0.4393559396266937]
[0.5249455571174622, 0.5837973952293396, 0.4142966866493225, 0.27048683166503906, 0.561843991279602]
[0.5283104181289673, 0.5460160970687866, 0.4272720515727997, 0.2898181080818176, 0.5537070631980896]
[0.5316144824028015, 0.5301875472068787, 0.46205732226371765, 0.3599533140659332, 0.5414744019508362]
[0.5586649775505066, 0.5610649585723877, 0.4210580289363861, 0.29643434286117554, 0.5555764436721802]
[0.5134544968605042, 0.5786981582641602, 0.4308737516403198, 0.29840537905693054, 0.5023073554039001]
[0.536532998085022, 0.5921871662139893, 0.42390668392181396, 0.28459879755973816, 0.5571747422218323]
[0.3922780156135559, 0.5525395274162292, 0.42716795206069946, 0.28561854362487793, 0.4421968162059784]
[0.5353766679763794, 0.5699443221092224, 0.44272273778915405, 0.2896113097667694, 0.5048241019248962]
[0.49373894929885864, 0.5716575980186462, 0.42915719747543335, 0.29100292921066284, 0.5200625658035278]
[0.42426609992980957, 0.5635848641395569, 0.4517405927181244, 0.3463532030582428, 0.4480230510234833]
[0.46582654118537903, 0.55645751953125, 0.45157289505004883, 0.3244226574897766, 0.5088337659835815]
[0.4840967059135437, 0.5431051850318909, 0.4252032935619354, 0.2746398448944092, 0.4820917844772339]
[0.5060922503471375, 0.5602810382843018, 0.42901211977005005, 0.32791224122047424, 0.5077465772628784]
[0.42628639936447144, 0.5473082661628723, 0.45092499256134033, 0.31681740283966064, 0.46979159116744995]
[0.5083650350570679, 0.562543511390686, 0.42666926980018616, 0.31033891439437866, 0.5465672016143799]
[0.5386559963226318, 0.581346333026886, 0.4089241623878479, 0.25706011056900024, 0.5536859035491943]
[0.4694518446922302, 0.5703734159469604, 0.4240267276763916, 0.29674991965293884, 0.47446855902671814]
[0.4992965757846832, 0.5741594433784485, 0.39891648292541504, 0.2587808072566986, 0.5248592495918274]
[0.4992965757846832, 0.5741594433784485, 0.39891648292541504, 0.2587808072566986, 0.5248592495918274]
[0.44430869817733765, 0.5294489860534668, 0.5035904049873352, 0.4161018431186676, 0.49102866649627686]
[0.5449881553649902, 0.6016616225242615, 0.4238821864128113, 0.25717177987098694, 0.5462769269943237]
[0.412834107875824, 0.5392912030220032, 0.4924556612968445, 0.3449084162712097, 0.459108829498291]
[0.49669378995895386, 0.55740886926651, 0.449314147233963, 0.2875480651855469, 0.5153979659080505]
[0.5034078359603882, 0.5835527777671814, 0.4273393452167511, 0.27142465114593506, 0.5335726737976074]
[0.5011252760887146, 0.5533739328384399, 0.4496121406555176, 0.32621288299560547, 0.5161597728729248]
[0.5647674202919006, 0.5793399214744568, 0.3972880244255066, 0.2677186131477356, 0.5656440258026123]
[0.42604300379753113, 0.5561986565589905, 0.42999109625816345, 0.3193487226963043, 0.486838161945343]
[0.5919333100318909, 0.5663275718688965, 0.3878559172153473, 0.24390169978141785, 0.5771952867507935]
[0.4992965757846832, 0.5741594433784485, 0.39891648292541504, 0.2587808072566986, 0.5248592495918274]
[0.5174927115440369, 0.5469166040420532, 0.4334698021411896, 0.2828305661678314, 0.5341253876686096]
[0.4905903935432434, 0.5460218787193298, 0.4813593924045563, 0.37127742171287537, 0.5196552276611328]
[0.4592682421207428, 0.5293388962745667, 0.5063377022743225, 0.4051735997200012, 0.4737098217010498]
[0.5366401076316833, 0.5784658789634705, 0.4073459208011627, 0.27297303080558777, 0.5633432865142822]
[0.5494848489761353, 0.5664011240005493, 0.39029330015182495, 0.24092982709407806, 0.5777803659439087]
[0.5138764977455139, 0.5674991607666016, 0.43488770723342896, 0.26685893535614014, 0.5002062916755676]
[0.4765070378780365, 0.5426701307296753, 0.4751860201358795, 0.36088237166404724, 0.5030040144920349]
[0.48888343572616577, 0.5773030519485474, 0.44247815012931824, 0.2821737229824066, 0.5208670496940613]
[0.5074566602706909, 0.574286699295044, 0.41368016600608826, 0.2830424904823303, 0.5358322858810425]
[0.5075625777244568, 0.5950610041618347, 0.4384385049343109, 0.28328022360801697, 0.5352710485458374]
[0.4436776638031006, 0.5699735879898071, 0.4369967579841614, 0.2904462218284607, 0.44389984011650085]
[0.5000396370887756, 0.5522680878639221, 0.44522789120674133, 0.2911149263381958, 0.5413332581520081]
[0.6071444153785706, 0.5561358332633972, 0.3788662552833557, 0.26329517364501953, 0.5770642161369324]
[0.46324923634529114, 0.5381050109863281, 0.47032681107521057, 0.39284950494766235, 0.5241749286651611]
[0.5077648758888245, 0.5837794542312622, 0.4386112689971924, 0.29361212253570557, 0.5308875441551208]
[0.5194306373596191, 0.5605531334877014, 0.4609632194042206, 0.3247394263744354, 0.5356877446174622]
[0.47065919637680054, 0.5866885185241699, 0.4312390089035034, 0.24768073856830597, 0.5079573392868042]
[0.49471014738082886, 0.5624216794967651, 0.4251551926136017, 0.29022789001464844, 0.5054400563240051]
[0.5579260587692261, 0.5737617015838623, 0.40325984358787537, 0.2536592483520508, 0.5740529894828796]
[0.5430306196212769, 0.5641253590583801, 0.39689546823501587, 0.28329703211784363, 0.545342743396759]
[0.5570239424705505, 0.5964779853820801, 0.4103700816631317, 0.24574771523475647, 0.5581566691398621]
[0.49103567004203796, 0.5631964802742004, 0.44600677490234375, 0.30415552854537964, 0.5198290348052979]
[0.5057758688926697, 0.5723085999488831, 0.43198660016059875, 0.2723400890827179, 0.5547739267349243]
[0.4107362627983093, 0.564221203327179, 0.4363790452480316, 0.2916516661643982, 0.464824914932251]
[0.5102142095565796, 0.516493022441864, 0.5158373713493347, 0.4116232395172119, 0.48363468050956726]
[0.46272140741348267, 0.5709752440452576, 0.41886669397354126, 0.2628573775291443, 0.5064839124679565]
[0.5354865789413452, 0.5888907313346863, 0.41922876238822937, 0.2605830132961273, 0.5253303050994873]
[0.48295992612838745, 0.5517000555992126, 0.4733770787715912, 0.31136515736579895, 0.4973740875720978]
[0.47619113326072693, 0.5585457682609558, 0.45142000913619995, 0.32372748851776123, 0.5089890956878662]
[0.42078837752342224, 0.54203861951828, 0.5053625106811523, 0.3743714392185211, 0.47614455223083496]
[0.5551948547363281, 0.57001793384552, 0.42737722396850586, 0.28417766094207764, 0.5742769837379456]
[0.4593704640865326, 0.5486158132553101, 0.42916592955589294, 0.30344274640083313, 0.4779360294342041]
[0.5059245824813843, 0.5765551328659058, 0.4250810444355011, 0.28481581807136536, 0.5317521095275879]
