1
一种最新骗术 请大家一定要看看，并引起警惕： 一.近日，社会上出现了一种最新骗术，骗子具体操作的程序是：自称快递公司人员先给诸位打电话(随机)，告诉你有快递物品，但由于天气潮湿看不清你具体地址、姓名，只知道电话，请你提供地址、姓名，然后真有快递公...
[0.5110036134719849, 0.5264009833335876, 0.5340714454650879, 0.4756779968738556, 0.5747684836387634]
[0.5464699864387512, 0.5830761194229126, 0.40988126397132874, 0.28094345331192017, 0.5588476061820984]
[0.507106602191925, 0.5313785076141357, 0.46790486574172974, 0.32991665601730347, 0.5301026105880737]
[0.5740097165107727, 0.5890633463859558, 0.39028415083885193, 0.2554314434528351, 0.5727452039718628]
[0.4618751108646393, 0.5345757603645325, 0.48107969760894775, 0.37017348408699036, 0.5045204758644104]
[0.5167646408081055, 0.5892900824546814, 0.43205246329307556, 0.27814891934394836, 0.5488680005073547]
[0.4549754858016968, 0.5880573987960815, 0.4444543421268463, 0.30614495277404785, 0.4842345416545868]
[0.47620832920074463, 0.5844387412071228, 0.44048991799354553, 0.2737399637699127, 0.5229931473731995]
[0.4842533767223358, 0.537151038646698, 0.4760981798171997, 0.3578425645828247, 0.500877320766449]
[0.5490797758102417, 0.5798353552818298, 0.3897174000740051, 0.26854458451271057, 0.5592461228370667]
[0.5628999471664429, 0.586017370223999, 0.395693838596344, 0.2727075219154358, 0.5524863600730896]
[0.42326295375823975, 0.5726231932640076, 0.4363365173339844, 0.2885419428348541, 0.46195968985557556]
[0.4238707721233368, 0.5450465679168701, 0.4684831202030182, 0.3163094222545624, 0.47906070947647095]
[0.5006476044654846, 0.5672902464866638, 0.4307346045970917, 0.3181290328502655, 0.5247780680656433]
[0.5692790150642395, 0.6046239137649536, 0.4112240970134735, 0.25323522090911865, 0.5667697191238403]
[0.5338014960289001, 0.6059330701828003, 0.43401432037353516, 0.2748235762119293, 0.5444462299346924]
[0.46725669503211975, 0.5549760460853577, 0.44827499985694885, 0.309109628200531, 0.48194658756256104]
[0.46462565660476685, 0.5300527811050415, 0.48794567584991455, 0.4008176624774933, 0.4831666052341461]
[0.5438017845153809, 0.5942021012306213, 0.41521143913269043, 0.26803213357925415, 0.5571514964103699]
[0.5282785296440125, 0.5778140425682068, 0.39977261424064636, 0.27586829662323, 0.5305712223052979]
[0.5197715163230896, 0.5761057734489441, 0.43542197346687317, 0.28798505663871765, 0.5542406439781189]
[0.5055140852928162, 0.551094114780426, 0.4741046130657196, 0.36723050475120544, 0.5245910286903381]
[0.5318132042884827, 0.5285963416099548, 0.46445658802986145, 0.36740317940711975, 0.5370475053787231]
[0.5249018669128418, 0.5912196040153503, 0.4302786588668823, 0.2758256196975708, 0.5400189757347107]
[0.5007697939872742, 0.5850712060928345, 0.4347212016582489, 0.2829512357711792, 0.5459826588630676]
[0.4618751108646393, 0.5345757603645325, 0.48107969760894775, 0.37017348408699036, 0.5045204758644104]
[0.524684488773346, 0.5724589824676514, 0.425298273563385, 0.30288082361221313, 0.5233789086341858]
[0.5441853404045105, 0.5503485202789307, 0.4306020140647888, 0.2929267883300781, 0.5710210204124451]
[0.5708085298538208, 0.5599812269210815, 0.4329553246498108, 0.27856725454330444, 0.560920238494873]
[0.45450568199157715, 0.5682200789451599, 0.42667335271835327, 0.2675492465496063, 0.4992285966873169]
[0.4618751108646393, 0.5345757603645325, 0.48107969760894775, 0.37017348408699036, 0.5045204758644104]
[0.5704643130302429, 0.5511837005615234, 0.44914039969444275, 0.3014816343784332, 0.5526847243309021]
[0.5743221044540405, 0.5569736361503601, 0.39169999957084656, 0.27670982480049133, 0.5914579629898071]
[0.38084888458251953, 0.5723817348480225, 0.4537689983844757, 0.2887296676635742, 0.4711882770061493]
[0.49393680691719055, 0.586613655090332, 0.4225727319717407, 0.2750658392906189, 0.5330691933631897]
[0.45592808723449707, 0.5678882598876953, 0.44224655628204346, 0.2889738976955414, 0.474724680185318]
[0.5156659483909607, 0.5513285398483276, 0.43172866106033325, 0.3027094900608063, 0.5413188338279724]
[0.5127238631248474, 0.5765990614891052, 0.4269156754016876, 0.2934665381908417, 0.5322152972221375]
[0.4618751108646393, 0.5345757603645325, 0.48107969760894775, 0.37017348408699036, 0.5045204758644104]
[0.34365716576576233, 0.5284938812255859, 0.4524490535259247, 0.3384968936443329, 0.43388500809669495]
[0.44526177644729614, 0.5782157182693481, 0.43330898880958557, 0.3055168688297272, 0.4906873404979706]
[0.5325873494148254, 0.5880876183509827, 0.42129048705101013, 0.2533036768436432, 0.5475322008132935]
[0.5229612588882446, 0.5635940432548523, 0.4381641447544098, 0.268402636051178, 0.4950576424598694]
[0.39318525791168213, 0.5718615055084229, 0.4305303394794464, 0.2862958312034607, 0.4597201347351074]
[0.5255823731422424, 0.5823157429695129, 0.43111321330070496, 0.2745870053768158, 0.5534901022911072]
[0.4889334738254547, 0.5718211531639099, 0.45270484685897827, 0.31306055188179016, 0.5339516401290894]
[0.5453706383705139, 0.5567046999931335, 0.41076964139938354, 0.2796655297279358, 0.5440793633460999]
[0.5136867761611938, 0.5584197044372559, 0.43095633387565613, 0.32235589623451233, 0.5246196389198303]
[0.5040035247802734, 0.5719863772392273, 0.43091994524002075, 0.27657848596572876, 0.5261465907096863]
[0.5395882725715637, 0.5842400789260864, 0.4150314927101135, 0.26164790987968445, 0.5529284477233887]
[0.42911359667778015, 0.5583806037902832, 0.4441983699798584, 0.3178548216819763, 0.47514215111732483]
[0.42426609992980957, 0.5635848641395569, 0.4517405927181244, 0.3463532030582428, 0.4480230510234833]
[0.49754849076271057, 0.5772351622581482, 0.44708701968193054, 0.27292829751968384, 0.5393388867378235]
[0.4618751108646393, 0.5345757603645325, 0.48107969760894775, 0.37017348408699036, 0.5045204758644104]
[0.31023186445236206, 0.5366143584251404, 0.44303739070892334, 0.31357425451278687, 0.42863228917121887]
[0.6170532703399658, 0.5733469128608704, 0.3637846112251282, 0.23596981167793274, 0.604293167591095]
[0.4894007742404938, 0.5794863700866699, 0.42420515418052673, 0.2848251163959503, 0.5520039200782776]
[0.49448850750923157, 0.5578631162643433, 0.43018123507499695, 0.32451990246772766, 0.4835584759712219]
[0.47159165143966675, 0.5814562439918518, 0.4314822256565094, 0.3037547171115875, 0.4885098934173584]
[0.4864625632762909, 0.5506798028945923, 0.44668149948120117, 0.36382588744163513, 0.4951046109199524]
[0.4618751108646393, 0.5345757603645325, 0.48107969760894775, 0.37017348408699036, 0.5045204758644104]
[0.5216842293739319, 0.5314907431602478, 0.49029970169067383, 0.38999825716018677, 0.5422180891036987]
[0.5667257905006409, 0.5784293413162231, 0.396442174911499, 0.2749353051185608, 0.5736202001571655]
[0.4618751108646393, 0.5345757603645325, 0.48107969760894775, 0.37017348408699036, 0.5045204758644104]
[0.4618751108646393, 0.5345757603645325, 0.48107969760894775, 0.37017348408699036, 0.5045204758644104]
[0.5280057787895203, 0.5865489840507507, 0.4341919720172882, 0.2782439887523651, 0.5679513216018677]
[0.6107586622238159, 0.5537607669830322, 0.3782443702220917, 0.23133978247642517, 0.6128484010696411]
[0.5399293303489685, 0.5797680616378784, 0.4112134575843811, 0.27817097306251526, 0.5489131808280945]
[0.5270694494247437, 0.5791890621185303, 0.41043633222579956, 0.2781970202922821, 0.5434806942939758]
[0.41961461305618286, 0.5787553191184998, 0.4295509159564972, 0.2799053490161896, 0.483796089887619]
[0.4081968665122986, 0.5289918780326843, 0.45636433362960815, 0.29251980781555176, 0.4714544415473938]
[0.5312944054603577, 0.5666593909263611, 0.4026016592979431, 0.247733935713768, 0.5573481917381287]
[0.47616031765937805, 0.5634416937828064, 0.4339141547679901, 0.3089621663093567, 0.47728464007377625]
[0.4446963667869568, 0.5578733086585999, 0.41460084915161133, 0.29027754068374634, 0.49969810247421265]
[0.42911359667778015, 0.5583806037902832, 0.4441983699798584, 0.3178548216819763, 0.47514215111732483]
[0.5094335675239563, 0.5740137100219727, 0.43430033326148987, 0.30055809020996094, 0.5279743671417236]
[0.4175124764442444, 0.5514823794364929, 0.4472704231739044, 0.33364546298980713, 0.4751618504524231]
[0.4618751108646393, 0.5345757603645325, 0.48107969760894775, 0.37017348408699036, 0.5045204758644104]
[0.46578550338745117, 0.5499003529548645, 0.49658796191215515, 0.34555286169052124, 0.5336436629295349]
[0.5219535231590271, 0.5802385807037354, 0.4479781687259674, 0.3006059527397156, 0.5504159331321716]
[0.5185933113098145, 0.5886591672897339, 0.41420748829841614, 0.28358691930770874, 0.5321028828620911]
[0.416271448135376, 0.5763152837753296, 0.4356174170970917, 0.290353387594223, 0.4663355350494385]
[0.43153077363967896, 0.5632606744766235, 0.45881158113479614, 0.32153576612472534, 0.46927574276924133]
[0.43928033113479614, 0.5755216479301453, 0.43812182545661926, 0.28464990854263306, 0.4676651954650879]
[0.5542593002319336, 0.5336625576019287, 0.4207727015018463, 0.3006865382194519, 0.5438835024833679]
[0.5472017526626587, 0.5844671726226807, 0.3997006118297577, 0.26624929904937744, 0.5631170272827148]
[0.470943421125412, 0.5467168688774109, 0.46489325165748596, 0.34264692664146423, 0.5075345635414124]
[0.4648353159427643, 0.5774261355400085, 0.4553278088569641, 0.3049662411212921, 0.4719025790691376]
[0.4811740815639496, 0.5552386045455933, 0.4248329997062683, 0.28758126497268677, 0.5088947415351868]
[0.5259047150611877, 0.5843453407287598, 0.4179695248603821, 0.28406715393066406, 0.5438671708106995]
[0.4144135117530823, 0.5210179686546326, 0.45336201786994934, 0.29895859956741333, 0.4816751182079315]
[0.4487622082233429, 0.5716210603713989, 0.4600348174571991, 0.3031274080276489, 0.45275557041168213]
[0.56781405210495, 0.5705479383468628, 0.4049586355686188, 0.2576432526111603, 0.5663294196128845]
[0.47991329431533813, 0.5604851841926575, 0.4170841872692108, 0.2707444429397583, 0.5354541540145874]
[0.3734871447086334, 0.5238283276557922, 0.5071768164634705, 0.4659458100795746, 0.453725129365921]
[0.4833800196647644, 0.5736963152885437, 0.45221421122550964, 0.30100929737091064, 0.5046108961105347]
[0.4849516451358795, 0.5326828956604004, 0.4752163887023926, 0.3328463137149811, 0.49712273478507996]
[0.4860062599182129, 0.5847538113594055, 0.42435747385025024, 0.25989794731140137, 0.5238702297210693]
[0.4272156357765198, 0.53395015001297, 0.4721047282218933, 0.3269267678260803, 0.48034706711769104]
[0.4482998251914978, 0.5698777437210083, 0.427691787481308, 0.30853480100631714, 0.48475882411003113]
[0.5354881882667542, 0.591437041759491, 0.4081227779388428, 0.2587003707885742, 0.5532125234603882]
