1
今天2013年5月17日早上区伯路过豪贤路肉菜市场门口，看到一辆警车前后号牌都用“武警特勤”牌子遮盖住。警车也遮挡车牌？于是区伯上前质问司机，再细看，原来是一辆公车假冒“武警特勤”车。司机是中国银行领导张振龙，被遮盖的原车牌粤A06888，于是区伯马上报警，广东电视台也到场采访。
[0.5108222365379333, 0.4805834889411926, 0.5625225305557251, 0.4758644998073578, 0.5415105223655701]
[0.5219565033912659, 0.584362268447876, 0.43366506695747375, 0.27347856760025024, 0.5615707635879517]
[0.5183553695678711, 0.5944989919662476, 0.44564560055732727, 0.31801262497901917, 0.542900800704956]
[0.4902983605861664, 0.5322501063346863, 0.4457972049713135, 0.3110121786594391, 0.5120234489440918]
[0.48585426807403564, 0.570534348487854, 0.43333420157432556, 0.307087242603302, 0.5397664308547974]
[0.516839325428009, 0.580325186252594, 0.43149900436401367, 0.27986323833465576, 0.53092360496521]
[0.5337364077568054, 0.5401671528816223, 0.42589765787124634, 0.29772815108299255, 0.5294904708862305]
[0.5400903820991516, 0.5835076570510864, 0.4344645142555237, 0.26322659850120544, 0.5375416874885559]
[0.48160359263420105, 0.5659775733947754, 0.45727571845054626, 0.34215274453163147, 0.49133041501045227]
[0.296150803565979, 0.5416223406791687, 0.4754604697227478, 0.4034160077571869, 0.409216046333313]
[0.5164808630943298, 0.5616293549537659, 0.4334513247013092, 0.30054575204849243, 0.5072494149208069]
[0.6412634253501892, 0.517095148563385, 0.4042149484157562, 0.2755689322948456, 0.609194815158844]
[0.5762239098548889, 0.5528755784034729, 0.4096228778362274, 0.26579806208610535, 0.5653629302978516]
[0.3536585867404938, 0.561711847782135, 0.4298149049282074, 0.27608194947242737, 0.44226711988449097]
[0.531284511089325, 0.5723587870597839, 0.42649802565574646, 0.274392694234848, 0.5359756946563721]
[0.47895514965057373, 0.5565573573112488, 0.43682852387428284, 0.294350266456604, 0.4989244341850281]
[0.47578397393226624, 0.5636796951293945, 0.43551626801490784, 0.3114088177680969, 0.5250346660614014]
[0.5232692956924438, 0.5784860849380493, 0.4534614086151123, 0.27980345487594604, 0.5621083974838257]
[0.4684475362300873, 0.5509688258171082, 0.4614376425743103, 0.2890453338623047, 0.5001448392868042]
[0.43201908469200134, 0.536494255065918, 0.4771638810634613, 0.36332792043685913, 0.49471405148506165]
[0.5298740863800049, 0.5701506733894348, 0.43955349922180176, 0.26443374156951904, 0.5030655860900879]
[0.49844735860824585, 0.5493603348731995, 0.4384813606739044, 0.306117445230484, 0.5090131163597107]
[0.4132881164550781, 0.5096253156661987, 0.46462926268577576, 0.3252355456352234, 0.4548591077327728]
[0.4244384467601776, 0.5128688812255859, 0.5532811284065247, 0.4289505183696747, 0.48169049620628357]
[0.47476351261138916, 0.5762531161308289, 0.4259510338306427, 0.29393431544303894, 0.48880240321159363]
[0.5343207120895386, 0.5744152069091797, 0.4091406762599945, 0.2711288630962372, 0.5308492183685303]
[0.4807387888431549, 0.5580005645751953, 0.46178027987480164, 0.35712310671806335, 0.5025686025619507]
[0.5359337329864502, 0.5611745715141296, 0.44017505645751953, 0.3015812635421753, 0.5421873927116394]
[0.46860915422439575, 0.5463913679122925, 0.4577076733112335, 0.33187925815582275, 0.4836263954639435]
[0.4976072907447815, 0.5633792877197266, 0.44085970520973206, 0.27576974034309387, 0.5435205698013306]
[0.4518873989582062, 0.5635318160057068, 0.45322200655937195, 0.3221920430660248, 0.5064815282821655]
[0.5068414807319641, 0.5124142169952393, 0.478767991065979, 0.3625914752483368, 0.5108200907707214]
[0.48915594816207886, 0.5031909942626953, 0.44829320907592773, 0.29642432928085327, 0.48687922954559326]
[0.5423837304115295, 0.5790666341781616, 0.43212035298347473, 0.30931591987609863, 0.5704584717750549]
[0.42461177706718445, 0.5591132044792175, 0.4543054401874542, 0.29182714223861694, 0.4474290907382965]
[0.46157413721084595, 0.5703797936439514, 0.4461284279823303, 0.3114168643951416, 0.5215666890144348]
[0.5289527773857117, 0.5704766511917114, 0.4340936541557312, 0.2988382875919342, 0.5315029621124268]
[0.4984135329723358, 0.5471338033676147, 0.4861859083175659, 0.3757844567298889, 0.5378608107566833]
[0.4976142644882202, 0.5618993639945984, 0.45244354009628296, 0.31713274121284485, 0.5229319930076599]
[0.4955589473247528, 0.5318689346313477, 0.5050873756408691, 0.4167555868625641, 0.541575014591217]
[0.5449671149253845, 0.5612027049064636, 0.4212628901004791, 0.27724698185920715, 0.5624514818191528]
[0.5687875151634216, 0.5820985436439514, 0.3990474045276642, 0.2607233226299286, 0.5621365308761597]
[0.45223304629325867, 0.5738608837127686, 0.4291685223579407, 0.2972610592842102, 0.5167478919029236]
[0.5043357014656067, 0.535504937171936, 0.4817998707294464, 0.3125306963920593, 0.5367732048034668]
[0.4356352388858795, 0.5273386836051941, 0.570932149887085, 0.4970613420009613, 0.47325950860977173]
[0.5448139309883118, 0.5790286064147949, 0.39764204621315, 0.2552369236946106, 0.5597991943359375]
[0.5228258967399597, 0.5825730562210083, 0.4320487678050995, 0.2693933844566345, 0.5347049236297607]
[0.45418086647987366, 0.5137673020362854, 0.47539013624191284, 0.35970357060432434, 0.4839213490486145]
[0.5339213609695435, 0.5632604956626892, 0.4397032856941223, 0.30019059777259827, 0.5578830242156982]
[0.4471864700317383, 0.5413268208503723, 0.47116580605506897, 0.34742438793182373, 0.48079392313957214]
[0.4036882519721985, 0.5469814538955688, 0.4475698173046112, 0.3108645975589752, 0.4568098187446594]
[0.5295373201370239, 0.5555819869041443, 0.43487003445625305, 0.3046155869960785, 0.5359274744987488]
[0.43688490986824036, 0.532913863658905, 0.44236093759536743, 0.2913479804992676, 0.465311199426651]
[0.48081478476524353, 0.5780826210975647, 0.399915486574173, 0.24557435512542725, 0.5264399647712708]
[0.47336676716804504, 0.5636674761772156, 0.4630087912082672, 0.31462886929512024, 0.5375913977622986]
[0.5367952585220337, 0.5487222671508789, 0.45399999618530273, 0.303730309009552, 0.5522619485855103]
[0.3803573548793793, 0.5576052069664001, 0.44626864790916443, 0.2955658435821533, 0.45945659279823303]
[0.5197585821151733, 0.566100001335144, 0.436488538980484, 0.28290843963623047, 0.5030574202537537]
[0.4663401246070862, 0.5398834347724915, 0.463195264339447, 0.35943901538848877, 0.4889392852783203]
[0.5401225090026855, 0.5666221380233765, 0.41985806822776794, 0.27782779932022095, 0.5478025674819946]
[0.5089141130447388, 0.5924988985061646, 0.4450382590293884, 0.29197224974632263, 0.5009135603904724]
[0.3897920548915863, 0.5503759384155273, 0.4569028317928314, 0.30305489897727966, 0.4562912583351135]
[0.43928825855255127, 0.5838341116905212, 0.44275110960006714, 0.2809971272945404, 0.47963806986808777]
[0.5562601089477539, 0.5646242499351501, 0.44395631551742554, 0.3060038685798645, 0.5512341856956482]
[0.46555817127227783, 0.5610799789428711, 0.4627612233161926, 0.3307257890701294, 0.5013801455497742]
[0.4492760896682739, 0.5679006576538086, 0.4513039290904999, 0.2898446023464203, 0.4966280460357666]
[0.4253096282482147, 0.570911169052124, 0.44122517108917236, 0.29563337564468384, 0.4696376621723175]
[0.4523005783557892, 0.5735526084899902, 0.4553384780883789, 0.29455262422561646, 0.5220717787742615]
[0.46157413721084595, 0.5703797936439514, 0.4461284279823303, 0.3114168643951416, 0.5215666890144348]
[0.49703794717788696, 0.5538650751113892, 0.44451433420181274, 0.3212980031967163, 0.5251830220222473]
[0.5381782054901123, 0.5646654367446899, 0.4461776316165924, 0.28006747364997864, 0.551480770111084]
[0.46157413721084595, 0.5703797936439514, 0.4461284279823303, 0.3114168643951416, 0.5215666890144348]
[0.4829966127872467, 0.536017894744873, 0.47931408882141113, 0.35942336916923523, 0.5201124548912048]
[0.4627743065357208, 0.5545578002929688, 0.44882896542549133, 0.3345634937286377, 0.4627445936203003]
[0.5505549907684326, 0.5622336864471436, 0.38764604926109314, 0.2695799171924591, 0.5778459906578064]
[0.5136736035346985, 0.5942835807800293, 0.4013786017894745, 0.2520100176334381, 0.551016628742218]
[0.41471099853515625, 0.560451090335846, 0.4623119533061981, 0.31579849123954773, 0.4711655080318451]
[0.4984009265899658, 0.5623642206192017, 0.4726141393184662, 0.31556370854377747, 0.5174731016159058]
[0.5283941626548767, 0.5458852648735046, 0.42123478651046753, 0.2978433668613434, 0.5454833507537842]
[0.564970850944519, 0.5588170886039734, 0.37651702761650085, 0.2482706606388092, 0.589050829410553]
[0.6157448291778564, 0.558974027633667, 0.38749754428863525, 0.2402142435312271, 0.5790174007415771]
[0.5423892140388489, 0.5923822522163391, 0.4406724274158478, 0.2688212990760803, 0.5488535165786743]
[0.49332135915756226, 0.5244620442390442, 0.4772685766220093, 0.35030096769332886, 0.5021718740463257]
[0.5197221040725708, 0.5832021832466125, 0.4381738007068634, 0.2901379466056824, 0.5318475961685181]
[0.35848477482795715, 0.5371069312095642, 0.446158230304718, 0.2971346080303192, 0.4380952715873718]
[0.43180933594703674, 0.5614739060401917, 0.4464053809642792, 0.2968238294124603, 0.5042313933372498]
[0.5592723488807678, 0.565454363822937, 0.4102210998535156, 0.2713075280189514, 0.571811318397522]
[0.5437049269676208, 0.5781456828117371, 0.4585241675376892, 0.3025650382041931, 0.5546718835830688]
[0.4753810465335846, 0.5444183349609375, 0.4788690507411957, 0.37858888506889343, 0.5006786584854126]
[0.4843723177909851, 0.5870912075042725, 0.44266289472579956, 0.2833625078201294, 0.54624342918396]
[0.4737461507320404, 0.5235466361045837, 0.48646339774131775, 0.40779390931129456, 0.5046433210372925]
[0.4477323293685913, 0.5437394380569458, 0.4835747480392456, 0.3265293538570404, 0.4943643808364868]
[0.4874532222747803, 0.5389481782913208, 0.4774223268032074, 0.30504390597343445, 0.4776562750339508]
[0.5040035247802734, 0.5719863772392273, 0.43091994524002075, 0.27657848596572876, 0.5261465907096863]
[0.5177729725837708, 0.5833643078804016, 0.40603089332580566, 0.2730325162410736, 0.5234096646308899]
[0.31928858160972595, 0.5182647705078125, 0.518805742263794, 0.4381448030471802, 0.4292842745780945]
[0.45459890365600586, 0.548538088798523, 0.46470195055007935, 0.32330793142318726, 0.46381494402885437]
[0.45997676253318787, 0.5681384205818176, 0.4662533700466156, 0.316175639629364, 0.48541393876075745]
[0.5258276462554932, 0.5680229067802429, 0.43652716279029846, 0.2897224724292755, 0.5243127942085266]
[0.385852575302124, 0.5593848824501038, 0.45914506912231445, 0.2989233136177063, 0.4251597821712494]
[0.4526746869087219, 0.5678724646568298, 0.4405807554721832, 0.32179874181747437, 0.5270538330078125]
