1
【一个死囚的40分钟 “天价”生命】54岁的美国死囚乔·哈里斯，应在2012年11月27日下午两点执行死刑，死前最后一餐，这家伙吃了大餐还喝了红酒，没想突发脑溢血当场挂了，早死了40分钟。其亲属因此状告监狱，明知高血压还让喝酒，让他丧失了40分钟的美好生命。最后，官司赢了，亲属获赔350万美元。(转)
[0.4958069920539856, 0.5417917966842651, 0.4714359641075134, 0.3182205557823181, 0.5146986842155457]
[0.5275170207023621, 0.5812045931816101, 0.4027494788169861, 0.2794772684574127, 0.537834107875824]
[0.5449037551879883, 0.5880419611930847, 0.405319482088089, 0.2506299614906311, 0.5659876465797424]
[0.5570239424705505, 0.5964779853820801, 0.4103700816631317, 0.24574771523475647, 0.5581566691398621]
[0.5389440655708313, 0.5943933725357056, 0.4361450970172882, 0.29139354825019836, 0.5585400462150574]
[0.5244597792625427, 0.5673940777778625, 0.42901942133903503, 0.28732484579086304, 0.508772611618042]
[0.48500141501426697, 0.582371175289154, 0.4394066035747528, 0.2787570059299469, 0.48977360129356384]
[0.4498147666454315, 0.5424625873565674, 0.4683321416378021, 0.3545801043510437, 0.4863980710506439]
[0.5799715518951416, 0.5953717827796936, 0.39087656140327454, 0.2357998490333557, 0.5807968378067017]
[0.4782387614250183, 0.5774680972099304, 0.4361068606376648, 0.30212536454200745, 0.4972923696041107]
[0.506532609462738, 0.5959643125534058, 0.4126585125923157, 0.2743836045265198, 0.5137982964515686]
[0.46846815943717957, 0.5958455801010132, 0.42528030276298523, 0.269120991230011, 0.4966481626033783]
[0.4437237083911896, 0.5808864831924438, 0.43781134486198425, 0.27734535932540894, 0.47363385558128357]
[0.3682872951030731, 0.5410106182098389, 0.43682804703712463, 0.29630130529403687, 0.4435845613479614]
[0.5655531883239746, 0.585853099822998, 0.42431116104125977, 0.2546403408050537, 0.5496265292167664]
[0.5506642460823059, 0.5884941220283508, 0.40049904584884644, 0.2701115608215332, 0.5728191137313843]
[0.5507813096046448, 0.5659151673316956, 0.4239531457424164, 0.2792694866657257, 0.5316822528839111]
[0.48483502864837646, 0.5812618136405945, 0.4131922721862793, 0.292397677898407, 0.5287473201751709]
[0.5302290320396423, 0.5636484622955322, 0.4415973424911499, 0.31358519196510315, 0.5221208930015564]
[0.344435453414917, 0.561008095741272, 0.45305731892585754, 0.3143672049045563, 0.45535707473754883]
[0.49997830390930176, 0.5682318806648254, 0.43080875277519226, 0.3026282787322998, 0.5080989599227905]
[0.48971036076545715, 0.5730105638504028, 0.4356529712677002, 0.2894372045993805, 0.5372601747512817]
[0.511427104473114, 0.5780429840087891, 0.412070095539093, 0.2849673330783844, 0.5310189127922058]
[0.4546155631542206, 0.5246842503547668, 0.4896196126937866, 0.3793945908546448, 0.5001105070114136]
[0.4677845537662506, 0.5736998915672302, 0.45831042528152466, 0.31588828563690186, 0.47772085666656494]
[0.4895535707473755, 0.5953130125999451, 0.4371451735496521, 0.2748059332370758, 0.5174365639686584]
[0.4656025171279907, 0.535513699054718, 0.45165565609931946, 0.3370498716831207, 0.4839385449886322]
[0.5144762992858887, 0.5741844773292542, 0.43192529678344727, 0.2342212051153183, 0.5462242960929871]
[0.4876668453216553, 0.5766372084617615, 0.4317322075366974, 0.27193260192871094, 0.5047016143798828]
[0.4568583369255066, 0.5610269904136658, 0.41434934735298157, 0.29172492027282715, 0.4980141520500183]
[0.49555298686027527, 0.570673942565918, 0.4313119649887085, 0.2879068851470947, 0.5146951675415039]
[0.3139108121395111, 0.56053626537323, 0.4509721100330353, 0.2867964208126068, 0.4229436218738556]
[0.5212987661361694, 0.5557661652565002, 0.4206600785255432, 0.2857729196548462, 0.5398920178413391]
[0.44353505969047546, 0.5613297820091248, 0.48638656735420227, 0.33902886509895325, 0.5034090876579285]
[0.41112035512924194, 0.5409196019172668, 0.4353606700897217, 0.2962024211883545, 0.4833654463291168]
[0.47917619347572327, 0.5670273900032043, 0.4488229751586914, 0.28414595127105713, 0.507770299911499]
[0.43083229660987854, 0.5293644666671753, 0.4801968038082123, 0.39700978994369507, 0.4719456732273102]
[0.5020672678947449, 0.5767264366149902, 0.4207337498664856, 0.2996271848678589, 0.5290073156356812]
[0.42648419737815857, 0.5663491487503052, 0.4338742792606354, 0.28974977135658264, 0.4386160671710968]
[0.4766019582748413, 0.5597651600837708, 0.4226956367492676, 0.31283503770828247, 0.50995934009552]
[0.4437237083911896, 0.5808864831924438, 0.43781134486198425, 0.27734535932540894, 0.47363385558128357]
[0.48364734649658203, 0.5591003894805908, 0.4177072048187256, 0.27570778131484985, 0.503136396408081]
[0.4712386131286621, 0.5632691383361816, 0.44004908204078674, 0.27919304370880127, 0.49087730050086975]
[0.5503455400466919, 0.5571154952049255, 0.4528256952762604, 0.2900410592556, 0.5245845317840576]
[0.5362831354141235, 0.5895395874977112, 0.4279981553554535, 0.2850967049598694, 0.5570417642593384]
[0.5307360291481018, 0.5584033131599426, 0.43067222833633423, 0.279143750667572, 0.5429079532623291]
[0.547616720199585, 0.5786662101745605, 0.43001994490623474, 0.268674373626709, 0.5238481163978577]
[0.5104389786720276, 0.5847269892692566, 0.4121115505695343, 0.2854660451412201, 0.5391536951065063]
[0.3841381371021271, 0.5670874118804932, 0.4684964120388031, 0.2871391475200653, 0.45330193638801575]
[0.5084221959114075, 0.5768711566925049, 0.45953884720802307, 0.3109482228755951, 0.524821937084198]
[0.4462945759296417, 0.5611169338226318, 0.45023131370544434, 0.3080548942089081, 0.4621216654777527]
[0.4922310709953308, 0.5638807415962219, 0.4390523433685303, 0.31560173630714417, 0.5182207822799683]
[0.47748851776123047, 0.5623274445533752, 0.4330858588218689, 0.30714938044548035, 0.486088365316391]
[0.48383089900016785, 0.5701316595077515, 0.46101728081703186, 0.3082708716392517, 0.5053424835205078]
[0.5436785817146301, 0.5886371731758118, 0.41524720191955566, 0.26821640133857727, 0.5557015538215637]
[0.5235444903373718, 0.5983839631080627, 0.41967883706092834, 0.276856929063797, 0.5340335965156555]
[0.5133696794509888, 0.5703856348991394, 0.4466290771961212, 0.3214925229549408, 0.5238171815872192]
[0.43867892026901245, 0.5633566975593567, 0.44582006335258484, 0.31585174798965454, 0.4647696018218994]
[0.52777099609375, 0.5749369859695435, 0.4504243731498718, 0.274231880903244, 0.5622520446777344]
[0.47299402952194214, 0.5645948648452759, 0.4263817071914673, 0.2799394428730011, 0.5181923508644104]
[0.5467075109481812, 0.565199077129364, 0.4283920228481293, 0.27381548285484314, 0.5415650606155396]
[0.5269918441772461, 0.6021917462348938, 0.40984365344047546, 0.26103436946868896, 0.5435436367988586]
[0.44529107213020325, 0.5292816162109375, 0.4800350069999695, 0.3197905421257019, 0.5016208291053772]
[0.4688566029071808, 0.5310868620872498, 0.4524393677711487, 0.32585740089416504, 0.49415555596351624]
[0.38006681203842163, 0.5302420258522034, 0.47098180651664734, 0.3727593421936035, 0.4551643431186676]
[0.4899609088897705, 0.5627954006195068, 0.4482001066207886, 0.28958621621131897, 0.5218492746353149]
[0.5241474509239197, 0.5902760028839111, 0.44663873314857483, 0.2767096757888794, 0.5463466048240662]
[0.4345688819885254, 0.5415836572647095, 0.4638959467411041, 0.37635338306427, 0.48578786849975586]
[0.5530368685722351, 0.5873458981513977, 0.4047708809375763, 0.2511056661605835, 0.5569759011268616]
[0.544735312461853, 0.5511903166770935, 0.4166686236858368, 0.28991103172302246, 0.5685645937919617]
[0.511427104473114, 0.5780429840087891, 0.412070095539093, 0.2849673330783844, 0.5310189127922058]
[0.5154115557670593, 0.5711690783500671, 0.42111197113990784, 0.2758770287036896, 0.5468308925628662]
[0.36580824851989746, 0.5343751311302185, 0.47348159551620483, 0.3044992685317993, 0.4217357337474823]
[0.5240795612335205, 0.5555781722068787, 0.4595944583415985, 0.2976846396923065, 0.510613203048706]
[0.49733129143714905, 0.5826816558837891, 0.42001235485076904, 0.28728094696998596, 0.5023945569992065]
[0.5228968262672424, 0.5640769004821777, 0.3945860266685486, 0.23402073979377747, 0.5511568784713745]
[0.48483502864837646, 0.5812618136405945, 0.4131922721862793, 0.292397677898407, 0.5287473201751709]
[0.5322383642196655, 0.5609519481658936, 0.44095587730407715, 0.3176689147949219, 0.5534096360206604]
[0.4740864038467407, 0.5767908096313477, 0.4363957345485687, 0.32298001646995544, 0.5012391209602356]
[0.5378073453903198, 0.5828683972358704, 0.40862664580345154, 0.2647196650505066, 0.5542259216308594]
[0.5149213075637817, 0.5745115280151367, 0.4294396936893463, 0.2818833291530609, 0.5206738114356995]
[0.5275170207023621, 0.5812045931816101, 0.4027494788169861, 0.2794772684574127, 0.537834107875824]
[0.4558931887149811, 0.544950544834137, 0.46477413177490234, 0.31010523438453674, 0.48181524872779846]
[0.49979111552238464, 0.5381529927253723, 0.4658460021018982, 0.41394537687301636, 0.5114427208900452]
[0.4554973542690277, 0.5302706360816956, 0.46304652094841003, 0.3697088360786438, 0.4578496515750885]
[0.4435603618621826, 0.520636796951294, 0.4813893437385559, 0.35272958874702454, 0.4813458025455475]
[0.46242398023605347, 0.5497303605079651, 0.4427764117717743, 0.3290025293827057, 0.513370931148529]
[0.5579781532287598, 0.5953483581542969, 0.40106889605522156, 0.26370561122894287, 0.5576211214065552]
[0.4896993041038513, 0.5631244778633118, 0.42155352234840393, 0.3034141957759857, 0.5158588290214539]
[0.3995826244354248, 0.5573956370353699, 0.4394398629665375, 0.28680625557899475, 0.46686625480651855]
[0.46966564655303955, 0.5313345789909363, 0.48534056544303894, 0.35440757870674133, 0.5074408650398254]
[0.5126198530197144, 0.5889900326728821, 0.41939878463745117, 0.2652363181114197, 0.5324208736419678]
[0.4913967251777649, 0.5520938038825989, 0.4583218991756439, 0.3160833716392517, 0.5082322955131531]
[0.5314833521842957, 0.5148433446884155, 0.47221091389656067, 0.3403277099132538, 0.5032274723052979]
[0.527854323387146, 0.5857251286506653, 0.42558375000953674, 0.27191784977912903, 0.5264109373092651]
[0.37777000665664673, 0.5467885732650757, 0.4744051396846771, 0.3161158263683319, 0.44241318106651306]
[0.3945513963699341, 0.5548064708709717, 0.41621237993240356, 0.2732540965080261, 0.48575982451438904]
[0.5035387873649597, 0.5563686490058899, 0.423427551984787, 0.268514484167099, 0.539272129535675]
[0.5147843360900879, 0.5219781994819641, 0.45786476135253906, 0.33193331956863403, 0.4997713565826416]
[0.5080548524856567, 0.5626911520957947, 0.4378998279571533, 0.2821822166442871, 0.5283585786819458]
[0.4934871196746826, 0.5791851282119751, 0.451715886592865, 0.2970660924911499, 0.4973456561565399]
