1
【全国人民死不瞑目的日子终于要来了】国家卫生计生委表示，正在制定强制性文件，将适时要求全国每一例死亡后捐献器官。 马勒戈壁的，死人都不放过！
[0.518538773059845, 0.5396329164505005, 0.4497479498386383, 0.3169693648815155, 0.5141977667808533]
[0.43928033113479614, 0.5755216479301453, 0.43812182545661926, 0.28464990854263306, 0.4676651954650879]
[0.46886828541755676, 0.5624482035636902, 0.4444451630115509, 0.3225501775741577, 0.5080878734588623]
[0.42594704031944275, 0.540744423866272, 0.4485655426979065, 0.30056092143058777, 0.44547539949417114]
[0.5272536873817444, 0.5871959328651428, 0.40474992990493774, 0.26819518208503723, 0.5187954902648926]
[0.514370322227478, 0.550630509853363, 0.4578242897987366, 0.3287407159805298, 0.5352782607078552]
[0.5591136813163757, 0.5845722556114197, 0.4210648834705353, 0.27248767018318176, 0.5723883509635925]
[0.4073162376880646, 0.5276027321815491, 0.49066102504730225, 0.34517958760261536, 0.47815120220184326]
[0.5161038637161255, 0.5390726327896118, 0.4454810619354248, 0.322224497795105, 0.5086774230003357]
[0.5307958722114563, 0.5854238271713257, 0.4160699248313904, 0.2943494915962219, 0.5304521918296814]
[0.4891722798347473, 0.5927697420120239, 0.45951780676841736, 0.28923022747039795, 0.5128008127212524]
[0.5606778860092163, 0.5473966002464294, 0.42685186862945557, 0.30865445733070374, 0.5414332747459412]
[0.5467073917388916, 0.5670562386512756, 0.4137611985206604, 0.26356202363967896, 0.5436957478523254]
[0.5005630850791931, 0.535652756690979, 0.43492820858955383, 0.3307723104953766, 0.48971325159072876]
[0.41257530450820923, 0.5316244959831238, 0.4907751679420471, 0.3916385769844055, 0.4938884377479553]
[0.5578010082244873, 0.5888190865516663, 0.4264719784259796, 0.26536890864372253, 0.5477771759033203]
[0.5458384156227112, 0.5555903315544128, 0.41137075424194336, 0.29302456974983215, 0.5491526126861572]
[0.5406094193458557, 0.5876453518867493, 0.40422382950782776, 0.2557733952999115, 0.5795103907585144]
[0.5091959834098816, 0.5293111801147461, 0.4478606879711151, 0.35177892446517944, 0.5486254692077637]
[0.4994727075099945, 0.5744608640670776, 0.4584677219390869, 0.34526899456977844, 0.519156277179718]
[0.5438017845153809, 0.5942021012306213, 0.41521143913269043, 0.26803213357925415, 0.5571514964103699]
[0.5824826955795288, 0.5093513131141663, 0.4528157711029053, 0.3245092034339905, 0.555160641670227]
[0.404005229473114, 0.5743637084960938, 0.4407934546470642, 0.29740288853645325, 0.4950970709323883]
[0.37011101841926575, 0.5384838581085205, 0.48530030250549316, 0.3569982349872589, 0.4530511498451233]
[0.49190011620521545, 0.5249193906784058, 0.4736330509185791, 0.3303002119064331, 0.5379491448402405]
[0.4488314688205719, 0.556801438331604, 0.47730931639671326, 0.38902339339256287, 0.49768099188804626]
[0.537937343120575, 0.5748250484466553, 0.4328468441963196, 0.30702435970306396, 0.5234804153442383]
[0.4966379404067993, 0.5705920457839966, 0.46956607699394226, 0.3212334215641022, 0.5208990573883057]
[0.49606218934059143, 0.538776695728302, 0.47960084676742554, 0.39435040950775146, 0.5041221380233765]
[0.4874292016029358, 0.5678041577339172, 0.4458772540092468, 0.3149498701095581, 0.5336855053901672]
[0.5226906538009644, 0.584472119808197, 0.4034516513347626, 0.2692740559577942, 0.5440781712532043]
[0.482806921005249, 0.5405785441398621, 0.470246285200119, 0.30516740679740906, 0.5359653234481812]
[0.5541654825210571, 0.5869578719139099, 0.41715118288993835, 0.26001954078674316, 0.5385347604751587]
[0.506916880607605, 0.5743029713630676, 0.4591647684574127, 0.29950419068336487, 0.5324030518531799]
[0.5033302903175354, 0.5803146362304688, 0.408881276845932, 0.27802973985671997, 0.5186119675636292]
[0.5429577231407166, 0.5254111289978027, 0.4817371368408203, 0.37326133251190186, 0.5352399945259094]
[0.518538773059845, 0.5396329164505005, 0.4497479498386383, 0.3169693648815155, 0.5141977667808533]
[0.47971299290657043, 0.5566110014915466, 0.4554332196712494, 0.32550758123397827, 0.46737930178642273]
[0.5459011197090149, 0.5724068284034729, 0.4400159418582916, 0.2626630961894989, 0.568696141242981]
[0.49389028549194336, 0.5388500690460205, 0.4435286819934845, 0.2925885021686554, 0.4964991807937622]
[0.4192953109741211, 0.5424771308898926, 0.4904002547264099, 0.37912991642951965, 0.4528416097164154]
[0.5774304270744324, 0.6065936088562012, 0.41549786925315857, 0.2480234056711197, 0.5604559779167175]
[0.49697452783584595, 0.5870799422264099, 0.4395873248577118, 0.2728298306465149, 0.516603946685791]
[0.5391624569892883, 0.5790917873382568, 0.4268307089805603, 0.27021324634552, 0.534077525138855]
[0.5201258063316345, 0.5737706422805786, 0.4209195673465729, 0.27095210552215576, 0.5590792298316956]
[0.5675066709518433, 0.5643181800842285, 0.39182859659194946, 0.2822859585285187, 0.5674285888671875]
[0.4487622082233429, 0.5716210603713989, 0.4600348174571991, 0.3031274080276489, 0.45275557041168213]
[0.4768601953983307, 0.529107928276062, 0.48692840337753296, 0.41606757044792175, 0.49818965792655945]
[0.5304099917411804, 0.5727036595344543, 0.4070533812046051, 0.2675112187862396, 0.5582301020622253]
[0.4732459485530853, 0.5417448878288269, 0.46574264764785767, 0.32621103525161743, 0.4783083498477936]
[0.5144858956336975, 0.5717883706092834, 0.42067015171051025, 0.2863813042640686, 0.5411927700042725]
[0.4889892041683197, 0.5502597689628601, 0.45615050196647644, 0.30269908905029297, 0.5054104328155518]
[0.4670726954936981, 0.5483537912368774, 0.46126171946525574, 0.337826669216156, 0.5087347626686096]
[0.5034229159355164, 0.5805166363716125, 0.43478924036026, 0.2991620600223541, 0.49711790680885315]
[0.5733468532562256, 0.5690154433250427, 0.4060244560241699, 0.259243369102478, 0.5706998705863953]
[0.4487622082233429, 0.5716210603713989, 0.4600348174571991, 0.3031274080276489, 0.45275557041168213]
[0.5235133171081543, 0.5638032555580139, 0.4284864664077759, 0.2915617823600769, 0.5340391397476196]
[0.5034229159355164, 0.5805166363716125, 0.43478924036026, 0.2991620600223541, 0.49711790680885315]
[0.42865434288978577, 0.5634572505950928, 0.43069833517074585, 0.28042876720428467, 0.5004327297210693]
[0.41836974024772644, 0.5004540681838989, 0.4989117383956909, 0.3756708800792694, 0.38962334394454956]
[0.4487622082233429, 0.5716210603713989, 0.4600348174571991, 0.3031274080276489, 0.45275557041168213]
[0.48890313506126404, 0.5868116617202759, 0.4236709177494049, 0.27979788184165955, 0.5431965589523315]
[0.48080721497535706, 0.5651177763938904, 0.42661312222480774, 0.2790704369544983, 0.4849536418914795]
[0.5054337382316589, 0.5414698123931885, 0.5090540647506714, 0.410427063703537, 0.552530825138092]
[0.5173253417015076, 0.5403122305870056, 0.47297564148902893, 0.3442591428756714, 0.5318176746368408]
[0.4786727726459503, 0.5263795256614685, 0.5154224038124084, 0.45186713337898254, 0.4894099533557892]
[0.5440280437469482, 0.5187132954597473, 0.46575990319252014, 0.3956163823604584, 0.5413109660148621]
[0.36881691217422485, 0.5638895630836487, 0.4416316747665405, 0.3020051419734955, 0.44637757539749146]
[0.5418303608894348, 0.5757496356964111, 0.4198268949985504, 0.2576786279678345, 0.5632904171943665]
[0.5194922685623169, 0.53753262758255, 0.45982369780540466, 0.3890545070171356, 0.5701315402984619]
[0.4756258428096771, 0.5455913543701172, 0.441445916891098, 0.30991390347480774, 0.5034599304199219]
[0.4861665964126587, 0.532520592212677, 0.4623481333255768, 0.35883966088294983, 0.4968211054801941]
[0.5030720233917236, 0.5720853209495544, 0.4051317870616913, 0.2674673795700073, 0.5161820650100708]
[0.49819183349609375, 0.5695810914039612, 0.4092336595058441, 0.28381651639938354, 0.5330636501312256]
[0.5421946048736572, 0.5825979709625244, 0.4185362458229065, 0.2664710283279419, 0.559908926486969]
[0.48379552364349365, 0.5937032699584961, 0.41920071840286255, 0.2830924987792969, 0.4925927221775055]
[0.501911997795105, 0.5511658191680908, 0.44941607117652893, 0.35303258895874023, 0.5118226408958435]
[0.4501890242099762, 0.5573610663414001, 0.48831072449684143, 0.33011752367019653, 0.4972088932991028]
[0.5841550827026367, 0.5812067985534668, 0.3809305727481842, 0.2417120486497879, 0.5811524391174316]
[0.47198185324668884, 0.5841307044029236, 0.4437454640865326, 0.2725745141506195, 0.5054020285606384]
[0.39155635237693787, 0.5030845999717712, 0.5367280840873718, 0.6043423414230347, 0.5242500901222229]
[0.4487622082233429, 0.5716210603713989, 0.4600348174571991, 0.3031274080276489, 0.45275557041168213]
[0.558908224105835, 0.5515139102935791, 0.40206554532051086, 0.2688277065753937, 0.551923930644989]
[0.4335491955280304, 0.5615463852882385, 0.4716551601886749, 0.3032260835170746, 0.49698111414909363]
[0.44112005829811096, 0.5681872963905334, 0.43921953439712524, 0.3406692445278168, 0.4975079596042633]
[0.4487622082233429, 0.5716210603713989, 0.4600348174571991, 0.3031274080276489, 0.45275557041168213]
[0.3641715943813324, 0.5315800905227661, 0.48531267046928406, 0.3528199791908264, 0.43284034729003906]
[0.37086614966392517, 0.5176318883895874, 0.5130674839019775, 0.4170975685119629, 0.4564351439476013]
[0.4792882204055786, 0.5731759071350098, 0.42456328868865967, 0.2931216359138489, 0.5159851908683777]
[0.5065555572509766, 0.5831555724143982, 0.4049408733844757, 0.24941189587116241, 0.52470463514328]
[0.4679147005081177, 0.5530685782432556, 0.449285089969635, 0.31846433877944946, 0.5024520754814148]
[0.5021103620529175, 0.5812737345695496, 0.4324270486831665, 0.27478641271591187, 0.5337055921554565]
[0.49239784479141235, 0.5402308702468872, 0.43299171328544617, 0.30465149879455566, 0.5222131013870239]
[0.5237284898757935, 0.523816704750061, 0.44870123267173767, 0.3824583888053894, 0.5361113548278809]
[0.5089401006698608, 0.5463426113128662, 0.4486474096775055, 0.3128768503665924, 0.5393074154853821]
[0.3532317280769348, 0.5532936453819275, 0.4369221329689026, 0.30294209718704224, 0.46247223019599915]
[0.47986266016960144, 0.5880082249641418, 0.4293723404407501, 0.2743452191352844, 0.5044422149658203]
[0.4513479173183441, 0.5698292255401611, 0.44774287939071655, 0.30885398387908936, 0.4689747095108032]
[0.5000861883163452, 0.5571258664131165, 0.42019692063331604, 0.29169318079948425, 0.515636682510376]
[0.5785150527954102, 0.5462191700935364, 0.420525461435318, 0.2772364616394043, 0.5425286293029785]
[0.48749208450317383, 0.5580300688743591, 0.43658822774887085, 0.29407498240470886, 0.5253626108169556]
