1
赶紧检查一下你家里的牙膏，如果是黑色条赶紧扔掉！大家買牙膏請留心,买牙膏时注意牙膏管反面底部的颜色条,今天才知道，原来颜色条有含义的，尽量选择绿和蓝，共分4种:绿色:纯天然；蓝色:天然+药物；红色:天然+化学成分；黑色:纯化学。 国内的牙膏包括儿童牙膏居然大多都是化学的，太过分了
[0.5029098987579346, 0.5418480038642883, 0.4980601668357849, 0.3907119035720825, 0.5476502180099487]
[0.4487622082233429, 0.5716210603713989, 0.4600348174571991, 0.3031274080276489, 0.45275557041168213]
[0.48512449860572815, 0.5756583213806152, 0.4483475983142853, 0.29990869760513306, 0.5306392908096313]
[0.4304732084274292, 0.5645752549171448, 0.44880178570747375, 0.3042545020580292, 0.5232965350151062]
[0.4529211223125458, 0.5916295051574707, 0.4502778947353363, 0.27667680382728577, 0.5146970748901367]
[0.5094271302223206, 0.5821409225463867, 0.42943352460861206, 0.2821463644504547, 0.5044254064559937]
[0.5149213075637817, 0.5745115280151367, 0.4294396936893463, 0.2818833291530609, 0.5206738114356995]
[0.5001099109649658, 0.5631083250045776, 0.41920775175094604, 0.2896673083305359, 0.5115642547607422]
[0.4589545428752899, 0.5687585473060608, 0.4680359363555908, 0.3214583992958069, 0.48236095905303955]
[0.5487416982650757, 0.5744640827178955, 0.38819870352745056, 0.26654955744743347, 0.5434044003486633]
[0.4985010325908661, 0.5907601714134216, 0.4242303967475891, 0.2733004689216614, 0.5324621796607971]
[0.4567968249320984, 0.5665807723999023, 0.4383032023906708, 0.2848436236381531, 0.528862476348877]
[0.47568780183792114, 0.5421354174613953, 0.4656786322593689, 0.36717429757118225, 0.47939160466194153]
[0.48351866006851196, 0.5467047691345215, 0.4575374126434326, 0.3256736099720001, 0.5358723402023315]
[0.5353843569755554, 0.5574954748153687, 0.4394269585609436, 0.29068607091903687, 0.5049806833267212]
[0.49075737595558167, 0.5387523174285889, 0.4624899625778198, 0.3406306803226471, 0.5150760412216187]
