1
【转帖】今夜，三牌楼大街，亲身经历绑架事件 南京的姑娘都长点心了！！！现在人贩子太恐怖了！！！！via 原帖地址：
[0.5634389519691467, 0.5845157504081726, 0.40765583515167236, 0.26653483510017395, 0.5589110255241394]
[0.5370373725891113, 0.5978425145149231, 0.43485522270202637, 0.26125943660736084, 0.554911732673645]
[0.5185933113098145, 0.5886591672897339, 0.41420748829841614, 0.28358691930770874, 0.5321028828620911]
[0.549127995967865, 0.5882293581962585, 0.437705934047699, 0.28508615493774414, 0.5457741022109985]
[0.5083743333816528, 0.533881425857544, 0.49764519929885864, 0.4165080189704895, 0.5195416808128357]
[0.48891523480415344, 0.5986390709877014, 0.4251663088798523, 0.2733253836631775, 0.5165185332298279]
[0.515691876411438, 0.5812978148460388, 0.4426228106021881, 0.3040156066417694, 0.5130821466445923]
[0.5438017845153809, 0.5942021012306213, 0.41521143913269043, 0.26803213357925415, 0.5571514964103699]
[0.5011423826217651, 0.5905106067657471, 0.4187772870063782, 0.268072247505188, 0.5170985460281372]
[0.521691083908081, 0.5878927707672119, 0.4193263351917267, 0.279192179441452, 0.5255200266838074]
[0.5041835308074951, 0.5532225966453552, 0.4692169427871704, 0.3286376893520355, 0.5253115892410278]
[0.2901504337787628, 0.5067462921142578, 0.5445061922073364, 0.4926207363605499, 0.43762072920799255]
[0.5045991539955139, 0.5727742314338684, 0.4434465765953064, 0.3071764409542084, 0.4991084635257721]
[0.5268301963806152, 0.5652223229408264, 0.44263607263565063, 0.30079615116119385, 0.5493332743644714]
[0.5070725679397583, 0.5795678496360779, 0.4309682846069336, 0.25872695446014404, 0.538472592830658]
[0.4944045841693878, 0.5853909254074097, 0.4299697279930115, 0.28215670585632324, 0.5240681171417236]
[0.428470253944397, 0.5453417897224426, 0.4504692554473877, 0.30768832564353943, 0.4678143858909607]
[0.4693642854690552, 0.553415060043335, 0.44562485814094543, 0.3145299553871155, 0.4915776252746582]
[0.48891523480415344, 0.5986390709877014, 0.4251663088798523, 0.2733253836631775, 0.5165185332298279]
[0.5208582282066345, 0.5694916248321533, 0.4415653645992279, 0.3104197382926941, 0.510138213634491]
[0.49076035618782043, 0.5712089538574219, 0.441283643245697, 0.30163976550102234, 0.511651337146759]
[0.47741395235061646, 0.5610367059707642, 0.46243816614151, 0.34589651226997375, 0.515232264995575]
[0.4663764536380768, 0.5424172282218933, 0.48765793442726135, 0.3704601526260376, 0.49638649821281433]
[0.5141525864601135, 0.56075519323349, 0.4514293372631073, 0.3069998323917389, 0.5360012054443359]
[0.49555298686027527, 0.570673942565918, 0.4313119649887085, 0.2879068851470947, 0.5146951675415039]
[0.40904414653778076, 0.566085159778595, 0.43843570351600647, 0.2915559411048889, 0.4697510600090027]
[0.5531229376792908, 0.5735966563224792, 0.41050687432289124, 0.2741905748844147, 0.5325888395309448]
[0.5407817959785461, 0.5897576808929443, 0.4290953576564789, 0.2789396643638611, 0.5162546038627625]
[0.44230517745018005, 0.5638203620910645, 0.4491158723831177, 0.3114103078842163, 0.4723917543888092]
[0.5590365529060364, 0.5852800607681274, 0.3817167580127716, 0.27000388503074646, 0.5424419641494751]
[0.5703117251396179, 0.5909802913665771, 0.4286649227142334, 0.269131600856781, 0.551344633102417]
[0.47644472122192383, 0.5579250454902649, 0.45760729908943176, 0.3246203362941742, 0.48972585797309875]
[0.49393680691719055, 0.586613655090332, 0.4225727319717407, 0.2750658392906189, 0.5330691933631897]
[0.5163611173629761, 0.5774475932121277, 0.39295437932014465, 0.2492053210735321, 0.5652470588684082]
[0.5152707695960999, 0.5949566960334778, 0.4137115776538849, 0.27036410570144653, 0.5463941693305969]
[0.4487622082233429, 0.5716210603713989, 0.4600348174571991, 0.3031274080276489, 0.45275557041168213]
[0.4958203434944153, 0.5798203945159912, 0.42736539244651794, 0.2607964277267456, 0.5277828574180603]
[0.48291143774986267, 0.5520933270454407, 0.4753090739250183, 0.37054696679115295, 0.5287227034568787]
[0.3771943747997284, 0.5417178273200989, 0.47832638025283813, 0.35051843523979187, 0.4353407621383667]
[0.5317868590354919, 0.5728103518486023, 0.4242340922355652, 0.3008767068386078, 0.5480700135231018]
[0.5405884385108948, 0.595404326915741, 0.423016220331192, 0.25024065375328064, 0.5658201575279236]
[0.432126522064209, 0.5816867351531982, 0.42288708686828613, 0.27996182441711426, 0.4923149645328522]
[0.4928618371486664, 0.5801933407783508, 0.42246246337890625, 0.2795979678630829, 0.5098032355308533]
[0.5496346950531006, 0.557172954082489, 0.4056089520454407, 0.26228126883506775, 0.5757232308387756]
[0.45945650339126587, 0.5752915740013123, 0.44354158639907837, 0.30484914779663086, 0.5070515871047974]
[0.5655637383460999, 0.5996596217155457, 0.41103681921958923, 0.27294716238975525, 0.5528275370597839]
[0.5158187747001648, 0.5249376893043518, 0.48714274168014526, 0.38337430357933044, 0.5041439533233643]
[0.5463608503341675, 0.5449109077453613, 0.45338311791419983, 0.3317281901836395, 0.5144368410110474]
[0.4900248646736145, 0.548339307308197, 0.4919075667858124, 0.3676058053970337, 0.5280407071113586]
[0.5636453628540039, 0.5547131896018982, 0.4449142813682556, 0.2737354040145874, 0.5731663107872009]
[0.4603656530380249, 0.565904974937439, 0.4697641134262085, 0.3110966682434082, 0.5252291560173035]
[0.5376209616661072, 0.5900484323501587, 0.416332483291626, 0.2748580574989319, 0.5650807619094849]
[0.542499303817749, 0.5771346092224121, 0.41517576575279236, 0.30747222900390625, 0.5669567584991455]
[0.48891523480415344, 0.5986390709877014, 0.4251663088798523, 0.2733253836631775, 0.5165185332298279]
[0.5132670402526855, 0.5934965014457703, 0.4420536458492279, 0.27757078409194946, 0.5219869613647461]
[0.4548165798187256, 0.556385338306427, 0.4540908932685852, 0.3503916263580322, 0.4866948425769806]
[0.48681148886680603, 0.5511054992675781, 0.4695638418197632, 0.3322288990020752, 0.5208175182342529]
[0.4487622082233429, 0.5716210603713989, 0.4600348174571991, 0.3031274080276489, 0.45275557041168213]
[0.5129703283309937, 0.590912401676178, 0.43130066990852356, 0.2900458872318268, 0.5318166017532349]
[0.5764473080635071, 0.5834068059921265, 0.4040340483188629, 0.26594892144203186, 0.5839943289756775]
[0.5247067809104919, 0.5892926454544067, 0.41511183977127075, 0.2814411520957947, 0.5309411287307739]
[0.5166357755661011, 0.5547160506248474, 0.4674205183982849, 0.32192039489746094, 0.5128074884414673]
[0.5131944417953491, 0.564629077911377, 0.4227031469345093, 0.2915847599506378, 0.5357787013053894]
[0.44526177644729614, 0.5782157182693481, 0.43330898880958557, 0.3055168688297272, 0.4906873404979706]
[0.511935293674469, 0.5500084161758423, 0.4831303656101227, 0.3344252407550812, 0.5266498923301697]
[0.4648567736148834, 0.5268116593360901, 0.548429548740387, 0.4806225001811981, 0.5238544344902039]
[0.5339345335960388, 0.5765257477760315, 0.44947293400764465, 0.28816720843315125, 0.5393670797348022]
[0.4592655897140503, 0.5443577766418457, 0.4452183246612549, 0.3119552433490753, 0.483167439699173]
[0.5331082344055176, 0.5908634066581726, 0.4154298007488251, 0.27173715829849243, 0.5437787771224976]
[0.5770447254180908, 0.5813385844230652, 0.4014994204044342, 0.25804537534713745, 0.5715280771255493]
[0.5040383338928223, 0.5739309191703796, 0.4199755787849426, 0.2803160846233368, 0.5382086038589478]
[0.49048614501953125, 0.5679004788398743, 0.4444180130958557, 0.3156743347644806, 0.47465401887893677]
[0.5779417157173157, 0.5913015604019165, 0.40015241503715515, 0.26585352420806885, 0.5693513751029968]
[0.44526177644729614, 0.5782157182693481, 0.43330898880958557, 0.3055168688297272, 0.4906873404979706]
[0.5520206093788147, 0.5651811957359314, 0.42135846614837646, 0.24254940450191498, 0.5644939541816711]
[0.43000727891921997, 0.5592584609985352, 0.47052890062332153, 0.32525634765625, 0.5275055766105652]
[0.5106366276741028, 0.5317604541778564, 0.48461219668388367, 0.3771609961986542, 0.5056027173995972]
[0.4758692681789398, 0.5671343803405762, 0.4664519131183624, 0.3051452934741974, 0.4674079716205597]
[0.4882067143917084, 0.5590027570724487, 0.49012672901153564, 0.3621213734149933, 0.5043416619300842]
[0.4750654101371765, 0.5560212731361389, 0.4642258882522583, 0.31308358907699585, 0.5075914859771729]
[0.47644472122192383, 0.5579250454902649, 0.45760729908943176, 0.3246203362941742, 0.48972585797309875]
[0.41934680938720703, 0.5259865522384644, 0.4584476351737976, 0.3576970100402832, 0.47578898072242737]
[0.4721539318561554, 0.558930516242981, 0.4790927767753601, 0.3238006830215454, 0.5097472071647644]
[0.46797969937324524, 0.5568787455558777, 0.46080607175827026, 0.32977479696273804, 0.5141764283180237]
[0.4127410352230072, 0.5270307064056396, 0.4867568612098694, 0.3455124497413635, 0.45433831214904785]
[0.4753897786140442, 0.5670228004455566, 0.44230616092681885, 0.33823156356811523, 0.4865987300872803]
[0.4202689528465271, 0.5757107138633728, 0.4309403896331787, 0.27894097566604614, 0.466061532497406]
[0.5063168406486511, 0.5926086902618408, 0.44013819098472595, 0.285372793674469, 0.5215383768081665]
[0.4584289491176605, 0.551868736743927, 0.4778428077697754, 0.3559376001358032, 0.5271515846252441]
[0.5449364185333252, 0.5810338854789734, 0.4198915958404541, 0.2813218832015991, 0.523631751537323]
[0.43242815136909485, 0.5490182042121887, 0.4579148590564728, 0.31601160764694214, 0.4872797131538391]
[0.5149213075637817, 0.5745115280151367, 0.4294396936893463, 0.2818833291530609, 0.5206738114356995]
[0.5362056493759155, 0.5906071066856384, 0.4153013229370117, 0.27389538288116455, 0.5605441927909851]
[0.5330605506896973, 0.5885763764381409, 0.43313461542129517, 0.2780517637729645, 0.5529278516769409]
[0.5538151860237122, 0.5912473797798157, 0.4195273220539093, 0.2709105908870697, 0.5496557354927063]
[0.5239673852920532, 0.5635126829147339, 0.4436601996421814, 0.31150510907173157, 0.5317790508270264]
[0.4864148199558258, 0.5337894558906555, 0.5201274752616882, 0.4521099925041199, 0.5423575043678284]
[0.553131103515625, 0.5434045195579529, 0.409157931804657, 0.2659049928188324, 0.5890102386474609]
[0.5230568051338196, 0.5780478715896606, 0.41663387417793274, 0.30121728777885437, 0.5223422050476074]
[0.486319899559021, 0.5666502714157104, 0.4631490707397461, 0.3241212069988251, 0.5239759087562561]
[0.47165194153785706, 0.5348048806190491, 0.5112764239311218, 0.40082305669784546, 0.5003507733345032]
