1
【打针西瓜】入夏，西瓜成为首选的消暑食品，但黑心商贩却把针头对准了尚未成熟的西瓜。“打针西瓜”所注射的禁用食品添加剂甜蜜素和胭脂红！打过针的西瓜瓜瓤呈红色，汁液也很“丰富”，但没有一点西瓜味。所用添加剂破坏 肝脏、肾脏的功能、影响儿童智力发育等毒性！
[0.5421929955482483, 0.5331208109855652, 0.4920008182525635, 0.3691463768482208, 0.5930907726287842]
[0.4248533844947815, 0.5683997273445129, 0.473150372505188, 0.34245556592941284, 0.4743162989616394]
[0.5107574462890625, 0.5647854208946228, 0.42881491780281067, 0.2768319547176361, 0.5487363338470459]
[0.4229215383529663, 0.5618892312049866, 0.43942171335220337, 0.308497816324234, 0.4748394191265106]
[0.46009397506713867, 0.571377694606781, 0.44005638360977173, 0.2868129312992096, 0.49163955450057983]
[0.46842190623283386, 0.5804670453071594, 0.43650028109550476, 0.30999377369880676, 0.4927496314048767]
[0.4829833209514618, 0.5644713044166565, 0.44261959195137024, 0.3336532413959503, 0.5193173885345459]
[0.4812975525856018, 0.573230504989624, 0.4393785297870636, 0.30260220170021057, 0.5294581651687622]
[0.43482258915901184, 0.5663067102432251, 0.4316753149032593, 0.2918171286582947, 0.521874725818634]
[0.47986266016960144, 0.5880082249641418, 0.4293723404407501, 0.2743452191352844, 0.5044422149658203]
[0.4672553241252899, 0.5302810668945312, 0.5093383193016052, 0.4170072674751282, 0.5470799803733826]
[0.4946882128715515, 0.5677323341369629, 0.4212464690208435, 0.2976371645927429, 0.5078833103179932]
[0.5185933113098145, 0.5886591672897339, 0.41420748829841614, 0.28358691930770874, 0.5321028828620911]
[0.5287315845489502, 0.5782271027565002, 0.44091713428497314, 0.3011648952960968, 0.5018758177757263]
[0.5113678574562073, 0.5656375288963318, 0.4395278990268707, 0.2900437116622925, 0.5303681492805481]
[0.46372175216674805, 0.5903393626213074, 0.42463746666908264, 0.2749183475971222, 0.5121123790740967]
[0.5041171312332153, 0.5539974570274353, 0.4473367929458618, 0.31411051750183105, 0.5077627897262573]
[0.46964746713638306, 0.5581014156341553, 0.44447121024131775, 0.3092966675758362, 0.5073151588439941]
[0.4889971911907196, 0.5392602682113647, 0.4748411178588867, 0.3763946294784546, 0.4782778024673462]
[0.4869781732559204, 0.5689908862113953, 0.4290693700313568, 0.28768518567085266, 0.49246346950531006]
[0.5151761174201965, 0.5878428220748901, 0.42387694120407104, 0.27509409189224243, 0.5351584553718567]
[0.46735796332359314, 0.5745750069618225, 0.4555746018886566, 0.3313991129398346, 0.5030758380889893]
[0.5511375665664673, 0.553004801273346, 0.4182753264904022, 0.299661248922348, 0.5555357336997986]
[0.4784444570541382, 0.5615934133529663, 0.45844554901123047, 0.32593807578086853, 0.4871857464313507]
[0.47159165143966675, 0.5814562439918518, 0.4314822256565094, 0.3037547171115875, 0.4885098934173584]
[0.47378265857696533, 0.5585169792175293, 0.42591434717178345, 0.3089412748813629, 0.5037291646003723]
[0.52474045753479, 0.5776229500770569, 0.4387792944908142, 0.3062453866004944, 0.4934893250465393]
[0.47118571400642395, 0.5496887564659119, 0.46886369585990906, 0.3607674539089203, 0.491738885641098]
[0.4562244415283203, 0.5646422505378723, 0.4287867546081543, 0.2973860502243042, 0.48528480529785156]
[0.47844478487968445, 0.5805649161338806, 0.41934284567832947, 0.28303977847099304, 0.5535923838615417]
[0.4774373173713684, 0.5358519554138184, 0.4327949285507202, 0.32617226243019104, 0.5166667103767395]
[0.5376738905906677, 0.5810485482215881, 0.40510639548301697, 0.28802356123924255, 0.5352571606636047]
[0.4449372887611389, 0.5747678875923157, 0.43974706530570984, 0.3017870783805847, 0.5113492012023926]
[0.4751920998096466, 0.5193542838096619, 0.48198214173316956, 0.36301133036613464, 0.49538666009902954]
[0.5180483460426331, 0.6018773913383484, 0.4346769452095032, 0.29631370306015015, 0.531384289264679]
[0.47425612807273865, 0.5785049200057983, 0.4397018551826477, 0.3021250367164612, 0.4918173551559448]
[0.5479161143302917, 0.5432409644126892, 0.43984857201576233, 0.2909757196903229, 0.5570099353790283]
[0.3292231559753418, 0.5419268608093262, 0.498941034078598, 0.3958112299442291, 0.410401314496994]
[0.5242239236831665, 0.5568279027938843, 0.4386998414993286, 0.29849883913993835, 0.5582693815231323]
[0.4948427975177765, 0.5598421692848206, 0.4095556139945984, 0.28246989846229553, 0.5202017426490784]
[0.47425612807273865, 0.5785049200057983, 0.4397018551826477, 0.3021250367164612, 0.4918173551559448]
[0.5777665972709656, 0.5689024925231934, 0.40718168020248413, 0.258739173412323, 0.5639034509658813]
[0.4790472686290741, 0.5755831599235535, 0.4403567612171173, 0.28865551948547363, 0.5356927514076233]
[0.5771042704582214, 0.5884300470352173, 0.39824676513671875, 0.2471218705177307, 0.5599753856658936]
[0.4745379090309143, 0.525171160697937, 0.4977995753288269, 0.4239252805709839, 0.5558818578720093]
[0.44015705585479736, 0.5476494431495667, 0.4637158215045929, 0.334166020154953, 0.48166918754577637]
[0.4480189383029938, 0.5395476222038269, 0.4584372639656067, 0.3346390426158905, 0.4360564947128296]
[0.40554800629615784, 0.5450541973114014, 0.45288559794425964, 0.300614595413208, 0.45610880851745605]
[0.5071312189102173, 0.5717069506645203, 0.4260181784629822, 0.2843305766582489, 0.49624449014663696]
[0.553480327129364, 0.570641040802002, 0.41524621844291687, 0.2744140923023224, 0.5444266200065613]
[0.5362873673439026, 0.5608753561973572, 0.43002721667289734, 0.3152201771736145, 0.5459158420562744]
[0.547700047492981, 0.5595383644104004, 0.4114229679107666, 0.28383511304855347, 0.5581361055374146]
[0.4754233956336975, 0.5421441793441772, 0.511907696723938, 0.4089915156364441, 0.5306229591369629]
[0.4162381887435913, 0.5679377317428589, 0.45303836464881897, 0.317664235830307, 0.4804936349391937]
[0.4431751072406769, 0.5289191007614136, 0.46482184529304504, 0.3327268958091736, 0.5044096112251282]
[0.48467347025871277, 0.5302438735961914, 0.49790436029434204, 0.42037227749824524, 0.5482731461524963]
[0.47626402974128723, 0.5485637187957764, 0.4565637707710266, 0.32993361353874207, 0.5005778074264526]
[0.5536471009254456, 0.5657781362533569, 0.3932241201400757, 0.2865195572376251, 0.5326514840126038]
[0.47986266016960144, 0.5880082249641418, 0.4293723404407501, 0.2743452191352844, 0.5044422149658203]
[0.4902808964252472, 0.5692603588104248, 0.4300825893878937, 0.28088292479515076, 0.5191711187362671]
[0.46150466799736023, 0.52206951379776, 0.5035681128501892, 0.39382240176200867, 0.5292290449142456]
[0.4577385485172272, 0.5615549087524414, 0.44621166586875916, 0.3264384865760803, 0.5008432269096375]
[0.4781980812549591, 0.5326715707778931, 0.4564787745475769, 0.34954676032066345, 0.5100631713867188]
[0.5107983946800232, 0.5592116117477417, 0.4389784634113312, 0.29345789551734924, 0.5566954016685486]
[0.3526146113872528, 0.518237292766571, 0.49715736508369446, 0.3903808295726776, 0.4427642524242401]
[0.499870628118515, 0.5748860836029053, 0.42606139183044434, 0.2963806986808777, 0.5331401824951172]
[0.45750662684440613, 0.5385682582855225, 0.48116204142570496, 0.3637980818748474, 0.472480446100235]
[0.4869389235973358, 0.5628476738929749, 0.432860404253006, 0.30239251255989075, 0.5298914313316345]
[0.45658665895462036, 0.5866826772689819, 0.42545226216316223, 0.26835229992866516, 0.4916294813156128]
[0.5063285231590271, 0.555448591709137, 0.41369763016700745, 0.2813549041748047, 0.49677664041519165]
[0.47081518173217773, 0.5566902756690979, 0.42818683385849, 0.2994578182697296, 0.49760234355926514]
[0.4866403043270111, 0.5769667029380798, 0.441032350063324, 0.3041340410709381, 0.534511148929596]
[0.4993542432785034, 0.526116669178009, 0.4739234447479248, 0.3485904037952423, 0.5095455050468445]
[0.4384211301803589, 0.5640423893928528, 0.4550419747829437, 0.29708993434906006, 0.46509218215942383]
[0.4711928069591522, 0.5487585663795471, 0.44742777943611145, 0.33446913957595825, 0.5057972073554993]
[0.5405206680297852, 0.5517639517784119, 0.4257899224758148, 0.319869726896286, 0.5280038118362427]
