1
【打针西瓜】入夏，西瓜成为首选的消暑食品，但黑心商贩却把针头对准了尚未成熟的西瓜。“打针西瓜”所注射的禁用食品添加剂甜蜜素和胭脂红！打过针的西瓜瓜瓤呈红色，汁液也很“丰富”，但没有一点西瓜味。所用添加剂破坏 肝脏、肾脏的功能、影响儿童智力发育等毒性！
[0.5421929955482483, 0.5331208109855652, 0.4920008182525635, 0.3691463768482208, 0.5930907726287842]
[0.5653747320175171, 0.5958674550056458, 0.410073459148407, 0.2521335780620575, 0.5308053493499756]
[0.5528861880302429, 0.5751301050186157, 0.4536046087741852, 0.2973425090312958, 0.5679311752319336]
[0.48549050092697144, 0.5555423498153687, 0.43207454681396484, 0.2882455289363861, 0.5088658332824707]
[0.4884522259235382, 0.5555856823921204, 0.4464631974697113, 0.301481157541275, 0.5110433101654053]
[0.5547403693199158, 0.5668739080429077, 0.39692431688308716, 0.2731703519821167, 0.549385666847229]
[0.44297337532043457, 0.55096036195755, 0.4406391978263855, 0.3184870183467865, 0.4809539318084717]
[0.48086944222450256, 0.564565896987915, 0.4582587480545044, 0.3234538733959198, 0.5009585022926331]
[0.494686096906662, 0.5771515965461731, 0.427121102809906, 0.2633088231086731, 0.5695657730102539]
[0.4487622082233429, 0.5716210603713989, 0.4600348174571991, 0.3031274080276489, 0.45275557041168213]
[0.42833128571510315, 0.5608524084091187, 0.4538438320159912, 0.33234941959381104, 0.49420011043548584]
[0.5030689835548401, 0.5705863237380981, 0.40705305337905884, 0.2799900472164154, 0.5414679646492004]
[0.44747835397720337, 0.5526865720748901, 0.44719600677490234, 0.3149980902671814, 0.4848686754703522]
[0.5139766931533813, 0.5871300101280212, 0.42720380425453186, 0.2763345241546631, 0.5565931797027588]
[0.39750340580940247, 0.5664234161376953, 0.4643509089946747, 0.33770447969436646, 0.451345294713974]
[0.49929776787757874, 0.5591354370117188, 0.4315486252307892, 0.30955150723457336, 0.5470800399780273]
[0.5416343808174133, 0.5793246626853943, 0.40863293409347534, 0.2783474326133728, 0.5392290949821472]
[0.3856103718280792, 0.5418587923049927, 0.4692603051662445, 0.31797805428504944, 0.49768486618995667]
[0.5240023136138916, 0.5611686706542969, 0.41328200697898865, 0.27055519819259644, 0.5393505096435547]
[0.5083388090133667, 0.5788018107414246, 0.4426158666610718, 0.28611546754837036, 0.5354598760604858]
[0.4148609936237335, 0.5370613932609558, 0.4846660792827606, 0.3632467985153198, 0.4940881133079529]
[0.5320953130722046, 0.577970027923584, 0.422651082277298, 0.275559663772583, 0.5608215928077698]
[0.5095445513725281, 0.5772244334220886, 0.4385233521461487, 0.29000863432884216, 0.5467817783355713]
[0.5118814706802368, 0.5519607663154602, 0.45668357610702515, 0.32987701892852783, 0.4915357530117035]
[0.5154313445091248, 0.5605796575546265, 0.3997192680835724, 0.25990787148475647, 0.5640219449996948]
[0.5283589959144592, 0.5776636004447937, 0.4042516350746155, 0.2710855305194855, 0.5664753913879395]
[0.45074108242988586, 0.572709858417511, 0.4500049948692322, 0.30821937322616577, 0.49415382742881775]
[0.4661692678928375, 0.5610172152519226, 0.4305402636528015, 0.31406843662261963, 0.4930817186832428]
[0.5015604496002197, 0.5520361065864563, 0.4370591342449188, 0.28690871596336365, 0.5002910494804382]
[0.48364803194999695, 0.5620525479316711, 0.45136016607284546, 0.2896157503128052, 0.5377049446105957]
[0.46942028403282166, 0.5566306114196777, 0.45840781927108765, 0.32308927178382874, 0.5083824992179871]
[0.5288981199264526, 0.5603162050247192, 0.42829328775405884, 0.26600226759910583, 0.5376246571540833]
[0.43283066153526306, 0.5636077523231506, 0.43600115180015564, 0.30053478479385376, 0.5064363479614258]
[0.4465331733226776, 0.5606985688209534, 0.45318692922592163, 0.3273128569126129, 0.484076589345932]
[0.4375351369380951, 0.5263824462890625, 0.45628103613853455, 0.28995952010154724, 0.4579482972621918]
[0.4794505536556244, 0.5617073774337769, 0.4446553885936737, 0.3233417272567749, 0.4902459979057312]
[0.4338598847389221, 0.5754482746124268, 0.42719966173171997, 0.3014184832572937, 0.503932774066925]
[0.509823203086853, 0.5592694878578186, 0.45266711711883545, 0.3562404215335846, 0.5054703950881958]
[0.5282915830612183, 0.5871406197547913, 0.43249812722206116, 0.29806429147720337, 0.5398513674736023]
[0.5094354152679443, 0.5454656481742859, 0.41760894656181335, 0.28542208671569824, 0.5361193418502808]
[0.47011667490005493, 0.5475850701332092, 0.47354087233543396, 0.34425532817840576, 0.529219388961792]
[0.4675556719303131, 0.5595974326133728, 0.44347235560417175, 0.3318602740764618, 0.5023639798164368]
[0.4636513292789459, 0.5621082782745361, 0.46796950697898865, 0.3205828070640564, 0.5412638187408447]
[0.44631093740463257, 0.5564936995506287, 0.4303629994392395, 0.2994033992290497, 0.4798172116279602]
[0.4947423040866852, 0.5766006112098694, 0.44824549555778503, 0.29990822076797485, 0.5254195332527161]
[0.4797654151916504, 0.536591112613678, 0.45652785897254944, 0.360924631357193, 0.50406414270401]
[0.4628724753856659, 0.5511893630027771, 0.46784162521362305, 0.3428305983543396, 0.5146943926811218]
[0.5515594482421875, 0.5701053142547607, 0.40838614106178284, 0.2610958218574524, 0.5631303191184998]
[0.5008774995803833, 0.5792083740234375, 0.42549532651901245, 0.2985236346721649, 0.5373945832252502]
[0.5042517781257629, 0.5823665261268616, 0.4448340833187103, 0.29243725538253784, 0.5477240681648254]
[0.5195581912994385, 0.5796895027160645, 0.428341269493103, 0.2755613625049591, 0.5671132802963257]
[0.4017467200756073, 0.5381153225898743, 0.464816153049469, 0.35529565811157227, 0.4729570746421814]
[0.501197099685669, 0.5350499749183655, 0.4517304301261902, 0.28084102272987366, 0.5025396943092346]
[0.3913875222206116, 0.5673654079437256, 0.4327082335948944, 0.2700132727622986, 0.4672633111476898]
[0.40151330828666687, 0.5540202856063843, 0.4704453945159912, 0.35675880312919617, 0.4457046091556549]
[0.4566519260406494, 0.586794912815094, 0.43865442276000977, 0.27317216992378235, 0.45990070700645447]
[0.40797966718673706, 0.5404314994812012, 0.4518566131591797, 0.30689138174057007, 0.4573180675506592]
[0.44036805629730225, 0.5455126166343689, 0.49245166778564453, 0.3912608325481415, 0.48459601402282715]
[0.5416355729103088, 0.5749582052230835, 0.4380958378314972, 0.28978055715560913, 0.5601873993873596]
