1
赶紧检查一下家里的牙膏，如果有黑色条赶紧扔掉！以后最好不要买。大家买牙膏请注意牙膏底部的颜色条，尽量选择绿色和蓝。牙膏共分4种：绿、蓝、红、黑。绿色：纯天然；蓝色：天然+药物；红色：天然+化学成分；黑色：纯化学。国内的牙膏包括儿童牙膏居然大多都是化学的！
[0.46260443329811096, 0.533631443977356, 0.5190296173095703, 0.43921297788619995, 0.5187439918518066]
[0.3601253628730774, 0.5588699579238892, 0.4370354115962982, 0.2802875339984894, 0.4537184536457062]
[0.47547805309295654, 0.5584139823913574, 0.466260701417923, 0.33602580428123474, 0.47585350275039673]
[0.476043701171875, 0.555479884147644, 0.4404832422733307, 0.2799362242221832, 0.5102677345275879]
[0.3654245138168335, 0.544784426689148, 0.4776424467563629, 0.3584204614162445, 0.44805535674095154]
[0.5217180252075195, 0.5637583136558533, 0.42137572169303894, 0.30373990535736084, 0.5420375466346741]
[0.48374268412590027, 0.5811293721199036, 0.4629949927330017, 0.29360371828079224, 0.5061754584312439]
[0.5325873494148254, 0.5880876183509827, 0.42129048705101013, 0.2533036768436432, 0.5475322008132935]
[0.43960893154144287, 0.5880056023597717, 0.43165525794029236, 0.27369871735572815, 0.49973979592323303]
[0.3654245138168335, 0.544784426689148, 0.4776424467563629, 0.3584204614162445, 0.44805535674095154]
[0.37515461444854736, 0.5544315576553345, 0.43463650345802307, 0.2860183119773865, 0.460418164730072]
[0.4934265613555908, 0.5707672238349915, 0.4526057839393616, 0.31132277846336365, 0.5179685950279236]
[0.452719122171402, 0.5624637603759766, 0.4546511173248291, 0.3039005398750305, 0.5258092284202576]
[0.4832804501056671, 0.5595046281814575, 0.4567139148712158, 0.32156065106391907, 0.4889875650405884]
[0.5428680181503296, 0.5790722370147705, 0.4187805652618408, 0.2600475251674652, 0.5502006411552429]
[0.5207424163818359, 0.5639066100120544, 0.41394415497779846, 0.2917464077472687, 0.5262121558189392]
[0.47099682688713074, 0.5451610684394836, 0.44793701171875, 0.2846069931983948, 0.5004771947860718]
[0.527782142162323, 0.5571060180664062, 0.41280460357666016, 0.2281131148338318, 0.5659501552581787]
[0.5042186975479126, 0.5757747292518616, 0.4375418424606323, 0.3002066910266876, 0.5162952542304993]
[0.4309036433696747, 0.5544366836547852, 0.4662310481071472, 0.32463616132736206, 0.4610682725906372]
[0.5121249556541443, 0.5289650559425354, 0.489788293838501, 0.3672909438610077, 0.5013719797134399]
[0.5133175849914551, 0.5775567293167114, 0.41867050528526306, 0.29655325412750244, 0.52321457862854]
[0.5019457340240479, 0.5747084617614746, 0.44520387053489685, 0.2885768711566925, 0.5229964852333069]
[0.4812498390674591, 0.553840696811676, 0.44382596015930176, 0.3033686876296997, 0.5436261892318726]
[0.4316592216491699, 0.5654733180999756, 0.4420040249824524, 0.318027138710022, 0.4701163172721863]
[0.44693610072135925, 0.5632306933403015, 0.49007368087768555, 0.3510882556438446, 0.49303552508354187]
[0.5105578899383545, 0.5696051120758057, 0.4398106038570404, 0.30235376954078674, 0.499578058719635]
[0.44585704803466797, 0.562004566192627, 0.45115065574645996, 0.3150303363800049, 0.5125119686126709]
[0.519418478012085, 0.5502884984016418, 0.4469462037086487, 0.3092964291572571, 0.5743793249130249]
[0.4914645552635193, 0.5248624086380005, 0.46606236696243286, 0.3140486776828766, 0.4799964427947998]
[0.5428680181503296, 0.5790722370147705, 0.4187805652618408, 0.2600475251674652, 0.5502006411552429]
[0.46326592564582825, 0.5474580526351929, 0.4714820683002472, 0.34113144874572754, 0.5162203907966614]
[0.5315115451812744, 0.5855736136436462, 0.39861738681793213, 0.2707137167453766, 0.5307518839836121]
[0.5230187177658081, 0.5556533932685852, 0.409995973110199, 0.28374069929122925, 0.5193159580230713]
[0.4699346125125885, 0.5321605801582336, 0.45559072494506836, 0.3307725191116333, 0.4889588952064514]
[0.3773699402809143, 0.5438380241394043, 0.47653210163116455, 0.3452068567276001, 0.4314587414264679]
[0.5248586535453796, 0.5981119275093079, 0.4424998164176941, 0.2778090536594391, 0.5503029227256775]
[0.4672960042953491, 0.552912175655365, 0.4355691969394684, 0.27091744542121887, 0.5454043745994568]
[0.430917352437973, 0.557245671749115, 0.44870930910110474, 0.3454110622406006, 0.4454399049282074]
[0.5199111700057983, 0.5858713388442993, 0.4203222095966339, 0.27244192361831665, 0.5536497235298157]
[0.5134859085083008, 0.5805491805076599, 0.4261653423309326, 0.28200477361679077, 0.5562917590141296]
[0.46177253127098083, 0.5749838948249817, 0.43753981590270996, 0.29231661558151245, 0.49731841683387756]
[0.47754886746406555, 0.5574755072593689, 0.47265055775642395, 0.33209457993507385, 0.5144198536872864]
[0.5127270221710205, 0.5804621577262878, 0.4319911599159241, 0.26815730333328247, 0.5451836585998535]
[0.43251746892929077, 0.5749543309211731, 0.4584381580352783, 0.30347421765327454, 0.46593722701072693]
[0.48359230160713196, 0.5927678942680359, 0.43945881724357605, 0.2975825071334839, 0.5169289112091064]
[0.3545505702495575, 0.5617483854293823, 0.44300931692123413, 0.2926527261734009, 0.4490058720111847]
[0.5283491015434265, 0.5676995515823364, 0.4150886535644531, 0.2855399549007416, 0.5464821457862854]
[0.4663790166378021, 0.5743229389190674, 0.43290919065475464, 0.2853028178215027, 0.4949899911880493]
[0.4601503014564514, 0.5803269147872925, 0.44179409742355347, 0.28724274039268494, 0.5021133422851562]
[0.5127400159835815, 0.5386837124824524, 0.4719463288784027, 0.3644205331802368, 0.5326306819915771]
[0.4487622082233429, 0.5716210603713989, 0.4600348174571991, 0.3031274080276489, 0.45275557041168213]
[0.4699244797229767, 0.5620495080947876, 0.43778130412101746, 0.26672279834747314, 0.5108177661895752]
[0.6408026814460754, 0.5164086222648621, 0.4696298837661743, 0.34931373596191406, 0.6191619634628296]
[0.3980659246444702, 0.5676062703132629, 0.4500005543231964, 0.2906647026538849, 0.4348086714744568]
[0.46037110686302185, 0.5355111360549927, 0.48728179931640625, 0.39454028010368347, 0.48381203413009644]
[0.6277270913124084, 0.537666380405426, 0.42318394780158997, 0.30911746621131897, 0.6100323796272278]
[0.4698582589626312, 0.5481874942779541, 0.43301650881767273, 0.3104654550552368, 0.484090119600296]
[0.5281854271888733, 0.5635823607444763, 0.42257946729660034, 0.26060256361961365, 0.5270786881446838]
[0.5369868874549866, 0.599045991897583, 0.41690078377723694, 0.25705501437187195, 0.5382236242294312]
[0.45688769221305847, 0.5794001817703247, 0.43261629343032837, 0.2845909595489502, 0.5119679570198059]
[0.5417515635490417, 0.5826703906059265, 0.41409796476364136, 0.25831058621406555, 0.5444175601005554]
[0.5372524857521057, 0.5901410579681396, 0.4107074737548828, 0.27568405866622925, 0.5237370729446411]
[0.5132670402526855, 0.5934965014457703, 0.4420536458492279, 0.27757078409194946, 0.5219869613647461]
[0.4487622082233429, 0.5716210603713989, 0.4600348174571991, 0.3031274080276489, 0.45275557041168213]
[0.48761412501335144, 0.5685077905654907, 0.46302759647369385, 0.3280346095561981, 0.5242019891738892]
[0.4537019431591034, 0.5522289276123047, 0.4646490216255188, 0.33838850259780884, 0.48810529708862305]
[0.5412829518318176, 0.5435853600502014, 0.4289260506629944, 0.30350151658058167, 0.5029381513595581]
[0.43630102276802063, 0.5597864985466003, 0.4194839298725128, 0.26681843400001526, 0.4937748610973358]
[0.5091122388839722, 0.5733923316001892, 0.43738511204719543, 0.2673951983451843, 0.5545764565467834]
[0.4886076748371124, 0.546384334564209, 0.4400043487548828, 0.28172415494918823, 0.5193265676498413]
