1
#回龙观关注# 赶紧检查一下你家里的牙膏，如果是黑色条赶紧扔掉！买牙膏时注意牙膏管反面底部的颜色条。今天才知道，原来颜色条有含义啊！尽量选择绿色和蓝，共分4种: 绿色:纯天然； 蓝色:天然+药物； 红色:天然+化学成分； 黑色:纯化学。罐子们快看一下你的牙膏是什么颜色？ 转自：遐想的叶子
[0.5090479254722595, 0.5486241579055786, 0.5078408718109131, 0.42056310176849365, 0.5746105313301086]
[0.4561593532562256, 0.5707857608795166, 0.4542965292930603, 0.3056789040565491, 0.4646608531475067]
[0.4487622082233429, 0.5716210603713989, 0.4600348174571991, 0.3031274080276489, 0.45275557041168213]
[0.5229255557060242, 0.5574867725372314, 0.42800068855285645, 0.26158133149147034, 0.5119993090629578]
[0.5246679782867432, 0.5531874299049377, 0.4308803677558899, 0.3118496239185333, 0.5395335555076599]
[0.3139108121395111, 0.56053626537323, 0.4509721100330353, 0.2867964208126068, 0.4229436218738556]
[0.45250117778778076, 0.5701068639755249, 0.4450452923774719, 0.27847346663475037, 0.46870383620262146]
[0.5222533941268921, 0.5909382104873657, 0.41067007184028625, 0.2803524136543274, 0.5509526133537292]
[0.5393620729446411, 0.5714098811149597, 0.4078294336795807, 0.2826102375984192, 0.5556691288948059]
[0.48086097836494446, 0.5523868203163147, 0.4380685091018677, 0.3253408372402191, 0.4771082103252411]
[0.4839186668395996, 0.5399947166442871, 0.45759516954421997, 0.338155597448349, 0.49479183554649353]
[0.511255145072937, 0.5555015802383423, 0.44553065299987793, 0.29960352182388306, 0.5322266817092896]
[0.45100247859954834, 0.5756615996360779, 0.44380664825439453, 0.31650909781455994, 0.4928966462612152]
[0.48823270201683044, 0.5523168444633484, 0.4445105791091919, 0.29896166920661926, 0.5442973375320435]
[0.5275729894638062, 0.5859180688858032, 0.4228576719760895, 0.2802053987979889, 0.5224067568778992]
[0.566982626914978, 0.5810696482658386, 0.403363436460495, 0.25809675455093384, 0.5499546527862549]
[0.5975375771522522, 0.5803749561309814, 0.36947938799858093, 0.21858201920986176, 0.5998666286468506]
[0.5289930105209351, 0.579160749912262, 0.4335322380065918, 0.2848456799983978, 0.5642076134681702]
[0.4959563612937927, 0.5857802629470825, 0.43328967690467834, 0.29457950592041016, 0.5445983409881592]
[0.4487622082233429, 0.5716210603713989, 0.4600348174571991, 0.3031274080276489, 0.45275557041168213]
[0.4487622082233429, 0.5716210603713989, 0.4600348174571991, 0.3031274080276489, 0.45275557041168213]
[0.48235973715782166, 0.5686197876930237, 0.42008134722709656, 0.318737268447876, 0.5099995136260986]
[0.538105845451355, 0.5879831314086914, 0.41182050108909607, 0.26826104521751404, 0.5607741475105286]
[0.4996998906135559, 0.5571697950363159, 0.42967483401298523, 0.30280739068984985, 0.538581371307373]
[0.5222737789154053, 0.5941068530082703, 0.4227115213871002, 0.2882932424545288, 0.552874743938446]
[0.5774304270744324, 0.6065936088562012, 0.41549786925315857, 0.2480234056711197, 0.5604559779167175]
[0.4625326991081238, 0.567266047000885, 0.4433520436286926, 0.33174899220466614, 0.5036576390266418]
[0.5248696208000183, 0.5732247829437256, 0.43936941027641296, 0.2861441969871521, 0.5461888909339905]
[0.5126236081123352, 0.5744070410728455, 0.4183741807937622, 0.2745669484138489, 0.518333375453949]
[0.4952128827571869, 0.5377900004386902, 0.46795299649238586, 0.3566950857639313, 0.5500367283821106]
[0.48112770915031433, 0.5789928436279297, 0.4340408146381378, 0.3167456090450287, 0.5167710781097412]
[0.5338190793991089, 0.5624887943267822, 0.44700121879577637, 0.30067986249923706, 0.49146270751953125]
[0.45100247859954834, 0.5756615996360779, 0.44380664825439453, 0.31650909781455994, 0.4928966462612152]
[0.49884289503097534, 0.5827462077140808, 0.4258486330509186, 0.2730045020580292, 0.5447989106178284]
[0.4784807562828064, 0.5430938601493835, 0.47545573115348816, 0.34559088945388794, 0.519480288028717]
[0.4736681580543518, 0.573803186416626, 0.4396781027317047, 0.29457154870033264, 0.5300509333610535]
[0.5222737789154053, 0.5941068530082703, 0.4227115213871002, 0.2882932424545288, 0.552874743938446]
[0.38281381130218506, 0.5551562905311584, 0.45243871212005615, 0.3590112030506134, 0.4375648498535156]
