1
延安女城管（双脚跳起踩头男城管之妻，视屏中穿黄色上衣躺在地上装死的那个女城管）遭人肉，相册被破解艳照流出。。。哼 （图片制尺度大，未成年人勿点 资料来自网络，老崔不负文责！）
[0.5473981499671936, 0.5206678509712219, 0.4759489595890045, 0.35879257321357727, 0.6031762957572937]
[0.5305652618408203, 0.542512059211731, 0.44940653443336487, 0.3499676585197449, 0.5289072394371033]
[0.38152074813842773, 0.5562787055969238, 0.42134982347488403, 0.2648690640926361, 0.4587708115577698]
[0.544748842716217, 0.5961846709251404, 0.4222649335861206, 0.2791736125946045, 0.5420053601264954]
[0.5579608082771301, 0.5211437344551086, 0.4597674012184143, 0.36613863706588745, 0.5477884411811829]
[0.5717709064483643, 0.5720186829566956, 0.41462886333465576, 0.2637811005115509, 0.5670570135116577]
[0.4716779291629791, 0.5811359286308289, 0.4384728968143463, 0.2982538044452667, 0.5077499747276306]
[0.5316818356513977, 0.5833315849304199, 0.42492222785949707, 0.27854466438293457, 0.5322221517562866]
[0.41738080978393555, 0.526468813419342, 0.4651200771331787, 0.30618369579315186, 0.46401453018188477]
[0.5560318827629089, 0.605837345123291, 0.4238054156303406, 0.267365962266922, 0.5609391927719116]
[0.5310204029083252, 0.5924955606460571, 0.4198427200317383, 0.2447725236415863, 0.5689946413040161]
[0.49931904673576355, 0.5620435476303101, 0.46685969829559326, 0.31224343180656433, 0.5062642693519592]
[0.5220872759819031, 0.5068749189376831, 0.5195992588996887, 0.468678742647171, 0.504671037197113]
[0.5170242190361023, 0.5769321918487549, 0.4337713122367859, 0.2551333010196686, 0.5488786697387695]
[0.5085572600364685, 0.5352041125297546, 0.4620588421821594, 0.34150198101997375, 0.5276200175285339]
[0.45585715770721436, 0.5821526050567627, 0.4680779278278351, 0.2769731283187866, 0.47223442792892456]
[0.4771727919578552, 0.57118821144104, 0.4258171319961548, 0.2996685206890106, 0.5225400924682617]
[0.5203697085380554, 0.5588231086730957, 0.4401736855506897, 0.29550352692604065, 0.5263194441795349]
[0.5080723166465759, 0.5547415614128113, 0.4363079369068146, 0.3019331693649292, 0.5097523331642151]
[0.4884378910064697, 0.5947148203849792, 0.43244990706443787, 0.2863224148750305, 0.5049167275428772]
[0.5561572909355164, 0.5937171578407288, 0.41795048117637634, 0.2560843825340271, 0.5541695356369019]
[0.5087323188781738, 0.584449291229248, 0.432859867811203, 0.27619263529777527, 0.5275717377662659]
[0.5279133915901184, 0.5723217725753784, 0.4140930771827698, 0.28647106885910034, 0.5303964018821716]
[0.5338367223739624, 0.5625593066215515, 0.44529613852500916, 0.2736702859401703, 0.5169883966445923]
[0.41395509243011475, 0.5692394375801086, 0.4429236948490143, 0.30327174067497253, 0.4869564473628998]
[0.46114620566368103, 0.5880480408668518, 0.43819350004196167, 0.2841244637966156, 0.4857713282108307]
[0.5015267133712769, 0.553369402885437, 0.4415039122104645, 0.295238196849823, 0.532945454120636]
[0.48866358399391174, 0.5531439781188965, 0.4605894982814789, 0.3137727677822113, 0.50356525182724]
[0.4457945227622986, 0.539010763168335, 0.45198050141334534, 0.38809463381767273, 0.49375295639038086]
[0.42441490292549133, 0.5676126480102539, 0.4618966281414032, 0.3119684159755707, 0.45158058404922485]
[0.4698728024959564, 0.5447126626968384, 0.44091129302978516, 0.32172465324401855, 0.5000141263008118]
[0.48730531334877014, 0.5764123797416687, 0.43291473388671875, 0.28972259163856506, 0.5232511758804321]
[0.4857531487941742, 0.5701794028282166, 0.46840813755989075, 0.30192264914512634, 0.5358148217201233]
[0.4511203467845917, 0.5871501564979553, 0.4385669529438019, 0.2776411771774292, 0.4994489550590515]
[0.49923786520957947, 0.566122829914093, 0.42739593982696533, 0.28504374623298645, 0.5328114032745361]
[0.41487547755241394, 0.5727377533912659, 0.4373959004878998, 0.29284346103668213, 0.4763838052749634]
[0.5305523872375488, 0.5692359209060669, 0.4404809772968292, 0.30511048436164856, 0.5286896228790283]
[0.4601115882396698, 0.562191903591156, 0.43169188499450684, 0.29674848914146423, 0.4670875370502472]
[0.4847620725631714, 0.5835899114608765, 0.47021767497062683, 0.2926581799983978, 0.520033597946167]
[0.5448564291000366, 0.588758647441864, 0.41982704401016235, 0.2525607943534851, 0.5518216490745544]
[0.36201903223991394, 0.5733585357666016, 0.4382411241531372, 0.26854220032691956, 0.4595405161380768]
[0.5375143885612488, 0.5792843699455261, 0.4093668460845947, 0.2706860601902008, 0.5420657396316528]
[0.5365940928459167, 0.5725457072257996, 0.4085144102573395, 0.2724100649356842, 0.5567304491996765]
[0.46701928973197937, 0.5200210213661194, 0.48942601680755615, 0.4152362644672394, 0.5320353507995605]
[0.5835654735565186, 0.6062566041946411, 0.41214054822921753, 0.24642330408096313, 0.5638830065727234]
[0.5120833516120911, 0.5798044800758362, 0.43978312611579895, 0.26064184308052063, 0.5314435958862305]
[0.4487622082233429, 0.5716210603713989, 0.4600348174571991, 0.3031274080276489, 0.45275557041168213]
[0.5461952090263367, 0.5550665855407715, 0.4666385352611542, 0.29915672540664673, 0.5525328516960144]
[0.5112991333007812, 0.5737215876579285, 0.40969318151474, 0.25166353583335876, 0.5606834888458252]
[0.48982003331184387, 0.5618948340415955, 0.42137277126312256, 0.30213794112205505, 0.5405275821685791]
[0.4776436984539032, 0.5807640552520752, 0.42294254899024963, 0.279990017414093, 0.5013983249664307]
[0.4839843213558197, 0.568117618560791, 0.4667167365550995, 0.3353349566459656, 0.5279387831687927]
[0.5000730752944946, 0.5665122866630554, 0.42689377069473267, 0.3078269064426422, 0.4986766576766968]
[0.5274988412857056, 0.5748377442359924, 0.40366825461387634, 0.2975058853626251, 0.5257344841957092]
[0.4919798672199249, 0.5748646259307861, 0.4381832480430603, 0.283725380897522, 0.49894264340400696]
