1
看了 心绞痛 眼泪都会掉下来
[0.5548112392425537, 0.5840089917182922, 0.40439561009407043, 0.2556935250759125, 0.5869801044464111]
[0.38141125440597534, 0.5703517198562622, 0.4408171772956848, 0.301326721906662, 0.4672068953514099]
[0.4493127167224884, 0.5702621936798096, 0.45452046394348145, 0.3090623617172241, 0.46940505504608154]
[0.48281124234199524, 0.5721921324729919, 0.44837209582328796, 0.3175732493400574, 0.5028351545333862]
[0.5540129542350769, 0.5793217420578003, 0.40788528323173523, 0.2564125061035156, 0.5128558278083801]
[0.4416618049144745, 0.5637140870094299, 0.4662083387374878, 0.3181019425392151, 0.48068946599960327]
[0.5114892721176147, 0.5661710500717163, 0.4368382692337036, 0.32651686668395996, 0.5169329643249512]
[0.43789801001548767, 0.5678279995918274, 0.481395423412323, 0.34970104694366455, 0.47777417302131653]
[0.5292478203773499, 0.5679740309715271, 0.442160040140152, 0.30589067935943604, 0.5509496927261353]
[0.4804310202598572, 0.5706251859664917, 0.4309219717979431, 0.2828536331653595, 0.5300365686416626]
[0.5803403854370117, 0.5146706104278564, 0.46572157740592957, 0.32643184065818787, 0.5376859903335571]
[0.5301045179367065, 0.5903584957122803, 0.43430453538894653, 0.30605292320251465, 0.5439523458480835]
[0.48346617817878723, 0.5896596312522888, 0.4111800193786621, 0.27940016984939575, 0.5194050669670105]
[0.5220618844032288, 0.5353166460990906, 0.4890461266040802, 0.4004797339439392, 0.5801491141319275]
[0.45600759983062744, 0.5717508792877197, 0.4212053120136261, 0.2810683250427246, 0.5154467821121216]
[0.46639612317085266, 0.5708218812942505, 0.4739042818546295, 0.3282054364681244, 0.5037539601325989]
[0.44864922761917114, 0.5879282355308533, 0.458241730928421, 0.30866020917892456, 0.48704779148101807]
[0.48949894309043884, 0.5365371704101562, 0.48516446352005005, 0.37966063618659973, 0.526201605796814]
[0.5447506308555603, 0.5636207461357117, 0.40964275598526, 0.2866651117801666, 0.546152651309967]
