1
成都前天一辆8路车被人喊了句冒烟了之后 居然有十多个自带小锤的人掏出锤锤把玻璃砸得稀烂， 全部跳车跑了， 一个女的跳车的时候还走光了， 结果是虚惊， 公交司机气的大骂，哪个胎神，在那乱求喊，老子尿都吓出来了！
[0.5675467252731323, 0.552796483039856, 0.40795448422431946, 0.2710411548614502, 0.5784021615982056]
[0.4762350618839264, 0.5618618726730347, 0.4384312331676483, 0.3097362816333771, 0.4983004927635193]
[0.4762565791606903, 0.5617517828941345, 0.43857714533805847, 0.2991923987865448, 0.5036378502845764]
[0.4538464844226837, 0.5562558770179749, 0.45489630103111267, 0.3007192313671112, 0.4843291640281677]
[0.4527694582939148, 0.5794683694839478, 0.44250789284706116, 0.2759810984134674, 0.5188217163085938]
[0.467465877532959, 0.5605387687683105, 0.4540533721446991, 0.2983197569847107, 0.520366370677948]
[0.5215778946876526, 0.5624462366104126, 0.4248736798763275, 0.2974879741668701, 0.5283300876617432]
[0.6289446353912354, 0.5314958095550537, 0.4048183858394623, 0.26471802592277527, 0.6169666051864624]
[0.5203461647033691, 0.5783154368400574, 0.42207953333854675, 0.2909437417984009, 0.5251195430755615]
[0.5053948760032654, 0.5684020519256592, 0.4378904700279236, 0.2909565567970276, 0.5459396243095398]
[0.46581634879112244, 0.5593059659004211, 0.467601478099823, 0.32229816913604736, 0.485521525144577]
