1
各位施主，快出来看瀑布，黄果树还敢说自己是最宽最长的吗？
[0.5365232825279236, 0.5618107914924622, 0.4293965697288513, 0.28036433458328247, 0.5569702386856079]
[0.5303637385368347, 0.5364618897438049, 0.44950708746910095, 0.31228578090667725, 0.5523976683616638]
[0.5324906706809998, 0.5671687126159668, 0.4432176351547241, 0.3122108280658722, 0.5224236845970154]
[0.42589956521987915, 0.5757075548171997, 0.42941761016845703, 0.2690674662590027, 0.4756638705730438]
[0.4886073172092438, 0.5743770003318787, 0.43713560700416565, 0.2889609634876251, 0.5114208459854126]
[0.521691083908081, 0.5878927707672119, 0.4193263351917267, 0.279192179441452, 0.5255200266838074]
[0.6263757348060608, 0.5628910064697266, 0.3798062205314636, 0.24806107580661774, 0.6052467226982117]
[0.5127150416374207, 0.561445415019989, 0.4297868311405182, 0.2651940584182739, 0.5434309244155884]
[0.5203468799591064, 0.5503638386726379, 0.46902915835380554, 0.3168931305408478, 0.5040686130523682]
[0.5305346250534058, 0.5529351830482483, 0.4424746632575989, 0.3301015794277191, 0.5155961513519287]
[0.5353659391403198, 0.5626118779182434, 0.4381090998649597, 0.32261335849761963, 0.5203763842582703]
[0.42132195830345154, 0.5314092636108398, 0.5110881924629211, 0.3828801214694977, 0.4782717823982239]
[0.5220679640769958, 0.5687927007675171, 0.4215010702610016, 0.2876039147377014, 0.5499919056892395]
[0.49578747153282166, 0.582510769367218, 0.4397927224636078, 0.28186097741127014, 0.5159469842910767]
[0.5307904481887817, 0.6031988859176636, 0.4199073612689972, 0.26647084951400757, 0.5421241521835327]
[0.4254884123802185, 0.530385434627533, 0.5184926986694336, 0.41142594814300537, 0.49953290820121765]
[0.5230706930160522, 0.5720035433769226, 0.3946464955806732, 0.24403314292430878, 0.5542606115341187]
[0.5172964930534363, 0.5737954378128052, 0.4048222303390503, 0.2503837049007416, 0.5448958277702332]
