1
（转发）上海某 酒吧一帅气男子当场被阉割；案发现场酒吧一白色保时捷上下来四人进入该酒吧将一男子当场阉割；睡了不该睡的人；大家引以为戒吧。乱睡別人的人是要付出代价的；喜欢在酒吧玩的人转给身旁的人看看吧。看你们还乱泡。玩感情的人会有厉害家伙来收拾你
[0.4882405996322632, 0.5108473300933838, 0.511023759841919, 0.4100683331489563, 0.5691630840301514]
[0.5621737837791443, 0.5655759572982788, 0.4212092459201813, 0.2781931459903717, 0.5473144054412842]
[0.44593021273612976, 0.5549094676971436, 0.4484669268131256, 0.3299581706523895, 0.5037542581558228]
[0.433738648891449, 0.5362036228179932, 0.4862074851989746, 0.3493456542491913, 0.47606003284454346]
[0.5204217433929443, 0.5823568105697632, 0.41796576976776123, 0.2748069763183594, 0.5329369306564331]
[0.5051329731941223, 0.5899836421012878, 0.4247754216194153, 0.2757553160190582, 0.5170662999153137]
[0.4895462989807129, 0.5722289681434631, 0.4381132125854492, 0.2910986840724945, 0.49816757440567017]
[0.4818546772003174, 0.5671708583831787, 0.4427948296070099, 0.3154818117618561, 0.5104961395263672]
[0.5010339021682739, 0.5682564377784729, 0.4409860670566559, 0.3250751793384552, 0.5057032108306885]
[0.48116469383239746, 0.5405609011650085, 0.4926966726779938, 0.33221015334129333, 0.4902624487876892]
[0.4704669415950775, 0.529106855392456, 0.5329402089118958, 0.4262796938419342, 0.5107561349868774]
[0.5097241997718811, 0.5755513310432434, 0.42265626788139343, 0.2896195650100708, 0.5158729553222656]
[0.5185933113098145, 0.5886591672897339, 0.41420748829841614, 0.28358691930770874, 0.5321028828620911]
[0.5532942414283752, 0.5922162532806396, 0.40702024102211, 0.27298325300216675, 0.564769446849823]
[0.5354865789413452, 0.5888907313346863, 0.41922876238822937, 0.2605830132961273, 0.5253303050994873]
[0.49765583872795105, 0.564949095249176, 0.4309372007846832, 0.2944337725639343, 0.5036346316337585]
[0.5014215111732483, 0.5496715903282166, 0.4401801824569702, 0.32317283749580383, 0.5269768238067627]
[0.5650373697280884, 0.5537883639335632, 0.37990155816078186, 0.25031569600105286, 0.5852452516555786]
[0.4959453344345093, 0.5702573657035828, 0.4383975863456726, 0.27527177333831787, 0.5322533249855042]
[0.4859176278114319, 0.5702298283576965, 0.42401647567749023, 0.2856474220752716, 0.5393882989883423]
[0.4985775947570801, 0.5620035529136658, 0.46802636981010437, 0.3429974913597107, 0.4963618218898773]
[0.5609235763549805, 0.5820306539535522, 0.3872935473918915, 0.2728539705276489, 0.5639358758926392]
[0.48828110098838806, 0.5658696293830872, 0.40894562005996704, 0.29458993673324585, 0.5366527438163757]
[0.5972088575363159, 0.5841200947761536, 0.39422929286956787, 0.24562063813209534, 0.5680853724479675]
[0.4966520369052887, 0.5580876469612122, 0.4160216748714447, 0.266413152217865, 0.5551618933677673]
[0.5251967906951904, 0.5918418765068054, 0.4071086049079895, 0.27590683102607727, 0.5441915392875671]
[0.4825313091278076, 0.5803935527801514, 0.45230862498283386, 0.31167471408843994, 0.5009760856628418]
[0.42948296666145325, 0.5403439998626709, 0.4892818331718445, 0.37552377581596375, 0.46253904700279236]
[0.572583019733429, 0.5673038363456726, 0.414720743894577, 0.27390164136886597, 0.5295237302780151]
[0.47644472122192383, 0.5579250454902649, 0.45760729908943176, 0.3246203362941742, 0.48972585797309875]
[0.5287361145019531, 0.5866382718086243, 0.42240235209465027, 0.26963600516319275, 0.5692706108093262]
[0.44059452414512634, 0.5773019194602966, 0.43402528762817383, 0.2827107012271881, 0.4935673177242279]
[0.5070725679397583, 0.5795678496360779, 0.4309682846069336, 0.25872695446014404, 0.538472592830658]
[0.5533189177513123, 0.5862434506416321, 0.4219052195549011, 0.27534425258636475, 0.5636693835258484]
[0.5122649669647217, 0.5731348991394043, 0.41815653443336487, 0.26987147331237793, 0.544415295124054]
[0.4431816637516022, 0.5611444115638733, 0.4590243697166443, 0.3258805274963379, 0.4893992245197296]
[0.5322265625, 0.5769954323768616, 0.4165574908256531, 0.26815053820610046, 0.5588484406471252]
[0.5065847039222717, 0.573275089263916, 0.4262544810771942, 0.28875744342803955, 0.5186053514480591]
[0.4917965829372406, 0.5642513632774353, 0.44473153352737427, 0.292820006608963, 0.504958987236023]
[0.5119738578796387, 0.5767773985862732, 0.420161634683609, 0.2886592149734497, 0.5166778564453125]
[0.5293350219726562, 0.5773614645004272, 0.4174328148365021, 0.2850239872932434, 0.5242378115653992]
[0.5643851161003113, 0.5654773116111755, 0.44206702709198, 0.26081836223602295, 0.5447942614555359]
[0.44366133213043213, 0.5597807168960571, 0.4426337480545044, 0.28842693567276, 0.49365538358688354]
[0.48379552364349365, 0.5937032699584961, 0.41920071840286255, 0.2830924987792969, 0.4925927221775055]
[0.5139214396476746, 0.5815809965133667, 0.4366186857223511, 0.2893136143684387, 0.5372474193572998]
[0.5243404507637024, 0.5760449767112732, 0.4186996817588806, 0.29310253262519836, 0.5424329042434692]
[0.4193073809146881, 0.5669088363647461, 0.42905083298683167, 0.2549782991409302, 0.486793577671051]
[0.4558250606060028, 0.5897515416145325, 0.45203280448913574, 0.28876742720603943, 0.49002525210380554]
[0.4487622082233429, 0.5716210603713989, 0.4600348174571991, 0.3031274080276489, 0.45275557041168213]
[0.530583918094635, 0.563124418258667, 0.4374707341194153, 0.3158511519432068, 0.5236238241195679]
[0.4818546772003174, 0.5671708583831787, 0.4427948296070099, 0.3154818117618561, 0.5104961395263672]
[0.4226491153240204, 0.5589419007301331, 0.490991473197937, 0.31572866439819336, 0.4769243001937866]
[0.4620547592639923, 0.5828618407249451, 0.45297178626060486, 0.2945459485054016, 0.5023465752601624]
[0.4748695194721222, 0.5837108492851257, 0.44657549262046814, 0.31448259949684143, 0.5142115950584412]
[0.3853304386138916, 0.5717540383338928, 0.4347635507583618, 0.29447972774505615, 0.4883950650691986]
[0.45493340492248535, 0.5816252827644348, 0.479015976190567, 0.31011462211608887, 0.49793753027915955]
[0.4930281639099121, 0.5683075189590454, 0.42724525928497314, 0.27688613533973694, 0.5336199998855591]
[0.45808547735214233, 0.5688662528991699, 0.45890721678733826, 0.29292064905166626, 0.4915944039821625]
[0.5071966052055359, 0.5377855896949768, 0.44173648953437805, 0.3027149438858032, 0.48790299892425537]
[0.5244597792625427, 0.5673940777778625, 0.42901942133903503, 0.28732484579086304, 0.508772611618042]
[0.4502499997615814, 0.5825034379959106, 0.44765836000442505, 0.29133114218711853, 0.48963648080825806]
[0.4523748755455017, 0.5603311061859131, 0.43106532096862793, 0.302822083234787, 0.5017116665840149]
[0.4897599220275879, 0.5694078803062439, 0.44935718178749084, 0.2868396043777466, 0.5122595429420471]
[0.41157329082489014, 0.5522733330726624, 0.46554070711135864, 0.336717814207077, 0.4520173668861389]
[0.5205435752868652, 0.5763362646102905, 0.41240423917770386, 0.282455176115036, 0.5514882802963257]
[0.46604123711586, 0.5210933089256287, 0.4842686355113983, 0.3501569628715515, 0.5160863995552063]
[0.5291121006011963, 0.5923258662223816, 0.415624737739563, 0.2743915021419525, 0.544005274772644]
[0.5052089095115662, 0.585239827632904, 0.4312998652458191, 0.30167335271835327, 0.5355079174041748]
[0.4525441527366638, 0.5579469799995422, 0.4578975439071655, 0.3020201623439789, 0.46354275941848755]
[0.480571448802948, 0.5704441070556641, 0.42478007078170776, 0.259522408246994, 0.5293791890144348]
[0.3898242712020874, 0.5643010139465332, 0.44738563895225525, 0.30076131224632263, 0.47317248582839966]
[0.527854323387146, 0.5857251286506653, 0.42558375000953674, 0.27191784977912903, 0.5264109373092651]
[0.5262809991836548, 0.5698674917221069, 0.4366750121116638, 0.2803283631801605, 0.5571174621582031]
[0.48302653431892395, 0.5907944440841675, 0.46153169870376587, 0.2987871468067169, 0.5002539157867432]
[0.4900364279747009, 0.5729289650917053, 0.482321560382843, 0.30955934524536133, 0.5172944664955139]
[0.5522453784942627, 0.5838704705238342, 0.4247962236404419, 0.26821261644363403, 0.539992094039917]
[0.5280645489692688, 0.574853241443634, 0.4545878469944, 0.2851210832595825, 0.5306450128555298]
[0.45390650629997253, 0.5608345866203308, 0.4327472448348999, 0.3086755573749542, 0.5009708404541016]
[0.5064815282821655, 0.5754976272583008, 0.4632171094417572, 0.28131234645843506, 0.553880512714386]
[0.5322265625, 0.5769954323768616, 0.4165574908256531, 0.26815053820610046, 0.5588484406471252]
[0.5252654552459717, 0.5767011046409607, 0.4229852557182312, 0.2727682292461395, 0.560742199420929]
[0.4848531484603882, 0.5732238292694092, 0.4362836480140686, 0.28357937932014465, 0.5085340738296509]
[0.48997172713279724, 0.565000593662262, 0.4783260226249695, 0.3328688144683838, 0.5089287161827087]
[0.516544759273529, 0.5764205455780029, 0.41533932089805603, 0.2910386919975281, 0.5527711510658264]
[0.5322265625, 0.5769954323768616, 0.4165574908256531, 0.26815053820610046, 0.5588484406471252]
[0.40898922085762024, 0.5522946715354919, 0.5150344371795654, 0.4031717777252197, 0.46541497111320496]
[0.5500809550285339, 0.5794690847396851, 0.42294925451278687, 0.2608884274959564, 0.5702901482582092]
[0.4842104911804199, 0.5623906850814819, 0.45449140667915344, 0.32872721552848816, 0.49955955147743225]
[0.5149682760238647, 0.5514000654220581, 0.4459877610206604, 0.29291725158691406, 0.5209369659423828]
[0.49813777208328247, 0.5821756720542908, 0.4204290807247162, 0.25870397686958313, 0.5590940117835999]
[0.527854323387146, 0.5857251286506653, 0.42558375000953674, 0.27191784977912903, 0.5264109373092651]
[0.4551254212856293, 0.5422278642654419, 0.43632081151008606, 0.28234562277793884, 0.5284017324447632]
