1
【广州伪娘coser 遭黑人强暴，路过维吾尔族商贩拔刀相助】。。。这信息量。。。。
[0.5265076756477356, 0.5299844741821289, 0.46996238827705383, 0.3211253583431244, 0.5383501648902893]
[0.4487622082233429, 0.5716210603713989, 0.4600348174571991, 0.3031274080276489, 0.45275557041168213]
[0.3748152554035187, 0.5408907532691956, 0.4706849753856659, 0.33647000789642334, 0.4239509105682373]
[0.4438380300998688, 0.5782715082168579, 0.42323657870292664, 0.2622232437133789, 0.4907930791378021]
[0.5098395347595215, 0.5580262541770935, 0.44829821586608887, 0.27929818630218506, 0.5065283179283142]
[0.44968026876449585, 0.5401620864868164, 0.45972225069999695, 0.30963364243507385, 0.4466307461261749]
[0.6006954312324524, 0.5252951383590698, 0.4241983890533447, 0.2857525050640106, 0.5625833868980408]
[0.5615058541297913, 0.5749586224555969, 0.4131602942943573, 0.26516491174697876, 0.5269900560379028]
[0.4720337986946106, 0.5426519513130188, 0.4773748815059662, 0.3222031593322754, 0.47876235842704773]
[0.48205870389938354, 0.5644993185997009, 0.42689043283462524, 0.28146037459373474, 0.49906280636787415]
[0.48379552364349365, 0.5937032699584961, 0.41920071840286255, 0.2830924987792969, 0.4925927221775055]
[0.4153733551502228, 0.5685902237892151, 0.4504828155040741, 0.28016436100006104, 0.4572634994983673]
[0.5318586826324463, 0.5653459429740906, 0.421367347240448, 0.26884904503822327, 0.5440030097961426]
[0.5291777849197388, 0.5907109975814819, 0.4336990416049957, 0.2799944281578064, 0.5257909893989563]
[0.48379552364349365, 0.5937032699584961, 0.41920071840286255, 0.2830924987792969, 0.4925927221775055]
[0.5473827719688416, 0.5794305801391602, 0.42918112874031067, 0.2680577039718628, 0.5248397588729858]
[0.5665130019187927, 0.5892794132232666, 0.40400439500808716, 0.26878461241722107, 0.569239616394043]
[0.5713307857513428, 0.5103229880332947, 0.4378269612789154, 0.35237178206443787, 0.5740117430686951]
[0.4582354724407196, 0.5591844916343689, 0.4533333480358124, 0.30734604597091675, 0.4680928587913513]
[0.5451405048370361, 0.5799071192741394, 0.4316512644290924, 0.266661137342453, 0.5196403861045837]
[0.45829910039901733, 0.5631265640258789, 0.45007196068763733, 0.3122014105319977, 0.48522356152534485]
[0.5411208271980286, 0.5970469117164612, 0.439384788274765, 0.2794824540615082, 0.5512353181838989]
[0.4825313091278076, 0.5803935527801514, 0.45230862498283386, 0.31167471408843994, 0.5009760856628418]
[0.45829910039901733, 0.5631265640258789, 0.45007196068763733, 0.3122014105319977, 0.48522356152534485]
[0.5007484555244446, 0.5616438388824463, 0.43090373277664185, 0.28417572379112244, 0.5066454410552979]
[0.521691083908081, 0.5878927707672119, 0.4193263351917267, 0.279192179441452, 0.5255200266838074]
[0.5256441831588745, 0.5364016890525818, 0.46868592500686646, 0.34054139256477356, 0.4906783103942871]
[0.47743743658065796, 0.5661410093307495, 0.44204115867614746, 0.27851682901382446, 0.5014399886131287]
[0.48497113585472107, 0.5840582847595215, 0.4492633640766144, 0.2907770276069641, 0.5038205981254578]
[0.5846028327941895, 0.595587968826294, 0.3883450925350189, 0.22145026922225952, 0.5870913863182068]
[0.4788232445716858, 0.5746061205863953, 0.43972617387771606, 0.3199694752693176, 0.5017385482788086]
[0.34810447692871094, 0.5591409802436829, 0.4730147421360016, 0.33011797070503235, 0.4746110439300537]
[0.49034011363983154, 0.5840499401092529, 0.42937713861465454, 0.2851494550704956, 0.5134434700012207]
[0.5621742010116577, 0.5803424715995789, 0.4221099615097046, 0.2627289295196533, 0.5222871899604797]
[0.5401851534843445, 0.5836262106895447, 0.4538884162902832, 0.3010292649269104, 0.545163631439209]
[0.46089085936546326, 0.5687234401702881, 0.4445091187953949, 0.2840127646923065, 0.5037820935249329]
[0.5369563698768616, 0.5954218506813049, 0.40189799666404724, 0.2705991268157959, 0.5370773673057556]
[0.5318942070007324, 0.571208655834198, 0.42765679955482483, 0.28920266032218933, 0.5602995157241821]
[0.4437237083911896, 0.5808864831924438, 0.43781134486198425, 0.27734535932540894, 0.47363385558128357]
[0.5941304564476013, 0.5914863348007202, 0.41948795318603516, 0.25183090567588806, 0.5646846890449524]
[0.5240795612335205, 0.5555781722068787, 0.4595944583415985, 0.2976846396923065, 0.510613203048706]
[0.5315001010894775, 0.5932661890983582, 0.41847169399261475, 0.26141905784606934, 0.5516807436943054]
[0.49344196915626526, 0.5895677208900452, 0.418852835893631, 0.27367889881134033, 0.5222940444946289]
[0.5119377970695496, 0.5847818851470947, 0.416146844625473, 0.2916679084300995, 0.512735903263092]
[0.4947494864463806, 0.5622370839118958, 0.4368031919002533, 0.30380672216415405, 0.5377559065818787]
[0.4795043468475342, 0.5821501612663269, 0.4371618628501892, 0.2788461148738861, 0.5159016847610474]
[0.4601633846759796, 0.576370358467102, 0.4498681128025055, 0.2820289134979248, 0.4649924039840698]
[0.5527416467666626, 0.577908992767334, 0.42488157749176025, 0.2648155391216278, 0.5282130241394043]
[0.5007484555244446, 0.5616438388824463, 0.43090373277664185, 0.28417572379112244, 0.5066454410552979]
[0.5136260390281677, 0.5569571852684021, 0.44015222787857056, 0.302859902381897, 0.5461490750312805]
[0.4437237083911896, 0.5808864831924438, 0.43781134486198425, 0.27734535932540894, 0.47363385558128357]
[0.5065181851387024, 0.5840185284614563, 0.417397141456604, 0.2657701075077057, 0.5320913791656494]
[0.5538181066513062, 0.5672013759613037, 0.4066186547279358, 0.27225738763809204, 0.5565873384475708]
[0.48379552364349365, 0.5937032699584961, 0.41920071840286255, 0.2830924987792969, 0.4925927221775055]
[0.5411208271980286, 0.5970469117164612, 0.439384788274765, 0.2794824540615082, 0.5512353181838989]
[0.4695640504360199, 0.5480258464813232, 0.44397982954978943, 0.29028812050819397, 0.5300017595291138]
[0.4375351369380951, 0.5263824462890625, 0.45628103613853455, 0.28995952010154724, 0.4579482972621918]
[0.44646739959716797, 0.5576849579811096, 0.44284114241600037, 0.30455246567726135, 0.4551967680454254]
[0.5411208271980286, 0.5970469117164612, 0.439384788274765, 0.2794824540615082, 0.5512353181838989]
[0.5151064991950989, 0.5747038125991821, 0.424662321805954, 0.28126558661460876, 0.5288636088371277]
[0.527854323387146, 0.5857251286506653, 0.42558375000953674, 0.27191784977912903, 0.5264109373092651]
[0.5039966106414795, 0.5428351759910583, 0.4630269706249237, 0.3405447006225586, 0.512736439704895]
[0.5484491586685181, 0.5715346336364746, 0.4387620687484741, 0.2751701772212982, 0.5512450933456421]
[0.511135995388031, 0.5790990591049194, 0.4344942271709442, 0.29284751415252686, 0.5046494007110596]
[0.4652535915374756, 0.5589110851287842, 0.4510917663574219, 0.3091205358505249, 0.4774695038795471]
[0.4690406322479248, 0.5492177605628967, 0.44723328948020935, 0.3295708894729614, 0.48718830943107605]
[0.5392138957977295, 0.5823938250541687, 0.4261903762817383, 0.27492547035217285, 0.5122859477996826]
[0.49201396107673645, 0.5827284455299377, 0.4419449269771576, 0.287029504776001, 0.5204305052757263]
[0.4920872151851654, 0.5734383463859558, 0.4363727867603302, 0.2702329754829407, 0.5050156712532043]
[0.37325283885002136, 0.5414838194847107, 0.45891550183296204, 0.32440105080604553, 0.42999640107154846]
[0.4145800471305847, 0.5602164268493652, 0.4270014762878418, 0.2625711262226105, 0.4717119336128235]
[0.48347732424736023, 0.5766528844833374, 0.4573958218097687, 0.282082200050354, 0.5116381049156189]
[0.5200344920158386, 0.5796987414360046, 0.42997950315475464, 0.27620929479599, 0.5538498163223267]
[0.46611881256103516, 0.5596778392791748, 0.4569428563117981, 0.3243546783924103, 0.4691380560398102]
[0.5332108736038208, 0.5695902109146118, 0.43002986907958984, 0.2847321629524231, 0.5422326326370239]
[0.45829910039901733, 0.5631265640258789, 0.45007196068763733, 0.3122014105319977, 0.48522356152534485]
[0.48379552364349365, 0.5937032699584961, 0.41920071840286255, 0.2830924987792969, 0.4925927221775055]
[0.48379552364349365, 0.5937032699584961, 0.41920071840286255, 0.2830924987792969, 0.4925927221775055]
[0.3657263219356537, 0.5458317995071411, 0.4716077744960785, 0.34808608889579773, 0.4636678397655487]
[0.5212463140487671, 0.5887864828109741, 0.43442320823669434, 0.30267661809921265, 0.5218187570571899]
[0.3748152554035187, 0.5408907532691956, 0.4706849753856659, 0.33647000789642334, 0.4239509105682373]
[0.43639153242111206, 0.5445383191108704, 0.45110368728637695, 0.30496159195899963, 0.5048438310623169]
[0.43193668127059937, 0.529751181602478, 0.45414772629737854, 0.3079170286655426, 0.4897528290748596]
[0.5097576975822449, 0.5632660984992981, 0.42396366596221924, 0.28626441955566406, 0.5248791575431824]
[0.5007484555244446, 0.5616438388824463, 0.43090373277664185, 0.28417572379112244, 0.5066454410552979]
[0.4582354724407196, 0.5591844916343689, 0.4533333480358124, 0.30734604597091675, 0.4680928587913513]
[0.4907926917076111, 0.5637834668159485, 0.4414612948894501, 0.2947947084903717, 0.49108949303627014]
[0.5060363411903381, 0.5798314809799194, 0.43386930227279663, 0.2859770357608795, 0.5054161548614502]
[0.5172860622406006, 0.5852804183959961, 0.4217558801174164, 0.27797672152519226, 0.5394071340560913]
[0.48379552364349365, 0.5937032699584961, 0.41920071840286255, 0.2830924987792969, 0.4925927221775055]
[0.5232529640197754, 0.5751890540122986, 0.41666871309280396, 0.2521617114543915, 0.5229701399803162]
[0.5910564661026001, 0.5148522257804871, 0.4798683822154999, 0.35419756174087524, 0.5645309686660767]
[0.5161179900169373, 0.5950556397438049, 0.4431259334087372, 0.27143722772598267, 0.5219408869743347]
[0.5217891931533813, 0.5851165652275085, 0.43435370922088623, 0.3072150945663452, 0.528086245059967]
[0.5133508443832397, 0.5296151041984558, 0.5146426558494568, 0.42334967851638794, 0.5551580786705017]
[0.492155522108078, 0.5680863261222839, 0.43196624517440796, 0.28645846247673035, 0.4994414150714874]
[0.5106247067451477, 0.5926252603530884, 0.43325477838516235, 0.28595811128616333, 0.5207708477973938]
[0.5285489559173584, 0.5583338737487793, 0.42777693271636963, 0.26676228642463684, 0.531273603439331]
[0.5768297910690308, 0.5536051988601685, 0.4114407002925873, 0.26936379075050354, 0.5694800615310669]
[0.5470486879348755, 0.5684481859207153, 0.4137580692768097, 0.2683950960636139, 0.560762882232666]
[0.5217891931533813, 0.5851165652275085, 0.43435370922088623, 0.3072150945663452, 0.528086245059967]
