1
【广州伪娘coser 遭黑人强暴，路过维吾尔族商贩拔刀相助】。。。这信息量。。。。
[0.5265076756477356, 0.5299844741821289, 0.46996238827705383, 0.3211253583431244, 0.5383501648902893]
[0.5061666965484619, 0.582152783870697, 0.4157591760158539, 0.26821663975715637, 0.548132598400116]
[0.5382106304168701, 0.5891814231872559, 0.40270280838012695, 0.27469033002853394, 0.565802276134491]
[0.5519804954528809, 0.5801111459732056, 0.42737531661987305, 0.2631451487541199, 0.5564767718315125]
[0.430286705493927, 0.547247052192688, 0.4696216881275177, 0.3336235582828522, 0.46604108810424805]
[0.5768018364906311, 0.5587037801742554, 0.4322051703929901, 0.31557008624076843, 0.5867000222206116]
[0.46299970149993896, 0.5760980844497681, 0.4295654892921448, 0.281013548374176, 0.5004615187644958]
[0.5164605379104614, 0.5756384134292603, 0.4685690104961395, 0.2929656505584717, 0.48701944947242737]
[0.5633542537689209, 0.5949947834014893, 0.39272570610046387, 0.2410731017589569, 0.5589845776557922]
[0.4920872151851654, 0.5734383463859558, 0.4363727867603302, 0.2702329754829407, 0.5050156712532043]
[0.534557044506073, 0.5899940729141235, 0.39617618918418884, 0.24779991805553436, 0.522403359413147]
[0.4890099763870239, 0.5057852268218994, 0.5024089813232422, 0.372094064950943, 0.5120476484298706]
[0.5275026559829712, 0.5525110363960266, 0.43676844239234924, 0.28845134377479553, 0.521101713180542]
[0.5132603049278259, 0.5921703577041626, 0.42891666293144226, 0.2793859839439392, 0.5108778476715088]
[0.4724515676498413, 0.5610862374305725, 0.44574546813964844, 0.29499197006225586, 0.5130863785743713]
[0.4880741238594055, 0.5858915448188782, 0.43900078535079956, 0.2855096459388733, 0.5257876515388489]
[0.48645827174186707, 0.558437168598175, 0.4475769102573395, 0.29422637820243835, 0.5160449743270874]
[0.5198280811309814, 0.5479730367660522, 0.448386013507843, 0.3018229603767395, 0.5271241664886475]
[0.5571354627609253, 0.5882170796394348, 0.43082308769226074, 0.2611440420150757, 0.5702462792396545]
[0.45012930035591125, 0.5157545208930969, 0.5026047229766846, 0.410501092672348, 0.5001577734947205]
[0.5216172337532043, 0.579474687576294, 0.4264985918998718, 0.2799372673034668, 0.5416284203529358]
[0.5475418567657471, 0.5686519742012024, 0.4249330163002014, 0.27530792355537415, 0.5582431554794312]
[0.4455414116382599, 0.5582684874534607, 0.43604764342308044, 0.2936370372772217, 0.49480316042900085]
[0.5070725679397583, 0.5795678496360779, 0.4309682846069336, 0.25872695446014404, 0.538472592830658]
[0.5541277527809143, 0.57992023229599, 0.41967663168907166, 0.2687984108924866, 0.5745835900306702]
[0.555695652961731, 0.5675524473190308, 0.419256329536438, 0.28538405895233154, 0.5716949701309204]
[0.5359471440315247, 0.5730651021003723, 0.43747398257255554, 0.30560532212257385, 0.5457302927970886]
[0.5247785449028015, 0.5426079630851746, 0.4438810646533966, 0.2903596758842468, 0.5629609823226929]
[0.453483909368515, 0.5779265761375427, 0.4295690059661865, 0.2874303162097931, 0.4914756119251251]
[0.44379955530166626, 0.5525230169296265, 0.4783113896846771, 0.3291530907154083, 0.5200727581977844]
[0.5217891931533813, 0.5851165652275085, 0.43435370922088623, 0.3072150945663452, 0.528086245059967]
[0.4730870723724365, 0.5614542365074158, 0.4527381658554077, 0.2958304286003113, 0.46950599551200867]
[0.5038049221038818, 0.5243092775344849, 0.4624074697494507, 0.31318509578704834, 0.5327650904655457]
[0.5120173692703247, 0.551321804523468, 0.43881624937057495, 0.2851238548755646, 0.5263893604278564]
[0.48379552364349365, 0.5937032699584961, 0.41920071840286255, 0.2830924987792969, 0.4925927221775055]
[0.5167646408081055, 0.5892900824546814, 0.43205246329307556, 0.27814891934394836, 0.5488680005073547]
[0.515963077545166, 0.5756424069404602, 0.4381564259529114, 0.28219425678253174, 0.5436680912971497]
[0.47926226258277893, 0.5842106342315674, 0.41877350211143494, 0.27112913131713867, 0.5243079662322998]
[0.5451405048370361, 0.5799071192741394, 0.4316512644290924, 0.266661137342453, 0.5196403861045837]
[0.47476351261138916, 0.5762531161308289, 0.4259510338306427, 0.29393431544303894, 0.48880240321159363]
[0.3746985197067261, 0.5405091047286987, 0.47470998764038086, 0.35055363178253174, 0.42218413949012756]
[0.4957756996154785, 0.5477787256240845, 0.4576345682144165, 0.31568828225135803, 0.49826890230178833]
[0.4770095646381378, 0.5444288849830627, 0.4592607021331787, 0.312246173620224, 0.5008145570755005]
[0.524377167224884, 0.52830570936203, 0.47746893763542175, 0.35590505599975586, 0.5296202898025513]
[0.4419417679309845, 0.5644962191581726, 0.44368505477905273, 0.29498618841171265, 0.46792784333229065]
[0.5407106876373291, 0.5429282188415527, 0.4761737287044525, 0.3081081211566925, 0.5611481666564941]
[0.521691083908081, 0.5878927707672119, 0.4193263351917267, 0.279192179441452, 0.5255200266838074]
[0.44166839122772217, 0.5222470760345459, 0.5151739120483398, 0.4180605113506317, 0.5026159286499023]
[0.5458853840827942, 0.5789893269538879, 0.4288015067577362, 0.27346071600914, 0.5650454163551331]
[0.48344510793685913, 0.5570306777954102, 0.44774192571640015, 0.32576245069503784, 0.5232433676719666]
[0.4536033868789673, 0.5902352333068848, 0.42786499857902527, 0.2693879008293152, 0.5087438821792603]
[0.46299970149993896, 0.5760980844497681, 0.4295654892921448, 0.281013548374176, 0.5004615187644958]
[0.5153986811637878, 0.5254355669021606, 0.49491918087005615, 0.3574056625366211, 0.5605736374855042]
[0.5589433908462524, 0.5577352643013, 0.42938777804374695, 0.2743154764175415, 0.5451606512069702]
[0.4539072811603546, 0.5264649391174316, 0.49682700634002686, 0.3996022939682007, 0.4986482560634613]
[0.5058850049972534, 0.5900886058807373, 0.41757985949516296, 0.28171905875205994, 0.5198380351066589]
[0.5725026726722717, 0.5880485773086548, 0.4206550121307373, 0.25188788771629333, 0.5557805299758911]
[0.4957613945007324, 0.5055648684501648, 0.47181105613708496, 0.3346354365348816, 0.4534320831298828]
[0.5313522815704346, 0.569462776184082, 0.4142092168331146, 0.26596227288246155, 0.5809155702590942]
[0.5350452065467834, 0.5958518981933594, 0.4220791161060333, 0.26615068316459656, 0.5529654622077942]
[0.5841714143753052, 0.5476546287536621, 0.4168064296245575, 0.2784850001335144, 0.5633267760276794]
[0.528049111366272, 0.5652043223381042, 0.442270964384079, 0.28081661462783813, 0.5125094652175903]
[0.5033268928527832, 0.5577214360237122, 0.42910000681877136, 0.29582950472831726, 0.5138993859291077]
[0.3748152554035187, 0.5408907532691956, 0.4706849753856659, 0.33647000789642334, 0.4239509105682373]
[0.44846832752227783, 0.5449737906455994, 0.45516636967658997, 0.3401808738708496, 0.5210381746292114]
[0.5475864410400391, 0.5706225633621216, 0.42606544494628906, 0.2742922008037567, 0.5492775440216064]
[0.44162067770957947, 0.5316881537437439, 0.4894266426563263, 0.34081655740737915, 0.473012238740921]
[0.493328720331192, 0.5627759695053101, 0.4151257872581482, 0.2968460023403168, 0.4895475506782532]
[0.41854551434516907, 0.5776952505111694, 0.43908241391181946, 0.2988206148147583, 0.4824540913105011]
[0.5061723589897156, 0.5777361989021301, 0.4365871250629425, 0.2915599048137665, 0.5334237217903137]
[0.5185184478759766, 0.6002577543258667, 0.4108235538005829, 0.25877344608306885, 0.547468900680542]
[0.5001810193061829, 0.5703367590904236, 0.44339361786842346, 0.298688679933548, 0.4975767731666565]
[0.6051894426345825, 0.5148018598556519, 0.41470763087272644, 0.2846629321575165, 0.5687420964241028]
[0.4997061491012573, 0.5902169942855835, 0.4450892508029938, 0.27178987860679626, 0.5368363261222839]
[0.5621742010116577, 0.5803424715995789, 0.4221099615097046, 0.2627289295196533, 0.5222871899604797]
[0.4848116636276245, 0.5398989319801331, 0.48119065165519714, 0.34869131445884705, 0.5221682786941528]
[0.4783395528793335, 0.5569597482681274, 0.42379438877105713, 0.3081352114677429, 0.4792885482311249]
[0.4658496081829071, 0.5834510326385498, 0.43947485089302063, 0.29862675070762634, 0.48415058851242065]
[0.5038725733757019, 0.5777286887168884, 0.447279155254364, 0.2921999990940094, 0.5137739181518555]
[0.5346457362174988, 0.579735517501831, 0.4197700023651123, 0.27575528621673584, 0.5398484468460083]
[0.40676769614219666, 0.533916711807251, 0.4660693109035492, 0.3100973963737488, 0.4292624294757843]
[0.4484197497367859, 0.5675523281097412, 0.44056832790374756, 0.28823843598365784, 0.4987260401248932]
[0.5277714133262634, 0.5683925151824951, 0.4369768500328064, 0.27714353799819946, 0.5161340832710266]
[0.5037251114845276, 0.5736674666404724, 0.4445446729660034, 0.3085598647594452, 0.5225014090538025]
[0.4895128905773163, 0.5777572989463806, 0.4403129518032074, 0.3025398254394531, 0.5356768369674683]
[0.5139035582542419, 0.5642740726470947, 0.43216803669929504, 0.2881211042404175, 0.5094153881072998]
[0.47411200404167175, 0.584330677986145, 0.4284377098083496, 0.2733074426651001, 0.5116078853607178]
[0.5187585353851318, 0.5471869707107544, 0.4876151978969574, 0.34858438372612, 0.5476981997489929]
[0.4198077321052551, 0.5328100323677063, 0.4479909837245941, 0.3143632411956787, 0.4747566282749176]
[0.575640857219696, 0.5668468475341797, 0.4186824560165405, 0.27384862303733826, 0.5689533352851868]
[0.4920872151851654, 0.5734383463859558, 0.4363727867603302, 0.2702329754829407, 0.5050156712532043]
[0.3628709316253662, 0.5390401482582092, 0.45917969942092896, 0.32012149691581726, 0.4314737915992737]
[0.5277714133262634, 0.5683925151824951, 0.4369768500328064, 0.27714353799819946, 0.5161340832710266]
[0.5056920051574707, 0.5780781507492065, 0.4278101623058319, 0.29885992407798767, 0.5290502309799194]
[0.48049473762512207, 0.5696222186088562, 0.45326805114746094, 0.3005283772945404, 0.48581239581108093]
[0.45601314306259155, 0.5256044268608093, 0.487140953540802, 0.3717533051967621, 0.48108479380607605]
[0.4487622082233429, 0.5716210603713989, 0.4600348174571991, 0.3031274080276489, 0.45275557041168213]
[0.5170808434486389, 0.5785786509513855, 0.41952618956565857, 0.293740451335907, 0.5471975207328796]
[0.515963077545166, 0.5756424069404602, 0.4381564259529114, 0.28219425678253174, 0.5436680912971497]
[0.4507271945476532, 0.5503637790679932, 0.4666498601436615, 0.338535338640213, 0.4827750623226166]
[0.5551371574401855, 0.5796128511428833, 0.401152640581131, 0.2702883780002594, 0.5588122010231018]
