1
#一妻多夫制# 由中国人事部、常务委员会、政治协商代表共同决定，由中国宪法和婚姻法明文规从2013年8月26号开始，可以实行一妻多夫制，还可以得到政府部门相应的补助，家庭中的“夫”如果发生大的矛盾，妻有权休掉任意一男方，这也无形中提高了我国女性的地位，所以，将来可能普遍出现“倒插门”现象
[0.5473474264144897, 0.5179622173309326, 0.4815267324447632, 0.3864498734474182, 0.5357145667076111]
[0.4505097270011902, 0.5692657828330994, 0.43139806389808655, 0.3078760802745819, 0.4647694528102875]
[0.4542653262615204, 0.5357166528701782, 0.4788731038570404, 0.36769309639930725, 0.46332502365112305]
[0.4437237083911896, 0.5808864831924438, 0.43781134486198425, 0.27734535932540894, 0.47363385558128357]
[0.5034229159355164, 0.5805166363716125, 0.43478924036026, 0.2991620600223541, 0.49711790680885315]
[0.4430525302886963, 0.5509694814682007, 0.4655291438102722, 0.30222198367118835, 0.44927626848220825]
[0.5411087274551392, 0.5573877692222595, 0.4033205211162567, 0.26483353972435, 0.5156958103179932]
[0.5244597792625427, 0.5673940777778625, 0.42901942133903503, 0.28732484579086304, 0.508772611618042]
[0.5393383502960205, 0.5783696174621582, 0.40127894282341003, 0.27542644739151, 0.5493016242980957]
[0.4980175793170929, 0.5746249556541443, 0.437383234500885, 0.2985912561416626, 0.5159085392951965]
[0.5093277096748352, 0.5721995830535889, 0.4451283812522888, 0.3002648651599884, 0.5371938347816467]
[0.38295605778694153, 0.5545042753219604, 0.4535374641418457, 0.29727861285209656, 0.4565301537513733]
[0.43284982442855835, 0.5757887959480286, 0.46108490228652954, 0.310757040977478, 0.45935678482055664]
[0.4047459065914154, 0.564328670501709, 0.47775599360466003, 0.35131415724754333, 0.4312407970428467]
[0.6275367736816406, 0.5563513040542603, 0.384944885969162, 0.25394687056541443, 0.607662558555603]
[0.4681391417980194, 0.5659290552139282, 0.4498724937438965, 0.3166479468345642, 0.48943400382995605]
[0.5140424966812134, 0.5608582496643066, 0.4573958218097687, 0.2979026734828949, 0.5082793831825256]
[0.4255422055721283, 0.57961505651474, 0.4535985291004181, 0.3040706515312195, 0.46728652715682983]
[0.4319682717323303, 0.5771452188491821, 0.45333829522132874, 0.3028765618801117, 0.4712127149105072]
[0.5266689658164978, 0.5695343613624573, 0.4103774428367615, 0.2844686210155487, 0.5344110727310181]
[0.5244597792625427, 0.5673940777778625, 0.42901942133903503, 0.28732484579086304, 0.508772611618042]
[0.4487622082233429, 0.5716210603713989, 0.4600348174571991, 0.3031274080276489, 0.45275557041168213]
[0.5260142683982849, 0.6009833812713623, 0.4200855791568756, 0.2605200707912445, 0.5512116551399231]
[0.49165669083595276, 0.5759168863296509, 0.43779900670051575, 0.3182198107242584, 0.49083060026168823]
[0.4896587133407593, 0.5791651010513306, 0.4274458587169647, 0.2882910668849945, 0.5096859931945801]
[0.4914476275444031, 0.5910311937332153, 0.4389372169971466, 0.2766493856906891, 0.5041027665138245]
[0.464508593082428, 0.5653157234191895, 0.4598581790924072, 0.3331853151321411, 0.5128257870674133]
[0.48854801058769226, 0.5908632874488831, 0.42439404129981995, 0.26817041635513306, 0.5391334295272827]
[0.5294065475463867, 0.5930667519569397, 0.4113006293773651, 0.261337012052536, 0.537103533744812]
[0.5145582556724548, 0.5780469179153442, 0.4372142553329468, 0.29111453890800476, 0.5132879018783569]
[0.4510441720485687, 0.5754848718643188, 0.4333522617816925, 0.2887113392353058, 0.48434481024742126]
[0.5774304270744324, 0.6065936088562012, 0.41549786925315857, 0.2480234056711197, 0.5604559779167175]
[0.43104320764541626, 0.5118719935417175, 0.5090149641036987, 0.43789294362068176, 0.4539925754070282]
[0.414044588804245, 0.5536133050918579, 0.44742658734321594, 0.31070706248283386, 0.4617815315723419]
[0.463233083486557, 0.5562295913696289, 0.4423060119152069, 0.3099941611289978, 0.47619345784187317]
[0.5107296705245972, 0.5213688015937805, 0.5367401838302612, 0.4703060984611511, 0.47012099623680115]
[0.49975526332855225, 0.5874056220054626, 0.4230498969554901, 0.27203112840652466, 0.5168728828430176]
[0.483141154050827, 0.5419192910194397, 0.4796513020992279, 0.34868860244750977, 0.5407646894454956]
[0.5193629860877991, 0.5856478810310364, 0.41173920035362244, 0.282301664352417, 0.5441094636917114]
[0.4667580723762512, 0.5593200922012329, 0.4654114842414856, 0.34887275099754333, 0.5134714245796204]
[0.4487622082233429, 0.5716210603713989, 0.4600348174571991, 0.3031274080276489, 0.45275557041168213]
[0.5375701785087585, 0.5584352612495422, 0.4723640978336334, 0.31357917189598083, 0.534426748752594]
[0.4605780243873596, 0.5499054193496704, 0.4513401389122009, 0.33249837160110474, 0.4712003469467163]
[0.6407794952392578, 0.5526632070541382, 0.3897344768047333, 0.2576867640018463, 0.6169785261154175]
[0.4487622082233429, 0.5716210603713989, 0.4600348174571991, 0.3031274080276489, 0.45275557041168213]
[0.49043136835098267, 0.5787898302078247, 0.4085555374622345, 0.2653382122516632, 0.5362514853477478]
[0.531674325466156, 0.5843169093132019, 0.40733277797698975, 0.2905103266239166, 0.5350959897041321]
[0.5585001111030579, 0.5684393644332886, 0.43116506934165955, 0.27072763442993164, 0.5464401841163635]
[0.5055716037750244, 0.584887683391571, 0.42049935460090637, 0.29993537068367004, 0.5128909349441528]
[0.4772273004055023, 0.5937963724136353, 0.4337978661060333, 0.2773963212966919, 0.5081824064254761]
[0.4776221513748169, 0.5711013078689575, 0.45463433861732483, 0.3088477849960327, 0.5172703862190247]
[0.4909207224845886, 0.5713754296302795, 0.4407136142253876, 0.2872253954410553, 0.5089055895805359]
[0.5245126485824585, 0.5829579830169678, 0.41528382897377014, 0.27598801255226135, 0.5443037152290344]
[0.5183182954788208, 0.5641968250274658, 0.4299042522907257, 0.3087947964668274, 0.5265322923660278]
[0.5249738693237305, 0.5652808547019958, 0.4060520529747009, 0.28113412857055664, 0.5568563938140869]
[0.5294325351715088, 0.5842670202255249, 0.4577552378177643, 0.32476404309272766, 0.5359036326408386]
[0.4321974217891693, 0.5325475931167603, 0.48850181698799133, 0.3617924451828003, 0.5008761882781982]
[0.4794579744338989, 0.5308448672294617, 0.4881918430328369, 0.37277764081954956, 0.5303537249565125]
[0.5599287152290344, 0.5777504444122314, 0.3986802399158478, 0.27825406193733215, 0.5572531223297119]
[0.4888739585876465, 0.570122241973877, 0.4640289545059204, 0.3078565299510956, 0.5282434821128845]
[0.5185933113098145, 0.5886591672897339, 0.41420748829841614, 0.28358691930770874, 0.5321028828620911]
[0.5373417735099792, 0.5879915952682495, 0.4212911128997803, 0.281441330909729, 0.5567320585250854]
[0.5384122133255005, 0.532330334186554, 0.4542868435382843, 0.33972594141960144, 0.5688082575798035]
[0.5241906046867371, 0.5786505341529846, 0.43084779381752014, 0.28878238797187805, 0.5224336981773376]
[0.44638168811798096, 0.5632479786872864, 0.44764187932014465, 0.2940002977848053, 0.4695930778980255]
[0.49577686190605164, 0.5832553505897522, 0.42610645294189453, 0.27595531940460205, 0.5108104348182678]
[0.5550594329833984, 0.5352177619934082, 0.43516284227371216, 0.2900952696800232, 0.5655772089958191]
[0.4907926917076111, 0.5637834668159485, 0.4414612948894501, 0.2947947084903717, 0.49108949303627014]
[0.516912043094635, 0.5773912668228149, 0.43480491638183594, 0.2958923578262329, 0.4865471422672272]
[0.6118642091751099, 0.5451450347900391, 0.38856256008148193, 0.24150192737579346, 0.5998520255088806]
[0.4972556233406067, 0.5480284690856934, 0.4126760959625244, 0.29000404477119446, 0.5229302644729614]
[0.3503018915653229, 0.5307785868644714, 0.4568445086479187, 0.335022896528244, 0.4210781753063202]
[0.41049227118492126, 0.5737622380256653, 0.41453424096107483, 0.2726047933101654, 0.47297403216362]
[0.48276808857917786, 0.5420130491256714, 0.4499739706516266, 0.3267804980278015, 0.523539125919342]
[0.582291841506958, 0.5796892046928406, 0.40014684200286865, 0.25482770800590515, 0.5588782429695129]
[0.45287805795669556, 0.5542446970939636, 0.44056203961372375, 0.3372321128845215, 0.46869513392448425]
[0.4982055127620697, 0.5209922194480896, 0.48525741696357727, 0.37746837735176086, 0.497161865234375]
[0.5149213075637817, 0.5745115280151367, 0.4294396936893463, 0.2818833291530609, 0.5206738114356995]
[0.537101686000824, 0.564114511013031, 0.4271277189254761, 0.31340116262435913, 0.5470490455627441]
