1
请大家协助缉拿通缉犯！快转！
[0.5301751494407654, 0.5618486404418945, 0.429674357175827, 0.3070913851261139, 0.5318595170974731]
[0.5687201023101807, 0.5676079392433167, 0.434831827878952, 0.3013969361782074, 0.5660311579704285]
[0.5436995625495911, 0.5311051607131958, 0.445746511220932, 0.3042520582675934, 0.5293527245521545]
[0.48463544249534607, 0.5615770220756531, 0.46539875864982605, 0.3204263746738434, 0.5013686418533325]
[0.4596084654331207, 0.5649588704109192, 0.47769680619239807, 0.3316815495491028, 0.5193162560462952]
[0.47632601857185364, 0.5421894788742065, 0.4555486738681793, 0.36587080359458923, 0.5247843265533447]
[0.5364453196525574, 0.5359996557235718, 0.4372939467430115, 0.3440130352973938, 0.5226148962974548]
[0.4185808598995209, 0.5565006732940674, 0.46080103516578674, 0.3367207944393158, 0.46631377935409546]
[0.5129372477531433, 0.5682374238967896, 0.44814127683639526, 0.29452788829803467, 0.5429444313049316]
[0.5129372477531433, 0.5682374238967896, 0.44814127683639526, 0.29452788829803467, 0.5429444313049316]
[0.47680914402008057, 0.5437288284301758, 0.4625106751918793, 0.3275584280490875, 0.4970381259918213]
[0.5768097043037415, 0.5675172209739685, 0.4246426224708557, 0.2863064110279083, 0.5569042563438416]
[0.49919480085372925, 0.5638586282730103, 0.45391008257865906, 0.3127737045288086, 0.5115456581115723]
[0.5151923298835754, 0.590579092502594, 0.44407835602760315, 0.25988322496414185, 0.5431274771690369]
[0.5217251777648926, 0.5385962128639221, 0.4305301904678345, 0.31290680170059204, 0.5439858436584473]
[0.511202871799469, 0.5954641699790955, 0.42167794704437256, 0.2693819999694824, 0.5110898613929749]
[0.5040035247802734, 0.5719863772392273, 0.43091994524002075, 0.27657848596572876, 0.5261465907096863]
[0.5731176733970642, 0.5872450470924377, 0.39511919021606445, 0.26454582810401917, 0.5776510238647461]
[0.46487557888031006, 0.5712911486625671, 0.44278785586357117, 0.30687400698661804, 0.4912422001361847]
[0.5622592568397522, 0.5732892751693726, 0.4069870114326477, 0.2913145124912262, 0.5677069425582886]
[0.4324759840965271, 0.555971622467041, 0.4714900851249695, 0.314420223236084, 0.49837806820869446]
[0.4918597936630249, 0.5721129179000854, 0.4033578932285309, 0.25477585196495056, 0.5357376337051392]
[0.547074556350708, 0.5944792032241821, 0.4264537990093231, 0.2634461224079132, 0.5519309043884277]
[0.40968117117881775, 0.5579103231430054, 0.4776334762573242, 0.35751447081565857, 0.44757080078125]
[0.5552852153778076, 0.5857468843460083, 0.4001559317111969, 0.27149248123168945, 0.5646634697914124]
[0.43215039372444153, 0.5771529674530029, 0.4689922332763672, 0.3146171271800995, 0.4693782925605774]
[0.5369634032249451, 0.5886740684509277, 0.40148821473121643, 0.2657855153083801, 0.5576527118682861]
[0.5319418907165527, 0.5370930433273315, 0.4376112222671509, 0.2984338700771332, 0.5409814119338989]
[0.5391624569892883, 0.5790917873382568, 0.4268307089805603, 0.27021324634552, 0.534077525138855]
[0.48691779375076294, 0.5935106873512268, 0.4379071593284607, 0.270986944437027, 0.49774688482284546]
[0.44873034954071045, 0.5290319919586182, 0.48259904980659485, 0.340117871761322, 0.48431986570358276]
[0.5436995625495911, 0.5311051607131958, 0.445746511220932, 0.3042520582675934, 0.5293527245521545]
[0.5202568769454956, 0.5942563414573669, 0.4293663799762726, 0.2691490054130554, 0.552580714225769]
[0.4511931240558624, 0.5796042084693909, 0.41533640027046204, 0.28432029485702515, 0.4905931353569031]
[0.4659672975540161, 0.5665680170059204, 0.45242854952812195, 0.2989790439605713, 0.5092741847038269]
[0.5086265206336975, 0.5666543245315552, 0.4052678942680359, 0.26701968908309937, 0.5602940917015076]
[0.48146483302116394, 0.5893931984901428, 0.42650118470191956, 0.2779841721057892, 0.5134921073913574]
[0.46730703115463257, 0.5870420932769775, 0.42112162709236145, 0.29118138551712036, 0.4858253300189972]
[0.5178576111793518, 0.5711097121238708, 0.46442633867263794, 0.3352372944355011, 0.5515373945236206]
[0.433645099401474, 0.5714573264122009, 0.4564051926136017, 0.31102806329727173, 0.4595564901828766]
[0.5026480555534363, 0.5840891003608704, 0.4296548068523407, 0.27942997217178345, 0.5434508323669434]
[0.473650187253952, 0.5798985958099365, 0.4328908920288086, 0.2906910181045532, 0.5032174587249756]
[0.5162832736968994, 0.5631372928619385, 0.4427899718284607, 0.3301106095314026, 0.5219623446464539]
[0.5310031175613403, 0.5750973224639893, 0.43253543972969055, 0.27820730209350586, 0.5604144334793091]
[0.5233935117721558, 0.5849282145500183, 0.4119143486022949, 0.2621474266052246, 0.5431317090988159]
[0.5079057812690735, 0.5708522200584412, 0.454288512468338, 0.3423808217048645, 0.5285377502441406]
[0.3896869122982025, 0.5570248365402222, 0.4648912250995636, 0.3176515996456146, 0.4697207808494568]
[0.48365727066993713, 0.5883915424346924, 0.4158823490142822, 0.27359604835510254, 0.5157485008239746]
[0.5397199988365173, 0.5860522389411926, 0.425002783536911, 0.28464242815971375, 0.5356096029281616]
[0.5441325902938843, 0.5914020538330078, 0.41028860211372375, 0.2644132673740387, 0.5514469146728516]
[0.4571272134780884, 0.5610723495483398, 0.4242640435695648, 0.28854605555534363, 0.5048762559890747]
[0.5091649293899536, 0.5364888906478882, 0.4153077304363251, 0.2688480615615845, 0.5313044190406799]
[0.4426136016845703, 0.5594350695610046, 0.43482571840286255, 0.3075512945652008, 0.48748892545700073]
[0.5247311592102051, 0.5478203296661377, 0.4262002110481262, 0.3095444440841675, 0.5335480570793152]
[0.38068708777427673, 0.5347967147827148, 0.4916977882385254, 0.34886690974235535, 0.43914806842803955]
[0.4924864172935486, 0.5791367888450623, 0.43001776933670044, 0.31007057428359985, 0.5165182948112488]
[0.5414378643035889, 0.5748074054718018, 0.40740588307380676, 0.28950372338294983, 0.5388070940971375]
[0.49915415048599243, 0.5895039439201355, 0.42319515347480774, 0.29262691736221313, 0.5343790650367737]
[0.48837730288505554, 0.5752116441726685, 0.4204595983028412, 0.28459280729293823, 0.5144021511077881]
[0.4777579605579376, 0.5597125291824341, 0.44290563464164734, 0.31321918964385986, 0.5070174932479858]
[0.4661652445793152, 0.5536895394325256, 0.4229256808757782, 0.3100319802761078, 0.4878413677215576]
[0.49627113342285156, 0.5319211483001709, 0.4730679392814636, 0.36718612909317017, 0.5177364945411682]
[0.38343384861946106, 0.542040228843689, 0.44191253185272217, 0.3010846674442291, 0.4552772045135498]
[0.5349477529525757, 0.5900746583938599, 0.40405622124671936, 0.27252697944641113, 0.5364221930503845]
[0.4328502416610718, 0.5583626627922058, 0.4611751437187195, 0.2962735593318939, 0.4780576825141907]
[0.3815135955810547, 0.5154225826263428, 0.5136796832084656, 0.43943512439727783, 0.452208548784256]
[0.5554673075675964, 0.5694494843482971, 0.3779754936695099, 0.24844133853912354, 0.5629181265830994]
[0.5188632011413574, 0.587580144405365, 0.41997426748275757, 0.28404131531715393, 0.5313677787780762]
[0.4168837368488312, 0.5837978720664978, 0.4365520477294922, 0.2798486351966858, 0.4769499897956848]
[0.4914878308773041, 0.5745077133178711, 0.43774881958961487, 0.2903212904930115, 0.5234681367874146]
[0.49760234355926514, 0.5805888175964355, 0.4213246703147888, 0.2724878489971161, 0.526665985584259]
[0.4453451335430145, 0.5459966063499451, 0.4612586200237274, 0.31612902879714966, 0.5167810320854187]
[0.5281617641448975, 0.5774479508399963, 0.4100739061832428, 0.265057772397995, 0.5606107115745544]
[0.5160300731658936, 0.560631275177002, 0.4415348768234253, 0.3010144829750061, 0.5285152196884155]
[0.4926362931728363, 0.5820567011833191, 0.44156336784362793, 0.2966257929801941, 0.5342758893966675]
[0.5330503582954407, 0.5805785059928894, 0.44753411412239075, 0.288108229637146, 0.5519710183143616]
[0.5023081302642822, 0.5847863554954529, 0.42803701758384705, 0.29812997579574585, 0.5074578523635864]
[0.5684236288070679, 0.5676734447479248, 0.4044344425201416, 0.24166648089885712, 0.576923131942749]
[0.500006377696991, 0.5845622420310974, 0.4469708204269409, 0.30011996626853943, 0.5071972012519836]
[0.43309125304222107, 0.5682389736175537, 0.4540879428386688, 0.3520938754081726, 0.4702233076095581]
[0.4535953998565674, 0.574327826499939, 0.4044649600982666, 0.27465394139289856, 0.5107429027557373]
[0.49478957056999207, 0.5651790499687195, 0.44476908445358276, 0.28871890902519226, 0.5224490165710449]
[0.5185417532920837, 0.5889230370521545, 0.4058743715286255, 0.27247926592826843, 0.5398168563842773]
[0.44393283128738403, 0.5717997550964355, 0.45958277583122253, 0.3149997293949127, 0.48552456498146057]
[0.4435136318206787, 0.572701632976532, 0.46161124110221863, 0.31062740087509155, 0.4847949147224426]
[0.5138076543807983, 0.5740664005279541, 0.42490634322166443, 0.2762588560581207, 0.529605507850647]
[0.44390904903411865, 0.5445507764816284, 0.47706425189971924, 0.3520011901855469, 0.5039340257644653]
[0.5144135355949402, 0.5696150660514832, 0.44233405590057373, 0.29742416739463806, 0.504824697971344]
[0.5664893984794617, 0.5876714587211609, 0.4169379472732544, 0.25832438468933105, 0.5511159896850586]
[0.5113211870193481, 0.584000289440155, 0.4099801182746887, 0.2804172933101654, 0.5037489533424377]
[0.5061861276626587, 0.5880910158157349, 0.41655901074409485, 0.27678510546684265, 0.5558132529258728]
[0.5132216215133667, 0.5419089794158936, 0.4861670434474945, 0.32540735602378845, 0.5227252244949341]
[0.49793633818626404, 0.5359220504760742, 0.46824562549591064, 0.38638541102409363, 0.5290980935096741]
[0.5423752665519714, 0.5602195262908936, 0.4083753824234009, 0.26187217235565186, 0.5627017021179199]
[0.5183643102645874, 0.595359742641449, 0.4198359549045563, 0.2926085889339447, 0.5274115204811096]
[0.5179862380027771, 0.5665332674980164, 0.40784674882888794, 0.27674561738967896, 0.5001423358917236]
[0.4505435824394226, 0.5534752607345581, 0.4573267698287964, 0.31066200137138367, 0.5087980031967163]
[0.5436995625495911, 0.5311051607131958, 0.445746511220932, 0.3042520582675934, 0.5293527245521545]
[0.5204570889472961, 0.583023726940155, 0.43371906876564026, 0.28171321749687195, 0.5589562058448792]
[0.5429688096046448, 0.598455548286438, 0.41338032484054565, 0.2407277673482895, 0.5466315150260925]
[0.42097073793411255, 0.5383519530296326, 0.4511256217956543, 0.3210163116455078, 0.46399569511413574]
