1
佛罗里达州的Marco岛发生了一件感人的事件：一只狗掉进运河，一群海豚便担起了救狗的责任，附近的居民听见海豚的声音，超级大声，出来一看，原来海豚们正驼着狗狗往安全地带游，他们赶紧报警，花了将近15个小时狗狗被消防人员拉出并与主人团聚。感谢附近的居民拍下这一张感人的照片。（转载/新闻）
[0.5520719885826111, 0.5411224961280823, 0.43316760659217834, 0.29562485218048096, 0.5505870580673218]
[0.5470250844955444, 0.5280417203903198, 0.4682762920856476, 0.337535560131073, 0.5399222373962402]
[0.5658767819404602, 0.5481581687927246, 0.4299590587615967, 0.27990037202835083, 0.5614346861839294]
[0.5133358240127563, 0.5582216382026672, 0.42987003922462463, 0.2836335599422455, 0.5570956468582153]
[0.435526043176651, 0.54651939868927, 0.4614342153072357, 0.33002981543540955, 0.5086787343025208]
[0.5369976758956909, 0.5630603432655334, 0.4591127038002014, 0.32510706782341003, 0.5602970123291016]
[0.44363221526145935, 0.5595702528953552, 0.4620760381221771, 0.33950841426849365, 0.4741751551628113]
[0.534242570400238, 0.5722250938415527, 0.4086802303791046, 0.2754177451133728, 0.5341782569885254]
[0.5017968416213989, 0.5734242796897888, 0.4305891692638397, 0.2930740416049957, 0.5036560893058777]
[0.5070725679397583, 0.5795678496360779, 0.4309682846069336, 0.25872695446014404, 0.538472592830658]
[0.46501874923706055, 0.58848637342453, 0.4353686273097992, 0.2915556728839874, 0.5078750252723694]
[0.5310633778572083, 0.5913262367248535, 0.406970739364624, 0.2608931064605713, 0.5577508211135864]
[0.493986040353775, 0.5572718977928162, 0.4292152225971222, 0.2973310947418213, 0.5199362635612488]
[0.48850664496421814, 0.5677649974822998, 0.43269696831703186, 0.27490198612213135, 0.5448567271232605]
[0.5428698062896729, 0.5760678052902222, 0.4099845886230469, 0.2740422785282135, 0.5679908990859985]
[0.5135356783866882, 0.5831451416015625, 0.41785579919815063, 0.2836267352104187, 0.5327737927436829]
[0.5425176024436951, 0.5619745254516602, 0.4125593900680542, 0.27487480640411377, 0.5549100041389465]
[0.49256712198257446, 0.5929095149040222, 0.4202125072479248, 0.2754899859428406, 0.52951580286026]
[0.5270335078239441, 0.5752543210983276, 0.43241962790489197, 0.2941606342792511, 0.5222245454788208]
[0.4804575443267822, 0.5675807595252991, 0.4500877559185028, 0.32001200318336487, 0.5134535431861877]
[0.5135356783866882, 0.5831451416015625, 0.41785579919815063, 0.2836267352104187, 0.5327737927436829]
[0.46076640486717224, 0.5761144757270813, 0.4306088387966156, 0.2945092022418976, 0.5092716813087463]
[0.4914267957210541, 0.5806534886360168, 0.4197458028793335, 0.28538116812705994, 0.5376909971237183]
[0.5104658603668213, 0.558755099773407, 0.44434303045272827, 0.2893373966217041, 0.5312483310699463]
[0.5310633778572083, 0.5913262367248535, 0.406970739364624, 0.2608931064605713, 0.5577508211135864]
[0.4158068597316742, 0.5603796243667603, 0.42960137128829956, 0.27838948369026184, 0.48532670736312866]
[0.39095669984817505, 0.5054266452789307, 0.4825764298439026, 0.3830619752407074, 0.44971558451652527]
[0.4804575443267822, 0.5675807595252991, 0.4500877559185028, 0.32001200318336487, 0.5134535431861877]
[0.5418268442153931, 0.5491359829902649, 0.4308363199234009, 0.3170061707496643, 0.5716270208358765]
[0.5062167048454285, 0.5393431782722473, 0.45915159583091736, 0.31958436965942383, 0.5337707996368408]
[0.46161356568336487, 0.540041446685791, 0.46887415647506714, 0.329414963722229, 0.4982716143131256]
[0.49819183349609375, 0.5695810914039612, 0.4092336595058441, 0.28381651639938354, 0.5330636501312256]
[0.4775969386100769, 0.5646999478340149, 0.4309691786766052, 0.29561689496040344, 0.5094938278198242]
[0.5193629860877991, 0.5856478810310364, 0.41173920035362244, 0.282301664352417, 0.5441094636917114]
[0.5558763742446899, 0.571685254573822, 0.399994432926178, 0.24844175577163696, 0.5806381702423096]
[0.5124086737632751, 0.5699955224990845, 0.43785393238067627, 0.28263527154922485, 0.5373806357383728]
[0.5940697193145752, 0.5452388525009155, 0.388309121131897, 0.29186999797821045, 0.586071252822876]
[0.5349875092506409, 0.5817551016807556, 0.4087896943092346, 0.2853749990463257, 0.5500551462173462]
[0.465684711933136, 0.5581605434417725, 0.4408760070800781, 0.31418901681900024, 0.4500376284122467]
[0.4836859405040741, 0.5606973171234131, 0.4479686915874481, 0.30567872524261475, 0.5042107701301575]
[0.4775969386100769, 0.5646999478340149, 0.4309691786766052, 0.29561689496040344, 0.5094938278198242]
[0.48903733491897583, 0.5672839283943176, 0.44686591625213623, 0.32212382555007935, 0.5399630665779114]
[0.5662863850593567, 0.5266874432563782, 0.43581417202949524, 0.3110235929489136, 0.5634293556213379]
[0.5306660532951355, 0.5484247207641602, 0.42747780680656433, 0.29225221276283264, 0.531571090221405]
[0.5569530725479126, 0.5626446604728699, 0.42023852467536926, 0.2813372313976288, 0.5410259962081909]
[0.5628917217254639, 0.5763931274414062, 0.40284109115600586, 0.26335909962654114, 0.5665690898895264]
