1
网友赖小特特：今天终于亲眼见到了城 管暴力执法，真是往死里打啊！一群年轻力壮的城 管围殴一个板车小贩，而且下死手。图中人已经被按在车上了，后脑、脊柱等致命部位暴露无遗。如果不是群众上来解围恐怕非死即残。山东那哥们必然也是这么被打残废的。谁给你们权力这么对待老百姓的！在西直门桥北路西
[0.4637882113456726, 0.4825648367404938, 0.5603019595146179, 0.5177158117294312, 0.5521621108055115]
[0.5178277492523193, 0.5640892386436462, 0.4347444474697113, 0.32475054264068604, 0.512550413608551]
[0.47444623708724976, 0.540820300579071, 0.4654579162597656, 0.37680941820144653, 0.47987934947013855]
[0.5079376697540283, 0.583429753780365, 0.41114988923072815, 0.2650633156299591, 0.5256272554397583]
[0.5027987360954285, 0.5548497438430786, 0.4458386301994324, 0.3301404118537903, 0.536689817905426]
[0.5325873494148254, 0.5880876183509827, 0.42129048705101013, 0.2533036768436432, 0.5475322008132935]
[0.48707956075668335, 0.582912802696228, 0.42102310061454773, 0.28023025393486023, 0.5306700468063354]
[0.5308119058609009, 0.5921506881713867, 0.46380990743637085, 0.281178742647171, 0.5279391407966614]
[0.47621700167655945, 0.5783037543296814, 0.44438663125038147, 0.2536328136920929, 0.5133687257766724]
[0.5238303542137146, 0.5873318910598755, 0.41508135199546814, 0.2725190222263336, 0.5543743371963501]
[0.4416812062263489, 0.5727004408836365, 0.46189412474632263, 0.29009440541267395, 0.4714779853820801]
[0.5190571546554565, 0.5921596884727478, 0.42089909315109253, 0.27861031889915466, 0.553112268447876]
[0.4812075197696686, 0.5611633658409119, 0.4339365065097809, 0.3111509084701538, 0.5001015067100525]
[0.4690645635128021, 0.5830169916152954, 0.4474274516105652, 0.28359144926071167, 0.4999047815799713]
[0.4793229401111603, 0.5760916471481323, 0.42922207713127136, 0.2752801179885864, 0.5230799317359924]
[0.4361642003059387, 0.5568072199821472, 0.4896852374076843, 0.3210274875164032, 0.4792640209197998]
[0.5064260363578796, 0.5392827987670898, 0.43482157588005066, 0.29884663224220276, 0.5209870934486389]
[0.5250524878501892, 0.5736585855484009, 0.42132341861724854, 0.29772743582725525, 0.5342904925346375]
[0.42968517541885376, 0.5600759983062744, 0.47163182497024536, 0.31157633662223816, 0.460504949092865]
[0.4948079586029053, 0.5402677059173584, 0.5003557801246643, 0.3732946515083313, 0.5296674966812134]
[0.4957801401615143, 0.5890160799026489, 0.4147147536277771, 0.27730417251586914, 0.5017183423042297]
[0.47090935707092285, 0.5568379759788513, 0.4481450319290161, 0.29078057408332825, 0.5204665660858154]
[0.43577882647514343, 0.5293518304824829, 0.5386841893196106, 0.38000717759132385, 0.49858567118644714]
[0.5094019174575806, 0.5446026921272278, 0.42638102173805237, 0.267892062664032, 0.5285791754722595]
[0.47501102089881897, 0.5656753778457642, 0.47873979806900024, 0.3202173709869385, 0.5241575241088867]
[0.539008617401123, 0.5869277119636536, 0.4380667209625244, 0.2539767026901245, 0.5329132080078125]
[0.4540099799633026, 0.5286077260971069, 0.4904141128063202, 0.40161392092704773, 0.4990018308162689]
