1
【悲哀】宁波一女子，因付不起孩子昂贵的医药费，抱着4个月的孩子从医院楼顶上跳下。母子当场死亡。。。评：操蛋的医疗！孩子：下辈子别投胎在天朝！
[0.5742204189300537, 0.5668855905532837, 0.4441479444503784, 0.26412102580070496, 0.5856599807739258]
[0.5549868941307068, 0.6042519807815552, 0.41149237751960754, 0.26571762561798096, 0.5630518198013306]
[0.520771324634552, 0.5773009657859802, 0.41961613297462463, 0.28948062658309937, 0.5419113636016846]
[0.49975526332855225, 0.5874056220054626, 0.4230498969554901, 0.27203112840652466, 0.5168728828430176]
[0.5635072588920593, 0.5814403891563416, 0.4048313796520233, 0.23782680928707123, 0.5726020932197571]
[0.5214105248451233, 0.5381561517715454, 0.44932055473327637, 0.29200610518455505, 0.5100393295288086]
[0.47375181317329407, 0.5140072703361511, 0.48960429430007935, 0.4083607494831085, 0.500806987285614]
[0.5067310929298401, 0.5894333720207214, 0.4273310601711273, 0.2743063271045685, 0.5371056795120239]
[0.5587818026542664, 0.5467936992645264, 0.39666780829429626, 0.256808876991272, 0.571941614151001]
[0.5445119738578796, 0.5843786597251892, 0.41506728529930115, 0.25699159502983093, 0.5592021942138672]
[0.5709205269813538, 0.5818249583244324, 0.39033663272857666, 0.253627210855484, 0.556463897228241]
[0.5461255311965942, 0.570807158946991, 0.40639400482177734, 0.2617867887020111, 0.5653536915779114]
[0.5241631865501404, 0.5768535137176514, 0.4133574366569519, 0.28321143984794617, 0.562578022480011]
[0.4060264229774475, 0.5286899209022522, 0.4959154427051544, 0.3404841721057892, 0.45366033911705017]
[0.4902254343032837, 0.5835721492767334, 0.42086267471313477, 0.294423371553421, 0.5311709046363831]
[0.48707136511802673, 0.5255453586578369, 0.4717496931552887, 0.3414425849914551, 0.4938731789588928]
[0.48379552364349365, 0.5937032699584961, 0.41920071840286255, 0.2830924987792969, 0.4925927221775055]
[0.3861103653907776, 0.5626804232597351, 0.42905399203300476, 0.2910979092121124, 0.48848703503608704]
[0.5393127799034119, 0.5810495018959045, 0.4272163212299347, 0.2868426442146301, 0.5374877452850342]
[0.4516292214393616, 0.5394495725631714, 0.4753268361091614, 0.3979257643222809, 0.4935591220855713]
[0.299699991941452, 0.5357517004013062, 0.46393805742263794, 0.3387625217437744, 0.4280739426612854]
[0.5123865604400635, 0.5915343761444092, 0.42018362879753113, 0.279423326253891, 0.5506949424743652]
[0.4562295973300934, 0.5534753203392029, 0.43261539936065674, 0.31047365069389343, 0.5005056262016296]
[0.4982264041900635, 0.5383906960487366, 0.4366036355495453, 0.3091598451137543, 0.5427190661430359]
[0.5730063319206238, 0.5880063772201538, 0.40834537148475647, 0.24946625530719757, 0.5924076437950134]
[0.46006786823272705, 0.5483472943305969, 0.47130319476127625, 0.3794247508049011, 0.4955369532108307]
[0.4700953960418701, 0.5623096823692322, 0.4322812259197235, 0.30768677592277527, 0.4901880621910095]
[0.4344746470451355, 0.5851055979728699, 0.42623844742774963, 0.27694591879844666, 0.5023674964904785]
[0.4437112510204315, 0.5488850474357605, 0.4495740830898285, 0.34031978249549866, 0.4787508249282837]
[0.5067117810249329, 0.5689288377761841, 0.4507608413696289, 0.28940558433532715, 0.5249558687210083]
[0.45447516441345215, 0.5683864951133728, 0.44260716438293457, 0.2964975833892822, 0.5149987936019897]
[0.43372195959091187, 0.5776039361953735, 0.4284563362598419, 0.27846717834472656, 0.47131162881851196]
[0.43533962965011597, 0.5449227690696716, 0.4896354079246521, 0.35338544845581055, 0.4663904011249542]
[0.43804484605789185, 0.5628100037574768, 0.44419339299201965, 0.3056926131248474, 0.5003529191017151]
[0.5057461857795715, 0.5834884643554688, 0.44275471568107605, 0.2940492630004883, 0.5111212730407715]
[0.5281060338020325, 0.5731749534606934, 0.4339734613895416, 0.29036664962768555, 0.5509766936302185]
[0.48515456914901733, 0.582260012626648, 0.44613638520240784, 0.26971617341041565, 0.530373752117157]
[0.5054699182510376, 0.5829961895942688, 0.45037567615509033, 0.27450063824653625, 0.5578482747077942]
[0.549691379070282, 0.5871497988700867, 0.4130420386791229, 0.26551756262779236, 0.5281603336334229]
[0.5324355363845825, 0.5737964510917664, 0.4305686950683594, 0.2886517345905304, 0.5269168019294739]
[0.5497224926948547, 0.5629449486732483, 0.4320211410522461, 0.3055538535118103, 0.5620524883270264]
[0.5514339804649353, 0.5686877965927124, 0.4017794132232666, 0.2521583139896393, 0.5454521775245667]
[0.4123430550098419, 0.562522292137146, 0.4922087788581848, 0.33449649810791016, 0.47347211837768555]
[0.5332366824150085, 0.5656346082687378, 0.4202275574207306, 0.2842842638492584, 0.5504447221755981]
[0.5621575117111206, 0.5856571793556213, 0.4093182682991028, 0.25215083360671997, 0.570976197719574]
[0.3929649293422699, 0.5123603343963623, 0.5661432147026062, 0.6233417391777039, 0.529162585735321]
[0.48993659019470215, 0.506823718547821, 0.4838581383228302, 0.38822731375694275, 0.5241069793701172]
[0.45241180062294006, 0.5381744503974915, 0.46030208468437195, 0.33798831701278687, 0.4834144711494446]
[0.4913307726383209, 0.5731064081192017, 0.46416565775871277, 0.3136647641658783, 0.5337325930595398]
[0.43928033113479614, 0.5755216479301453, 0.43812182545661926, 0.28464990854263306, 0.4676651954650879]
[0.47982847690582275, 0.5780842900276184, 0.4146308898925781, 0.2883700430393219, 0.5481368899345398]
[0.549691379070282, 0.5871497988700867, 0.4130420386791229, 0.26551756262779236, 0.5281603336334229]
[0.4344746470451355, 0.5851055979728699, 0.42623844742774963, 0.27694591879844666, 0.5023674964904785]
[0.546260416507721, 0.5607675909996033, 0.4105527997016907, 0.2970283627510071, 0.5527246594429016]
[0.5280171036720276, 0.5980785489082336, 0.4203495681285858, 0.2730775773525238, 0.5674383640289307]
[0.5169786214828491, 0.582647442817688, 0.4390144944190979, 0.29880058765411377, 0.5452640056610107]
[0.46863827109336853, 0.5310586094856262, 0.479340523481369, 0.3971320688724518, 0.4626384377479553]
[0.4747612178325653, 0.5669886469841003, 0.4641546607017517, 0.3211236298084259, 0.5111359357833862]
[0.47272375226020813, 0.5991015434265137, 0.42006126046180725, 0.28093716502189636, 0.5298670530319214]
[0.5445119738578796, 0.5843786597251892, 0.41506728529930115, 0.25699159502983093, 0.5592021942138672]
[0.5076712369918823, 0.5737393498420715, 0.4223937392234802, 0.2817113399505615, 0.5248119831085205]
[0.5694308876991272, 0.5752423405647278, 0.397751122713089, 0.26277875900268555, 0.5599256157875061]
[0.45560982823371887, 0.5659406781196594, 0.47254225611686707, 0.3270304501056671, 0.5179831981658936]
[0.45873379707336426, 0.5408672094345093, 0.44559407234191895, 0.3136371076107025, 0.4766830503940582]
[0.5248495936393738, 0.5300496220588684, 0.44115015864372253, 0.3059280216693878, 0.5246936082839966]
[0.5135226249694824, 0.5344290733337402, 0.4552887976169586, 0.3311261534690857, 0.5389050841331482]
[0.512144923210144, 0.5296214818954468, 0.46620357036590576, 0.37161222100257874, 0.5487547516822815]
[0.5441979765892029, 0.5875523090362549, 0.41858553886413574, 0.2613852024078369, 0.5484485030174255]
[0.5588260889053345, 0.5686508417129517, 0.4147212505340576, 0.2902957499027252, 0.5644354820251465]
[0.5278812646865845, 0.5699934363365173, 0.4444137513637543, 0.2935391962528229, 0.5301164984703064]
[0.5082480907440186, 0.5698016881942749, 0.4414323568344116, 0.309148907661438, 0.5175981521606445]
[0.5576376914978027, 0.544614851474762, 0.4193722605705261, 0.29558229446411133, 0.5374580025672913]
[0.5338090658187866, 0.5528339743614197, 0.44689732789993286, 0.3171520531177521, 0.5666477680206299]
[0.4874523878097534, 0.5503925681114197, 0.44240230321884155, 0.29783695936203003, 0.4721519351005554]
[0.4426308870315552, 0.5714797377586365, 0.4584490954875946, 0.2991003394126892, 0.4920010566711426]
[0.4711756110191345, 0.5342926979064941, 0.5150686502456665, 0.4066019356250763, 0.5352022051811218]
[0.5662167072296143, 0.5431170463562012, 0.4180440902709961, 0.254447877407074, 0.58833909034729]
[0.4691489338874817, 0.5924731492996216, 0.4363061189651489, 0.2930063009262085, 0.5200673341751099]
[0.531898021697998, 0.5905135273933411, 0.4043065905570984, 0.2636037766933441, 0.553604006767273]
[0.47723424434661865, 0.572892963886261, 0.47768232226371765, 0.36951035261154175, 0.466349333524704]
[0.47871503233909607, 0.5849923491477966, 0.44066932797431946, 0.2911243736743927, 0.49725285172462463]
[0.4993346333503723, 0.5925386548042297, 0.419963002204895, 0.27502620220184326, 0.5237849950790405]
[0.47272375226020813, 0.5991015434265137, 0.42006126046180725, 0.28093716502189636, 0.5298670530319214]
[0.4513232409954071, 0.5368320941925049, 0.44334861636161804, 0.299067884683609, 0.5061331987380981]
[0.5175989270210266, 0.5748668909072876, 0.43368107080459595, 0.2614891231060028, 0.5365269780158997]
[0.5457361340522766, 0.5596736669540405, 0.4245574474334717, 0.2989537715911865, 0.5299716591835022]
[0.4476085305213928, 0.5197731256484985, 0.4823889136314392, 0.35096684098243713, 0.4320644736289978]
[0.45907944440841675, 0.5434330701828003, 0.46903717517852783, 0.34521299600601196, 0.5083109736442566]
[0.4848891794681549, 0.5680884122848511, 0.44167453050613403, 0.3012772500514984, 0.5083146691322327]
[0.5126686692237854, 0.5816880464553833, 0.4280468225479126, 0.29822635650634766, 0.5452530980110168]
[0.5539254546165466, 0.5915987491607666, 0.40811675786972046, 0.24224625527858734, 0.5804412364959717]
