1
夭折的厦门大学准大一新生！被掉包的高考成绩！！让我们帮她讨个公道！
[0.47691020369529724, 0.5564852952957153, 0.4280141294002533, 0.28737369179725647, 0.4854279160499573]
[0.3321322500705719, 0.5619553327560425, 0.44466179609298706, 0.28787761926651, 0.4495306611061096]
[0.5113453269004822, 0.5630635619163513, 0.4477832317352295, 0.28382569551467896, 0.5454146265983582]
[0.516639769077301, 0.5595816373825073, 0.4633238911628723, 0.34715133905410767, 0.5280867218971252]
[0.5294492840766907, 0.5929632186889648, 0.4048057496547699, 0.2706697881221771, 0.5384830236434937]
[0.3321322500705719, 0.5619553327560425, 0.44466179609298706, 0.28787761926651, 0.4495306611061096]
[0.4916107654571533, 0.5163141489028931, 0.47318559885025024, 0.3758823275566101, 0.5022964477539062]
[0.4723823368549347, 0.5757930874824524, 0.41675838828086853, 0.25052598118782043, 0.503703236579895]
[0.44420063495635986, 0.5822407603263855, 0.45290830731391907, 0.30039045214653015, 0.5102972984313965]
[0.4522613286972046, 0.5684559941291809, 0.444000780582428, 0.32236599922180176, 0.46975353360176086]
[0.486878901720047, 0.5537660717964172, 0.454485148191452, 0.3347744047641754, 0.48083388805389404]
[0.4202689528465271, 0.5757107138633728, 0.4309403896331787, 0.27894097566604614, 0.466061532497406]
[0.49999821186065674, 0.5708613991737366, 0.4133283793926239, 0.28327688574790955, 0.5057166218757629]
[0.36768266558647156, 0.5553683042526245, 0.44645723700523376, 0.2846674919128418, 0.45567676424980164]
[0.4807608723640442, 0.5854608416557312, 0.44008564949035645, 0.2707372307777405, 0.49615150690078735]
[0.4974604547023773, 0.5517570376396179, 0.44228091835975647, 0.27785706520080566, 0.5166127681732178]
[0.50477135181427, 0.5793108344078064, 0.4171367585659027, 0.289164274930954, 0.5308585166931152]
[0.5306317210197449, 0.6074514985084534, 0.4270767867565155, 0.2711300849914551, 0.5435031652450562]
[0.4850775897502899, 0.59764564037323, 0.43330132961273193, 0.2934236526489258, 0.49432066082954407]
[0.3681696355342865, 0.5630155801773071, 0.44367003440856934, 0.2779144048690796, 0.45403996109962463]
[0.4582904577255249, 0.5876699090003967, 0.41608354449272156, 0.27471765875816345, 0.5001599192619324]
[0.5511375069618225, 0.5722634196281433, 0.41672849655151367, 0.252400279045105, 0.5446985960006714]
[0.5515390038490295, 0.5748293399810791, 0.41554102301597595, 0.29398399591445923, 0.540540337562561]
[0.510206937789917, 0.5504993200302124, 0.4663686752319336, 0.34697937965393066, 0.5109204649925232]
[0.47716572880744934, 0.5636160969734192, 0.45343342423439026, 0.2932627499103546, 0.4891417622566223]
[0.416271448135376, 0.5763152837753296, 0.4356174170970917, 0.290353387594223, 0.4663355350494385]
[0.4544583261013031, 0.5673757791519165, 0.4600301682949066, 0.3418571352958679, 0.4784986078739166]
[0.49066361784935, 0.5768001675605774, 0.43589431047439575, 0.31173229217529297, 0.5130518078804016]
[0.5418940186500549, 0.5657200813293457, 0.41494128108024597, 0.2886485457420349, 0.5384427905082703]
[0.5026363134384155, 0.5593963265419006, 0.4389077126979828, 0.286296010017395, 0.5501424670219421]
[0.4437237083911896, 0.5808864831924438, 0.43781134486198425, 0.27734535932540894, 0.47363385558128357]
[0.46614202857017517, 0.576187014579773, 0.45208990573883057, 0.31141337752342224, 0.5030924677848816]
[0.5468939542770386, 0.5489700436592102, 0.4251275360584259, 0.30484989285469055, 0.5313546061515808]
[0.36414635181427, 0.5438660383224487, 0.4830816090106964, 0.3821030557155609, 0.41247889399528503]
[0.44420063495635986, 0.5822407603263855, 0.45290830731391907, 0.30039045214653015, 0.5102972984313965]
[0.3321322500705719, 0.5619553327560425, 0.44466179609298706, 0.28787761926651, 0.4495306611061096]
[0.4763169288635254, 0.5566420555114746, 0.4390992224216461, 0.30617111921310425, 0.4842892289161682]
[0.35225334763526917, 0.513407826423645, 0.5281805992126465, 0.44086378812789917, 0.45461446046829224]
[0.4101727604866028, 0.5719486474990845, 0.44983047246932983, 0.2910659611225128, 0.47127965092658997]
[0.5094107389450073, 0.5603824257850647, 0.44810575246810913, 0.2993290424346924, 0.5242754817008972]
[0.36768266558647156, 0.5553683042526245, 0.44645723700523376, 0.2846674919128418, 0.45567676424980164]
[0.4937463402748108, 0.5877873301506042, 0.41902562975883484, 0.276388555765152, 0.47746917605400085]
[0.5774304270744324, 0.6065936088562012, 0.41549786925315857, 0.2480234056711197, 0.5604559779167175]
[0.3321322500705719, 0.5619553327560425, 0.44466179609298706, 0.28787761926651, 0.4495306611061096]
[0.5031653046607971, 0.594967782497406, 0.42324939370155334, 0.26690563559532166, 0.5348456501960754]
[0.5748650431632996, 0.6076502799987793, 0.4102208614349365, 0.2488642930984497, 0.5535599589347839]
[0.3321322500705719, 0.5619553327560425, 0.44466179609298706, 0.28787761926651, 0.4495306611061096]
[0.49217864871025085, 0.5133596658706665, 0.49716490507125854, 0.45311304926872253, 0.5316358804702759]
[0.4833511710166931, 0.5812956094741821, 0.43793970346450806, 0.3056781589984894, 0.5169901847839355]
[0.5292784571647644, 0.5546642541885376, 0.43206724524497986, 0.31845399737358093, 0.527510404586792]
[0.45612770318984985, 0.538954496383667, 0.4452019929885864, 0.3142614960670471, 0.4658031463623047]
[0.49681371450424194, 0.5646981000900269, 0.444960355758667, 0.29767945408821106, 0.5029857754707336]
[0.5346410870552063, 0.5847063064575195, 0.4069407284259796, 0.2803661823272705, 0.5136047005653381]
[0.4420640766620636, 0.5114727020263672, 0.5247727632522583, 0.5091536641120911, 0.4683965742588043]
[0.4089055061340332, 0.5784577131271362, 0.45308005809783936, 0.2784103751182556, 0.48602575063705444]
[0.5012133717536926, 0.5863198041915894, 0.4284181296825409, 0.3124106824398041, 0.5245329737663269]
[0.42675209045410156, 0.5466457009315491, 0.44383254647254944, 0.31126970052719116, 0.4714132249355316]
[0.3321322500705719, 0.5619553327560425, 0.44466179609298706, 0.28787761926651, 0.4495306611061096]
[0.3321322500705719, 0.5619553327560425, 0.44466179609298706, 0.28787761926651, 0.4495306611061096]
[0.46198612451553345, 0.5649699568748474, 0.455679327249527, 0.3169725239276886, 0.506991446018219]
[0.49682164192199707, 0.5434659123420715, 0.4583737552165985, 0.33751174807548523, 0.4912849962711334]
[0.3724159300327301, 0.5014955997467041, 0.502863883972168, 0.4094850718975067, 0.4550324082374573]
[0.46157994866371155, 0.5650739669799805, 0.44106578826904297, 0.30237311124801636, 0.5205376148223877]
[0.5560306310653687, 0.5940564274787903, 0.41624560952186584, 0.24827539920806885, 0.5634121298789978]
[0.5237973928451538, 0.5732129216194153, 0.402323842048645, 0.23183321952819824, 0.5635380148887634]
[0.416271448135376, 0.5763152837753296, 0.4356174170970917, 0.290353387594223, 0.4663355350494385]
[0.40673041343688965, 0.5482733249664307, 0.4837513267993927, 0.33466681838035583, 0.47682181000709534]
[0.49422213435173035, 0.5703840255737305, 0.42050209641456604, 0.2432447373867035, 0.5478559136390686]
[0.5433830618858337, 0.5665112733840942, 0.4194518029689789, 0.27438226342201233, 0.5536741614341736]
[0.464836448431015, 0.5709313750267029, 0.452305406332016, 0.31764498353004456, 0.5053285360336304]
[0.530261218547821, 0.5731684565544128, 0.43093621730804443, 0.2959171235561371, 0.5248504877090454]
[0.530711829662323, 0.5833719968795776, 0.42690491676330566, 0.2779877483844757, 0.5480448603630066]
[0.49794113636016846, 0.587832510471344, 0.41851651668548584, 0.25700318813323975, 0.549396276473999]
[0.5142967104911804, 0.5661422610282898, 0.41127118468284607, 0.2937260568141937, 0.5386958122253418]
[0.3321322500705719, 0.5619553327560425, 0.44466179609298706, 0.28787761926651, 0.4495306611061096]
[0.4737265706062317, 0.5603290796279907, 0.4752255976200104, 0.34398195147514343, 0.4968717396259308]
[0.46762630343437195, 0.5476342439651489, 0.42777931690216064, 0.2789091169834137, 0.4734356701374054]
[0.5167014002799988, 0.5489528179168701, 0.46883007884025574, 0.3111727237701416, 0.5242452025413513]
[0.4487622082233429, 0.5716210603713989, 0.4600348174571991, 0.3031274080276489, 0.45275557041168213]
[0.5346410870552063, 0.5847063064575195, 0.4069407284259796, 0.2803661823272705, 0.5136047005653381]
[0.5132670402526855, 0.5934965014457703, 0.4420536458492279, 0.27757078409194946, 0.5219869613647461]
[0.3353503942489624, 0.538587212562561, 0.4368179738521576, 0.31358858942985535, 0.4376543164253235]
[0.48456695675849915, 0.576637864112854, 0.42206260561943054, 0.26777786016464233, 0.5241936445236206]
[0.5476768016815186, 0.5917419195175171, 0.398754358291626, 0.25944584608078003, 0.5253832340240479]
[0.3321322500705719, 0.5619553327560425, 0.44466179609298706, 0.28787761926651, 0.4495306611061096]
[0.5460363626480103, 0.5558093190193176, 0.414080411195755, 0.28659793734550476, 0.5549148321151733]
[0.416271448135376, 0.5763152837753296, 0.4356174170970917, 0.290353387594223, 0.4663355350494385]
[0.49017637968063354, 0.5614034533500671, 0.4562024176120758, 0.31981420516967773, 0.5001068711280823]
[0.5774304270744324, 0.6065936088562012, 0.41549786925315857, 0.2480234056711197, 0.5604559779167175]
[0.52274489402771, 0.5721262693405151, 0.43586739897727966, 0.3070845603942871, 0.5259837508201599]
[0.416271448135376, 0.5763152837753296, 0.4356174170970917, 0.290353387594223, 0.4663355350494385]
[0.5079761743545532, 0.551847517490387, 0.44823113083839417, 0.3354663848876953, 0.5467944741249084]
[0.43911367654800415, 0.5304803848266602, 0.49269041419029236, 0.40759482979774475, 0.4398455321788788]
[0.4774986207485199, 0.5230808258056641, 0.4574267864227295, 0.3237881362438202, 0.4530010521411896]
[0.45382803678512573, 0.5732298493385315, 0.45166900753974915, 0.30695557594299316, 0.46811479330062866]
[0.3321322500705719, 0.5619553327560425, 0.44466179609298706, 0.28787761926651, 0.4495306611061096]
[0.4650169312953949, 0.5529735088348389, 0.4752022325992584, 0.34205523133277893, 0.5122989416122437]
[0.5671062469482422, 0.560293436050415, 0.42095449566841125, 0.3014387786388397, 0.5551973581314087]
[0.4314267039299011, 0.5353152751922607, 0.45200660824775696, 0.3235820233821869, 0.4566520154476166]
[0.4898540675640106, 0.5676617622375488, 0.437449187040329, 0.2761498689651489, 0.507389485836029]
[0.44982513785362244, 0.5528135895729065, 0.45472654700279236, 0.35091719031333923, 0.4852447211742401]
