1
让历史照进现实！
[0.5013877749443054, 0.579650342464447, 0.39363235235214233, 0.277220755815506, 0.535266637802124]
[0.4755469262599945, 0.5574164986610413, 0.47870388627052307, 0.3369252383708954, 0.46608322858810425]
[0.46542882919311523, 0.5884432196617126, 0.42696306109428406, 0.2514185607433319, 0.5134920477867126]
[0.48985087871551514, 0.5852296948432922, 0.42799803614616394, 0.27589166164398193, 0.5137019753456116]
[0.44999751448631287, 0.5394942164421082, 0.5251893997192383, 0.43468397855758667, 0.5092108249664307]
[0.5573363900184631, 0.5253616571426392, 0.4668891131877899, 0.38976559042930603, 0.5310718417167664]
[0.4770795404911041, 0.5729226469993591, 0.46345704793930054, 0.3053227961063385, 0.500421404838562]
[0.39139705896377563, 0.5500884652137756, 0.46237999200820923, 0.33937549591064453, 0.46105843782424927]
[0.5000245571136475, 0.5676489472389221, 0.42541077733039856, 0.2784031629562378, 0.5419889092445374]
[0.5071914196014404, 0.5502082705497742, 0.42922523617744446, 0.29552432894706726, 0.51265949010849]
[0.43372195959091187, 0.5776039361953735, 0.4284563362598419, 0.27846717834472656, 0.47131162881851196]
[0.5132670402526855, 0.5934965014457703, 0.4420536458492279, 0.27757078409194946, 0.5219869613647461]
[0.39684703946113586, 0.5653483867645264, 0.44241341948509216, 0.30521824955940247, 0.46071523427963257]
[0.521691083908081, 0.5878927707672119, 0.4193263351917267, 0.279192179441452, 0.5255200266838074]
[0.5599552392959595, 0.5962445735931396, 0.4075629413127899, 0.2548266649246216, 0.5715183019638062]
[0.49796512722969055, 0.5802550315856934, 0.43129968643188477, 0.2893325388431549, 0.5036863088607788]
[0.4327453374862671, 0.5745557546615601, 0.44500473141670227, 0.3346410095691681, 0.4860243797302246]
[0.5629932880401611, 0.587737500667572, 0.392815500497818, 0.24784038960933685, 0.5705357193946838]
[0.48590075969696045, 0.5565944314002991, 0.4378180205821991, 0.2935810983181, 0.5007943511009216]
[0.5478783249855042, 0.565445601940155, 0.4144153892993927, 0.27920061349868774, 0.5579984784126282]
[0.4034138321876526, 0.528599739074707, 0.48791348934173584, 0.34288445115089417, 0.4337378442287445]
[0.5196129083633423, 0.5713543891906738, 0.4442591667175293, 0.30745136737823486, 0.5347897410392761]
[0.5187961459159851, 0.5921514630317688, 0.43462327122688293, 0.2762041389942169, 0.5485236048698425]
[0.5208000540733337, 0.5896676182746887, 0.42924878001213074, 0.28268930315971375, 0.5476381182670593]
[0.4859355390071869, 0.5521222949028015, 0.44943544268608093, 0.32377803325653076, 0.5258482694625854]
[0.5599552392959595, 0.5962445735931396, 0.4075629413127899, 0.2548266649246216, 0.5715183019638062]
[0.5346454381942749, 0.5823386311531067, 0.41479548811912537, 0.27800390124320984, 0.5380377769470215]
[0.4942697584629059, 0.5853286981582642, 0.4186169505119324, 0.2583996057510376, 0.531908392906189]
[0.5479699373245239, 0.5512417554855347, 0.4750048816204071, 0.35190173983573914, 0.5655386447906494]
[0.5713100433349609, 0.5962458848953247, 0.3918634355068207, 0.2630230486392975, 0.5615088939666748]
[0.5479699373245239, 0.5512417554855347, 0.4750048816204071, 0.35190173983573914, 0.5655386447906494]
[0.4907664358615875, 0.575642466545105, 0.4249236285686493, 0.2883732318878174, 0.5315813422203064]
[0.5281083583831787, 0.5739155411720276, 0.4003258943557739, 0.23956844210624695, 0.5591508746147156]
[0.5415745377540588, 0.5197382569313049, 0.5437217950820923, 0.44226810336112976, 0.5775504112243652]
[0.5090590119361877, 0.5808368921279907, 0.4282820522785187, 0.2732120454311371, 0.5257262587547302]
[0.4384072422981262, 0.5432599782943726, 0.4674365520477295, 0.33067086338996887, 0.4981417953968048]
[0.5086250305175781, 0.5892908573150635, 0.4190205931663513, 0.27862802147865295, 0.5297077298164368]
[0.5112927556037903, 0.509315550327301, 0.5021992325782776, 0.4760099947452545, 0.5693523287773132]
[0.4750452935695648, 0.5814321637153625, 0.4251437485218048, 0.29349833726882935, 0.512765645980835]
[0.4529123604297638, 0.5369722247123718, 0.4762466251850128, 0.37669628858566284, 0.49072256684303284]
[0.4441145062446594, 0.5764774680137634, 0.4320029318332672, 0.2626284062862396, 0.4842112362384796]
[0.5075468420982361, 0.5615859627723694, 0.4581608474254608, 0.3118790090084076, 0.5235452055931091]
[0.5664893984794617, 0.5876714587211609, 0.4169379472732544, 0.25832438468933105, 0.5511159896850586]
[0.5187890529632568, 0.5481173992156982, 0.4443478286266327, 0.33105921745300293, 0.5227055549621582]
[0.48829424381256104, 0.5778830051422119, 0.4308704435825348, 0.31035006046295166, 0.5366403460502625]
[0.5232676863670349, 0.5746607184410095, 0.4685428738594055, 0.3456883728504181, 0.5398273468017578]
[0.4275378882884979, 0.5718470811843872, 0.44574612379074097, 0.29460960626602173, 0.4921588897705078]
[0.4527735412120819, 0.5818812251091003, 0.4185902178287506, 0.27370959520339966, 0.49036863446235657]
