1
【“越南乳瓜”来了 你敢吃么？
[0.4980793297290802, 0.5497288107872009, 0.45122337341308594, 0.31647753715515137, 0.5525417327880859]
[0.39134371280670166, 0.5690186619758606, 0.4435387849807739, 0.27507883310317993, 0.4393765926361084]
[0.4580187499523163, 0.5664955377578735, 0.4628274142742157, 0.3087736666202545, 0.5575222373008728]
[0.48420971632003784, 0.5735841989517212, 0.4363124668598175, 0.2899337112903595, 0.539176344871521]
[0.4437237083911896, 0.5808864831924438, 0.43781134486198425, 0.27734535932540894, 0.47363385558128357]
[0.45965540409088135, 0.5769540071487427, 0.43327662348747253, 0.2828783392906189, 0.5152595639228821]
[0.48379552364349365, 0.5937032699584961, 0.41920071840286255, 0.2830924987792969, 0.4925927221775055]
[0.5118117928504944, 0.5791594982147217, 0.4218742251396179, 0.283621221780777, 0.5370867252349854]
[0.4639146029949188, 0.5555030107498169, 0.4436652660369873, 0.309455931186676, 0.4851667582988739]
[0.5060805082321167, 0.557625412940979, 0.42100098729133606, 0.30909445881843567, 0.5127398371696472]
[0.5475634932518005, 0.5862512588500977, 0.4142603576183319, 0.2765793204307556, 0.5631241202354431]
[0.49819183349609375, 0.5695810914039612, 0.4092336595058441, 0.28381651639938354, 0.5330636501312256]
[0.5461260676383972, 0.5488649606704712, 0.42707955837249756, 0.29678085446357727, 0.5064306259155273]
[0.5119738578796387, 0.5767773985862732, 0.420161634683609, 0.2886592149734497, 0.5166778564453125]
[0.5965149998664856, 0.5669731497764587, 0.4012153744697571, 0.2492591142654419, 0.5875385999679565]
[0.46091780066490173, 0.5626773834228516, 0.4744133949279785, 0.3221064507961273, 0.524097740650177]
[0.5354865789413452, 0.5888907313346863, 0.41922876238822937, 0.2605830132961273, 0.5253303050994873]
[0.5212720036506653, 0.5970094799995422, 0.440644770860672, 0.2904565930366516, 0.5134197473526001]
[0.5045523047447205, 0.5538240075111389, 0.43490782380104065, 0.2993612587451935, 0.5173588991165161]
[0.5068528056144714, 0.5533745288848877, 0.44253337383270264, 0.3420187830924988, 0.48093241453170776]
[0.47325485944747925, 0.5900113582611084, 0.43348565697669983, 0.26893025636672974, 0.5144381523132324]
[0.5454831719398499, 0.5912304520606995, 0.4301597774028778, 0.2901531457901001, 0.5501526594161987]
[0.5032201409339905, 0.5743640065193176, 0.43513384461402893, 0.30892208218574524, 0.5156977772712708]
[0.4068387746810913, 0.5604618787765503, 0.4617558717727661, 0.3105570077896118, 0.44573453068733215]
[0.5007484555244446, 0.5616438388824463, 0.43090373277664185, 0.28417572379112244, 0.5066454410552979]
[0.5630389451980591, 0.5527343153953552, 0.3981117904186249, 0.2691342532634735, 0.560865044593811]
[0.4219761788845062, 0.5713865160942078, 0.4633701741695404, 0.3097449243068695, 0.4819670617580414]
[0.5604276657104492, 0.5445647835731506, 0.4284653663635254, 0.29195812344551086, 0.5591027140617371]
[0.41443341970443726, 0.5315356254577637, 0.47670942544937134, 0.34656715393066406, 0.46333828568458557]
[0.4760547876358032, 0.561172366142273, 0.4509691894054413, 0.32225096225738525, 0.47913143038749695]
[0.492155522108078, 0.5680863261222839, 0.43196624517440796, 0.28645846247673035, 0.4994414150714874]
[0.5197079181671143, 0.5749695301055908, 0.41280627250671387, 0.2836375832557678, 0.52324378490448]
[0.5708940625190735, 0.5470137000083923, 0.40784990787506104, 0.2774295508861542, 0.5700393319129944]
[0.5074726343154907, 0.5857506990432739, 0.4279104769229889, 0.2932811379432678, 0.5359756946563721]
[0.5079529285430908, 0.5748750567436218, 0.44403430819511414, 0.304643839597702, 0.551457405090332]
[0.4719301760196686, 0.560212254524231, 0.4386824071407318, 0.2990812659263611, 0.4896475076675415]
[0.5566020011901855, 0.5832437872886658, 0.40279242396354675, 0.24937790632247925, 0.5719871520996094]
[0.41512036323547363, 0.5570905208587646, 0.46001821756362915, 0.32684561610221863, 0.4312971234321594]
[0.4669748842716217, 0.5668061375617981, 0.44752025604248047, 0.30741408467292786, 0.4836501479148865]
[0.4954017400741577, 0.5818541646003723, 0.4242176413536072, 0.31348443031311035, 0.5334035754203796]
[0.5601000189781189, 0.5870707631111145, 0.3999720513820648, 0.2690470516681671, 0.5443077683448792]
[0.48015058040618896, 0.5844888091087341, 0.4668453633785248, 0.30887946486473083, 0.5050034523010254]
[0.5487756133079529, 0.5675085186958313, 0.42856356501579285, 0.270969420671463, 0.5476559400558472]
[0.4825957715511322, 0.5720587968826294, 0.44018086791038513, 0.3025817275047302, 0.4826292395591736]
[0.555794894695282, 0.5884839296340942, 0.40546098351478577, 0.2408558577299118, 0.5796192288398743]
[0.4947550892829895, 0.5834848880767822, 0.41410937905311584, 0.27800658345222473, 0.5335522294044495]
[0.4825313091278076, 0.5803935527801514, 0.45230862498283386, 0.31167471408843994, 0.5009760856628418]
[0.49457645416259766, 0.5560530424118042, 0.4541264772415161, 0.30827370285987854, 0.5094091892242432]
[0.43466678261756897, 0.55208820104599, 0.4482007622718811, 0.3556455671787262, 0.4752976596355438]
