1
【288条人命只判四年重新入职】况丽.女.中共党员.现在任职：云南中石化云南分公司总经理.原系新疆石油管理局教育培训中心党委副书记.是1994年克拉玛依大火（一二八事件）因为她一句同学们不要动让领导先走使得288名学童葬身火海.1995年判处有期徒刑四年.出狱后居然重新入党恢复职务.此文见一次转一次！
[0.5342638492584229, 0.5467122197151184, 0.4452977478504181, 0.28619879484176636, 0.5342687964439392]
[0.5397323966026306, 0.5986484289169312, 0.42316994071006775, 0.2700996696949005, 0.5608393549919128]
[0.45789429545402527, 0.5340479612350464, 0.4808739125728607, 0.3327816128730774, 0.4847979247570038]
[0.4766436517238617, 0.5855609774589539, 0.44559672474861145, 0.29153963923454285, 0.5192185640335083]
[0.5441185235977173, 0.5547665357589722, 0.4300323724746704, 0.2941801846027374, 0.5430711507797241]
[0.4551995098590851, 0.5922648310661316, 0.4540148973464966, 0.29140207171440125, 0.4736001789569855]
[0.4115179777145386, 0.5376731753349304, 0.48548993468284607, 0.3300054371356964, 0.45810291171073914]
[0.5244797468185425, 0.5907605886459351, 0.40985560417175293, 0.28099578619003296, 0.5204113125801086]
[0.3662446439266205, 0.5563870668411255, 0.4425632655620575, 0.3022763729095459, 0.43828827142715454]
[0.5164610743522644, 0.5784915089607239, 0.3880874514579773, 0.2371491938829422, 0.5341351628303528]
[0.5026281476020813, 0.5639806389808655, 0.43044787645339966, 0.28922295570373535, 0.5031414031982422]
[0.4676114022731781, 0.5146698951721191, 0.47342076897621155, 0.3564271926879883, 0.46668288111686707]
[0.5281494855880737, 0.5860769748687744, 0.4119884967803955, 0.28063246607780457, 0.551529586315155]
[0.5592647790908813, 0.5950388312339783, 0.40300875902175903, 0.2509135901927948, 0.5699260234832764]
[0.5518240332603455, 0.5829329490661621, 0.38117077946662903, 0.255656361579895, 0.5705041289329529]
[0.5869247913360596, 0.5889719724655151, 0.39212530851364136, 0.22775563597679138, 0.6063133478164673]
[0.4089055061340332, 0.5784577131271362, 0.45308005809783936, 0.2784103751182556, 0.48602575063705444]
[0.4674132764339447, 0.5583781003952026, 0.4166158139705658, 0.3154022693634033, 0.5067905783653259]
[0.5246800184249878, 0.557060718536377, 0.44672104716300964, 0.32020947337150574, 0.5284393429756165]
[0.5503256916999817, 0.5661072731018066, 0.4104498326778412, 0.25516003370285034, 0.5662082433700562]
[0.5112670660018921, 0.585905909538269, 0.42825016379356384, 0.2885054051876068, 0.5214720368385315]
[0.5896202325820923, 0.6009964942932129, 0.3933485150337219, 0.243545264005661, 0.5743495225906372]
[0.518615186214447, 0.5791183710098267, 0.4100446403026581, 0.26996755599975586, 0.5221706628799438]
[0.5325873494148254, 0.5880876183509827, 0.42129048705101013, 0.2533036768436432, 0.5475322008132935]
[0.5236515402793884, 0.5878626108169556, 0.4317914545536041, 0.25623780488967896, 0.5548795461654663]
[0.418413907289505, 0.5287136435508728, 0.4847116470336914, 0.3313305079936981, 0.4797457754611969]
[0.5067030191421509, 0.5738593935966492, 0.4082265794277191, 0.2859143912792206, 0.5146634578704834]
[0.5219314098358154, 0.5685394406318665, 0.4293625056743622, 0.2825157642364502, 0.5143485069274902]
[0.5373854041099548, 0.583709180355072, 0.4313049912452698, 0.25370854139328003, 0.5311570763587952]
[0.5595993399620056, 0.5375957489013672, 0.43550390005111694, 0.28276652097702026, 0.5396643280982971]
[0.5611259937286377, 0.5716550946235657, 0.42813384532928467, 0.28294143080711365, 0.5712020993232727]
[0.5056846737861633, 0.5798156261444092, 0.4299204647541046, 0.26999491453170776, 0.525855302810669]
[0.4384452998638153, 0.5746186971664429, 0.46146008372306824, 0.3342943787574768, 0.4887354373931885]
[0.474247008562088, 0.5168079137802124, 0.4694634675979614, 0.35156723856925964, 0.4960390031337738]
[0.5478402972221375, 0.5668138265609741, 0.42083674669265747, 0.27670130133628845, 0.5495274662971497]
[0.40982913970947266, 0.5704941749572754, 0.43305402994155884, 0.2631140351295471, 0.4833351969718933]
[0.577770471572876, 0.595900297164917, 0.39240550994873047, 0.2298198640346527, 0.5842316150665283]
[0.4892376661300659, 0.5815690755844116, 0.4494988024234772, 0.3031081259250641, 0.5208373069763184]
[0.3168678879737854, 0.49519380927085876, 0.5245703458786011, 0.4448590874671936, 0.4423410892486572]
[0.4393491744995117, 0.5656691193580627, 0.4429146647453308, 0.29519346356391907, 0.45203518867492676]
[0.517781674861908, 0.5673679113388062, 0.4167439043521881, 0.28927934169769287, 0.5483635067939758]
[0.5268793106079102, 0.5741314888000488, 0.44157782196998596, 0.2681172490119934, 0.5421051383018494]
[0.4462738633155823, 0.5824833512306213, 0.4306223690509796, 0.270920068025589, 0.4974871277809143]
[0.5221901535987854, 0.5983448624610901, 0.41298869252204895, 0.258897066116333, 0.546411395072937]
[0.4794613718986511, 0.566360592842102, 0.44821274280548096, 0.30417725443840027, 0.5253811478614807]
[0.434294193983078, 0.5698511600494385, 0.44997429847717285, 0.32917577028274536, 0.4915245771408081]
[0.46618637442588806, 0.514513373374939, 0.4525953233242035, 0.2880829870700836, 0.4816649854183197]
[0.4487622082233429, 0.5716210603713989, 0.4600348174571991, 0.3031274080276489, 0.45275557041168213]
[0.5566614270210266, 0.5801864862442017, 0.40711477398872375, 0.2677362859249115, 0.5604759454727173]
[0.3663580119609833, 0.5816852450370789, 0.4625709652900696, 0.3002445101737976, 0.4546772539615631]
[0.48139941692352295, 0.5623360276222229, 0.43162089586257935, 0.3065701425075531, 0.4931711256504059]
[0.55662602186203, 0.5881357789039612, 0.41467079520225525, 0.2607882022857666, 0.5560340881347656]
[0.5204079747200012, 0.5791111588478088, 0.4312082529067993, 0.28456002473831177, 0.5564010143280029]
[0.5193611979484558, 0.583268940448761, 0.4284656345844269, 0.3007701337337494, 0.5268203020095825]
[0.524257481098175, 0.5314011573791504, 0.4383300542831421, 0.33537283539772034, 0.526049792766571]
[0.5413633584976196, 0.5778937935829163, 0.4259908199310303, 0.2779526114463806, 0.5510963797569275]
[0.5908160209655762, 0.5949192047119141, 0.3963179290294647, 0.24720701575279236, 0.5773124098777771]
[0.5459928512573242, 0.5508391261100769, 0.44388774037361145, 0.3529056906700134, 0.5479015111923218]
[0.5193611979484558, 0.583268940448761, 0.4284656345844269, 0.3007701337337494, 0.5268203020095825]
[0.5330260396003723, 0.520424485206604, 0.49306583404541016, 0.40321898460388184, 0.5529930591583252]
[0.541318953037262, 0.5279290676116943, 0.42273858189582825, 0.3157648742198944, 0.5288469195365906]
[0.3245616555213928, 0.5376642942428589, 0.5066468715667725, 0.439339816570282, 0.40350571274757385]
[0.5459928512573242, 0.5508391261100769, 0.44388774037361145, 0.3529056906700134, 0.5479015111923218]
[0.5459928512573242, 0.5508391261100769, 0.44388774037361145, 0.3529056906700134, 0.5479015111923218]
[0.5459928512573242, 0.5508391261100769, 0.44388774037361145, 0.3529056906700134, 0.5479015111923218]
[0.47784024477005005, 0.571384847164154, 0.4498218894004822, 0.33839207887649536, 0.5031247138977051]
[0.4487622082233429, 0.5716210603713989, 0.4600348174571991, 0.3031274080276489, 0.45275557041168213]
[0.4531349539756775, 0.5817137360572815, 0.4787324070930481, 0.29727715253829956, 0.4922688603401184]
[0.4809652268886566, 0.5607758164405823, 0.44320544600486755, 0.2622489035129547, 0.48170626163482666]
[0.49694201350212097, 0.5774278044700623, 0.4261714816093445, 0.2818731963634491, 0.5047296285629272]
[0.4661242961883545, 0.5518041253089905, 0.4668464958667755, 0.30560463666915894, 0.4904126226902008]
[0.49391135573387146, 0.5654424428939819, 0.44021570682525635, 0.3199717104434967, 0.4995339810848236]
[0.46602869033813477, 0.5816054940223694, 0.4560979902744293, 0.3154068887233734, 0.5009787082672119]
[0.4405044913291931, 0.519212007522583, 0.4906270503997803, 0.3597854673862457, 0.45969730615615845]
[0.5105857849121094, 0.5566083192825317, 0.4287663996219635, 0.2730163037776947, 0.5201992988586426]
[0.49525749683380127, 0.5755544900894165, 0.43582698702812195, 0.27972349524497986, 0.5144880414009094]
[0.5438017845153809, 0.5942021012306213, 0.41521143913269043, 0.26803213357925415, 0.5571514964103699]
[0.5024628043174744, 0.5268927216529846, 0.4667830765247345, 0.35296326875686646, 0.538071870803833]
[0.4924784004688263, 0.5636139512062073, 0.44414153695106506, 0.35203641653060913, 0.5004457235336304]
[0.538764238357544, 0.547559916973114, 0.434144526720047, 0.3077127933502197, 0.5496804118156433]
[0.43042248487472534, 0.5603187680244446, 0.44323140382766724, 0.35618141293525696, 0.4762350618839264]
[0.5127424001693726, 0.575812816619873, 0.4392963945865631, 0.2983649969100952, 0.512924075126648]
[0.47924721240997314, 0.5377890467643738, 0.47618672251701355, 0.39703384041786194, 0.5095426440238953]
[0.5043187141418457, 0.5511885285377502, 0.4262041449546814, 0.29635119438171387, 0.5316717624664307]
[0.49116891622543335, 0.5760598182678223, 0.4244152307510376, 0.27041077613830566, 0.47539785504341125]
[0.5473241209983826, 0.5865799188613892, 0.4032662808895111, 0.2633401155471802, 0.5480524897575378]
[0.4308394491672516, 0.5471724271774292, 0.4798141419887543, 0.40027111768722534, 0.4521251916885376]
[0.5098600387573242, 0.5681868195533752, 0.4434369206428528, 0.29154136776924133, 0.534633219242096]
[0.5321685671806335, 0.5622069835662842, 0.4258996546268463, 0.27676257491111755, 0.538114607334137]
[0.4761001765727997, 0.5937181711196899, 0.4219743609428406, 0.26728469133377075, 0.5077083110809326]
[0.585493266582489, 0.5952481031417847, 0.3955794870853424, 0.23667143285274506, 0.580572247505188]
[0.511255145072937, 0.5555015802383423, 0.44553065299987793, 0.29960352182388306, 0.5322266817092896]
