1
【做尼姑，你有兴趣么】全国三大尼姑庵招聘：要求应届生，学历研究生。1）苏州寒山寺做满3年7000以上，方丈30000以上/月，下班之后，不干预私生活，可嫁人生子。2）广州大悲尼姑庵满3年7000以上，师太30000以上/月，下班后不干预私生活。3）上海净心庵招聘尼姑，做满3年8000以上，庵主20000以上—转
[0.5543044805526733, 0.5532529950141907, 0.506947934627533, 0.41201409697532654, 0.5461961030960083]
[0.5354481339454651, 0.580783486366272, 0.430663138628006, 0.28924229741096497, 0.5383299589157104]
[0.4178345203399658, 0.5560876131057739, 0.4498123526573181, 0.2691763937473297, 0.44759267568588257]
[0.4706198573112488, 0.5235559940338135, 0.48094820976257324, 0.3873840272426605, 0.4698386788368225]
[0.47525209188461304, 0.5744781494140625, 0.43579593300819397, 0.279093474149704, 0.5147826075553894]
[0.4065834879875183, 0.552248477935791, 0.44975465536117554, 0.32154232263565063, 0.41944876313209534]
[0.468375027179718, 0.5677163600921631, 0.45056065917015076, 0.3149270713329315, 0.4788933992385864]
[0.48211732506752014, 0.5629786252975464, 0.4482274055480957, 0.3014942705631256, 0.5273300409317017]
[0.5223780274391174, 0.5317394137382507, 0.44031867384910583, 0.32464835047721863, 0.5533490180969238]
[0.4944510757923126, 0.5715793967247009, 0.4274609386920929, 0.2898085415363312, 0.5243037343025208]
[0.49819183349609375, 0.5695810914039612, 0.4092336595058441, 0.28381651639938354, 0.5330636501312256]
[0.4366118609905243, 0.569333553314209, 0.45121464133262634, 0.29303014278411865, 0.5029022693634033]
[0.5414708256721497, 0.547423779964447, 0.43709078431129456, 0.2923293113708496, 0.5450779795646667]
[0.4183448851108551, 0.5666497349739075, 0.4383338987827301, 0.2847783863544464, 0.49680593609809875]
[0.5413679480552673, 0.5971134901046753, 0.43011197447776794, 0.2846424877643585, 0.5527926683425903]
[0.3814736306667328, 0.5602946281433105, 0.44599759578704834, 0.27804023027420044, 0.44504261016845703]
[0.4162055253982544, 0.5386162996292114, 0.4786301553249359, 0.3441029489040375, 0.4588600695133209]
[0.5201730132102966, 0.5696154236793518, 0.4339856803417206, 0.31676730513572693, 0.48222705721855164]
[0.5246212482452393, 0.5865896344184875, 0.41604727506637573, 0.2857910990715027, 0.5360267162322998]
[0.46598121523857117, 0.5803895592689514, 0.4366883635520935, 0.28414207696914673, 0.5111590623855591]
[0.4979439079761505, 0.5500452518463135, 0.5023486018180847, 0.3965047299861908, 0.5132677555084229]
[0.4625658690929413, 0.5586513876914978, 0.46396419405937195, 0.3105372488498688, 0.49629443883895874]
[0.33638155460357666, 0.5426877737045288, 0.5428500175476074, 0.5651808977127075, 0.4452722668647766]
[0.3448948264122009, 0.5420557856559753, 0.533826470375061, 0.4319038689136505, 0.4529023766517639]
[0.5205077528953552, 0.579580545425415, 0.44988003373146057, 0.31359463930130005, 0.5156451463699341]
[0.48301130533218384, 0.517143189907074, 0.45902958512306213, 0.3293401598930359, 0.5052151679992676]
[0.5936456918716431, 0.5412877798080444, 0.4214562177658081, 0.2638978958129883, 0.5880548357963562]
[0.44701293110847473, 0.5762594938278198, 0.4510054290294647, 0.3099401593208313, 0.4988937973976135]
[0.5004917979240417, 0.5564058423042297, 0.45072582364082336, 0.3243487477302551, 0.5223254561424255]
[0.3781417906284332, 0.5252071022987366, 0.48521092534065247, 0.3659432828426361, 0.4385402202606201]
[0.5231546759605408, 0.5832288265228271, 0.43224039673805237, 0.2992020845413208, 0.5415292978286743]
[0.6166671514511108, 0.5570787787437439, 0.3881857991218567, 0.2533308267593384, 0.6094661355018616]
[0.5170994997024536, 0.5825836658477783, 0.4372110664844513, 0.3032442331314087, 0.552254319190979]
[0.4105137586593628, 0.5449506640434265, 0.4429292678833008, 0.328875869512558, 0.4276663064956665]
[0.5196833610534668, 0.5506144762039185, 0.4194071590900421, 0.3175939619541168, 0.4672127068042755]
[0.4864881634712219, 0.5704485774040222, 0.46346315741539, 0.3196377754211426, 0.5251213908195496]
[0.490949809551239, 0.5953261852264404, 0.44673141837120056, 0.28734809160232544, 0.4994197189807892]
[0.4536486566066742, 0.5637603998184204, 0.45863571763038635, 0.32928287982940674, 0.5039955377578735]
[0.4094392657279968, 0.5296546220779419, 0.4635789692401886, 0.3408755958080292, 0.4514821469783783]
[0.48862582445144653, 0.5967161059379578, 0.44832512736320496, 0.27444255352020264, 0.5214015245437622]
[0.5314971208572388, 0.585202157497406, 0.40307214856147766, 0.28267791867256165, 0.5407795906066895]
[0.5162640810012817, 0.5536966919898987, 0.44342708587646484, 0.2922377288341522, 0.5501384735107422]
[0.538176953792572, 0.5853517651557922, 0.4374438226222992, 0.2928159236907959, 0.5604286193847656]
[0.3142547309398651, 0.5175502300262451, 0.4951452314853668, 0.3959820866584778, 0.41646087169647217]
[0.536885678768158, 0.5948936343193054, 0.4286763370037079, 0.2780628502368927, 0.5515246987342834]
[0.4536486566066742, 0.5637603998184204, 0.45863571763038635, 0.32928287982940674, 0.5039955377578735]
[0.3142547309398651, 0.5175502300262451, 0.4951452314853668, 0.3959820866584778, 0.41646087169647217]
[0.44593197107315063, 0.546970546245575, 0.5316779613494873, 0.40402400493621826, 0.4859751760959625]
[0.550237774848938, 0.5684727430343628, 0.42471015453338623, 0.2862514853477478, 0.5092301964759827]
[0.4988863170146942, 0.5723705887794495, 0.4208191931247711, 0.2956604063510895, 0.5112670063972473]
[0.4294602870941162, 0.5576918721199036, 0.47030362486839294, 0.3460536599159241, 0.4747181534767151]
[0.41455763578414917, 0.5290645956993103, 0.4949113726615906, 0.3502967059612274, 0.4711039662361145]
[0.3142547309398651, 0.5175502300262451, 0.4951452314853668, 0.3959820866584778, 0.41646087169647217]
[0.4876680374145508, 0.5650439858436584, 0.44123342633247375, 0.30601561069488525, 0.5020114183425903]
[0.38345929980278015, 0.5439284443855286, 0.45168718695640564, 0.3306800425052643, 0.4708358943462372]
[0.4579469561576843, 0.5435265302658081, 0.4490184783935547, 0.3470480144023895, 0.4801352024078369]
[0.4799391031265259, 0.5210990309715271, 0.45899900794029236, 0.3410937786102295, 0.5341273546218872]
[0.48379552364349365, 0.5937032699584961, 0.41920071840286255, 0.2830924987792969, 0.4925927221775055]
[0.5145168900489807, 0.5791321992874146, 0.4226854145526886, 0.26713186502456665, 0.5593221783638]
[0.43211817741394043, 0.5592182874679565, 0.47324344515800476, 0.3126670718193054, 0.4499076008796692]
[0.5216943025588989, 0.5929062962532043, 0.4264630377292633, 0.2686305642127991, 0.5163858532905579]
[0.3131788969039917, 0.5250455737113953, 0.5092693567276001, 0.46669429540634155, 0.41397765278816223]
[0.49865466356277466, 0.563835084438324, 0.4637739658355713, 0.34585824608802795, 0.5043929815292358]
[0.42155733704566956, 0.5481893420219421, 0.4668218791484833, 0.32254651188850403, 0.48382431268692017]
[0.5228118896484375, 0.5602186322212219, 0.43993571400642395, 0.32960185408592224, 0.5070863962173462]
