1
美丽女子不配合强奸致男子阴断人亡被判刑——_基层党建网河南频道#西祠热帖# （分享自
[0.5926328897476196, 0.5467939972877502, 0.3966285288333893, 0.24967192113399506, 0.571109414100647]
[0.47231537103652954, 0.5510377287864685, 0.4291035830974579, 0.3074662685394287, 0.5099579095840454]
[0.5550206899642944, 0.5631011128425598, 0.41467881202697754, 0.2848780155181885, 0.5557013154029846]
[0.4074481725692749, 0.5764205455780029, 0.46130549907684326, 0.2949136793613434, 0.4327285885810852]
[0.5613501667976379, 0.5878655910491943, 0.4129982888698578, 0.2630305886268616, 0.5658550262451172]
[0.5302215218544006, 0.5757300853729248, 0.41099897027015686, 0.27814221382141113, 0.5358039736747742]
[0.4952607750892639, 0.5799739956855774, 0.4399966299533844, 0.29565152525901794, 0.5079914927482605]
[0.47711828351020813, 0.5671390295028687, 0.4300071895122528, 0.29476305842399597, 0.518257200717926]
[0.4977402687072754, 0.5771077871322632, 0.43562859296798706, 0.28709179162979126, 0.5105063915252686]
[0.4855246841907501, 0.5587209463119507, 0.42551562190055847, 0.28471657633781433, 0.5444421768188477]
[0.4825313091278076, 0.5803935527801514, 0.45230862498283386, 0.31167471408843994, 0.5009760856628418]
[0.567260205745697, 0.6121981143951416, 0.4108421206474304, 0.2583886682987213, 0.5456157326698303]
[0.5495577454566956, 0.5830058455467224, 0.4171627163887024, 0.2556450366973877, 0.5597614645957947]
[0.5407024621963501, 0.5356011390686035, 0.4286825358867645, 0.3121911287307739, 0.5554813146591187]
[0.5313689708709717, 0.5866735577583313, 0.4100711941719055, 0.25849300622940063, 0.5393046140670776]
[0.4392286241054535, 0.5479093194007874, 0.4686387777328491, 0.2973477840423584, 0.4863697588443756]
[0.47448599338531494, 0.5904571413993835, 0.4269740879535675, 0.29440954327583313, 0.5272212624549866]
[0.5274567008018494, 0.527605414390564, 0.4846230447292328, 0.41302961111068726, 0.5378733277320862]
[0.5143078565597534, 0.5850642323493958, 0.43480560183525085, 0.2696058750152588, 0.543725311756134]
[0.4168837368488312, 0.5837978720664978, 0.4365520477294922, 0.2798486351966858, 0.4769499897956848]
[0.5045009255409241, 0.5597350597381592, 0.4096652865409851, 0.271975040435791, 0.5307702422142029]
[0.5324209928512573, 0.5686923265457153, 0.4583570063114166, 0.28587064146995544, 0.5544596314430237]
[0.3649166524410248, 0.553950846195221, 0.4346044361591339, 0.32013586163520813, 0.4424845576286316]
[0.4466431140899658, 0.561974823474884, 0.4332066774368286, 0.30904000997543335, 0.477883905172348]
[0.5176758766174316, 0.5621572136878967, 0.4511711001396179, 0.29698431491851807, 0.5515637397766113]
[0.46180903911590576, 0.5562622547149658, 0.45074161887168884, 0.31160038709640503, 0.4779701232910156]
[0.5105016827583313, 0.6013490557670593, 0.4216020703315735, 0.27043604850769043, 0.5220720767974854]
[0.47821933031082153, 0.568546712398529, 0.4386584758758545, 0.30358898639678955, 0.5069605708122253]
[0.4865797162055969, 0.5756645798683167, 0.4355453550815582, 0.2844853401184082, 0.5094717144966125]
[0.5310982465744019, 0.5602055191993713, 0.39806172251701355, 0.2672523856163025, 0.5530318021774292]
[0.48948752880096436, 0.4849686324596405, 0.5007504820823669, 0.40999871492385864, 0.49610045552253723]
[0.5272536873817444, 0.5871959328651428, 0.40474992990493774, 0.26819518208503723, 0.5187954902648926]
[0.4395771324634552, 0.576570451259613, 0.42853331565856934, 0.2797345221042633, 0.49961674213409424]
[0.5501925945281982, 0.530698299407959, 0.4937569200992584, 0.42424431443214417, 0.5463656187057495]
[0.5235448479652405, 0.5255816578865051, 0.4834698438644409, 0.36940616369247437, 0.5324890613555908]
[0.466948539018631, 0.5583087801933289, 0.4452202320098877, 0.2753686010837555, 0.5197970271110535]
[0.5264577865600586, 0.5534794926643372, 0.41984954476356506, 0.2850324213504791, 0.5394017100334167]
[0.4550561010837555, 0.5239607691764832, 0.4857087731361389, 0.4229125678539276, 0.4959717392921448]
[0.5445733070373535, 0.5736767053604126, 0.4349890351295471, 0.28481680154800415, 0.5743567943572998]
[0.4672563672065735, 0.590227484703064, 0.4326700270175934, 0.274039626121521, 0.5045309066772461]
[0.48618438839912415, 0.5302768349647522, 0.5119067430496216, 0.43051469326019287, 0.5114601850509644]
[0.5894787907600403, 0.5595803260803223, 0.39488551020622253, 0.2598542869091034, 0.5600777268409729]
[0.5024836659431458, 0.5514955520629883, 0.4444543719291687, 0.2863224148750305, 0.5191826224327087]
[0.4887408912181854, 0.5396728515625, 0.460483580827713, 0.3284900486469269, 0.5314733386039734]
[0.3864765465259552, 0.5327871441841125, 0.48342064023017883, 0.33931562304496765, 0.44654521346092224]
[0.4375968873500824, 0.5316528677940369, 0.47023022174835205, 0.34324318170547485, 0.483146071434021]
[0.4869970381259918, 0.5733686089515686, 0.4372921288013458, 0.2897004783153534, 0.47693270444869995]
[0.4400574266910553, 0.5707958340644836, 0.430543452501297, 0.3028560280799866, 0.4845024049282074]
[0.49182426929473877, 0.5647797584533691, 0.47865888476371765, 0.33053985238075256, 0.5016809701919556]
[0.4487622082233429, 0.5716210603713989, 0.4600348174571991, 0.3031274080276489, 0.45275557041168213]
[0.44948628544807434, 0.5715370178222656, 0.43431371450424194, 0.3118129372596741, 0.46399712562561035]
