1
最新消息，汕头潮南区陈店镇部队救援物资到了，方便面一包50块，矿泉水一瓶15块，快艇接送一人15块，不给钱不救，心痛啊，求扩散，转吧，让习总书记评评理…
[0.5235773921012878, 0.5155711770057678, 0.4984312653541565, 0.36011970043182373, 0.5059522390365601]
[0.4654448330402374, 0.5421124696731567, 0.47721585631370544, 0.3359091281890869, 0.48643678426742554]
[0.42441490292549133, 0.5676126480102539, 0.4618966281414032, 0.3119684159755707, 0.45158058404922485]
[0.4467145502567291, 0.5564150810241699, 0.4664415419101715, 0.3182385265827179, 0.5096418857574463]
[0.43820279836654663, 0.588478147983551, 0.4302973449230194, 0.280630886554718, 0.508187472820282]
[0.40305185317993164, 0.5488494634628296, 0.4620071351528168, 0.3207130432128906, 0.49245646595954895]
[0.40305185317993164, 0.5488494634628296, 0.4620071351528168, 0.3207130432128906, 0.49245646595954895]
[0.47015026211738586, 0.5861091017723083, 0.44767042994499207, 0.2799544930458069, 0.5090286731719971]
[0.5132670402526855, 0.5934965014457703, 0.4420536458492279, 0.27757078409194946, 0.5219869613647461]
[0.5293612480163574, 0.596014142036438, 0.4131430983543396, 0.24955786764621735, 0.5605130791664124]
[0.4487622082233429, 0.5716210603713989, 0.4600348174571991, 0.3031274080276489, 0.45275557041168213]
[0.5520429015159607, 0.558479905128479, 0.4301338493824005, 0.2972452938556671, 0.5691533088684082]
[0.5121511220932007, 0.60237056016922, 0.4230426251888275, 0.27097228169441223, 0.5119544267654419]
[0.5232445597648621, 0.5907308459281921, 0.4339652359485626, 0.29563742876052856, 0.5450206995010376]
[0.5470166802406311, 0.5840849280357361, 0.4206228256225586, 0.2857784032821655, 0.5592424869537354]
[0.4909597933292389, 0.5583310127258301, 0.461213082075119, 0.309746116399765, 0.5007611513137817]
[0.45282047986984253, 0.5685514211654663, 0.45975950360298157, 0.31148815155029297, 0.47964680194854736]
[0.5414690971374512, 0.5723757743835449, 0.43506985902786255, 0.28766918182373047, 0.551398754119873]
[0.5136144757270813, 0.6008420586585999, 0.4259633719921112, 0.2780046761035919, 0.5368759036064148]
[0.46759727597236633, 0.5781832933425903, 0.44714441895484924, 0.27730637788772583, 0.5216577649116516]
[0.5386488437652588, 0.5924881100654602, 0.41088658571243286, 0.28214403986930847, 0.5493719577789307]
