1
需要小孩的衣服，新旧不限 四川藏族地区，也是世界海拔最高的地区。如果您周围有四到十岁孩子的旧衣服和鞋子，洗干净就可以。因为现在小朋友衣服少，捐的人少，所以这个岁数的孩子缺衣服。 地址：甘孜藏族自治州石渠县西区长沙贡马乡小学， 邮编：627350，校长：达洼18923491809。
[0.5496415495872498, 0.5487114787101746, 0.48221808671951294, 0.3376341164112091, 0.5578928589820862]
[0.5092920064926147, 0.5832383036613464, 0.43650057911872864, 0.2735294997692108, 0.5503618717193604]
[0.5319418907165527, 0.5370930433273315, 0.4376112222671509, 0.2984338700771332, 0.5409814119338989]
[0.5062583088874817, 0.5774857997894287, 0.4216141104698181, 0.29577726125717163, 0.5212709307670593]
[0.5325873494148254, 0.5880876183509827, 0.42129048705101013, 0.2533036768436432, 0.5475322008132935]
[0.5137842297554016, 0.5768725275993347, 0.4125712513923645, 0.28139033913612366, 0.549809455871582]
[0.4361822307109833, 0.548315167427063, 0.4806675910949707, 0.3654605746269226, 0.47544312477111816]
[0.509966254234314, 0.5847147703170776, 0.4460289776325226, 0.3035027086734772, 0.5317100286483765]
[0.4604834318161011, 0.5566502809524536, 0.46215924620628357, 0.30829399824142456, 0.4994266629219055]
[0.5340753793716431, 0.5522834658622742, 0.4416540861129761, 0.32440969347953796, 0.5381471514701843]
[0.5206648111343384, 0.5632818341255188, 0.4579126536846161, 0.3282906413078308, 0.5450251698493958]
[0.4089055061340332, 0.5784577131271362, 0.45308005809783936, 0.2784103751182556, 0.48602575063705444]
[0.445904940366745, 0.563453197479248, 0.4410410523414612, 0.32104337215423584, 0.47486811876296997]
[0.47161343693733215, 0.5346836447715759, 0.4751954972743988, 0.37006714940071106, 0.5204717516899109]
[0.5063708424568176, 0.5583733916282654, 0.4627610146999359, 0.32180407643318176, 0.5391882061958313]
[0.3717663288116455, 0.5591752529144287, 0.44442230463027954, 0.2877909243106842, 0.4457230567932129]
[0.5325873494148254, 0.5880876183509827, 0.42129048705101013, 0.2533036768436432, 0.5475322008132935]
[0.5073405504226685, 0.568435788154602, 0.44667917490005493, 0.2987736165523529, 0.5019508004188538]
[0.4117869436740875, 0.5769690275192261, 0.42582154273986816, 0.27076590061187744, 0.47351089119911194]
[0.5535418391227722, 0.5951646566390991, 0.4027711749076843, 0.2501104176044464, 0.5523548126220703]
[0.5175583958625793, 0.5802900791168213, 0.4459451735019684, 0.2834859788417816, 0.5640795230865479]
[0.48039689660072327, 0.5758466720581055, 0.450944185256958, 0.3288158178329468, 0.5200574994087219]
[0.5124391317367554, 0.5976698994636536, 0.4244328439235687, 0.2584522068500519, 0.5329079031944275]
[0.46828362345695496, 0.5511287450790405, 0.48871275782585144, 0.33695825934410095, 0.5233957171440125]
[0.5028362274169922, 0.5710619688034058, 0.45513826608657837, 0.32859715819358826, 0.5284963250160217]
[0.4896717071533203, 0.5774261355400085, 0.4522121548652649, 0.3002433776855469, 0.5406000018119812]
[0.49297937750816345, 0.5777962803840637, 0.4436107277870178, 0.28521373867988586, 0.5408199429512024]
[0.5475056171417236, 0.5509538054466248, 0.4731401205062866, 0.3053250014781952, 0.5520937442779541]
[0.4377087354660034, 0.5630442500114441, 0.4509584307670593, 0.33389079570770264, 0.4553782343864441]
[0.47855693101882935, 0.5630152225494385, 0.45330810546875, 0.3439532220363617, 0.5242497324943542]
[0.5328038930892944, 0.5659356117248535, 0.43278247117996216, 0.29725781083106995, 0.549458384513855]
[0.4402787387371063, 0.565854012966156, 0.46305611729621887, 0.321699321269989, 0.49728164076805115]
[0.5187511444091797, 0.5657637715339661, 0.4381132125854492, 0.2819228768348694, 0.518878698348999]
[0.5062127709388733, 0.5671481490135193, 0.46091926097869873, 0.29175257682800293, 0.5238972902297974]
[0.5325873494148254, 0.5880876183509827, 0.42129048705101013, 0.2533036768436432, 0.5475322008132935]
[0.5047861337661743, 0.5821215510368347, 0.4162493348121643, 0.297380268573761, 0.5283875465393066]
[0.3247550129890442, 0.5610831379890442, 0.4400865137577057, 0.28639379143714905, 0.4336508512496948]
[0.5156548023223877, 0.565802812576294, 0.4195273220539093, 0.31476065516471863, 0.5258625745773315]
[0.4771632254123688, 0.5793962478637695, 0.4233388304710388, 0.2823183536529541, 0.5097156763076782]
[0.42919790744781494, 0.5446140170097351, 0.4690956175327301, 0.37280672788619995, 0.4676636755466461]
[0.3536585867404938, 0.561711847782135, 0.4298149049282074, 0.27608194947242737, 0.44226711988449097]
[0.5504789352416992, 0.5504522323608398, 0.46797049045562744, 0.3006422519683838, 0.5575739741325378]
[0.49418431520462036, 0.5741995573043823, 0.4118519127368927, 0.28238049149513245, 0.5232762694358826]
[0.37812915444374084, 0.5648943781852722, 0.46989473700523376, 0.3306386470794678, 0.43224233388900757]
[0.38196393847465515, 0.5512627959251404, 0.4661025404930115, 0.3487068712711334, 0.4403286278247833]
[0.5256763696670532, 0.5971329212188721, 0.4179498553276062, 0.26339223980903625, 0.5365694165229797]
[0.5155566334724426, 0.5793045163154602, 0.4389632046222687, 0.2803955376148224, 0.545162558555603]
[0.544465959072113, 0.5793216228485107, 0.415174275636673, 0.26180386543273926, 0.5499178767204285]
[0.49793705344200134, 0.5374558568000793, 0.48169729113578796, 0.3846057057380676, 0.5226756930351257]
[0.3548485338687897, 0.5109583139419556, 0.5663527250289917, 0.6088219285011292, 0.4563838541507721]
[0.42325109243392944, 0.5621823668479919, 0.4520518183708191, 0.3370085060596466, 0.4696836471557617]
[0.5067717432975769, 0.5677064061164856, 0.4259616732597351, 0.2815420627593994, 0.5422323942184448]
[0.3525565266609192, 0.5549966096878052, 0.4557444751262665, 0.29298844933509827, 0.43208077549934387]
[0.45684659481048584, 0.5504093170166016, 0.4658087491989136, 0.36680933833122253, 0.5077440738677979]
[0.501867949962616, 0.5742228627204895, 0.44176989793777466, 0.2993343770503998, 0.5134138464927673]
[0.48171132802963257, 0.5581116676330566, 0.4330928325653076, 0.31672585010528564, 0.505066990852356]
[0.36196187138557434, 0.5272847414016724, 0.5042357444763184, 0.37613317370414734, 0.45830070972442627]
[0.4091152250766754, 0.5758477449417114, 0.44164329767227173, 0.3015354573726654, 0.43951842188835144]
[0.4183216094970703, 0.5589101910591125, 0.4454350769519806, 0.34630003571510315, 0.47968146204948425]
[0.44406405091285706, 0.5621441006660461, 0.4461398124694824, 0.31692004203796387, 0.5067495703697205]
[0.473518431186676, 0.5724135041236877, 0.45254847407341003, 0.32198962569236755, 0.5320409536361694]
[0.3861103653907776, 0.5626804232597351, 0.42905399203300476, 0.2910979092121124, 0.48848703503608704]
[0.5070725679397583, 0.5795678496360779, 0.4309682846069336, 0.25872695446014404, 0.538472592830658]
[0.5353955030441284, 0.5717441439628601, 0.42740553617477417, 0.2695492208003998, 0.5689553618431091]
[0.45206108689308167, 0.5751065611839294, 0.4466758370399475, 0.29505854845046997, 0.5039646029472351]
[0.47347521781921387, 0.5516035556793213, 0.4478655159473419, 0.2841651439666748, 0.48436859250068665]
[0.4813847541809082, 0.5424669981002808, 0.4847131073474884, 0.392076700925827, 0.4789642095565796]
[0.45562654733657837, 0.5594643950462341, 0.46438345313072205, 0.32790133357048035, 0.4877063035964966]
[0.46581289172172546, 0.5765115022659302, 0.4545323848724365, 0.30328360199928284, 0.5240505337715149]
[0.5053690671920776, 0.5770865082740784, 0.4234728217124939, 0.26742568612098694, 0.5389273762702942]
[0.5430936813354492, 0.5933454632759094, 0.4148803949356079, 0.2509933412075043, 0.5609080791473389]
[0.5100749731063843, 0.587062418460846, 0.45173379778862, 0.30640551447868347, 0.5501311421394348]
[0.4735471308231354, 0.5897138714790344, 0.4532266855239868, 0.28884103894233704, 0.5366054177284241]
[0.5007003545761108, 0.5833989977836609, 0.4364313781261444, 0.29102450609207153, 0.529278576374054]
[0.5439357757568359, 0.5740358829498291, 0.4247322380542755, 0.26505225896835327, 0.5651696920394897]
[0.5125492811203003, 0.5672870874404907, 0.42558619379997253, 0.2754625976085663, 0.5347049236297607]
[0.3525565266609192, 0.5549966096878052, 0.4557444751262665, 0.29298844933509827, 0.43208077549934387]
[0.5040035247802734, 0.5719863772392273, 0.43091994524002075, 0.27657848596572876, 0.5261465907096863]
[0.4455414116382599, 0.5582684874534607, 0.43604764342308044, 0.2936370372772217, 0.49480316042900085]
[0.5430936813354492, 0.5933454632759094, 0.4148803949356079, 0.2509933412075043, 0.5609080791473389]
[0.4892769753932953, 0.5742267966270447, 0.4578759968280792, 0.32809677720069885, 0.5267320275306702]
[0.42190811038017273, 0.5586562752723694, 0.45426517724990845, 0.32916244864463806, 0.4380669891834259]
[0.5182896256446838, 0.5524079203605652, 0.4398908317089081, 0.30355092883110046, 0.49548953771591187]
[0.46458005905151367, 0.5761758685112, 0.45489856600761414, 0.3290516436100006, 0.5032305717468262]
[0.47992920875549316, 0.5615379214286804, 0.44190219044685364, 0.30642277002334595, 0.553834080696106]
[0.5235684514045715, 0.5672293305397034, 0.4592593014240265, 0.2976418733596802, 0.558894157409668]
[0.5675338506698608, 0.5815805196762085, 0.3898911476135254, 0.27416786551475525, 0.5573872327804565]
[0.5086851716041565, 0.5419291853904724, 0.4307591915130615, 0.3098035454750061, 0.5185619592666626]
[0.5062583088874817, 0.5774857997894287, 0.4216141104698181, 0.29577726125717163, 0.5212709307670593]
[0.5366727709770203, 0.554908812046051, 0.4169631600379944, 0.29646986722946167, 0.519397497177124]
[0.5430936813354492, 0.5933454632759094, 0.4148803949356079, 0.2509933412075043, 0.5609080791473389]
[0.4917965829372406, 0.5642513632774353, 0.44473153352737427, 0.292820006608963, 0.504958987236023]
[0.45561516284942627, 0.5596713423728943, 0.42777910828590393, 0.29382801055908203, 0.502208948135376]
[0.4894389808177948, 0.551149308681488, 0.46917596459388733, 0.36246517300605774, 0.5307105779647827]
[0.3910462260246277, 0.5540655851364136, 0.43607231974601746, 0.34238746762275696, 0.45436152815818787]
[0.49091631174087524, 0.5866967439651489, 0.4481782615184784, 0.2963792383670807, 0.5011689066886902]
[0.45636099576950073, 0.5635561943054199, 0.4544130265712738, 0.32143574953079224, 0.533866286277771]
[0.3525565266609192, 0.5549966096878052, 0.4557444751262665, 0.29298844933509827, 0.43208077549934387]
[0.4570300877094269, 0.5544947385787964, 0.4507725238800049, 0.3469424545764923, 0.4934753477573395]
[0.5158900618553162, 0.5315919518470764, 0.44702836871147156, 0.32553866505622864, 0.5535202622413635]
[0.5387336015701294, 0.5949833989143372, 0.41304636001586914, 0.2745910882949829, 0.5461690425872803]
