1
「旧帖新读」＂城管，谁让你这么干的？＂！（
[0.38749614357948303, 0.5193355083465576, 0.4856433570384979, 0.33705636858940125, 0.46448224782943726]
[0.4752258062362671, 0.5691908001899719, 0.4391210675239563, 0.3077876567840576, 0.4840574860572815]
[0.4787975549697876, 0.5684527158737183, 0.4435034990310669, 0.28348344564437866, 0.5228310227394104]
[0.508385181427002, 0.5865746736526489, 0.446330189704895, 0.2790706753730774, 0.5153307318687439]
[0.49960383772850037, 0.5699962973594666, 0.4420909583568573, 0.2856180965900421, 0.5009638667106628]
[0.5325873494148254, 0.5880876183509827, 0.42129048705101013, 0.2533036768436432, 0.5475322008132935]
[0.5449255704879761, 0.5820313096046448, 0.41472697257995605, 0.26513195037841797, 0.5324293375015259]
[0.41644200682640076, 0.5547135472297668, 0.47138693928718567, 0.32684481143951416, 0.48009276390075684]
[0.5402265787124634, 0.5826940536499023, 0.4105856418609619, 0.2633422315120697, 0.5556140542030334]
[0.45551225543022156, 0.5866705179214478, 0.4491116404533386, 0.28414809703826904, 0.482516884803772]
[0.559259295463562, 0.5893272757530212, 0.41929078102111816, 0.26547738909721375, 0.5813295841217041]
[0.5185332298278809, 0.5979981422424316, 0.4238531291484833, 0.2804935872554779, 0.5281396508216858]
[0.5438354015350342, 0.5908399224281311, 0.40924662351608276, 0.25858429074287415, 0.5555216670036316]
[0.4488832354545593, 0.5337168574333191, 0.4695221185684204, 0.35059452056884766, 0.5096198916435242]
[0.43738415837287903, 0.5719547271728516, 0.43069174885749817, 0.28993654251098633, 0.5091231465339661]
[0.4852971136569977, 0.5879229307174683, 0.44631853699684143, 0.2813930809497833, 0.541023850440979]
[0.30926090478897095, 0.5484082102775574, 0.451367050409317, 0.29945293068885803, 0.41213345527648926]
[0.5376738905906677, 0.5810485482215881, 0.40510639548301697, 0.28802356123924255, 0.5352571606636047]
[0.525909423828125, 0.5831667184829712, 0.4086605906486511, 0.2796013355255127, 0.5428557991981506]
[0.4717828035354614, 0.5553375482559204, 0.46336761116981506, 0.307731568813324, 0.48048242926597595]
[0.5766392946243286, 0.5886889696121216, 0.4046478867530823, 0.23144716024398804, 0.579087495803833]
[0.438734233379364, 0.5739827752113342, 0.4567318856716156, 0.2967361807823181, 0.4749705195426941]
[0.47730180621147156, 0.5710866451263428, 0.42964789271354675, 0.3113032281398773, 0.5082223415374756]
[0.38900336623191833, 0.5398299098014832, 0.4437568783760071, 0.3070691227912903, 0.43426263332366943]
[0.48231834173202515, 0.577444314956665, 0.4312152564525604, 0.2802905738353729, 0.5388143062591553]
[0.48705485463142395, 0.5355711579322815, 0.47061917185783386, 0.33921754360198975, 0.5196067690849304]
[0.6378988027572632, 0.5562968850135803, 0.38421615958213806, 0.25118815898895264, 0.6146308779716492]
[0.45266810059547424, 0.5565584897994995, 0.4326140880584717, 0.283360093832016, 0.4934903681278229]
[0.4612255096435547, 0.5495837926864624, 0.4551730453968048, 0.30846819281578064, 0.5138518810272217]
[0.5607945322990417, 0.5889193415641785, 0.4188421666622162, 0.2797624468803406, 0.5597006678581238]
[0.5580811500549316, 0.5909949541091919, 0.4199465215206146, 0.2745228111743927, 0.5738633871078491]
[0.4913972020149231, 0.5637975931167603, 0.4669579863548279, 0.30357879400253296, 0.5431873202323914]
[0.4088808596134186, 0.5380877256393433, 0.4657784402370453, 0.37315672636032104, 0.4722803235054016]
[0.5227144956588745, 0.5824209451675415, 0.4257242679595947, 0.2772217094898224, 0.538428544998169]
[0.48620733618736267, 0.5673338174819946, 0.4333961606025696, 0.2975442409515381, 0.512785017490387]
[0.49702581763267517, 0.5482080578804016, 0.4570778012275696, 0.326494038105011, 0.5029793977737427]
[0.3525565266609192, 0.5549966096878052, 0.4557444751262665, 0.29298844933509827, 0.43208077549934387]
