1
劳资终于找到如何知道渣浪上悄悄关注自己的人有谁了！废话不多说先上传送门→ 【微数据】→找到并戳至【铁杆粉丝】页面→滑至底部看到【潜在粉丝排名】<<<就是它了！！！ （这里说明一下 那些看到前三位没头像的其实是没人在关注你。。←巨心疼）
[0.5312443375587463, 0.5386214256286621, 0.496126264333725, 0.39133337140083313, 0.5377684831619263]
[0.5207311511039734, 0.576686441898346, 0.4030400216579437, 0.27213186025619507, 0.5548526644706726]
[0.40534889698028564, 0.5513066053390503, 0.4510266184806824, 0.3155643045902252, 0.4614480137825012]
[0.5809752345085144, 0.5806899666786194, 0.40891069173812866, 0.2551572024822235, 0.5459175109863281]
[0.5227583646774292, 0.5273857712745667, 0.44018226861953735, 0.3163676857948303, 0.5309511423110962]
[0.5326565504074097, 0.613871693611145, 0.42189180850982666, 0.2729127109050751, 0.5246680378913879]
[0.5477394461631775, 0.5795931220054626, 0.4123440086841583, 0.28746065497398376, 0.5529719591140747]
[0.4803633391857147, 0.5899879336357117, 0.43377771973609924, 0.2915284335613251, 0.5300093293190002]
[0.580998957157135, 0.5779675841331482, 0.39550381898880005, 0.2440471202135086, 0.5737908482551575]
[0.5187511444091797, 0.5657637715339661, 0.4381132125854492, 0.2819228768348694, 0.518878698348999]
[0.45674052834510803, 0.548011839389801, 0.45149531960487366, 0.293589323759079, 0.5167815089225769]
[0.468305379152298, 0.5432855486869812, 0.45683008432388306, 0.31783559918403625, 0.4919632375240326]
[0.5649641752243042, 0.5933112502098083, 0.39353442192077637, 0.24061375856399536, 0.5665504932403564]
[0.525955319404602, 0.5685592293739319, 0.4046269953250885, 0.27749741077423096, 0.5540116429328918]
[0.43028131127357483, 0.5435289144515991, 0.41518139839172363, 0.25035032629966736, 0.4674260914325714]
[0.44375041127204895, 0.5763046145439148, 0.43256157636642456, 0.29530125856399536, 0.527649998664856]
[0.37688538432121277, 0.5507791042327881, 0.46737390756607056, 0.3636787533760071, 0.45162737369537354]
[0.44375041127204895, 0.5763046145439148, 0.43256157636642456, 0.29530125856399536, 0.527649998664856]
[0.43928033113479614, 0.5755216479301453, 0.43812182545661926, 0.28464990854263306, 0.4676651954650879]
[0.44375041127204895, 0.5763046145439148, 0.43256157636642456, 0.29530125856399536, 0.527649998664856]
[0.5011957883834839, 0.5736438632011414, 0.43887075781822205, 0.2966446280479431, 0.4925988018512726]
[0.5260924696922302, 0.5879817605018616, 0.40959542989730835, 0.2785951495170593, 0.5153065323829651]
[0.5476653575897217, 0.5922223329544067, 0.40283203125, 0.24610288441181183, 0.5595800280570984]
[0.47016453742980957, 0.5671709775924683, 0.4363587498664856, 0.2878403961658478, 0.4696548283100128]
[0.44375041127204895, 0.5763046145439148, 0.43256157636642456, 0.29530125856399536, 0.527649998664856]
[0.5000900030136108, 0.5773203372955322, 0.4298971891403198, 0.2992576062679291, 0.5118393898010254]
[0.44375041127204895, 0.5763046145439148, 0.43256157636642456, 0.29530125856399536, 0.527649998664856]
[0.44375041127204895, 0.5763046145439148, 0.43256157636642456, 0.29530125856399536, 0.527649998664856]
[0.44375041127204895, 0.5763046145439148, 0.43256157636642456, 0.29530125856399536, 0.527649998664856]
[0.5687850117683411, 0.5891345739364624, 0.4086107909679413, 0.26888319849967957, 0.5511022210121155]
[0.3980659246444702, 0.5676062703132629, 0.4500005543231964, 0.2906647026538849, 0.4348086714744568]
[0.44375041127204895, 0.5763046145439148, 0.43256157636642456, 0.29530125856399536, 0.527649998664856]
[0.44375041127204895, 0.5763046145439148, 0.43256157636642456, 0.29530125856399536, 0.527649998664856]
[0.44375041127204895, 0.5763046145439148, 0.43256157636642456, 0.29530125856399536, 0.527649998664856]
[0.4580796957015991, 0.5713124871253967, 0.44430282711982727, 0.2557647228240967, 0.4958999454975128]
[0.44375041127204895, 0.5763046145439148, 0.43256157636642456, 0.29530125856399536, 0.527649998664856]
[0.5077014565467834, 0.5682341456413269, 0.43666014075279236, 0.28583499789237976, 0.5446787476539612]
[0.44375041127204895, 0.5763046145439148, 0.43256157636642456, 0.29530125856399536, 0.527649998664856]
[0.4622679352760315, 0.5253952741622925, 0.49678921699523926, 0.39620086550712585, 0.4648119807243347]
[0.3974309265613556, 0.5255869626998901, 0.47137948870658875, 0.36063721776008606, 0.4328635334968567]
[0.44375041127204895, 0.5763046145439148, 0.43256157636642456, 0.29530125856399536, 0.527649998664856]
[0.5121162533760071, 0.5263473987579346, 0.47556036710739136, 0.3391846716403961, 0.5356651544570923]
[0.46802496910095215, 0.5574707984924316, 0.4470011591911316, 0.3149772584438324, 0.5122519135475159]
[0.47692906856536865, 0.5851126313209534, 0.4365307092666626, 0.2706620693206787, 0.49862828850746155]
[0.44375041127204895, 0.5763046145439148, 0.43256157636642456, 0.29530125856399536, 0.527649998664856]
[0.44375041127204895, 0.5763046145439148, 0.43256157636642456, 0.29530125856399536, 0.527649998664856]
[0.3756865859031677, 0.53669273853302, 0.4984695315361023, 0.39039158821105957, 0.4528539180755615]
[0.48728060722351074, 0.5646297931671143, 0.4554579555988312, 0.3400115370750427, 0.5274831056594849]
[0.37688538432121277, 0.5507791042327881, 0.46737390756607056, 0.3636787533760071, 0.45162737369537354]
[0.5281354188919067, 0.5953737497329712, 0.41537410020828247, 0.25814300775527954, 0.5231567025184631]
[0.47647666931152344, 0.5593088269233704, 0.48440879583358765, 0.3031504154205322, 0.4441988468170166]
[0.44375041127204895, 0.5763046145439148, 0.43256157636642456, 0.29530125856399536, 0.527649998664856]
[0.44375041127204895, 0.5763046145439148, 0.43256157636642456, 0.29530125856399536, 0.527649998664856]
[0.4791901111602783, 0.5457496047019958, 0.45772793889045715, 0.3058856725692749, 0.4870447814464569]
[0.44375041127204895, 0.5763046145439148, 0.43256157636642456, 0.29530125856399536, 0.527649998664856]
[0.543891966342926, 0.5799241662025452, 0.43088942766189575, 0.2936510443687439, 0.5181538462638855]
[0.5180436372756958, 0.5572711229324341, 0.43826383352279663, 0.32395321130752563, 0.5181427597999573]
[0.5243489742279053, 0.5277649164199829, 0.47367072105407715, 0.3592775762081146, 0.5626325011253357]
[0.44975385069847107, 0.5768429636955261, 0.4544437825679779, 0.2829573452472687, 0.5245002508163452]
[0.5667562484741211, 0.5728307962417603, 0.40475231409072876, 0.26356592774391174, 0.554657518863678]
[0.5502533316612244, 0.5312448740005493, 0.41978147625923157, 0.28317323327064514, 0.554564893245697]
[0.5574535131454468, 0.5611929893493652, 0.4174255132675171, 0.2930230498313904, 0.4959030747413635]
[0.34518715739250183, 0.5594084858894348, 0.47135230898857117, 0.35262995958328247, 0.4072120785713196]
[0.48290368914604187, 0.5217296481132507, 0.4705512225627899, 0.3458678424358368, 0.5022326707839966]
[0.48379552364349365, 0.5937032699584961, 0.41920071840286255, 0.2830924987792969, 0.4925927221775055]
[0.4849054217338562, 0.553025484085083, 0.4268816113471985, 0.2903394103050232, 0.5238744020462036]
[0.5322908163070679, 0.573237955570221, 0.39904236793518066, 0.27550145983695984, 0.5689886808395386]
[0.47034674882888794, 0.5625079274177551, 0.44344058632850647, 0.333464652299881, 0.4765053987503052]
[0.6260241866111755, 0.5546552538871765, 0.39577993750572205, 0.24298156797885895, 0.6057634353637695]
[0.39455607533454895, 0.5749859809875488, 0.45809319615364075, 0.30156442523002625, 0.4782266318798065]
[0.520602285861969, 0.5922062993049622, 0.4009891748428345, 0.263202041387558, 0.5304512977600098]
[0.38084888458251953, 0.5723817348480225, 0.4537689983844757, 0.2887296676635742, 0.4711882770061493]
[0.45850151777267456, 0.5800007581710815, 0.43688878417015076, 0.3161897659301758, 0.4690588414669037]
[0.5620983242988586, 0.554722011089325, 0.4194195866584778, 0.2922137379646301, 0.5406156182289124]
[0.4946408271789551, 0.5762660503387451, 0.4366876780986786, 0.27866703271865845, 0.5027989745140076]
[0.48240572214126587, 0.5373318791389465, 0.47300028800964355, 0.36847513914108276, 0.4858381152153015]
[0.5096174478530884, 0.5697121620178223, 0.41944482922554016, 0.2971261739730835, 0.5208607912063599]
[0.5181060433387756, 0.608632504940033, 0.438276469707489, 0.28479206562042236, 0.5111607909202576]
[0.5397323966026306, 0.5986484289169312, 0.42316994071006775, 0.2700996696949005, 0.5608393549919128]
[0.40449732542037964, 0.5535271763801575, 0.48548445105552673, 0.3082454204559326, 0.48665642738342285]
[0.4917965829372406, 0.5642513632774353, 0.44473153352737427, 0.292820006608963, 0.504958987236023]
[0.4568319022655487, 0.5876060724258423, 0.4209176003932953, 0.260714590549469, 0.5184162259101868]
[0.558176577091217, 0.5837705731391907, 0.4205693006515503, 0.26933491230010986, 0.5672476291656494]
[0.47737449407577515, 0.5406672954559326, 0.48283788561820984, 0.39889806509017944, 0.4844517111778259]
[0.4114733636379242, 0.5349400639533997, 0.452426016330719, 0.3391138017177582, 0.44958215951919556]
[0.4233662188053131, 0.5629415512084961, 0.4487539231777191, 0.30781829357147217, 0.44507935643196106]
[0.47762739658355713, 0.5582351684570312, 0.44526606798171997, 0.3038129508495331, 0.5091768503189087]
[0.4753779172897339, 0.5862770676612854, 0.44604939222335815, 0.32283076643943787, 0.4772241413593292]
[0.5326565504074097, 0.613871693611145, 0.42189180850982666, 0.2729127109050751, 0.5246680378913879]
[0.5037087798118591, 0.5660512447357178, 0.41839703917503357, 0.30943185091018677, 0.5247438549995422]
[0.5715920329093933, 0.5891635417938232, 0.4042638838291168, 0.2682740092277527, 0.5872594714164734]
[0.5141702890396118, 0.574151337146759, 0.4412098526954651, 0.2834239900112152, 0.5169320702552795]
[0.5543032288551331, 0.5633677840232849, 0.4259800910949707, 0.282096803188324, 0.5293412208557129]
[0.558176577091217, 0.5837705731391907, 0.4205693006515503, 0.26933491230010986, 0.5672476291656494]
[0.46512821316719055, 0.5741592049598694, 0.4592400789260864, 0.31443020701408386, 0.49377602338790894]
[0.48379552364349365, 0.5937032699584961, 0.41920071840286255, 0.2830924987792969, 0.4925927221775055]
[0.347235769033432, 0.5284088253974915, 0.4636155664920807, 0.3419286906719208, 0.42884159088134766]
[0.45518866181373596, 0.5898066759109497, 0.43277573585510254, 0.29715782403945923, 0.5032025575637817]
[0.5756714344024658, 0.5849572420120239, 0.41363781690597534, 0.27317771315574646, 0.5806744694709778]
[0.48379552364349365, 0.5937032699584961, 0.41920071840286255, 0.2830924987792969, 0.4925927221775055]
[0.40285342931747437, 0.5888053774833679, 0.4382234513759613, 0.339176207780838, 0.45191630721092224]
