1
这一张照片在网络非常的火爆，这说明什么？是否这个社会有三六九等之分吗？不管你是什么身份，你何德何能让百姓 八抬大轿 ！值得反思！只是分享，并非造谣
[0.523281455039978, 0.5503237247467041, 0.44568708539009094, 0.32945865392684937, 0.532744288444519]
[0.5254518389701843, 0.5848819017410278, 0.4123353958129883, 0.267185240983963, 0.5574303865432739]
[0.4940759837627411, 0.6042625904083252, 0.43993571400642395, 0.28412365913391113, 0.5155866146087646]
[0.5217366814613342, 0.5586817264556885, 0.4398353695869446, 0.30598875880241394, 0.5158058404922485]
[0.5101794004440308, 0.5778414011001587, 0.4547777771949768, 0.3171200156211853, 0.5505210757255554]
[0.47621190547943115, 0.5837462544441223, 0.44355860352516174, 0.2967348098754883, 0.5141011476516724]
[0.48420000076293945, 0.5611308813095093, 0.4591946303844452, 0.31481504440307617, 0.4936031699180603]
[0.330238938331604, 0.5525955557823181, 0.5158793926239014, 0.48294299840927124, 0.471908837556839]
[0.5281298756599426, 0.5644689202308655, 0.42061468958854675, 0.26228371262550354, 0.5228139758110046]
[0.43192264437675476, 0.5295530557632446, 0.46120020747184753, 0.3468764126300812, 0.48657864332199097]
[0.5694428086280823, 0.5637026429176331, 0.40694838762283325, 0.27587834000587463, 0.5590360164642334]
[0.49456238746643066, 0.5798381567001343, 0.4480069875717163, 0.3040010929107666, 0.5316399335861206]
[0.5181106328964233, 0.6049374938011169, 0.42558738589286804, 0.27972474694252014, 0.5325964093208313]
[0.44625434279441833, 0.5349602103233337, 0.5424204468727112, 0.39664527773857117, 0.5254524946212769]
[0.5630278587341309, 0.5565570592880249, 0.4061201512813568, 0.28071993589401245, 0.56954425573349]
[0.5156576633453369, 0.5662719011306763, 0.4311201870441437, 0.2844369411468506, 0.5382105112075806]
[0.4971597194671631, 0.565483570098877, 0.42772749066352844, 0.2988095283508301, 0.5172736048698425]
[0.552864670753479, 0.5923901200294495, 0.4160011410713196, 0.2615344524383545, 0.5267031192779541]
[0.5130572319030762, 0.5829095244407654, 0.4254104793071747, 0.24855700135231018, 0.5548019409179688]
[0.4604940414428711, 0.5603595972061157, 0.4557778537273407, 0.3007499873638153, 0.4998886287212372]
[0.4905998110771179, 0.5568339824676514, 0.45277148485183716, 0.28902891278266907, 0.5487269759178162]
[0.47351178526878357, 0.583438515663147, 0.45718899369239807, 0.28785398602485657, 0.5004755258560181]
[0.5563458204269409, 0.5542166233062744, 0.40378573536872864, 0.2835738956928253, 0.5596081018447876]
[0.46919333934783936, 0.5633141994476318, 0.4755038022994995, 0.31448155641555786, 0.5109655857086182]
[0.49521514773368835, 0.5599489212036133, 0.4451124966144562, 0.29083555936813354, 0.5045192837715149]
[0.5484970211982727, 0.5930879712104797, 0.39906492829322815, 0.2570444941520691, 0.5489603281021118]
[0.43812295794487, 0.5640203356742859, 0.4540005922317505, 0.2931237518787384, 0.5004118084907532]
[0.503166913986206, 0.5707523822784424, 0.435607373714447, 0.2890845239162445, 0.509120762348175]
[0.5074650645256042, 0.5576112866401672, 0.4533326029777527, 0.2893575131893158, 0.5118676424026489]
[0.4680902659893036, 0.5130177736282349, 0.4835025668144226, 0.369810551404953, 0.492349773645401]
[0.4751219153404236, 0.5584263205528259, 0.4726068377494812, 0.3163621723651886, 0.4959794878959656]
[0.5302021503448486, 0.593227207660675, 0.4105648994445801, 0.2561049461364746, 0.5318547487258911]
[0.4839279353618622, 0.5814688205718994, 0.44624823331832886, 0.2650415301322937, 0.5049872994422913]
[0.5191898941993713, 0.5933727622032166, 0.42505979537963867, 0.26905179023742676, 0.526133120059967]
[0.540979266166687, 0.5811297297477722, 0.45211565494537354, 0.2853175103664398, 0.5617904663085938]
[0.5029317140579224, 0.535612940788269, 0.45889410376548767, 0.3598213195800781, 0.5203540325164795]
[0.528118908405304, 0.5852379202842712, 0.43063226342201233, 0.2623966634273529, 0.5555712580680847]
[0.5029903054237366, 0.5465360283851624, 0.4381929337978363, 0.3203737437725067, 0.5451133847236633]
[0.5008149743080139, 0.5943145751953125, 0.42150378227233887, 0.26536130905151367, 0.5060325860977173]
[0.43700671195983887, 0.5796603560447693, 0.44233447313308716, 0.2890007197856903, 0.4974285960197449]
[0.5597632527351379, 0.5798714756965637, 0.38781583309173584, 0.26095759868621826, 0.5557060837745667]
[0.4186791181564331, 0.5851197242736816, 0.44359487295150757, 0.26547476649284363, 0.4898984730243683]
[0.47283226251602173, 0.5329819917678833, 0.4542306363582611, 0.3189411163330078, 0.4861927926540375]
[0.527662992477417, 0.5838227272033691, 0.4252026081085205, 0.2870052456855774, 0.5512332916259766]
[0.5190195441246033, 0.5822840332984924, 0.43327394127845764, 0.2838497459888458, 0.5524153113365173]
[0.45134884119033813, 0.5334668755531311, 0.48609277606010437, 0.38087087869644165, 0.49513810873031616]
[0.5093688368797302, 0.5833894610404968, 0.4421081244945526, 0.2795482873916626, 0.539742648601532]
[0.5404128432273865, 0.5823633670806885, 0.4184034764766693, 0.2794688045978546, 0.539771318435669]
[0.5198577642440796, 0.587715744972229, 0.44297635555267334, 0.2779726982116699, 0.5175976753234863]
[0.44488832354545593, 0.5589388012886047, 0.46214669942855835, 0.3139284551143646, 0.4913841187953949]
[0.5368779897689819, 0.5388769507408142, 0.44527241587638855, 0.32235172390937805, 0.5405595898628235]
[0.42301255464553833, 0.5273886919021606, 0.46201953291893005, 0.3550232946872711, 0.4488510489463806]
[0.5163798928260803, 0.5750606656074524, 0.4162096083164215, 0.2735179364681244, 0.5327275395393372]
[0.479501873254776, 0.6026506423950195, 0.41706278920173645, 0.26076021790504456, 0.5072610378265381]
[0.4448016285896301, 0.5523535013198853, 0.4597725570201874, 0.34882378578186035, 0.49510589241981506]
[0.45474863052368164, 0.5392282009124756, 0.4991302788257599, 0.37710851430892944, 0.5255666375160217]
[0.5444239377975464, 0.5918692350387573, 0.41557827591896057, 0.2759844958782196, 0.5688731670379639]
[0.5092318058013916, 0.5698609352111816, 0.4341157078742981, 0.29023659229278564, 0.5342723727226257]
[0.45593708753585815, 0.5619871020317078, 0.43138015270233154, 0.2977977991104126, 0.4917871356010437]
[0.49339574575424194, 0.584994375705719, 0.4491385817527771, 0.3108641803264618, 0.500685453414917]
[0.5118365287780762, 0.554917573928833, 0.44801318645477295, 0.3187060058116913, 0.5469291806221008]
[0.5348333120346069, 0.5892683267593384, 0.41373732686042786, 0.263791561126709, 0.5308822989463806]
[0.4224350154399872, 0.5765965580940247, 0.4299887716770172, 0.2747103273868561, 0.4951278865337372]
[0.4872722923755646, 0.5877025127410889, 0.4310976266860962, 0.2808917462825775, 0.5387135744094849]
[0.5157487392425537, 0.5752750635147095, 0.45594146847724915, 0.29004615545272827, 0.5464401841163635]
[0.5298720002174377, 0.5992419719696045, 0.4114688038825989, 0.2637089788913727, 0.5207518339157104]
[0.42063045501708984, 0.5960612297058105, 0.43921270966529846, 0.2751235067844391, 0.48767414689064026]
[0.591698169708252, 0.5622354745864868, 0.41787073016166687, 0.27593836188316345, 0.5587050914764404]
[0.4954735040664673, 0.5352932810783386, 0.4634320139884949, 0.33915382623672485, 0.4879055619239807]
[0.5298745632171631, 0.5540969371795654, 0.44131141901016235, 0.2837584316730499, 0.5377057194709778]
[0.5195596218109131, 0.5574297904968262, 0.4408809244632721, 0.304816871881485, 0.5293166637420654]
[0.41282919049263, 0.5693641901016235, 0.45117807388305664, 0.31244006752967834, 0.4409254193305969]
[0.5103945136070251, 0.5929614901542664, 0.421758770942688, 0.2625429928302765, 0.5313159823417664]
[0.6048587560653687, 0.5622885823249817, 0.40428024530410767, 0.23834289610385895, 0.575708270072937]
[0.554775595664978, 0.5782343745231628, 0.40409305691719055, 0.2538135051727295, 0.5626628994941711]
[0.5305784940719604, 0.5295708775520325, 0.46214839816093445, 0.3615112900733948, 0.5066652894020081]
[0.5554919242858887, 0.5934482216835022, 0.39941027760505676, 0.25829917192459106, 0.5622560977935791]
[0.4883747398853302, 0.5775478482246399, 0.4420858919620514, 0.29727286100387573, 0.5327410101890564]
[0.5023537874221802, 0.5778819918632507, 0.4321947395801544, 0.28363052010536194, 0.4974965751171112]
[0.5207703709602356, 0.5790078639984131, 0.43007487058639526, 0.276624858379364, 0.5309887528419495]
[0.46057888865470886, 0.5660622715950012, 0.42556801438331604, 0.2921599745750427, 0.4985995292663574]
[0.585493266582489, 0.5952481031417847, 0.3955794870853424, 0.23667143285274506, 0.580572247505188]
[0.5417641401290894, 0.5680716037750244, 0.43945854902267456, 0.3137710988521576, 0.5392634868621826]
[0.5475250482559204, 0.593785285949707, 0.42014455795288086, 0.2613804340362549, 0.5613335371017456]
[0.5422783493995667, 0.6048450469970703, 0.4118419289588928, 0.24634584784507751, 0.547500491142273]
[0.4433889091014862, 0.5563778281211853, 0.44686582684516907, 0.3007414638996124, 0.5028120279312134]
[0.585493266582489, 0.5952481031417847, 0.3955794870853424, 0.23667143285274506, 0.580572247505188]
[0.528118908405304, 0.5852379202842712, 0.43063226342201233, 0.2623966634273529, 0.5555712580680847]
[0.5185332298278809, 0.5979981422424316, 0.4238531291484833, 0.2804935872554779, 0.5281396508216858]
[0.4655877947807312, 0.5748911499977112, 0.43379437923431396, 0.27604347467422485, 0.5248457193374634]
[0.5102731585502625, 0.5666597485542297, 0.4195893406867981, 0.3126944303512573, 0.5314184427261353]
[0.5276101231575012, 0.5719520449638367, 0.4014440178871155, 0.26659834384918213, 0.5475398898124695]
[0.4824375808238983, 0.544909656047821, 0.4706404507160187, 0.33608195185661316, 0.4940113425254822]
[0.5207661390304565, 0.5974884033203125, 0.4362424910068512, 0.2776166796684265, 0.5356953740119934]
[0.4857109487056732, 0.5962127447128296, 0.4314670264720917, 0.2905765175819397, 0.5389198064804077]
[0.4670378565788269, 0.5957754850387573, 0.46707019209861755, 0.29974013566970825, 0.49804773926734924]
[0.5644887089729309, 0.5383045077323914, 0.48297393321990967, 0.3558772802352905, 0.5481346249580383]
[0.47488370537757874, 0.5900388956069946, 0.44476181268692017, 0.2977846562862396, 0.4903244376182556]
[0.5423572063446045, 0.5676635503768921, 0.45921504497528076, 0.27873000502586365, 0.5244405269622803]
[0.5262075662612915, 0.543384850025177, 0.46176064014434814, 0.3621790111064911, 0.53984135389328]
[0.5280796885490417, 0.5844221711158752, 0.42355355620384216, 0.2585547864437103, 0.5450358986854553]
