1
安利老板死了！才56岁,吃了27年的纽崔莱，好讽刺啊！安利成冠3S系统创始人陈观田因肝癌56岁去世,干了27年安利,吃了27年纽崔莱, 安利大师超凡创办人王慈官.享年61岁。 安利网络21系统创始人吉米道南2013年8月13日去逝,65岁。用了安利产品四十三年。高科技萃取工艺破坏了天然食物！真的不能乱吃!(张京华)
[0.5236924886703491, 0.52730792760849, 0.48930302262306213, 0.3686251640319824, 0.5347840785980225]
[0.43928033113479614, 0.5755216479301453, 0.43812182545661926, 0.28464990854263306, 0.4676651954650879]
[0.48379552364349365, 0.5937032699584961, 0.41920071840286255, 0.2830924987792969, 0.4925927221775055]
[0.5091680884361267, 0.5714772343635559, 0.4459339380264282, 0.2907356321811676, 0.5406463146209717]
[0.613735556602478, 0.5849857330322266, 0.3802798390388489, 0.24717600643634796, 0.5913806557655334]
[0.5451405048370361, 0.5799071192741394, 0.4316512644290924, 0.266661137342453, 0.5196403861045837]
[0.5173870921134949, 0.5839442610740662, 0.4173644483089447, 0.2768224775791168, 0.5075820684432983]
[0.5859156250953674, 0.5803412199020386, 0.39862746000289917, 0.23847386240959167, 0.5700655579566956]
[0.45325377583503723, 0.5666342973709106, 0.45418569445610046, 0.2775590419769287, 0.4919044077396393]
[0.5500097274780273, 0.571600079536438, 0.40389132499694824, 0.26812323927879333, 0.5750402808189392]
[0.48683759570121765, 0.5112476944923401, 0.4978574812412262, 0.3694527745246887, 0.5215531587600708]
[0.46242573857307434, 0.54510897397995, 0.4860887825489044, 0.35974982380867004, 0.5046829581260681]
[0.5833746790885925, 0.5597262382507324, 0.40695250034332275, 0.26618507504463196, 0.5598449110984802]
[0.5522260665893555, 0.5904607176780701, 0.4055017828941345, 0.25050556659698486, 0.5622048377990723]
[0.5487573742866516, 0.5797818303108215, 0.41582831740379333, 0.26787862181663513, 0.5546069145202637]
[0.4487622082233429, 0.5716210603713989, 0.4600348174571991, 0.3031274080276489, 0.45275557041168213]
[0.500237762928009, 0.5327087640762329, 0.4745695888996124, 0.33487391471862793, 0.5214643478393555]
[0.3734184801578522, 0.5656102895736694, 0.4508020877838135, 0.278240829706192, 0.4553474187850952]
[0.6420375108718872, 0.5503091812133789, 0.3936220109462738, 0.2616586685180664, 0.6189441084861755]
[0.49555298686027527, 0.570673942565918, 0.4313119649887085, 0.2879068851470947, 0.5146951675415039]
[0.4604520797729492, 0.536298394203186, 0.4677150547504425, 0.3452245891094208, 0.5065137147903442]
[0.45506468415260315, 0.5436458587646484, 0.4587472379207611, 0.33180001378059387, 0.5053032040596008]
[0.511255145072937, 0.5555015802383423, 0.44553065299987793, 0.29960352182388306, 0.5322266817092896]
[0.5026019811630249, 0.5519894361495972, 0.45400625467300415, 0.32090839743614197, 0.5401788949966431]
[0.49629727005958557, 0.5802736878395081, 0.43752869963645935, 0.28160014748573303, 0.5423374176025391]
[0.5351865291595459, 0.5731016993522644, 0.46622326970100403, 0.3263816237449646, 0.5302279591560364]
[0.5143336057662964, 0.5509291291236877, 0.42839500308036804, 0.3195513188838959, 0.4991180896759033]
[0.5180688500404358, 0.5999510288238525, 0.41325441002845764, 0.25471553206443787, 0.5285507440567017]
[0.49631229043006897, 0.5500670075416565, 0.449834406375885, 0.32711338996887207, 0.5431552529335022]
[0.4893815219402313, 0.52311772108078, 0.4690377414226532, 0.39795371890068054, 0.4916183650493622]
[0.5070725679397583, 0.5795678496360779, 0.4309682846069336, 0.25872695446014404, 0.538472592830658]
[0.43928033113479614, 0.5755216479301453, 0.43812182545661926, 0.28464990854263306, 0.4676651954650879]
[0.49629727005958557, 0.5802736878395081, 0.43752869963645935, 0.28160014748573303, 0.5423374176025391]
[0.5536494851112366, 0.5684286952018738, 0.4264592230319977, 0.28106996417045593, 0.524756133556366]
[0.42017704248428345, 0.5468901991844177, 0.44890502095222473, 0.3344777226448059, 0.4585226774215698]
[0.33158278465270996, 0.5211126208305359, 0.4534841477870941, 0.3225984275341034, 0.42768457531929016]
[0.5126699805259705, 0.575574517250061, 0.4449648857116699, 0.28282108902931213, 0.5339490175247192]
[0.5070725679397583, 0.5795678496360779, 0.4309682846069336, 0.25872695446014404, 0.538472592830658]
[0.4089055061340332, 0.5784577131271362, 0.45308005809783936, 0.2784103751182556, 0.48602575063705444]
[0.47851788997650146, 0.5743370056152344, 0.4338841140270233, 0.28114810585975647, 0.5395565629005432]
[0.535921037197113, 0.5964357852935791, 0.4199274182319641, 0.27324655652046204, 0.5504410862922668]
[0.40540754795074463, 0.566754937171936, 0.4452475309371948, 0.30539900064468384, 0.43178266286849976]
[0.45412343740463257, 0.560079038143158, 0.450655996799469, 0.30912965536117554, 0.5082861185073853]
[0.5411739945411682, 0.5577678680419922, 0.4610612690448761, 0.3025049865245819, 0.5220710039138794]
[0.5412801504135132, 0.5841175317764282, 0.43199488520622253, 0.2814526855945587, 0.5375268459320068]
[0.5717475414276123, 0.5710282921791077, 0.41661831736564636, 0.26988473534584045, 0.535510778427124]
[0.4446495771408081, 0.5691347718238831, 0.43185752630233765, 0.28907179832458496, 0.47093695402145386]
[0.43102559447288513, 0.5422534346580505, 0.4773624837398529, 0.32803797721862793, 0.4774147570133209]
[0.46722790598869324, 0.5563894510269165, 0.44737592339515686, 0.30560070276260376, 0.5032788515090942]
[0.4380858540534973, 0.5497984290122986, 0.4679226279258728, 0.3230276107788086, 0.47104611992836]
[0.44872745871543884, 0.5607951283454895, 0.4452180862426758, 0.30555450916290283, 0.49645334482192993]
[0.451006144285202, 0.5220751762390137, 0.4776410460472107, 0.3354450464248657, 0.4570743143558502]
[0.5625067353248596, 0.5759326815605164, 0.4022730588912964, 0.26935628056526184, 0.5639652609825134]
[0.5133227109909058, 0.5794464349746704, 0.4150134027004242, 0.29122549295425415, 0.5223665237426758]
[0.398515522480011, 0.5459926128387451, 0.4425651729106903, 0.2817189693450928, 0.48408186435699463]
[0.4850943684577942, 0.5799263715744019, 0.4468246400356293, 0.30186471343040466, 0.5262084603309631]
[0.5438017845153809, 0.5942021012306213, 0.41521143913269043, 0.26803213357925415, 0.5571514964103699]
[0.4665340185165405, 0.5434867143630981, 0.4695938229560852, 0.33315056562423706, 0.513495922088623]
[0.5202791094779968, 0.5514718294143677, 0.45080387592315674, 0.3019893169403076, 0.5088609457015991]
[0.5126591920852661, 0.5759720802307129, 0.4152299463748932, 0.2810848355293274, 0.5174343585968018]
[0.609717071056366, 0.538040280342102, 0.4100703299045563, 0.23963628709316254, 0.5998891592025757]
[0.5168956518173218, 0.5556520819664001, 0.41290703415870667, 0.2736963927745819, 0.525088906288147]
[0.5584766864776611, 0.5487486720085144, 0.40893658995628357, 0.27117377519607544, 0.572925329208374]
[0.430136501789093, 0.5776596069335938, 0.4656184911727905, 0.29983842372894287, 0.48614978790283203]
[0.32867079973220825, 0.5377459526062012, 0.45115888118743896, 0.31232205033302307, 0.42864853143692017]
[0.4342045187950134, 0.5261443257331848, 0.5219998955726624, 0.4404154121875763, 0.4927027225494385]
[0.5328550934791565, 0.5682514309883118, 0.41770002245903015, 0.28131595253944397, 0.5678543448448181]
[0.5552852153778076, 0.5857468843460083, 0.4001559317111969, 0.27149248123168945, 0.5646634697914124]
[0.620410144329071, 0.5665497779846191, 0.3757847547531128, 0.2503342926502228, 0.6077005863189697]
[0.5447361469268799, 0.531732976436615, 0.4507276713848114, 0.3015486001968384, 0.551346480846405]
[0.48379552364349365, 0.5937032699584961, 0.41920071840286255, 0.2830924987792969, 0.4925927221775055]
[0.5187511444091797, 0.5657637715339661, 0.4381132125854492, 0.2819228768348694, 0.518878698348999]
[0.463189959526062, 0.5851465463638306, 0.45555564761161804, 0.2888834774494171, 0.4980961084365845]
[0.5858774185180664, 0.5369962453842163, 0.4225473701953888, 0.29417210817337036, 0.5735509991645813]
[0.4638449549674988, 0.5438668727874756, 0.4588976204395294, 0.32888495922088623, 0.5248841643333435]
[0.4696716368198395, 0.5549660325050354, 0.4583151936531067, 0.33449068665504456, 0.5066695213317871]
[0.4752258062362671, 0.5691908001899719, 0.4391210675239563, 0.3077876567840576, 0.4840574860572815]
[0.5385042428970337, 0.5852606892585754, 0.42515140771865845, 0.24360233545303345, 0.5515099763870239]
[0.5106033682823181, 0.5636217594146729, 0.43339571356773376, 0.2915290296077728, 0.5165503621101379]
[0.4883093535900116, 0.5529704093933105, 0.4912561774253845, 0.36347973346710205, 0.5367403030395508]
[0.5652998089790344, 0.5372546911239624, 0.4185437560081482, 0.2744959890842438, 0.5289186239242554]
[0.42457905411720276, 0.5255286693572998, 0.4601466655731201, 0.3140185475349426, 0.4963175356388092]
[0.5421718955039978, 0.5849599838256836, 0.4267256259918213, 0.27736613154411316, 0.5603873133659363]
[0.5085916519165039, 0.562694251537323, 0.42204776406288147, 0.2703876197338104, 0.5269305109977722]
[0.5325873494148254, 0.5880876183509827, 0.42129048705101013, 0.2533036768436432, 0.5475322008132935]
[0.43213507533073425, 0.5467085242271423, 0.4475729763507843, 0.3644202947616577, 0.45754191279411316]
[0.5636191368103027, 0.5520231127738953, 0.4082818031311035, 0.2673885226249695, 0.5738011598587036]
[0.5384754538536072, 0.5881985425949097, 0.42183563113212585, 0.28370943665504456, 0.5407376885414124]
[0.4589565694332123, 0.5633394122123718, 0.4683150053024292, 0.32077643275260925, 0.5092000365257263]
[0.5717475414276123, 0.5710282921791077, 0.41661831736564636, 0.26988473534584045, 0.535510778427124]
[0.43408215045928955, 0.5541836023330688, 0.45289313793182373, 0.3330265283584595, 0.47037968039512634]
[0.5082494616508484, 0.5925235152244568, 0.42909103631973267, 0.28931036591529846, 0.5301762819290161]
[0.4487622082233429, 0.5716210603713989, 0.4600348174571991, 0.3031274080276489, 0.45275557041168213]
[0.4869810938835144, 0.5741806030273438, 0.4366385042667389, 0.3179442584514618, 0.5080258250236511]
[0.4297730624675751, 0.5537927746772766, 0.4806254506111145, 0.33992984890937805, 0.4836255609989166]
[0.43543073534965515, 0.5246809124946594, 0.5393282175064087, 0.44655942916870117, 0.5002647638320923]
[0.4205555021762848, 0.5458785891532898, 0.44796088337898254, 0.2937202751636505, 0.5100246071815491]
[0.5502427220344543, 0.5859279036521912, 0.4207659065723419, 0.2827933728694916, 0.5425423383712769]
[0.4487622082233429, 0.5716210603713989, 0.4600348174571991, 0.3031274080276489, 0.45275557041168213]
[0.5528028607368469, 0.5800224542617798, 0.3991321325302124, 0.2701597511768341, 0.5690401792526245]
[0.5195437669754028, 0.5844805836677551, 0.4184483289718628, 0.29358068108558655, 0.5216010212898254]
