1
前德国总理勃兰特在华沙向犹太死难者下跪，俄罗斯总统普京在卡延纪念碑向死难者下跪，韩国总统李明搏在祈祷时向国民下跪，日本首相菅直人向硫磺岛军人遗骨下跪…动车追尾、北京大水、天津大火、青岛大爆炸！死了那么多的同胞，有哪位官员向人民道歉？更别说向人民下跪了！为何中国的官员如此傲慢？
[0.5856581330299377, 0.5750672221183777, 0.45469391345977783, 0.3172517716884613, 0.5745243430137634]
[0.47692710161209106, 0.5674805045127869, 0.46477243304252625, 0.3004798889160156, 0.5162477493286133]
[0.5621024370193481, 0.5772331953048706, 0.4028291702270508, 0.254725843667984, 0.5583677887916565]
[0.4696716368198395, 0.5549660325050354, 0.4583151936531067, 0.33449068665504456, 0.5066695213317871]
[0.5960027575492859, 0.5900318026542664, 0.37784329056739807, 0.23988962173461914, 0.5845133066177368]
[0.5178568363189697, 0.5686609148979187, 0.4331381022930145, 0.3021431565284729, 0.5332143902778625]
[0.5206316113471985, 0.5808340907096863, 0.4225599765777588, 0.28486010432243347, 0.5449436902999878]
[0.4671321213245392, 0.5643660426139832, 0.43880102038383484, 0.3291199505329132, 0.4673304557800293]
[0.48506200313568115, 0.5660913586616516, 0.4325677454471588, 0.295868456363678, 0.49542316794395447]
[0.4953691065311432, 0.5869568586349487, 0.4173354506492615, 0.27647918462753296, 0.5474271774291992]
[0.4953691065311432, 0.5869568586349487, 0.4173354506492615, 0.27647918462753296, 0.5474271774291992]
[0.5075519680976868, 0.5531824231147766, 0.42925959825515747, 0.30005550384521484, 0.5448784828186035]
[0.43928033113479614, 0.5755216479301453, 0.43812182545661926, 0.28464990854263306, 0.4676651954650879]
[0.4871317744255066, 0.5791337490081787, 0.4299356937408447, 0.2956787943840027, 0.5281796455383301]
[0.5050751566886902, 0.5612071752548218, 0.4078640639781952, 0.27052706480026245, 0.5257261991500854]
[0.4622136354446411, 0.5614244937896729, 0.41416168212890625, 0.2550753951072693, 0.5284866094589233]
[0.4537069499492645, 0.5410228967666626, 0.4732092022895813, 0.34145882725715637, 0.4600158631801605]
[0.48064860701560974, 0.5265599489212036, 0.4683302044868469, 0.3487587571144104, 0.5059020519256592]
[0.46283435821533203, 0.5540248155593872, 0.431071937084198, 0.29030489921569824, 0.5354613661766052]
[0.5571143627166748, 0.5318710207939148, 0.4658264219760895, 0.35557690262794495, 0.5527278780937195]
[0.4172147810459137, 0.5823714137077332, 0.46742337942123413, 0.2835056185722351, 0.48565635085105896]
[0.4345061480998993, 0.5568930506706238, 0.44924604892730713, 0.3036644160747528, 0.4710766077041626]
[0.5149140954017639, 0.5779051780700684, 0.410481721162796, 0.28178298473358154, 0.5211251378059387]
[0.48029738664627075, 0.5285415053367615, 0.4565611481666565, 0.3484092950820923, 0.5053583383560181]
[0.45582929253578186, 0.5630390048027039, 0.42019739747047424, 0.2746383845806122, 0.49805235862731934]
[0.530184805393219, 0.5519470572471619, 0.421414852142334, 0.2987111210823059, 0.5382055640220642]
[0.5757195353507996, 0.5440587401390076, 0.4258693754673004, 0.32103824615478516, 0.5830217003822327]
[0.4919758141040802, 0.5122753977775574, 0.5086008906364441, 0.37605413794517517, 0.48144134879112244]
[0.5642991662025452, 0.5644444823265076, 0.4100017547607422, 0.2537749111652374, 0.5570671558380127]
[0.4699399173259735, 0.5520607233047485, 0.4410403072834015, 0.28759148716926575, 0.5248578786849976]
[0.5254089832305908, 0.597026526927948, 0.4229918122291565, 0.2997939884662628, 0.5383574962615967]
[0.48139438033103943, 0.554243266582489, 0.48015859723091125, 0.3595752716064453, 0.5040598511695862]
[0.47713056206703186, 0.5379408597946167, 0.4695688486099243, 0.36891448497772217, 0.5143706202507019]
[0.4714616537094116, 0.566310465335846, 0.436099648475647, 0.29497963190078735, 0.48041120171546936]
[0.5176085829734802, 0.5626919865608215, 0.4475466310977936, 0.3320154845714569, 0.5142239928245544]
[0.505350649356842, 0.5720286965370178, 0.44658738374710083, 0.2978779673576355, 0.5382398962974548]
[0.48480936884880066, 0.5739037394523621, 0.4339177906513214, 0.29026472568511963, 0.5030509829521179]
[0.46415188908576965, 0.591508686542511, 0.43444764614105225, 0.2719537317752838, 0.5178123116493225]
[0.48459339141845703, 0.5578738451004028, 0.45040279626846313, 0.29256537556648254, 0.5231457948684692]
[0.5103412866592407, 0.567518413066864, 0.4579717814922333, 0.3179696202278137, 0.5000315308570862]
[0.528203547000885, 0.539216935634613, 0.450715571641922, 0.3197367787361145, 0.5315133333206177]
[0.49093180894851685, 0.5636254549026489, 0.4184906780719757, 0.29180672764778137, 0.5165076851844788]
[0.5411755442619324, 0.5811451077461243, 0.4126737713813782, 0.27760276198387146, 0.55363529920578]
[0.4519680440425873, 0.533859133720398, 0.5282555222511292, 0.42651888728141785, 0.480480432510376]
[0.362327516078949, 0.5443732738494873, 0.4543071985244751, 0.3070625066757202, 0.425473153591156]
[0.441194623708725, 0.5534860491752625, 0.46990975737571716, 0.3387150168418884, 0.47725430130958557]
[0.5340907573699951, 0.5868458151817322, 0.42335429787635803, 0.273418128490448, 0.5368739366531372]
[0.48847100138664246, 0.559449315071106, 0.4701119363307953, 0.33730563521385193, 0.5290263295173645]
[0.5319819450378418, 0.5794150829315186, 0.421967089176178, 0.2886480391025543, 0.5655592083930969]
[0.5642147660255432, 0.5716298818588257, 0.40954428911209106, 0.26763349771499634, 0.5552430152893066]
[0.48379552364349365, 0.5937032699584961, 0.41920071840286255, 0.2830924987792969, 0.4925927221775055]
[0.45832589268684387, 0.5404533743858337, 0.4614715278148651, 0.3273486793041229, 0.4764399826526642]
[0.5557376742362976, 0.5676913857460022, 0.4351302981376648, 0.30658090114593506, 0.5248732566833496]
[0.48844072222709656, 0.5514798164367676, 0.4596523642539978, 0.3402007818222046, 0.48802006244659424]
[0.4885554313659668, 0.5670866966247559, 0.427869975566864, 0.2708350718021393, 0.5548419952392578]
[0.5146183967590332, 0.5656968951225281, 0.40601545572280884, 0.28565165400505066, 0.5225560069084167]
[0.501031219959259, 0.5308123230934143, 0.43970903754234314, 0.32515424489974976, 0.5301905870437622]
[0.4863916337490082, 0.5559964179992676, 0.4538269340991974, 0.31707537174224854, 0.4770585000514984]
[0.5270523428916931, 0.5607585310935974, 0.42127829790115356, 0.27668872475624084, 0.534101128578186]
[0.49091631174087524, 0.5866967439651489, 0.4481782615184784, 0.2963792383670807, 0.5011689066886902]
[0.5343148112297058, 0.5597442984580994, 0.4035989046096802, 0.25988104939460754, 0.5440309047698975]
[0.4922528564929962, 0.5635388493537903, 0.42838239669799805, 0.2807512581348419, 0.48218005895614624]
[0.5191973447799683, 0.540032148361206, 0.4220995008945465, 0.29986220598220825, 0.53597491979599]
[0.42777806520462036, 0.577541708946228, 0.46223345398902893, 0.3436167240142822, 0.48407113552093506]
[0.5691996812820435, 0.5706431269645691, 0.41551893949508667, 0.2943868935108185, 0.5707417130470276]
[0.5124489068984985, 0.5610626935958862, 0.4234454333782196, 0.2343214899301529, 0.5532095432281494]
[0.5539681315422058, 0.5727969408035278, 0.39011475443840027, 0.2724439799785614, 0.5598073601722717]
[0.5793552994728088, 0.5784751176834106, 0.39606142044067383, 0.22264347970485687, 0.5940662622451782]
[0.4666755497455597, 0.5950424671173096, 0.45272740721702576, 0.2865021526813507, 0.4908199608325958]
[0.5294131636619568, 0.5672569870948792, 0.43963709473609924, 0.3236599266529083, 0.5355980396270752]
[0.48879390954971313, 0.5772593021392822, 0.4674135744571686, 0.3184344470500946, 0.5010077357292175]
[0.5084592700004578, 0.5516741275787354, 0.4594758450984955, 0.33800533413887024, 0.5012346506118774]
[0.5128176212310791, 0.5429779887199402, 0.44986289739608765, 0.32911354303359985, 0.5460130572319031]
[0.4183192551136017, 0.5661600828170776, 0.45951807498931885, 0.31634339690208435, 0.4495454430580139]
[0.5856581330299377, 0.5750672221183777, 0.45469391345977783, 0.3172517716884613, 0.5745243430137634]
[0.48628291487693787, 0.5292272567749023, 0.482343852519989, 0.3830629289150238, 0.5436868071556091]
[0.48442554473876953, 0.5581982135772705, 0.4599885046482086, 0.3492076098918915, 0.5111173987388611]
[0.5051854848861694, 0.5765193104743958, 0.42577245831489563, 0.27869927883148193, 0.5406911373138428]
[0.49603456258773804, 0.5632417798042297, 0.43403294682502747, 0.30869945883750916, 0.528383731842041]
[0.5595993399620056, 0.5375957489013672, 0.43550390005111694, 0.28276652097702026, 0.5396643280982971]
[0.40476325154304504, 0.5681641101837158, 0.43210339546203613, 0.27435535192489624, 0.4506460726261139]
[0.5835954546928406, 0.5556855797767639, 0.41587334871292114, 0.28655388951301575, 0.5618389844894409]
[0.4202689528465271, 0.5757107138633728, 0.4309403896331787, 0.27894097566604614, 0.466061532497406]
[0.41638627648353577, 0.5700942277908325, 0.4638665020465851, 0.3051297068595886, 0.44794878363609314]
[0.49159207940101624, 0.5398647785186768, 0.4398428797721863, 0.3075757920742035, 0.48668625950813293]
[0.5131454467773438, 0.5558900237083435, 0.4363422989845276, 0.3198665976524353, 0.5259582996368408]
[0.5015479326248169, 0.588982105255127, 0.43555381894111633, 0.2727389335632324, 0.5378761291503906]
[0.49784165620803833, 0.5827791094779968, 0.4195430874824524, 0.30345726013183594, 0.4836968779563904]
[0.5092118382453918, 0.5708744525909424, 0.45111292600631714, 0.3015005588531494, 0.5445822477340698]
[0.5300441980361938, 0.5832614302635193, 0.42473164200782776, 0.29118263721466064, 0.5267278552055359]
[0.5022101402282715, 0.5436222553253174, 0.46372997760772705, 0.33450451493263245, 0.5286910533905029]
[0.5160267949104309, 0.5988382697105408, 0.42275017499923706, 0.2682175636291504, 0.5434931516647339]
[0.5051854848861694, 0.5765193104743958, 0.42577245831489563, 0.27869927883148193, 0.5406911373138428]
[0.39119577407836914, 0.5174513459205627, 0.48334750533103943, 0.399932861328125, 0.43777579069137573]
[0.5296223163604736, 0.5942727327346802, 0.4161011874675751, 0.2614162266254425, 0.5366498231887817]
[0.558372974395752, 0.5758541822433472, 0.41908323764801025, 0.27616962790489197, 0.5597088932991028]
[0.42771393060684204, 0.5702936053276062, 0.4719400107860565, 0.3076678514480591, 0.48260414600372314]
[0.5000911951065063, 0.5650043487548828, 0.4346909523010254, 0.3016923666000366, 0.49987128376960754]
[0.4971551299095154, 0.575550377368927, 0.4326683282852173, 0.27165138721466064, 0.5308749079704285]
[0.556803822517395, 0.5506543517112732, 0.4214208424091339, 0.27112117409706116, 0.5708756446838379]
[0.4680747985839844, 0.558209240436554, 0.46107956767082214, 0.32908377051353455, 0.5059146881103516]
