1
#关闭狗肉馆# 卖狗肉违法。已得到官方确认！国家食品药品监督局11月1日开始集中受理狗肉馆举报，举报电话：12331 。但广西和吉林不会处理。大家转起来，把好消息传出去！同时强烈呼吁，政府必须强制取缔玉林狗肉节！保护我们的伴侣宠物，还我们合谐进步有爱的社会!
[0.6035609841346741, 0.49659666419029236, 0.5019103288650513, 0.42983120679855347, 0.5896519422531128]
[0.5328963398933411, 0.5632452964782715, 0.4189755618572235, 0.2907737195491791, 0.5351717472076416]
[0.3341543972492218, 0.5113403797149658, 0.5229064226150513, 0.48985761404037476, 0.47750645875930786]
[0.5017802119255066, 0.5396352410316467, 0.5036488771438599, 0.35901954770088196, 0.5171329975128174]
[0.44627609848976135, 0.5510850548744202, 0.4371913969516754, 0.31485387682914734, 0.4555046260356903]
[0.3759685158729553, 0.5742413997650146, 0.4527648389339447, 0.28757935762405396, 0.4103757441043854]
[0.4992050528526306, 0.5811328291893005, 0.398884654045105, 0.26160264015197754, 0.5404585599899292]
[0.4434356987476349, 0.5654732584953308, 0.43700727820396423, 0.3132559359073639, 0.46182647347450256]
[0.3540826737880707, 0.5685459971427917, 0.4525192379951477, 0.28085941076278687, 0.4609678387641907]
[0.5258405208587646, 0.5496013760566711, 0.42227262258529663, 0.27725014090538025, 0.5372810959815979]
[0.5214179158210754, 0.5586835741996765, 0.42171916365623474, 0.30423179268836975, 0.5331990122795105]
[0.385852575302124, 0.5593848824501038, 0.45914506912231445, 0.2989233136177063, 0.4251597821712494]
[0.5797269344329834, 0.5845685601234436, 0.40598616003990173, 0.26808902621269226, 0.5433527827262878]
[0.4792060852050781, 0.57443767786026, 0.4185172915458679, 0.28737959265708923, 0.4951918423175812]
[0.48525258898735046, 0.5737711787223816, 0.42294156551361084, 0.2840479612350464, 0.48911044001579285]
[0.42638981342315674, 0.5845574736595154, 0.43076997995376587, 0.285095751285553, 0.4843742251396179]
[0.5387697815895081, 0.5842434763908386, 0.42044585943222046, 0.2807524800300598, 0.5661962628364563]
[0.5200603604316711, 0.5816592574119568, 0.4278807044029236, 0.2657579183578491, 0.552670955657959]
[0.49705013632774353, 0.5257200002670288, 0.5365142226219177, 0.4832853376865387, 0.5622714757919312]
[0.42998212575912476, 0.5871717929840088, 0.4474950134754181, 0.30571094155311584, 0.4727996587753296]
[0.4597474932670593, 0.5602545738220215, 0.4497452974319458, 0.3380219638347626, 0.49374738335609436]
[0.5461754202842712, 0.5770578384399414, 0.40322813391685486, 0.2690182328224182, 0.5622771978378296]
[0.5430455207824707, 0.5808293223381042, 0.43503519892692566, 0.26767709851264954, 0.5119134187698364]
[0.4755198657512665, 0.5447507500648499, 0.4736105501651764, 0.3371135890483856, 0.46666476130485535]
[0.5359468460083008, 0.5862980484962463, 0.41153064370155334, 0.27333733439445496, 0.5482767224311829]
[0.37595367431640625, 0.5604600310325623, 0.4615063965320587, 0.2967474162578583, 0.4634529650211334]
[0.4996480941772461, 0.5713012218475342, 0.43445277214050293, 0.27653881907463074, 0.5380349159240723]
[0.4992050528526306, 0.5811328291893005, 0.398884654045105, 0.26160264015197754, 0.5404585599899292]
[0.44399288296699524, 0.5816325545310974, 0.4424910545349121, 0.308303564786911, 0.49348074197769165]
[0.4465561509132385, 0.5319229364395142, 0.484502911567688, 0.3722115755081177, 0.46614211797714233]
[0.5519005060195923, 0.5737147331237793, 0.4229322075843811, 0.27284109592437744, 0.5325729250907898]
[0.350652277469635, 0.5570408701896667, 0.4440005123615265, 0.2767350673675537, 0.4371948540210724]
[0.5789504051208496, 0.5728768110275269, 0.40515175461769104, 0.27419281005859375, 0.5429602861404419]
[0.5535418391227722, 0.5951646566390991, 0.4027711749076843, 0.2501104176044464, 0.5523548126220703]
[0.49091631174087524, 0.5866967439651489, 0.4481782615184784, 0.2963792383670807, 0.5011689066886902]
[0.5031697154045105, 0.5660855174064636, 0.4329299032688141, 0.30061304569244385, 0.5463355779647827]
[0.4992050528526306, 0.5811328291893005, 0.398884654045105, 0.26160264015197754, 0.5404585599899292]
[0.49796512722969055, 0.5802550315856934, 0.43129968643188477, 0.2893325388431549, 0.5036863088607788]
[0.4492926299571991, 0.5932587385177612, 0.44531723856925964, 0.2746775448322296, 0.5033401250839233]
[0.4492926299571991, 0.5932587385177612, 0.44531723856925964, 0.2746775448322296, 0.5033401250839233]
[0.39309507608413696, 0.5714635252952576, 0.4587273597717285, 0.2903090715408325, 0.47118815779685974]
[0.4557344317436218, 0.5597493052482605, 0.4795074164867401, 0.3435743451118469, 0.5170900821685791]
[0.4766366183757782, 0.5375733375549316, 0.49404293298721313, 0.3370872735977173, 0.5190101265907288]
