1
【瞒天大谎】香港年人均收入约20万元人民币，深圳年人均收入约7万。但是两地电价对比，香港比大陆低，但是中电2011年仍然盈利131.88亿港元；而且，香港的电都是大陆送过去的！请问内地电厂和电网的官老爷，你们年年都喊亏，钱亏哪儿去了？对说谎和鱼肉百姓者是否应该建一份＂最缺德＂档案？
[0.5201805830001831, 0.5181304812431335, 0.5098273158073425, 0.3835304081439972, 0.5247881412506104]
[0.39213255047798157, 0.5620205998420715, 0.4641587734222412, 0.29670584201812744, 0.44038063287734985]
[0.3794446587562561, 0.5428053140640259, 0.44724950194358826, 0.28866416215896606, 0.42656955122947693]
[0.5192385911941528, 0.5866060853004456, 0.44385382533073425, 0.2809450626373291, 0.5588963627815247]
[0.5390160083770752, 0.5759583115577698, 0.4328027367591858, 0.2825160026550293, 0.5503568053245544]
[0.42328962683677673, 0.565729022026062, 0.4448132812976837, 0.2964986264705658, 0.448440283536911]
[0.5940802097320557, 0.586915135383606, 0.39466702938079834, 0.25748518109321594, 0.5812655091285706]
[0.5114553570747375, 0.5728527307510376, 0.4327509105205536, 0.2763819396495819, 0.5362355709075928]
[0.5126592516899109, 0.5741183757781982, 0.4155817925930023, 0.2850368022918701, 0.5490368604660034]
[0.5136820673942566, 0.5810931921005249, 0.4110923707485199, 0.2926390767097473, 0.5248918533325195]
[0.4694840610027313, 0.5762359499931335, 0.4200320839881897, 0.30428826808929443, 0.5008736252784729]
[0.5194332003593445, 0.5832409262657166, 0.42675358057022095, 0.25706374645233154, 0.5279058218002319]
[0.4884255826473236, 0.5295238494873047, 0.48143041133880615, 0.398025780916214, 0.5357240438461304]
[0.5118803977966309, 0.5697853565216064, 0.431995153427124, 0.2958453893661499, 0.5165594220161438]
[0.3637271225452423, 0.547291100025177, 0.448519766330719, 0.3139537572860718, 0.44517529010772705]
[0.5038841962814331, 0.54913729429245, 0.4449239671230316, 0.28036144375801086, 0.542316198348999]
[0.4916320741176605, 0.5946282744407654, 0.4161541163921356, 0.26690444350242615, 0.5165497660636902]
[0.5220238566398621, 0.5637844204902649, 0.44897621870040894, 0.2956034541130066, 0.532608687877655]
[0.49819183349609375, 0.5695810914039612, 0.4092336595058441, 0.28381651639938354, 0.5330636501312256]
[0.5364362001419067, 0.5165601372718811, 0.485344797372818, 0.41704797744750977, 0.529434859752655]
[0.47241663932800293, 0.5645817518234253, 0.4711390435695648, 0.32107651233673096, 0.5110734105110168]
[0.5017860531806946, 0.5645352602005005, 0.4087388515472412, 0.2686487138271332, 0.5557846426963806]
[0.5642969608306885, 0.5885425209999084, 0.38802820444107056, 0.24043269455432892, 0.5633465647697449]
[0.49555298686027527, 0.570673942565918, 0.4313119649887085, 0.2879068851470947, 0.5146951675415039]
[0.5336881279945374, 0.5823857188224792, 0.41128209233283997, 0.2821764051914215, 0.5431299805641174]
[0.4189586639404297, 0.5354630351066589, 0.44542115926742554, 0.28925272822380066, 0.44327056407928467]
[0.5460448861122131, 0.5748358964920044, 0.40193694829940796, 0.26581892371177673, 0.5493190288543701]
[0.4167059063911438, 0.5735560655593872, 0.4496725797653198, 0.2816472351551056, 0.48168644309043884]
[0.5365011692047119, 0.5989633202552795, 0.4141809940338135, 0.2583974599838257, 0.5500933527946472]
[0.45610710978507996, 0.5485133528709412, 0.48119714856147766, 0.3244844973087311, 0.4779072701931]
[0.5407167077064514, 0.6046335101127625, 0.4269522726535797, 0.2638828754425049, 0.5547890663146973]
[0.4487622082233429, 0.5716210603713989, 0.4600348174571991, 0.3031274080276489, 0.45275557041168213]
[0.43496742844581604, 0.536304235458374, 0.48710644245147705, 0.35775214433670044, 0.5019198656082153]
[0.5374910235404968, 0.5628991723060608, 0.4203854203224182, 0.2799006402492523, 0.5622711777687073]
[0.5231390595436096, 0.5190554261207581, 0.4706733524799347, 0.35361477732658386, 0.5331237316131592]
[0.5036295652389526, 0.5824469923973083, 0.39928045868873596, 0.2296634465456009, 0.546973466873169]
[0.4087015688419342, 0.5467855334281921, 0.44923853874206543, 0.2986508011817932, 0.46500110626220703]
[0.585700511932373, 0.5859390497207642, 0.39372918009757996, 0.23712240159511566, 0.5809442400932312]
[0.5002905130386353, 0.5347769260406494, 0.4940033555030823, 0.3116137981414795, 0.505890965461731]
[0.5491952300071716, 0.5918990969657898, 0.42066478729248047, 0.26386961340904236, 0.5615143775939941]
[0.5187407732009888, 0.5422062277793884, 0.42084065079689026, 0.2894305884838104, 0.5557328462600708]
[0.5883864164352417, 0.5862862467765808, 0.3931199014186859, 0.23997056484222412, 0.5871610045433044]
[0.5872726440429688, 0.5235544443130493, 0.468536376953125, 0.33918455243110657, 0.5613454580307007]
[0.56928950548172, 0.5695306658744812, 0.3992297053337097, 0.2698109447956085, 0.5763968825340271]
[0.522548258304596, 0.5685722231864929, 0.4107835590839386, 0.2780471444129944, 0.5419099926948547]
[0.4931488633155823, 0.5270604491233826, 0.4832311272621155, 0.3272513747215271, 0.5215097665786743]
[0.3072885572910309, 0.5462142825126648, 0.45011675357818604, 0.3187411427497864, 0.437751442193985]
[0.5673012733459473, 0.5768155455589294, 0.39814433455467224, 0.2610681653022766, 0.5903244018554688]
[0.39851588010787964, 0.5591468214988708, 0.47793787717819214, 0.3490940034389496, 0.4853827655315399]
[0.46901264786720276, 0.5255936980247498, 0.4824700355529785, 0.34138989448547363, 0.5141605138778687]
[0.4801505208015442, 0.5723605751991272, 0.43545976281166077, 0.28861409425735474, 0.4892280697822571]
[0.5279661417007446, 0.5452792644500732, 0.44594770669937134, 0.29473116993904114, 0.5632665157318115]
[0.5076683163642883, 0.5813682079315186, 0.4229680299758911, 0.2698361873626709, 0.5229488015174866]
[0.5352311134338379, 0.5659265518188477, 0.42737656831741333, 0.27040356397628784, 0.5214061737060547]
[0.42441490292549133, 0.5676126480102539, 0.4618966281414032, 0.3119684159755707, 0.45158058404922485]
[0.4189586639404297, 0.5354630351066589, 0.44542115926742554, 0.28925272822380066, 0.44327056407928467]
[0.33864280581474304, 0.54925537109375, 0.497539758682251, 0.32271963357925415, 0.42574211955070496]
[0.5407167077064514, 0.6046335101127625, 0.4269522726535797, 0.2638828754425049, 0.5547890663146973]
[0.47521257400512695, 0.5758876800537109, 0.474992573261261, 0.3159347474575043, 0.5057382583618164]
[0.4066403806209564, 0.5420366525650024, 0.4889357388019562, 0.35501307249069214, 0.4448680579662323]
[0.4628283679485321, 0.5782535672187805, 0.435745507478714, 0.2721640169620514, 0.5063464641571045]
[0.5475614666938782, 0.568670928478241, 0.40415826439857483, 0.2659735083580017, 0.5378074645996094]
[0.4758916199207306, 0.5857481360435486, 0.4337688088417053, 0.28497594594955444, 0.5170193314552307]
[0.3663756847381592, 0.520106315612793, 0.45003628730773926, 0.3100402355194092, 0.4594460427761078]
[0.5077047348022461, 0.5951013565063477, 0.44096919894218445, 0.27590450644493103, 0.5491747260093689]
[0.5434061884880066, 0.5814340114593506, 0.4008650481700897, 0.26268714666366577, 0.5376520752906799]
[0.3709467351436615, 0.540267288684845, 0.4517090916633606, 0.2948165833950043, 0.42913296818733215]
[0.5894338488578796, 0.5861788988113403, 0.3948378562927246, 0.25692614912986755, 0.5739879608154297]
[0.5101443529129028, 0.5986359119415283, 0.42365846037864685, 0.270312637090683, 0.5405749678611755]
[0.5363552570343018, 0.5347525477409363, 0.4387272894382477, 0.2875192165374756, 0.549170732498169]
[0.5101443529129028, 0.5986359119415283, 0.42365846037864685, 0.270312637090683, 0.5405749678611755]
[0.4217309057712555, 0.5627634525299072, 0.4437839388847351, 0.31178027391433716, 0.4557555317878723]
[0.5101443529129028, 0.5986359119415283, 0.42365846037864685, 0.270312637090683, 0.5405749678611755]
[0.5571766495704651, 0.5844982862472534, 0.4151765704154968, 0.2763710618019104, 0.5751585960388184]
[0.5272536873817444, 0.5871959328651428, 0.40474992990493774, 0.26819518208503723, 0.5187954902648926]
[0.43738415837287903, 0.5719547271728516, 0.43069174885749817, 0.28993654251098633, 0.5091231465339661]
[0.5969535708427429, 0.5757820010185242, 0.37844812870025635, 0.2384975105524063, 0.5843019485473633]
[0.5207348465919495, 0.5752335786819458, 0.41328921914100647, 0.2783195972442627, 0.5352846384048462]
[0.5601446628570557, 0.5705618262290955, 0.39731037616729736, 0.2632414996623993, 0.5662785172462463]
[0.5569939017295837, 0.6145594120025635, 0.42347636818885803, 0.26179930567741394, 0.5598158240318298]
[0.5281821489334106, 0.5409067273139954, 0.43909087777137756, 0.3132893741130829, 0.5072985887527466]
[0.5281821489334106, 0.5409067273139954, 0.43909087777137756, 0.3132893741130829, 0.5072985887527466]
[0.5141792893409729, 0.5629034638404846, 0.4518585801124573, 0.32215607166290283, 0.5095568299293518]
[0.45463889837265015, 0.5487496256828308, 0.4437047839164734, 0.2961544394493103, 0.5279778838157654]
[0.5216878056526184, 0.5783224105834961, 0.4312535524368286, 0.285403311252594, 0.5154495239257812]
[0.3351791501045227, 0.5568481683731079, 0.4399387240409851, 0.2865620255470276, 0.43049710988998413]
[0.5132670402526855, 0.5934965014457703, 0.4420536458492279, 0.27757078409194946, 0.5219869613647461]
[0.5479588508605957, 0.5388762950897217, 0.4156220555305481, 0.29615142941474915, 0.5429086685180664]
[0.5640164613723755, 0.5685545802116394, 0.40147313475608826, 0.25238505005836487, 0.5820122957229614]
[0.5461958646774292, 0.5736389756202698, 0.41404736042022705, 0.2605051100254059, 0.5702808499336243]
[0.511255145072937, 0.5555015802383423, 0.44553065299987793, 0.29960352182388306, 0.5322266817092896]
[0.43738415837287903, 0.5719547271728516, 0.43069174885749817, 0.28993654251098633, 0.5091231465339661]
[0.4589288830757141, 0.5806050300598145, 0.4350132644176483, 0.27745309472084045, 0.49662506580352783]
[0.4665195941925049, 0.5557664632797241, 0.4748028516769409, 0.29844173789024353, 0.5157641768455505]
[0.4652111828327179, 0.5659987330436707, 0.44610849022865295, 0.34073683619499207, 0.46614202857017517]
[0.4509504735469818, 0.5753881335258484, 0.44428956508636475, 0.29792603850364685, 0.4991002082824707]
[0.482562780380249, 0.5582142472267151, 0.44515058398246765, 0.3056609034538269, 0.4776083528995514]
[0.5389562845230103, 0.5478136539459229, 0.43718791007995605, 0.28192251920700073, 0.5693508982658386]
[0.5554840564727783, 0.5510421991348267, 0.4303857386112213, 0.26643136143684387, 0.5762137174606323]
[0.5647109150886536, 0.5396366119384766, 0.4361465871334076, 0.3215492367744446, 0.5350664258003235]
[0.49415504932403564, 0.5928118824958801, 0.4348800480365753, 0.2839566171169281, 0.5250853300094604]
