1
【斯诺登曝：外星人早已控制美国政府】去年6月在香港爆料美国监听事件棱镜门的斯诺登最近通过伊朗媒体曝出惊天秘密，称其实现在的美国政府，是已被外星人控制的傀儡政府；从1945年第二次世界大战结束之后，不管是对外还是对内，都有外星人在背后下"指导"政策。 （电脑报）PS:你信吗
[0.4988116919994354, 0.546040415763855, 0.46042507886886597, 0.30525657534599304, 0.5095530152320862]
[0.48379552364349365, 0.5937032699584961, 0.41920071840286255, 0.2830924987792969, 0.4925927221775055]
[0.49555298686027527, 0.570673942565918, 0.4313119649887085, 0.2879068851470947, 0.5146951675415039]
[0.49555298686027527, 0.570673942565918, 0.4313119649887085, 0.2879068851470947, 0.5146951675415039]
[0.384948194026947, 0.5611879229545593, 0.44090163707733154, 0.31067854166030884, 0.43856412172317505]
[0.4316084384918213, 0.5329676866531372, 0.4998491406440735, 0.3960004150867462, 0.5217713713645935]
[0.4747779071331024, 0.5487789511680603, 0.45860522985458374, 0.3581450581550598, 0.45545634627342224]
[0.4130276143550873, 0.562300443649292, 0.45571011304855347, 0.3122333288192749, 0.4486551582813263]
[0.506532609462738, 0.5959643125534058, 0.4126585125923157, 0.2743836045265198, 0.5137982964515686]
[0.5188201665878296, 0.5792528986930847, 0.4390159547328949, 0.3008232116699219, 0.5503050684928894]
[0.5403769612312317, 0.5915848612785339, 0.4119209051132202, 0.2746676504611969, 0.5433358550071716]
[0.4615877568721771, 0.5689282417297363, 0.46883144974708557, 0.3042217195034027, 0.4690204858779907]
[0.48795613646507263, 0.5755717158317566, 0.44689133763313293, 0.3061909079551697, 0.5288630723953247]
[0.5936456918716431, 0.5412877798080444, 0.4214562177658081, 0.2638978958129883, 0.5880548357963562]
[0.49882587790489197, 0.5701472163200378, 0.4369707703590393, 0.28028908371925354, 0.5217143893241882]
[0.48379552364349365, 0.5937032699584961, 0.41920071840286255, 0.2830924987792969, 0.4925927221775055]
[0.5590989589691162, 0.5890557765960693, 0.4084129333496094, 0.26591047644615173, 0.5604437589645386]
[0.5206143856048584, 0.5397005081176758, 0.4646744430065155, 0.3526208698749542, 0.5099267363548279]
[0.479015588760376, 0.5562952756881714, 0.4616028964519501, 0.3410230278968811, 0.48484858870506287]
[0.5735839009284973, 0.581172525882721, 0.4012334942817688, 0.23758843541145325, 0.5760876536369324]
[0.48286983370780945, 0.5766064524650574, 0.4492790102958679, 0.2856423556804657, 0.5189046859741211]
[0.4487622082233429, 0.5716210603713989, 0.4600348174571991, 0.3031274080276489, 0.45275557041168213]
[0.5404260754585266, 0.5907452702522278, 0.4281459152698517, 0.27333009243011475, 0.5645647644996643]
[0.4874562919139862, 0.5858801007270813, 0.4449671506881714, 0.2716515362262726, 0.5182333588600159]
[0.4668533205986023, 0.5463915467262268, 0.48080188035964966, 0.3227720558643341, 0.501984715461731]
[0.4973711371421814, 0.575353741645813, 0.416314959526062, 0.2915387451648712, 0.5325443744659424]
[0.49997496604919434, 0.5875206589698792, 0.4211397171020508, 0.280337393283844, 0.524574339389801]
[0.46845337748527527, 0.5546523928642273, 0.4444804787635803, 0.329643189907074, 0.4946530759334564]
[0.4979979395866394, 0.5712178945541382, 0.4603275656700134, 0.3303106427192688, 0.48705384135246277]
[0.430270254611969, 0.5735285878181458, 0.44273823499679565, 0.2706637680530548, 0.4904976189136505]
[0.4487622082233429, 0.5716210603713989, 0.4600348174571991, 0.3031274080276489, 0.45275557041168213]
[0.40029555559158325, 0.5611095428466797, 0.4607175588607788, 0.3276160657405853, 0.4391282796859741]
[0.4966932237148285, 0.5728119611740112, 0.4447793960571289, 0.30270668864250183, 0.47292253375053406]
[0.4679684638977051, 0.5691298842430115, 0.43262699246406555, 0.2651538550853729, 0.5299397706985474]
[0.49851667881011963, 0.5678989887237549, 0.4416797459125519, 0.3266412913799286, 0.49147698283195496]
[0.384948194026947, 0.5611879229545593, 0.44090163707733154, 0.31067854166030884, 0.43856412172317505]
[0.526329517364502, 0.5735239386558533, 0.41518229246139526, 0.2711097002029419, 0.4991775453090668]
[0.4852476418018341, 0.5565531253814697, 0.4313405752182007, 0.3076867163181305, 0.5195019841194153]
[0.37220802903175354, 0.5389117002487183, 0.4385809600353241, 0.31124231219291687, 0.45207685232162476]
[0.5043421983718872, 0.560515284538269, 0.45682260394096375, 0.33310118317604065, 0.4860232174396515]
[0.5333142280578613, 0.5559400916099548, 0.4574533700942993, 0.3337956964969635, 0.5377448201179504]
[0.40243417024612427, 0.5768499374389648, 0.47425299882888794, 0.32528209686279297, 0.4450928866863251]
[0.486051082611084, 0.553910493850708, 0.4469638764858246, 0.31308165192604065, 0.5038500428199768]
[0.5296692252159119, 0.5821873545646667, 0.4029255509376526, 0.26968154311180115, 0.529634416103363]
[0.5715683698654175, 0.5699817538261414, 0.3837224245071411, 0.26543641090393066, 0.5496984124183655]
[0.49997496604919434, 0.5875206589698792, 0.4211397171020508, 0.280337393283844, 0.524574339389801]
[0.494811475276947, 0.5505783557891846, 0.443827748298645, 0.313805490732193, 0.5202236771583557]
[0.45369577407836914, 0.5782471895217896, 0.44233840703964233, 0.2747340202331543, 0.5148193836212158]
[0.5383918881416321, 0.5729519128799438, 0.40929585695266724, 0.2702619433403015, 0.5563343167304993]
[0.4470462203025818, 0.5494387149810791, 0.4569479823112488, 0.31773608922958374, 0.4556673467159271]
[0.40029555559158325, 0.5611095428466797, 0.4607175588607788, 0.3276160657405853, 0.4391282796859741]
[0.4016666114330292, 0.5281611084938049, 0.49318528175354004, 0.3374415934085846, 0.41161635518074036]
[0.452851265668869, 0.5684840679168701, 0.4462340772151947, 0.308536559343338, 0.4629378616809845]
[0.535747230052948, 0.5391306281089783, 0.45134082436561584, 0.3229168951511383, 0.5501649975776672]
[0.5081495642662048, 0.5812256932258606, 0.4356711804866791, 0.2964399755001068, 0.5342057347297668]
[0.49691224098205566, 0.5633941888809204, 0.4879034459590912, 0.39962971210479736, 0.5169535279273987]
[0.46810340881347656, 0.5480205416679382, 0.4771518409252167, 0.35187456011772156, 0.49214884638786316]
[0.4694518446922302, 0.5703734159469604, 0.4240267276763916, 0.29674991965293884, 0.47446855902671814]
[0.35324031114578247, 0.5417371392250061, 0.5268087387084961, 0.524624228477478, 0.5342986583709717]
[0.4755135178565979, 0.551055371761322, 0.4655015468597412, 0.3503805100917816, 0.49482280015945435]
[0.49699774384498596, 0.5514144897460938, 0.4533602297306061, 0.336286723613739, 0.477006733417511]
[0.49810996651649475, 0.5444385409355164, 0.45557162165641785, 0.32829079031944275, 0.5266909599304199]
[0.4649820029735565, 0.5680961012840271, 0.46980202198028564, 0.3247153162956238, 0.488937109708786]
[0.5456452369689941, 0.5856004357337952, 0.41839736700057983, 0.2571870982646942, 0.5619590282440186]
[0.4436776638031006, 0.5699735879898071, 0.4369967579841614, 0.2904462218284607, 0.44389984011650085]
[0.5320928692817688, 0.5645546317100525, 0.4373264014720917, 0.2716970145702362, 0.5547705292701721]
[0.452851265668869, 0.5684840679168701, 0.4462340772151947, 0.308536559343338, 0.4629378616809845]
[0.5189435482025146, 0.5459992289543152, 0.4377453029155731, 0.27697256207466125, 0.4862407445907593]
[0.5070725679397583, 0.5795678496360779, 0.4309682846069336, 0.25872695446014404, 0.538472592830658]
[0.5150138139724731, 0.5695328712463379, 0.4265712797641754, 0.2917410433292389, 0.5297538042068481]
[0.5561965703964233, 0.5961568355560303, 0.4053920805454254, 0.25964629650115967, 0.548659086227417]
[0.4988688826560974, 0.5634774565696716, 0.4406798183917999, 0.32073113322257996, 0.49059584736824036]
[0.5107024908065796, 0.5731613636016846, 0.42576485872268677, 0.278609961271286, 0.537246584892273]
[0.570184051990509, 0.5402737259864807, 0.4210470914840698, 0.256805419921875, 0.5883593559265137]
[0.5244597792625427, 0.5673940777778625, 0.42901942133903503, 0.28732484579086304, 0.508772611618042]
[0.4329824149608612, 0.5564990043640137, 0.4823070168495178, 0.36017951369285583, 0.49923163652420044]
[0.4628070294857025, 0.5686742067337036, 0.4637223780155182, 0.31292086839675903, 0.4955905079841614]
[0.4437237083911896, 0.5808864831924438, 0.43781134486198425, 0.27734535932540894, 0.47363385558128357]
[0.40123000741004944, 0.5675442218780518, 0.450781911611557, 0.3369128406047821, 0.44526830315589905]
[0.4847239851951599, 0.5691843628883362, 0.4573015570640564, 0.3215513527393341, 0.5104683041572571]
[0.4956915080547333, 0.5701258778572083, 0.4259971082210541, 0.3325484097003937, 0.49569571018218994]
[0.5831994414329529, 0.5773580074310303, 0.4084652364253998, 0.2714051306247711, 0.5283951759338379]
[0.5185933113098145, 0.5886591672897339, 0.41420748829841614, 0.28358691930770874, 0.5321028828620911]
[0.4760547876358032, 0.561172366142273, 0.4509691894054413, 0.32225096225738525, 0.47913143038749695]
[0.48396730422973633, 0.5366567373275757, 0.45456117391586304, 0.36297154426574707, 0.5116043090820312]
[0.5354865789413452, 0.5888907313346863, 0.41922876238822937, 0.2605830132961273, 0.5253303050994873]
[0.5058345794677734, 0.555811882019043, 0.44014135003089905, 0.3173901438713074, 0.5277047157287598]
[0.5153815746307373, 0.554067850112915, 0.42929038405418396, 0.3110305666923523, 0.5156759023666382]
[0.45305144786834717, 0.5481353402137756, 0.4586523175239563, 0.29725396633148193, 0.4940267503261566]
[0.5636066794395447, 0.5772700905799866, 0.4065190255641937, 0.2684510052204132, 0.5323159098625183]
[0.5260100960731506, 0.5865605473518372, 0.4327297508716583, 0.29220330715179443, 0.5512877106666565]
[0.4281734526157379, 0.5695716738700867, 0.44149965047836304, 0.2845577299594879, 0.45850878953933716]
[0.5170027017593384, 0.583669900894165, 0.4100731909275055, 0.2900727093219757, 0.5240686535835266]
[0.5030176043510437, 0.5833792090415955, 0.43623417615890503, 0.2860212028026581, 0.5471764802932739]
[0.5849188566207886, 0.5401084423065186, 0.41951683163642883, 0.2998417913913727, 0.5947429537773132]
[0.51595139503479, 0.5740638375282288, 0.435345321893692, 0.27589553594589233, 0.5403013229370117]
[0.47724610567092896, 0.5586172938346863, 0.4534873068332672, 0.30793794989585876, 0.5116345286369324]
[0.430221289396286, 0.5196757912635803, 0.47689685225486755, 0.37718313932418823, 0.478012353181839]
[0.5243404507637024, 0.5760449767112732, 0.4186996817588806, 0.29310253262519836, 0.5424329042434692]
[0.46787282824516296, 0.5381112098693848, 0.5114964842796326, 0.3746528625488281, 0.5204198956489563]
[0.43264421820640564, 0.5867017507553101, 0.4486013352870941, 0.2917802631855011, 0.4962927997112274]
