1
【保护小动物们的好消息来了！】上海已开通全国首个卖猫狗肉的举报电话！只要拨打食品药品安全投诉热线12331就可举报，而且政府奖励¥500！！！已经有网友举报成功并拿到了奖金！这可谓是新年最好的消息之一了，爱猫狗的亲们赶紧转起来吧！！！
[0.4859045147895813, 0.5514312982559204, 0.46416395902633667, 0.32571640610694885, 0.4981077015399933]
[0.5127600431442261, 0.5268576741218567, 0.45422130823135376, 0.3364708125591278, 0.5488433241844177]
[0.36918047070503235, 0.5612840056419373, 0.4386396110057831, 0.28859251737594604, 0.43997442722320557]
[0.49091631174087524, 0.5866967439651489, 0.4481782615184784, 0.2963792383670807, 0.5011689066886902]
[0.4089055061340332, 0.5784577131271362, 0.45308005809783936, 0.2784103751182556, 0.48602575063705444]
[0.49066361784935, 0.5768001675605774, 0.43589431047439575, 0.31173229217529297, 0.5130518078804016]
[0.483206182718277, 0.5485418438911438, 0.4604174494743347, 0.3404728174209595, 0.49568453431129456]
[0.6014809608459473, 0.5561734437942505, 0.3945198953151703, 0.26813602447509766, 0.5915257930755615]
[0.5290683507919312, 0.5782549381256104, 0.4485641121864319, 0.27162644267082214, 0.5571720600128174]
[0.4609294533729553, 0.547933042049408, 0.4781033396720886, 0.3479587733745575, 0.49329257011413574]
