1
注意了！！！肯德基情人节点餐就送套套，为了避免尴尬和儿童，他们不会主动说和宣传的，你需要的话就对店员说送我几个肯德基安全套，他们就会免费给！！！！不要错过！
[0.5636903047561646, 0.532005786895752, 0.44830164313316345, 0.33192989230155945, 0.5907194018363953]
[0.47542625665664673, 0.5925166606903076, 0.44173479080200195, 0.2685149013996124, 0.4759676456451416]
[0.4680648744106293, 0.5429568290710449, 0.44486111402511597, 0.2673202157020569, 0.5051255226135254]
[0.4375351369380951, 0.5263824462890625, 0.45628103613853455, 0.28995952010154724, 0.4579482972621918]
[0.45952004194259644, 0.570804238319397, 0.45428308844566345, 0.3265335261821747, 0.5023943781852722]
[0.4510480463504791, 0.5817258954048157, 0.4289056062698364, 0.2947123944759369, 0.4952028691768646]
[0.6309479475021362, 0.5599254965782166, 0.38114166259765625, 0.24809253215789795, 0.6088895201683044]
[0.48544543981552124, 0.5843333601951599, 0.4328536093235016, 0.2927728593349457, 0.50173020362854]
[0.5244597792625427, 0.5673940777778625, 0.42901942133903503, 0.28732484579086304, 0.508772611618042]
[0.54226154088974, 0.5681267380714417, 0.4217711091041565, 0.287853479385376, 0.5102439522743225]
[0.5444002747535706, 0.5663224458694458, 0.41967037320137024, 0.2881081700325012, 0.5384171009063721]
[0.5392138957977295, 0.5823938250541687, 0.4261903762817383, 0.27492547035217285, 0.5122859477996826]
[0.36768266558647156, 0.5553683042526245, 0.44645723700523376, 0.2846674919128418, 0.45567676424980164]
[0.47826308012008667, 0.584011435508728, 0.4365030825138092, 0.2884977161884308, 0.5253674387931824]
[0.36768266558647156, 0.5553683042526245, 0.44645723700523376, 0.2846674919128418, 0.45567676424980164]
[0.5032244324684143, 0.5768016576766968, 0.43512770533561707, 0.28736406564712524, 0.5243277549743652]
[0.3717663288116455, 0.5591752529144287, 0.44442230463027954, 0.2877909243106842, 0.4457230567932129]
[0.36768266558647156, 0.5553683042526245, 0.44645723700523376, 0.2846674919128418, 0.45567676424980164]
[0.48379552364349365, 0.5937032699584961, 0.41920071840286255, 0.2830924987792969, 0.4925927221775055]
[0.36768266558647156, 0.5553683042526245, 0.44645723700523376, 0.2846674919128418, 0.45567676424980164]
[0.36768266558647156, 0.5553683042526245, 0.44645723700523376, 0.2846674919128418, 0.45567676424980164]
[0.4409383237361908, 0.5924211740493774, 0.46482110023498535, 0.2969289720058441, 0.4886288344860077]
[0.5578630566596985, 0.5819410681724548, 0.39593759179115295, 0.2714889645576477, 0.5701462030410767]
[0.36768266558647156, 0.5553683042526245, 0.44645723700523376, 0.2846674919128418, 0.45567676424980164]
[0.36768266558647156, 0.5553683042526245, 0.44645723700523376, 0.2846674919128418, 0.45567676424980164]
[0.4727077782154083, 0.5791773796081543, 0.4250327944755554, 0.27978459000587463, 0.5021594762802124]
[0.5013630986213684, 0.5778620839118958, 0.43665963411331177, 0.28580397367477417, 0.5495743155479431]
[0.5016369819641113, 0.5585930347442627, 0.44595423340797424, 0.3013788163661957, 0.5387682914733887]
[0.4227067232131958, 0.5262048244476318, 0.5018404722213745, 0.3946545422077179, 0.4609924554824829]
[0.36768266558647156, 0.5553683042526245, 0.44645723700523376, 0.2846674919128418, 0.45567676424980164]
[0.5122233629226685, 0.5870988965034485, 0.42730948328971863, 0.2891015112400055, 0.5246122479438782]
[0.36768266558647156, 0.5553683042526245, 0.44645723700523376, 0.2846674919128418, 0.45567676424980164]
[0.3474690616130829, 0.5694479942321777, 0.47022852301597595, 0.2912043333053589, 0.4598521888256073]
[0.4997519850730896, 0.5653075575828552, 0.46310096979141235, 0.29348403215408325, 0.5152001976966858]
[0.4712403416633606, 0.5829070210456848, 0.43703171610832214, 0.29492640495300293, 0.522352933883667]
[0.36768266558647156, 0.5553683042526245, 0.44645723700523376, 0.2846674919128418, 0.45567676424980164]
[0.3717663288116455, 0.5591752529144287, 0.44442230463027954, 0.2877909243106842, 0.4457230567932129]
[0.48507580161094666, 0.5665165781974792, 0.4503747820854187, 0.2898736596107483, 0.5186556577682495]
[0.43928033113479614, 0.5755216479301453, 0.43812182545661926, 0.28464990854263306, 0.4676651954650879]
[0.46732577681541443, 0.5319073796272278, 0.4764280617237091, 0.3467937707901001, 0.5055643320083618]
[0.5085376501083374, 0.5870574116706848, 0.4290103614330292, 0.2923279106616974, 0.5382720232009888]
[0.46418672800064087, 0.5725294947624207, 0.4385720193386078, 0.2963448762893677, 0.48188358545303345]
[0.36768266558647156, 0.5553683042526245, 0.44645723700523376, 0.2846674919128418, 0.45567676424980164]
[0.46976161003112793, 0.5462213754653931, 0.4534448981285095, 0.33568206429481506, 0.443026065826416]
[0.36768266558647156, 0.5553683042526245, 0.44645723700523376, 0.2846674919128418, 0.45567676424980164]
[0.556644856929779, 0.5932568311691284, 0.40793296694755554, 0.25848573446273804, 0.567791759967804]
[0.5070725679397583, 0.5795678496360779, 0.4309682846069336, 0.25872695446014404, 0.538472592830658]
[0.36768266558647156, 0.5553683042526245, 0.44645723700523376, 0.2846674919128418, 0.45567676424980164]
[0.3717663288116455, 0.5591752529144287, 0.44442230463027954, 0.2877909243106842, 0.4457230567932129]
[0.5326565504074097, 0.613871693611145, 0.42189180850982666, 0.2729127109050751, 0.5246680378913879]
[0.6206127405166626, 0.5694409012794495, 0.37554073333740234, 0.24117134511470795, 0.6033797860145569]
[0.36768266558647156, 0.5553683042526245, 0.44645723700523376, 0.2846674919128418, 0.45567676424980164]
[0.5238140821456909, 0.5719174742698669, 0.453057199716568, 0.28198423981666565, 0.4878672957420349]
[0.36768266558647156, 0.5553683042526245, 0.44645723700523376, 0.2846674919128418, 0.45567676424980164]
[0.5149213075637817, 0.5745115280151367, 0.4294396936893463, 0.2818833291530609, 0.5206738114356995]
[0.4969662129878998, 0.5864719152450562, 0.4569176733493805, 0.2927398979663849, 0.5190533995628357]
[0.36768266558647156, 0.5553683042526245, 0.44645723700523376, 0.2846674919128418, 0.45567676424980164]
[0.4409383237361908, 0.5924211740493774, 0.46482110023498535, 0.2969289720058441, 0.4886288344860077]
[0.3159973621368408, 0.5363050103187561, 0.4589620530605316, 0.3223150074481964, 0.4353366494178772]
[0.4714867174625397, 0.5762184858322144, 0.43412095308303833, 0.2966756224632263, 0.5327552556991577]
[0.44534146785736084, 0.5666271448135376, 0.4280058741569519, 0.2951543629169464, 0.4909016489982605]
[0.3715378940105438, 0.528358519077301, 0.4876309633255005, 0.3712482452392578, 0.4545203745365143]
[0.5127684473991394, 0.5811546444892883, 0.45345523953437805, 0.27476829290390015, 0.5432347655296326]
[0.5374597907066345, 0.5910993814468384, 0.40738382935523987, 0.2715129852294922, 0.538244366645813]
[0.34288322925567627, 0.5553633570671082, 0.4963718056678772, 0.3694353997707367, 0.4027266800403595]
[0.5014098882675171, 0.5404996275901794, 0.4516436457633972, 0.31523117423057556, 0.5312277674674988]
[0.5326565504074097, 0.613871693611145, 0.42189180850982666, 0.2729127109050751, 0.5246680378913879]
[0.4334774613380432, 0.5455971360206604, 0.4900290369987488, 0.38409021496772766, 0.475104421377182]
[0.5167434811592102, 0.5668669939041138, 0.43242859840393066, 0.2690894305706024, 0.5164604783058167]
[0.36768266558647156, 0.5553683042526245, 0.44645723700523376, 0.2846674919128418, 0.45567676424980164]
[0.36768266558647156, 0.5553683042526245, 0.44645723700523376, 0.2846674919128418, 0.45567676424980164]
[0.5198307037353516, 0.5777510404586792, 0.42657700181007385, 0.27114009857177734, 0.518294095993042]
[0.5187511444091797, 0.5657637715339661, 0.4381132125854492, 0.2819228768348694, 0.518878698348999]
[0.36768266558647156, 0.5553683042526245, 0.44645723700523376, 0.2846674919128418, 0.45567676424980164]
[0.36768266558647156, 0.5553683042526245, 0.44645723700523376, 0.2846674919128418, 0.45567676424980164]
[0.5169069766998291, 0.5794209837913513, 0.41342979669570923, 0.284432590007782, 0.5343541502952576]
[0.3592880964279175, 0.5234114527702332, 0.512077808380127, 0.4394575357437134, 0.44124919176101685]
[0.41623666882514954, 0.5348455309867859, 0.4576610326766968, 0.3735322058200836, 0.44039034843444824]
[0.47008249163627625, 0.5774145126342773, 0.4439987242221832, 0.29794928431510925, 0.5182024240493774]
[0.47769787907600403, 0.5568585991859436, 0.42956408858299255, 0.2936621606349945, 0.5129439234733582]
[0.5636191368103027, 0.5520231127738953, 0.4082818031311035, 0.2673885226249695, 0.5738011598587036]
[0.5070725679397583, 0.5795678496360779, 0.4309682846069336, 0.25872695446014404, 0.538472592830658]
[0.5849936008453369, 0.5760951042175293, 0.3922448754310608, 0.2624809741973877, 0.5572740435600281]
[0.4487622082233429, 0.5716210603713989, 0.4600348174571991, 0.3031274080276489, 0.45275557041168213]
[0.36768266558647156, 0.5553683042526245, 0.44645723700523376, 0.2846674919128418, 0.45567676424980164]
[0.3474690616130829, 0.5694479942321777, 0.47022852301597595, 0.2912043333053589, 0.4598521888256073]
[0.4180256724357605, 0.5660374164581299, 0.4631420075893402, 0.3407911956310272, 0.4365164339542389]
[0.4732613265514374, 0.5564466714859009, 0.47570744156837463, 0.2938872277736664, 0.5364199280738831]
[0.36768266558647156, 0.5553683042526245, 0.44645723700523376, 0.2846674919128418, 0.45567676424980164]
[0.5022520422935486, 0.5706225633621216, 0.42959266901016235, 0.27503839135169983, 0.5260921716690063]
[0.46601414680480957, 0.5696284174919128, 0.44452187418937683, 0.3026898503303528, 0.5075093507766724]
[0.4487622082233429, 0.5716210603713989, 0.4600348174571991, 0.3031274080276489, 0.45275557041168213]
[0.5544325709342957, 0.5689417719841003, 0.39925417304039, 0.27366355061531067, 0.5511445999145508]
[0.5594466924667358, 0.5162612795829773, 0.45137715339660645, 0.35301902890205383, 0.5570313334465027]
[0.44730353355407715, 0.5444821715354919, 0.4522402584552765, 0.3159234821796417, 0.5063391923904419]
[0.36768266558647156, 0.5553683042526245, 0.44645723700523376, 0.2846674919128418, 0.45567676424980164]
[0.6077559590339661, 0.5475035309791565, 0.4036223590373993, 0.2858484983444214, 0.5853403210639954]
[0.36768266558647156, 0.5553683042526245, 0.44645723700523376, 0.2846674919128418, 0.45567676424980164]
[0.4354669153690338, 0.5721122026443481, 0.44103309512138367, 0.2770345211029053, 0.4855569005012512]
[0.3717663288116455, 0.5591752529144287, 0.44442230463027954, 0.2877909243106842, 0.4457230567932129]
[0.5228849649429321, 0.5906686186790466, 0.4133627712726593, 0.2530430555343628, 0.5674484968185425]
