1
《100年前光绪皇帝在北京大学的讲话！》——凝重的让人窒息，推荐阅读！转
[0.5190815925598145, 0.5548302531242371, 0.4508063495159149, 0.29808440804481506, 0.5308769345283508]
[0.46407973766326904, 0.5831809639930725, 0.41399669647216797, 0.26610228419303894, 0.4965839982032776]
[0.46407973766326904, 0.5831809639930725, 0.41399669647216797, 0.26610228419303894, 0.4965839982032776]
[0.5327161550521851, 0.6003475189208984, 0.41407033801078796, 0.2770916521549225, 0.5182939767837524]
[0.5141662359237671, 0.5539893507957458, 0.4374259412288666, 0.3051830530166626, 0.5289109945297241]
[0.44543811678886414, 0.5586605072021484, 0.4267641603946686, 0.2868451178073883, 0.47183436155319214]
[0.5229267477989197, 0.5571222305297852, 0.429785817861557, 0.30965203046798706, 0.5400132536888123]
[0.4352019429206848, 0.5508026480674744, 0.44481202960014343, 0.31195151805877686, 0.4986059367656708]
[0.3714999556541443, 0.5487914681434631, 0.42468851804733276, 0.2771134674549103, 0.4682239592075348]
[0.44179150462150574, 0.5522571802139282, 0.47673991322517395, 0.3472420871257782, 0.49249210953712463]
[0.5478726029396057, 0.5875716805458069, 0.42248299717903137, 0.25316983461380005, 0.5692009329795837]
[0.5762067437171936, 0.5754340291023254, 0.4012385904788971, 0.27155447006225586, 0.5691635608673096]
[0.5194156765937805, 0.5192862153053284, 0.5112078189849854, 0.4434584975242615, 0.49308961629867554]
[0.4487622082233429, 0.5716210603713989, 0.4600348174571991, 0.3031274080276489, 0.45275557041168213]
[0.474124550819397, 0.5667796730995178, 0.42972344160079956, 0.2638152241706848, 0.48920515179634094]
[0.521063506603241, 0.5799593329429626, 0.3916757106781006, 0.2522370517253876, 0.5652073621749878]
[0.5321197509765625, 0.5919173359870911, 0.41923293471336365, 0.2710575461387634, 0.550389289855957]
[0.5020539164543152, 0.5584250688552856, 0.4293805956840515, 0.29423099756240845, 0.5308112502098083]
[0.506342887878418, 0.5696854591369629, 0.4590678811073303, 0.2810031771659851, 0.5170894861221313]
[0.4487622082233429, 0.5716210603713989, 0.4600348174571991, 0.3031274080276489, 0.45275557041168213]
[0.4881051182746887, 0.5784531235694885, 0.43050575256347656, 0.29000240564346313, 0.5252147912979126]
[0.3684868812561035, 0.5611268281936646, 0.4521813988685608, 0.2809528410434723, 0.456279993057251]
[0.5132416486740112, 0.5765411257743835, 0.4204089343547821, 0.2780870497226715, 0.5275075435638428]
[0.49120497703552246, 0.5399585366249084, 0.4510851204395294, 0.33912768959999084, 0.5224046111106873]
[0.5421445965766907, 0.5675472021102905, 0.41025295853614807, 0.27763500809669495, 0.5588537454605103]
[0.4486657679080963, 0.5547034740447998, 0.44524046778678894, 0.32139116525650024, 0.5066229701042175]
[0.571512758731842, 0.5922728776931763, 0.4048357605934143, 0.2660819888114929, 0.5660069584846497]
[0.5952234864234924, 0.5837835073471069, 0.4110243618488312, 0.2465040236711502, 0.5909659266471863]
[0.40404704213142395, 0.566599428653717, 0.42710965871810913, 0.27617010474205017, 0.4711889922618866]
[0.4345061480998993, 0.5568930506706238, 0.44924604892730713, 0.3036644160747528, 0.4710766077041626]
[0.5415743589401245, 0.5710268616676331, 0.4018873870372772, 0.24015428125858307, 0.5749301314353943]
[0.48012667894363403, 0.5719674229621887, 0.4576272666454315, 0.2866103947162628, 0.5070359706878662]
[0.3790147602558136, 0.5618966817855835, 0.46228423714637756, 0.299181193113327, 0.4467504918575287]
[0.503574788570404, 0.562441349029541, 0.4404224157333374, 0.2998463809490204, 0.5250803828239441]
[0.44275131821632385, 0.5222545862197876, 0.5050380825996399, 0.4136573076248169, 0.48019036650657654]
[0.511255145072937, 0.5555015802383423, 0.44553065299987793, 0.29960352182388306, 0.5322266817092896]
[0.5288923382759094, 0.5644347667694092, 0.448297917842865, 0.28925269842147827, 0.5290609002113342]
[0.48451703786849976, 0.5454819798469543, 0.4546007812023163, 0.34520184993743896, 0.49511706829071045]
[0.5134298205375671, 0.5651997923851013, 0.41420847177505493, 0.26247480511665344, 0.5447651743888855]
[0.4927999973297119, 0.5241567492485046, 0.4577749967575073, 0.3257810175418854, 0.5164700746536255]
[0.4959404170513153, 0.5427207350730896, 0.4374912679195404, 0.29884713888168335, 0.4937743544578552]
[0.36290591955184937, 0.5188228487968445, 0.49246591329574585, 0.38930076360702515, 0.4565276503562927]
[0.5429244041442871, 0.5713830590248108, 0.42287302017211914, 0.28366267681121826, 0.5856730341911316]
[0.38674864172935486, 0.5584015846252441, 0.4400937855243683, 0.285559743642807, 0.48643994331359863]
[0.42428267002105713, 0.5398744344711304, 0.47970065474510193, 0.3995985686779022, 0.46415436267852783]
[0.518643319606781, 0.5795661211013794, 0.43667668104171753, 0.2685704827308655, 0.5344675779342651]
[0.5429244041442871, 0.5713830590248108, 0.42287302017211914, 0.28366267681121826, 0.5856730341911316]
[0.40404704213142395, 0.566599428653717, 0.42710965871810913, 0.27617010474205017, 0.4711889922618866]
[0.5035728812217712, 0.5889554023742676, 0.4214659035205841, 0.2766602039337158, 0.5169209241867065]
[0.567176878452301, 0.5367075204849243, 0.4574466347694397, 0.3174777626991272, 0.5696064829826355]
[0.49372193217277527, 0.5600900650024414, 0.4483902156352997, 0.3169885575771332, 0.5122941732406616]
[0.535548985004425, 0.5743044018745422, 0.4219232201576233, 0.27131181955337524, 0.5345061421394348]
[0.46407973766326904, 0.5831809639930725, 0.41399669647216797, 0.26610228419303894, 0.4965839982032776]
[0.4596075415611267, 0.5677144527435303, 0.46446090936660767, 0.2879544496536255, 0.48537594079971313]
[0.38674864172935486, 0.5584015846252441, 0.4400937855243683, 0.285559743642807, 0.48643994331359863]
[0.549969494342804, 0.5817822813987732, 0.41441383957862854, 0.25103625655174255, 0.566261887550354]
[0.5074421167373657, 0.5792412161827087, 0.4482731819152832, 0.28688910603523254, 0.5290343761444092]
[0.5150257349014282, 0.5650180578231812, 0.4455263912677765, 0.2851293683052063, 0.5218682885169983]
[0.4976683557033539, 0.5483929514884949, 0.4697464406490326, 0.36020809412002563, 0.5541133880615234]
[0.3682872951030731, 0.5410106182098389, 0.43682804703712463, 0.29630130529403687, 0.4435845613479614]
[0.4796737730503082, 0.5870594382286072, 0.43391892313957214, 0.2797092795372009, 0.5103912949562073]
[0.4758692681789398, 0.5671343803405762, 0.4664519131183624, 0.3051452934741974, 0.4674079716205597]
[0.4997890889644623, 0.5655857920646667, 0.42522305250167847, 0.28205275535583496, 0.5102513432502747]
[0.3525565266609192, 0.5549966096878052, 0.4557444751262665, 0.29298844933509827, 0.43208077549934387]
[0.5083852410316467, 0.547825813293457, 0.4768313467502594, 0.3676287531852722, 0.553332507610321]
[0.5775923132896423, 0.5657008290290833, 0.4008016884326935, 0.2682092785835266, 0.5945501327514648]
[0.4976683557033539, 0.5483929514884949, 0.4697464406490326, 0.36020809412002563, 0.5541133880615234]
[0.488438218832016, 0.5457059144973755, 0.45362573862075806, 0.34976810216903687, 0.5163575410842896]
[0.4768545627593994, 0.5698121190071106, 0.43904048204421997, 0.31607115268707275, 0.4914366900920868]
[0.5066192746162415, 0.5695364475250244, 0.4344322979450226, 0.29421988129615784, 0.5367881655693054]
[0.5422282814979553, 0.5863180160522461, 0.40551844239234924, 0.2753317654132843, 0.556081235408783]
[0.4713294208049774, 0.5653067827224731, 0.432933509349823, 0.2573409974575043, 0.5182821750640869]
[0.5098817348480225, 0.5957211256027222, 0.4279880225658417, 0.27306243777275085, 0.5451793670654297]
[0.5417515635490417, 0.5826703906059265, 0.41409796476364136, 0.25831058621406555, 0.5444175601005554]
[0.5000908374786377, 0.5644049048423767, 0.4517953395843506, 0.3253032863140106, 0.5177675485610962]
[0.48671188950538635, 0.5373080968856812, 0.43159154057502747, 0.3084408640861511, 0.5017983913421631]
[0.5271813273429871, 0.5400007367134094, 0.4348573088645935, 0.30852270126342773, 0.5509899854660034]
[0.48051804304122925, 0.5605247616767883, 0.4707254469394684, 0.35102662444114685, 0.5064082145690918]
[0.47103431820869446, 0.5554800033569336, 0.4752214848995209, 0.35160619020462036, 0.5044817924499512]
[0.5192126631736755, 0.5420777797698975, 0.44901520013809204, 0.31635111570358276, 0.5455600023269653]
[0.5067535638809204, 0.5962961316108704, 0.41018155217170715, 0.25474223494529724, 0.5455000996589661]
[0.5025303363800049, 0.5640712380409241, 0.5055120587348938, 0.3786673843860626, 0.5160459876060486]
[0.43473687767982483, 0.5479161143302917, 0.4470621943473816, 0.321132093667984, 0.4695369005203247]
[0.4150935113430023, 0.5696762204170227, 0.44145601987838745, 0.28834787011146545, 0.4887335002422333]
[0.5261349678039551, 0.5318122506141663, 0.44672635197639465, 0.32398664951324463, 0.5361420512199402]
[0.42740345001220703, 0.5862472057342529, 0.459237277507782, 0.30124911665916443, 0.4579195976257324]
[0.3682872951030731, 0.5410106182098389, 0.43682804703712463, 0.29630130529403687, 0.4435845613479614]
[0.4963039755821228, 0.5508792996406555, 0.46077045798301697, 0.35469958186149597, 0.5141549110412598]
[0.4167540967464447, 0.5196922421455383, 0.48933470249176025, 0.38427847623825073, 0.46832603216171265]
[0.5460792183876038, 0.5645639300346375, 0.4307563602924347, 0.30165934562683105, 0.5470821261405945]
[0.44497150182724, 0.5510036945343018, 0.4618436098098755, 0.3492296040058136, 0.47576722502708435]
[0.5125976800918579, 0.5707492232322693, 0.4309103786945343, 0.30527764558792114, 0.5258268117904663]
[0.5042458176612854, 0.5773715972900391, 0.42442822456359863, 0.2633039951324463, 0.5422750115394592]
[0.5190384984016418, 0.5831984281539917, 0.4551778733730316, 0.29024919867515564, 0.539969265460968]
[0.5264222621917725, 0.553076446056366, 0.4554193615913391, 0.34128421545028687, 0.5256849527359009]
[0.5689477920532227, 0.576860249042511, 0.4060169756412506, 0.24937595427036285, 0.5687252879142761]
[0.5572941899299622, 0.570844292640686, 0.44277772307395935, 0.30313923954963684, 0.5450522899627686]
[0.4071144461631775, 0.5433778762817383, 0.45671167969703674, 0.3573659360408783, 0.48224547505378723]
[0.4762944281101227, 0.520093560218811, 0.4817688763141632, 0.34684687852859497, 0.49103066325187683]
[0.4662318229675293, 0.5723874568939209, 0.46642065048217773, 0.28789862990379333, 0.5160015821456909]
[0.5906038284301758, 0.5858374238014221, 0.422599732875824, 0.2437761127948761, 0.5818736553192139]
