1
新华社报道：2013年3月5日：曾为雷锋拍摄200多张照片的沈阳军区原工程兵政治部宣传助理员张峻，3月5日下午在沈阳军区学雷锋座谈会上发言将结束时说：我向毛主席保证，今天讲的一切都是真实的。要有半句假话，立刻就死。结果结果结果！张峻当场心脏病发，经抢救无效，不幸去世。
[0.4952514171600342, 0.47016584873199463, 0.5269332528114319, 0.5274364948272705, 0.5086188912391663]
[0.5013285279273987, 0.5644465088844299, 0.4482528269290924, 0.29043927788734436, 0.5191102623939514]
[0.527854323387146, 0.5857251286506653, 0.42558375000953674, 0.27191784977912903, 0.5264109373092651]
[0.4580993056297302, 0.5662275552749634, 0.4690134823322296, 0.3126649856567383, 0.4928087890148163]
[0.4487622082233429, 0.5716210603713989, 0.4600348174571991, 0.3031274080276489, 0.45275557041168213]
[0.5392138957977295, 0.5823938250541687, 0.4261903762817383, 0.27492547035217285, 0.5122859477996826]
[0.5223657488822937, 0.5317548513412476, 0.4375353455543518, 0.32016468048095703, 0.5149746537208557]
[0.5211363434791565, 0.5873734951019287, 0.4233924150466919, 0.27426499128341675, 0.5520382523536682]
[0.4487622082233429, 0.5716210603713989, 0.4600348174571991, 0.3031274080276489, 0.45275557041168213]
[0.48379552364349365, 0.5937032699584961, 0.41920071840286255, 0.2830924987792969, 0.4925927221775055]
[0.48101481795310974, 0.5431309342384338, 0.4595218300819397, 0.32584965229034424, 0.5201722383499146]
[0.42441490292549133, 0.5676126480102539, 0.4618966281414032, 0.3119684159755707, 0.45158058404922485]
[0.48337385058403015, 0.5515822768211365, 0.4397751986980438, 0.3002887964248657, 0.5029886960983276]
[0.48379552364349365, 0.5937032699584961, 0.41920071840286255, 0.2830924987792969, 0.4925927221775055]
[0.43578678369522095, 0.5521038174629211, 0.45444127917289734, 0.33423155546188354, 0.48207923769950867]
[0.40804579854011536, 0.5590486526489258, 0.45251792669296265, 0.3160095810890198, 0.4338063895702362]
[0.5704531073570251, 0.5381441712379456, 0.44653668999671936, 0.2915322482585907, 0.5540140867233276]
[0.4894314408302307, 0.5731979608535767, 0.46258240938186646, 0.3382837772369385, 0.5289039015769958]
[0.5096760988235474, 0.5478020310401917, 0.44766470789909363, 0.31574344635009766, 0.5199124217033386]
[0.44968026876449585, 0.5401620864868164, 0.45972225069999695, 0.30963364243507385, 0.4466307461261749]
[0.5168718099594116, 0.5501182675361633, 0.4415639638900757, 0.31158706545829773, 0.554857611656189]
[0.520988404750824, 0.5540990233421326, 0.42945975065231323, 0.3361298739910126, 0.4893406331539154]
[0.5106090903282166, 0.5671553611755371, 0.4171704947948456, 0.27159926295280457, 0.5453013777732849]
[0.5290321707725525, 0.5748657584190369, 0.42249637842178345, 0.285958468914032, 0.5302784442901611]
[0.5317652225494385, 0.5844377279281616, 0.4275966286659241, 0.27720150351524353, 0.539893388748169]
[0.5425828099250793, 0.5703577995300293, 0.4100390374660492, 0.25377076864242554, 0.5349211692810059]
[0.5248283743858337, 0.5880399346351624, 0.44381073117256165, 0.28772062063217163, 0.5540611743927002]
[0.49555298686027527, 0.570673942565918, 0.4313119649887085, 0.2879068851470947, 0.5146951675415039]
[0.47178250551223755, 0.5278171300888062, 0.48981940746307373, 0.3721731901168823, 0.5087737441062927]
[0.4324471354484558, 0.5083219408988953, 0.4495607614517212, 0.35199472308158875, 0.4437958002090454]
[0.41770294308662415, 0.5581198930740356, 0.4833105206489563, 0.3443373739719391, 0.45709043741226196]
[0.5094406604766846, 0.5769004225730896, 0.4179941713809967, 0.29161885380744934, 0.5095587372779846]
[0.5316818356513977, 0.5833315849304199, 0.42492222785949707, 0.27854466438293457, 0.5322221517562866]
[0.4170719385147095, 0.5207186937332153, 0.555716335773468, 0.5690538883209229, 0.4752369523048401]
[0.4818546772003174, 0.5671708583831787, 0.4427948296070099, 0.3154818117618561, 0.5104961395263672]
[0.488637775182724, 0.5826716423034668, 0.43215617537498474, 0.2948785722255707, 0.520056426525116]
[0.4896371066570282, 0.5849770903587341, 0.44029903411865234, 0.29120680689811707, 0.5156102776527405]
[0.5202924609184265, 0.5506933331489563, 0.4335658550262451, 0.3019476532936096, 0.5224081873893738]
[0.4562127888202667, 0.5727598667144775, 0.436779648065567, 0.311820387840271, 0.4974744915962219]
[0.4842091500759125, 0.5546354651451111, 0.42652565240859985, 0.3019202649593353, 0.5207904577255249]
[0.5210855603218079, 0.5534851551055908, 0.4359286427497864, 0.3190694749355316, 0.5219228863716125]
[0.4562127888202667, 0.5727598667144775, 0.436779648065567, 0.311820387840271, 0.4974744915962219]
[0.5735264420509338, 0.5591373443603516, 0.40745702385902405, 0.25128173828125, 0.557489275932312]
[0.48502856492996216, 0.5859072208404541, 0.45158806443214417, 0.3005274534225464, 0.4786781072616577]
[0.5392138957977295, 0.5823938250541687, 0.4261903762817383, 0.27492547035217285, 0.5122859477996826]
[0.4908130168914795, 0.5672394633293152, 0.43390363454818726, 0.29045435786247253, 0.5157002806663513]
[0.4269879162311554, 0.5643128156661987, 0.4684346616268158, 0.3513258099555969, 0.4447406232357025]
[0.5047678351402283, 0.583142876625061, 0.43771597743034363, 0.2753133773803711, 0.5079764127731323]
[0.4015430212020874, 0.5437357425689697, 0.49652987718582153, 0.34819287061691284, 0.46641090512275696]
[0.5404625535011292, 0.5868017673492432, 0.4106815755367279, 0.26743990182876587, 0.5467814803123474]
[0.5482558012008667, 0.572547972202301, 0.4070805013179779, 0.27617284655570984, 0.5509356260299683]
[0.46428805589675903, 0.5677601099014282, 0.4270060062408447, 0.2930970788002014, 0.47976046800613403]
[0.4390215575695038, 0.5295197367668152, 0.46833810210227966, 0.3420622646808624, 0.4577213525772095]
[0.5337408185005188, 0.5937787294387817, 0.40974554419517517, 0.2572314739227295, 0.551205575466156]
[0.46678999066352844, 0.5727956891059875, 0.4180517792701721, 0.2993662357330322, 0.49295011162757874]
[0.41770294308662415, 0.5581198930740356, 0.4833105206489563, 0.3443373739719391, 0.45709043741226196]
[0.4502499997615814, 0.5825034379959106, 0.44765836000442505, 0.29133114218711853, 0.48963648080825806]
[0.45955798029899597, 0.5605957508087158, 0.45125871896743774, 0.3119511008262634, 0.46328240633010864]
[0.43928033113479614, 0.5755216479301453, 0.43812182545661926, 0.28464990854263306, 0.4676651954650879]
[0.5362704992294312, 0.5630906224250793, 0.41548722982406616, 0.2823251783847809, 0.5437411069869995]
[0.46933624148368835, 0.5597097277641296, 0.41544148325920105, 0.280904084444046, 0.5052120685577393]
[0.5392138957977295, 0.5823938250541687, 0.4261903762817383, 0.27492547035217285, 0.5122859477996826]
[0.5497663021087646, 0.5896965861320496, 0.4243660271167755, 0.27809393405914307, 0.5540280342102051]
[0.5408961772918701, 0.5858941674232483, 0.4345601201057434, 0.27782461047172546, 0.5530906319618225]
[0.4791239798069, 0.5687968134880066, 0.43291765451431274, 0.28936365246772766, 0.5046187043190002]
[0.4487622082233429, 0.5716210603713989, 0.4600348174571991, 0.3031274080276489, 0.45275557041168213]
[0.5201524496078491, 0.5804293751716614, 0.4039600193500519, 0.27820342779159546, 0.51920086145401]
[0.42011216282844543, 0.5629444122314453, 0.43714964389801025, 0.27304720878601074, 0.4736332893371582]
[0.5595002174377441, 0.5197100043296814, 0.4502464234828949, 0.31750521063804626, 0.5452152490615845]
[0.5149213075637817, 0.5745115280151367, 0.4294396936893463, 0.2818833291530609, 0.5206738114356995]
[0.46428805589675903, 0.5677601099014282, 0.4270060062408447, 0.2930970788002014, 0.47976046800613403]
[0.49557217955589294, 0.5913105607032776, 0.43650704622268677, 0.2826029360294342, 0.5051212310791016]
[0.4498158097267151, 0.5648099780082703, 0.45020806789398193, 0.3356865346431732, 0.4824724793434143]
[0.5404625535011292, 0.5868017673492432, 0.4106815755367279, 0.26743990182876587, 0.5467814803123474]
[0.4291529059410095, 0.5531582832336426, 0.4289412200450897, 0.2946440279483795, 0.4712984561920166]
[0.4695826768875122, 0.543393611907959, 0.45777714252471924, 0.30379146337509155, 0.4781968295574188]
[0.5841341614723206, 0.5587013959884644, 0.40821075439453125, 0.26361098885536194, 0.5434356331825256]
[0.5086486339569092, 0.5692030191421509, 0.43990206718444824, 0.2718483805656433, 0.5507245659828186]
[0.43498656153678894, 0.5229507684707642, 0.4885782301425934, 0.4029245972633362, 0.473705917596817]
[0.5452783703804016, 0.5519506931304932, 0.4372323155403137, 0.29971471428871155, 0.5460768938064575]
[0.49492916464805603, 0.5665023922920227, 0.4326879680156708, 0.29294198751449585, 0.497463583946228]
[0.4986618757247925, 0.5551717281341553, 0.4482665956020355, 0.305063933134079, 0.5184040069580078]
[0.49844297766685486, 0.5368630886077881, 0.45549577474594116, 0.32464781403541565, 0.5425379872322083]
[0.42441490292549133, 0.5676126480102539, 0.4618966281414032, 0.3119684159755707, 0.45158058404922485]
[0.47326526045799255, 0.5351563692092896, 0.4863063097000122, 0.3897426128387451, 0.5271234512329102]
[0.5346882343292236, 0.5518472194671631, 0.40430575609207153, 0.28440794348716736, 0.5501001477241516]
[0.509170413017273, 0.5613054037094116, 0.4394696056842804, 0.31997251510620117, 0.4906810224056244]
[0.5034229159355164, 0.5805166363716125, 0.43478924036026, 0.2991620600223541, 0.49711790680885315]
[0.4487622082233429, 0.5716210603713989, 0.4600348174571991, 0.3031274080276489, 0.45275557041168213]
[0.4487622082233429, 0.5716210603713989, 0.4600348174571991, 0.3031274080276489, 0.45275557041168213]
[0.5307943820953369, 0.5807876586914062, 0.41370081901550293, 0.2927961051464081, 0.5511110424995422]
[0.5311819314956665, 0.5774530172348022, 0.4265992343425751, 0.26172110438346863, 0.5371735692024231]
[0.5794770121574402, 0.5446308255195618, 0.4146384298801422, 0.25386378169059753, 0.5959239602088928]
[0.5140732526779175, 0.5594108700752258, 0.44337356090545654, 0.30614158511161804, 0.5456154346466064]
[0.5002939105033875, 0.578675389289856, 0.44945257902145386, 0.2973673939704895, 0.4833509027957916]
[0.5552852153778076, 0.5857468843460083, 0.4001559317111969, 0.27149248123168945, 0.5646634697914124]
[0.5002939105033875, 0.578675389289856, 0.44945257902145386, 0.2973673939704895, 0.4833509027957916]
[0.3599161207675934, 0.5548627972602844, 0.4330756962299347, 0.28645002841949463, 0.4490463435649872]
[0.5232411026954651, 0.5589948892593384, 0.4272543787956238, 0.28895050287246704, 0.5224252343177795]
[0.4487622082233429, 0.5716210603713989, 0.4600348174571991, 0.3031274080276489, 0.45275557041168213]
[0.44136011600494385, 0.5548320412635803, 0.4463277757167816, 0.3253195881843567, 0.4875270128250122]
