1
【唉，你让我说什么好】雷锋生前战友、曾为雷锋拍摄200多张照片的沈阳军区原工程兵政治部宣传助理员张峻 3月5日下午在沈阳军区学雷锋座谈会上发言将结束时说：”向老毛保证，今天讲的一切都是真实的。要有半句假话，立刻就死。”结果张峻一语成谶，当场心脏病发去世。
[0.541954755783081, 0.5504647493362427, 0.48553648591041565, 0.34024345874786377, 0.5493685603141785]
[0.48096418380737305, 0.565234899520874, 0.441501259803772, 0.2843244969844818, 0.5154613852500916]
[0.4741441309452057, 0.5697808265686035, 0.4394247531890869, 0.2626939117908478, 0.5283207893371582]
[0.4487622082233429, 0.5716210603713989, 0.4600348174571991, 0.3031274080276489, 0.45275557041168213]
[0.48692870140075684, 0.5313591957092285, 0.47533637285232544, 0.38818615674972534, 0.53859543800354]
[0.48733916878700256, 0.5739020109176636, 0.42586496472358704, 0.2761390507221222, 0.4984787106513977]
[0.45486214756965637, 0.5546392798423767, 0.46665358543395996, 0.331503689289093, 0.5317197442054749]
[0.5272244811058044, 0.5856002569198608, 0.4274103343486786, 0.2662718892097473, 0.5447561740875244]
[0.49819183349609375, 0.5695810914039612, 0.4092336595058441, 0.28381651639938354, 0.5330636501312256]
[0.4487622082233429, 0.5716210603713989, 0.4600348174571991, 0.3031274080276489, 0.45275557041168213]
[0.4487622082233429, 0.5716210603713989, 0.4600348174571991, 0.3031274080276489, 0.45275557041168213]
[0.4795692563056946, 0.5845358967781067, 0.4188065528869629, 0.2584722936153412, 0.5110174417495728]
[0.44968026876449585, 0.5401620864868164, 0.45972225069999695, 0.30963364243507385, 0.4466307461261749]
[0.5361733436584473, 0.58046555519104, 0.41047531366348267, 0.2709103524684906, 0.5330931544303894]
[0.4566262662410736, 0.5660102963447571, 0.44112974405288696, 0.3306801915168762, 0.4836690425872803]
[0.45608872175216675, 0.5783320665359497, 0.4424791932106018, 0.28379178047180176, 0.5290986895561218]
[0.5441646575927734, 0.5800580382347107, 0.4266889691352844, 0.2921111285686493, 0.5152682662010193]
[0.449550598859787, 0.5629928708076477, 0.4439830183982849, 0.34197306632995605, 0.47431522607803345]
[0.5416725277900696, 0.5746651291847229, 0.40565359592437744, 0.2794084846973419, 0.5427396297454834]
[0.5596280694007874, 0.5848149061203003, 0.42220571637153625, 0.2783123850822449, 0.568028450012207]
[0.5320372581481934, 0.5550767183303833, 0.4620344638824463, 0.30199646949768066, 0.5163995623588562]
[0.4788663387298584, 0.552445113658905, 0.4625905156135559, 0.32682979106903076, 0.4866745173931122]
[0.49975526332855225, 0.5874056220054626, 0.4230498969554901, 0.27203112840652466, 0.5168728828430176]
[0.49638038873672485, 0.5789127349853516, 0.42178717255592346, 0.296032577753067, 0.519586443901062]
[0.5652070045471191, 0.5856301188468933, 0.4090598225593567, 0.23434829711914062, 0.5690703392028809]
[0.4937342405319214, 0.578326404094696, 0.42876556515693665, 0.28960439562797546, 0.5139129757881165]
