1
连个道歉声明都抄袭 索要版权费#且行且珍惜#
[0.521691083908081, 0.5326881408691406, 0.45038145780563354, 0.31658312678337097, 0.5547428727149963]
[0.5193629860877991, 0.5856478810310364, 0.41173920035362244, 0.282301664352417, 0.5441094636917114]
[0.5950973629951477, 0.5047411918640137, 0.42539411783218384, 0.29494839906692505, 0.570665180683136]
[0.5392138957977295, 0.5823938250541687, 0.4261903762817383, 0.27492547035217285, 0.5122859477996826]
[0.4437237083911896, 0.5808864831924438, 0.43781134486198425, 0.27734535932540894, 0.47363385558128357]
[0.5265741348266602, 0.5677529573440552, 0.435684472322464, 0.29819145798683167, 0.5387542843818665]
[0.5545819401741028, 0.5830283761024475, 0.4207121431827545, 0.28794237971305847, 0.5511050820350647]
[0.5160178542137146, 0.5895063281059265, 0.4181462824344635, 0.26784566044807434, 0.5280237793922424]
[0.5641177296638489, 0.5042427182197571, 0.4677425026893616, 0.38481664657592773, 0.5483370423316956]
[0.41610661149024963, 0.5439673066139221, 0.4626658856868744, 0.3507039546966553, 0.4661586582660675]
[0.4209767282009125, 0.5718197822570801, 0.43726587295532227, 0.2945965826511383, 0.4303448796272278]
[0.45284512639045715, 0.5642913579940796, 0.47014033794403076, 0.3183714747428894, 0.5096852779388428]
[0.5653747320175171, 0.5958674550056458, 0.410073459148407, 0.2521335780620575, 0.5308053493499756]
[0.5392138957977295, 0.5823938250541687, 0.4261903762817383, 0.27492547035217285, 0.5122859477996826]
[0.5963955521583557, 0.5000938773155212, 0.47141948342323303, 0.35600805282592773, 0.6046545505523682]
[0.37674978375434875, 0.526803731918335, 0.49293312430381775, 0.34691306948661804, 0.4384533166885376]
[0.5578630566596985, 0.5819410681724548, 0.39593759179115295, 0.2714889645576477, 0.5701462030410767]
[0.4743788540363312, 0.544299840927124, 0.4655362367630005, 0.3071330487728119, 0.4762885868549347]
[0.4487622082233429, 0.5716210603713989, 0.4600348174571991, 0.3031274080276489, 0.45275557041168213]
[0.47380924224853516, 0.5564751029014587, 0.46978822350502014, 0.31736665964126587, 0.5171815752983093]
[0.5689780712127686, 0.5338658094406128, 0.4400387406349182, 0.29433515667915344, 0.5686441659927368]
[0.5300348997116089, 0.5780903100967407, 0.4287036061286926, 0.27811264991760254, 0.5507771372795105]
[0.517932653427124, 0.5495643615722656, 0.4342208206653595, 0.31103450059890747, 0.5027730464935303]
[0.410697340965271, 0.5704219937324524, 0.4395424425601959, 0.31329280138015747, 0.47584614157676697]
[0.49998974800109863, 0.5409989356994629, 0.48233816027641296, 0.38022783398628235, 0.5313536524772644]
[0.5760027170181274, 0.5748382210731506, 0.40311282873153687, 0.2496454417705536, 0.5831136703491211]
[0.531556248664856, 0.5312299728393555, 0.42946577072143555, 0.28096744418144226, 0.5603410005569458]
[0.44491249322891235, 0.5740848779678345, 0.43914300203323364, 0.28749582171440125, 0.49686089158058167]
[0.5149213075637817, 0.5745115280151367, 0.4294396936893463, 0.2818833291530609, 0.5206738114356995]
[0.4487622082233429, 0.5716210603713989, 0.4600348174571991, 0.3031274080276489, 0.45275557041168213]
[0.536379873752594, 0.5592069625854492, 0.43849363923072815, 0.3056652843952179, 0.5470881462097168]
[0.565767228603363, 0.5824441313743591, 0.4201402962207794, 0.25878337025642395, 0.5554173588752747]
[0.5209120512008667, 0.5492604970932007, 0.4672751724720001, 0.32839319109916687, 0.5105209350585938]
[0.49703219532966614, 0.5307497382164001, 0.4585586190223694, 0.34712138772010803, 0.5441358685493469]
[0.4840151071548462, 0.5895057916641235, 0.44077324867248535, 0.3006517291069031, 0.5173850059509277]
[0.4241239130496979, 0.5654429793357849, 0.45752203464508057, 0.30707985162734985, 0.4743013381958008]
[0.351681113243103, 0.5484945774078369, 0.45941162109375, 0.3046618103981018, 0.43549174070358276]
[0.5461952090263367, 0.5550665855407715, 0.4666385352611542, 0.29915672540664673, 0.5525328516960144]
[0.5354865789413452, 0.5888907313346863, 0.41922876238822937, 0.2605830132961273, 0.5253303050994873]
[0.5195896625518799, 0.548000693321228, 0.4326253831386566, 0.2984564006328583, 0.5124166011810303]
[0.46930304169654846, 0.5569590926170349, 0.4510592222213745, 0.28990092873573303, 0.5029594898223877]
[0.42428866028785706, 0.541026771068573, 0.48159345984458923, 0.36344245076179504, 0.4919413924217224]
[0.582474410533905, 0.5653653144836426, 0.43195587396621704, 0.2632104754447937, 0.5553060173988342]
[0.4455915093421936, 0.5747226476669312, 0.4528965950012207, 0.29427313804626465, 0.4832361340522766]
[0.5111741423606873, 0.5581096410751343, 0.44170942902565, 0.27412283420562744, 0.5017254948616028]
[0.46759727597236633, 0.5781832933425903, 0.44714441895484924, 0.27730637788772583, 0.5216577649116516]
[0.5392200350761414, 0.5970238447189331, 0.41107693314552307, 0.2731446325778961, 0.5353922247886658]
[0.5426120162010193, 0.547370970249176, 0.4209991991519928, 0.30618467926979065, 0.5641006231307983]
[0.5311798453330994, 0.5754879713058472, 0.4225655794143677, 0.27640217542648315, 0.5291827917098999]
[0.5149213075637817, 0.5745115280151367, 0.4294396936893463, 0.2818833291530609, 0.5206738114356995]
[0.5641727447509766, 0.5466802716255188, 0.3972621262073517, 0.25342556834220886, 0.570939302444458]
[0.4487622082233429, 0.5716210603713989, 0.4600348174571991, 0.3031274080276489, 0.45275557041168213]
[0.50046306848526, 0.5802575349807739, 0.41536465287208557, 0.2850475013256073, 0.5228663682937622]
[0.34537434577941895, 0.5479075312614441, 0.5019100308418274, 0.37907350063323975, 0.4333851933479309]
[0.5152502059936523, 0.5529981255531311, 0.4571104347705841, 0.3422963619232178, 0.5304951667785645]
[0.5444372296333313, 0.5327948927879333, 0.4537941813468933, 0.3271996080875397, 0.5578272938728333]
[0.5284485220909119, 0.5791544914245605, 0.4179072976112366, 0.27939289808273315, 0.5426137447357178]
[0.46168649196624756, 0.5767046809196472, 0.43796971440315247, 0.30233585834503174, 0.4769904613494873]
[0.52237468957901, 0.5569097399711609, 0.4258791506290436, 0.27041420340538025, 0.5458905696868896]
[0.4959699809551239, 0.576468825340271, 0.4180310368537903, 0.288540780544281, 0.5103219747543335]
[0.4073261320590973, 0.5432243347167969, 0.4916839599609375, 0.39436963200569153, 0.4739614725112915]
[0.5073522925376892, 0.580437421798706, 0.4149474799633026, 0.2795432209968567, 0.5381048321723938]
[0.5660191178321838, 0.5620021224021912, 0.3765932023525238, 0.22530102729797363, 0.5863267183303833]
[0.4966036379337311, 0.5470432043075562, 0.44878295063972473, 0.2873343229293823, 0.5469067692756653]
[0.505176842212677, 0.5758944153785706, 0.4287131130695343, 0.29159966111183167, 0.5260220766067505]
[0.5554254055023193, 0.5407838225364685, 0.4214014708995819, 0.2931838631629944, 0.5089398622512817]
[0.46901679039001465, 0.5793498754501343, 0.40387383103370667, 0.2508569657802582, 0.5207666158676147]
[0.4487622082233429, 0.5716210603713989, 0.4600348174571991, 0.3031274080276489, 0.45275557041168213]
[0.5757018327713013, 0.5986462831497192, 0.40673893690109253, 0.25779804587364197, 0.5756511092185974]
[0.5404577851295471, 0.571887731552124, 0.44309863448143005, 0.28378841280937195, 0.5394868850708008]
[0.45582282543182373, 0.5230445861816406, 0.46312862634658813, 0.34793421626091003, 0.5075780153274536]
[0.4496651589870453, 0.5725740790367126, 0.4399685859680176, 0.3284509479999542, 0.5138782858848572]
[0.4999607801437378, 0.5616692900657654, 0.4501468539237976, 0.30656251311302185, 0.536317765712738]
[0.6421001553535461, 0.5494706034660339, 0.39596325159072876, 0.26348981261253357, 0.6189642548561096]
[0.37164053320884705, 0.5298406481742859, 0.48028215765953064, 0.3692041039466858, 0.42672738432884216]
[0.5340514779090881, 0.573930025100708, 0.42731234431266785, 0.2856982350349426, 0.5477467179298401]
[0.441765159368515, 0.5675807595252991, 0.47527578473091125, 0.3143783509731293, 0.4999295473098755]
[0.4466648995876312, 0.5663117170333862, 0.46050557494163513, 0.30068808794021606, 0.5049324035644531]
[0.5193629860877991, 0.5856478810310364, 0.41173920035362244, 0.282301664352417, 0.5441094636917114]
[0.45582282543182373, 0.5230445861816406, 0.46312862634658813, 0.34793421626091003, 0.5075780153274536]
[0.4309813976287842, 0.556965708732605, 0.47723111510276794, 0.33423975110054016, 0.5042547583580017]
[0.5492154955863953, 0.5723175406455994, 0.4199623167514801, 0.2712785005569458, 0.5401818156242371]
[0.4593190550804138, 0.5885072350502014, 0.44315052032470703, 0.2837253212928772, 0.5286889672279358]
[0.47468528151512146, 0.5695866942405701, 0.44786521792411804, 0.2939053475856781, 0.5262553691864014]
[0.49840229749679565, 0.5610669851303101, 0.4248209595680237, 0.2964869439601898, 0.519306480884552]
[0.637538731098175, 0.556042492389679, 0.38402020931243896, 0.2511018216609955, 0.6137459874153137]
[0.4846815764904022, 0.5685575008392334, 0.43891218304634094, 0.293765127658844, 0.5323963761329651]
[0.5565854907035828, 0.6041545867919922, 0.41048550605773926, 0.2656852602958679, 0.5537036061286926]
[0.44662541151046753, 0.5428743958473206, 0.4705806374549866, 0.3370397090911865, 0.5036404132843018]
[0.5189154148101807, 0.5791013240814209, 0.42966070771217346, 0.2968408763408661, 0.5290507078170776]
[0.5292956233024597, 0.5824703574180603, 0.41543087363243103, 0.25649410486221313, 0.5487378835678101]
[0.5234364867210388, 0.5735157132148743, 0.41952186822891235, 0.2637517750263214, 0.5425377488136292]
[0.49797865748405457, 0.5750479698181152, 0.4143703877925873, 0.2867969870567322, 0.5347045660018921]
[0.5073153972625732, 0.5636858344078064, 0.43355366587638855, 0.2918909192085266, 0.4890875220298767]
[0.5279266834259033, 0.5441082715988159, 0.4609333574771881, 0.2938336730003357, 0.5295794606208801]
[0.46145784854888916, 0.5787398219108582, 0.45137766003608704, 0.30032962560653687, 0.50689297914505]
[0.4988829493522644, 0.5432448983192444, 0.4738525450229645, 0.3498609662055969, 0.5446498990058899]
[0.5008347034454346, 0.5665069818496704, 0.42971310019493103, 0.30886363983154297, 0.5319042205810547]
[0.4840286672115326, 0.5417066216468811, 0.46724778413772583, 0.3504980802536011, 0.4871492087841034]
[0.48084697127342224, 0.5214202404022217, 0.44064220786094666, 0.3279149830341339, 0.47898516058921814]
[0.557331919670105, 0.5493040084838867, 0.4268723726272583, 0.2827431857585907, 0.4941250681877136]
