1
文章道歉与高晓松老师的道歉书惊人相似，这难道是一种新文体正在崛起吗！
[0.5200079679489136, 0.5254875421524048, 0.4631476104259491, 0.33741945028305054, 0.5323601961135864]
[0.49975526332855225, 0.5874056220054626, 0.4230498969554901, 0.27203112840652466, 0.5168728828430176]
[0.48216909170150757, 0.540302574634552, 0.45468223094940186, 0.3330431878566742, 0.49388638138771057]
[0.43843716382980347, 0.5501427054405212, 0.4584742486476898, 0.3142523765563965, 0.44327014684677124]
[0.4695826768875122, 0.543393611907959, 0.45777714252471924, 0.30379146337509155, 0.4781968295574188]
[0.515039324760437, 0.577570915222168, 0.42854437232017517, 0.2780945897102356, 0.5080845355987549]
[0.4907926917076111, 0.5637834668159485, 0.4414612948894501, 0.2947947084903717, 0.49108949303627014]
[0.49361076951026917, 0.5719076991081238, 0.44152677059173584, 0.3084796071052551, 0.5020621418952942]
[0.5443709492683411, 0.527338445186615, 0.44126999378204346, 0.30902403593063354, 0.5388850569725037]
[0.5507805943489075, 0.5678315162658691, 0.4245300590991974, 0.2863810360431671, 0.5594326853752136]
[0.509770929813385, 0.564732015132904, 0.43221819400787354, 0.3264245390892029, 0.5134978890419006]
[0.5117092728614807, 0.5481817722320557, 0.4273361563682556, 0.28611496090888977, 0.5418931841850281]
[0.5268816351890564, 0.5746033787727356, 0.45918670296669006, 0.2730390429496765, 0.5197311639785767]
[0.38996320962905884, 0.558252215385437, 0.4609551727771759, 0.32538148760795593, 0.46175435185432434]
[0.46426358819007874, 0.5764009356498718, 0.441551148891449, 0.29463937878608704, 0.5220633745193481]
[0.5200562477111816, 0.5674431324005127, 0.42208513617515564, 0.2867871820926666, 0.5241500735282898]
[0.5701329112052917, 0.5824943780899048, 0.417285293340683, 0.280538946390152, 0.5815860033035278]
[0.5472614765167236, 0.5557997822761536, 0.4531509578227997, 0.2934519052505493, 0.5311667919158936]
[0.5273889899253845, 0.5830086469650269, 0.42639046907424927, 0.27675437927246094, 0.5435696244239807]
[0.47033804655075073, 0.5736786723136902, 0.42365071177482605, 0.29779985547065735, 0.5107510089874268]
[0.49963119626045227, 0.5716315507888794, 0.4417634904384613, 0.28887104988098145, 0.5205256938934326]
[0.49555298686027527, 0.570673942565918, 0.4313119649887085, 0.2879068851470947, 0.5146951675415039]
[0.5700681805610657, 0.5890829563140869, 0.40091678500175476, 0.25231239199638367, 0.574567437171936]
[0.49961572885513306, 0.5801370143890381, 0.428300678730011, 0.3071354627609253, 0.5087882876396179]
[0.5672064423561096, 0.5855915546417236, 0.38483723998069763, 0.24524757266044617, 0.5658156275749207]
[0.5473694801330566, 0.5860636234283447, 0.40452632308006287, 0.27121227979660034, 0.5378698110580444]
[0.4035619795322418, 0.5630075931549072, 0.43835076689720154, 0.29424363374710083, 0.4609862267971039]
[0.5672064423561096, 0.5855915546417236, 0.38483723998069763, 0.24524757266044617, 0.5658156275749207]
[0.5132670402526855, 0.5934965014457703, 0.4420536458492279, 0.27757078409194946, 0.5219869613647461]
[0.5126591920852661, 0.5759720802307129, 0.4152299463748932, 0.2810848355293274, 0.5174343585968018]
[0.4700291156768799, 0.5854644775390625, 0.4406273066997528, 0.28561773896217346, 0.5059413313865662]
[0.5272379517555237, 0.5158418416976929, 0.47807005047798157, 0.3295128047466278, 0.5145265460014343]
[0.390807569026947, 0.5506576299667358, 0.47494933009147644, 0.35429641604423523, 0.45999762415885925]
[0.4172959625720978, 0.5665488839149475, 0.44571924209594727, 0.30748218297958374, 0.4648509919643402]
[0.5245789885520935, 0.5904260277748108, 0.42689287662506104, 0.2660064101219177, 0.551939845085144]
[0.4113876223564148, 0.5572245121002197, 0.44702842831611633, 0.30474838614463806, 0.4448643624782562]
[0.4965403378009796, 0.5949342250823975, 0.4288305342197418, 0.2752038240432739, 0.5464360117912292]
[0.544654369354248, 0.5751135945320129, 0.4329862892627716, 0.3016337454319, 0.5375339388847351]
[0.311362624168396, 0.5177940130233765, 0.49286434054374695, 0.3304446339607239, 0.4229799509048462]
[0.5425806641578674, 0.5305441617965698, 0.45761847496032715, 0.34315651655197144, 0.49901875853538513]
[0.5247333645820618, 0.5702114701271057, 0.4302571713924408, 0.26936599612236023, 0.5396215915679932]
[0.4628382921218872, 0.548763632774353, 0.46232369542121887, 0.3161556124687195, 0.4932565987110138]
[0.4647884666919708, 0.5746517181396484, 0.4391167163848877, 0.3061528205871582, 0.48443111777305603]
[0.5336452126502991, 0.5650485754013062, 0.4366711974143982, 0.3096529543399811, 0.5258674621582031]
[0.48552006483078003, 0.5836248993873596, 0.4626850187778473, 0.2966872751712799, 0.542863130569458]
[0.5488013625144958, 0.5761512517929077, 0.39298930764198303, 0.24330608546733856, 0.5630409717559814]
[0.6070957779884338, 0.5327996611595154, 0.4000113308429718, 0.24727439880371094, 0.5886021256446838]
[0.5503714680671692, 0.5632368922233582, 0.4428928792476654, 0.31079182028770447, 0.5281711220741272]
[0.5034005641937256, 0.556563138961792, 0.42018383741378784, 0.2550112307071686, 0.5267053246498108]
[0.4249514639377594, 0.564417839050293, 0.4415294826030731, 0.3094896078109741, 0.464533269405365]
[0.311362624168396, 0.5177940130233765, 0.49286434054374695, 0.3304446339607239, 0.4229799509048462]
[0.5561915040016174, 0.5545161366462708, 0.40490907430648804, 0.2619001567363739, 0.5752713680267334]
[0.526818037033081, 0.5771987438201904, 0.4118644595146179, 0.28154298663139343, 0.5504398941993713]
[0.4635699689388275, 0.5531830787658691, 0.4598168432712555, 0.3412379026412964, 0.5139813423156738]
[0.4666755497455597, 0.5950424671173096, 0.45272740721702576, 0.2865021526813507, 0.4908199608325958]
[0.4487622082233429, 0.5716210603713989, 0.4600348174571991, 0.3031274080276489, 0.45275557041168213]
[0.5557845830917358, 0.5606265664100647, 0.3993346095085144, 0.2867364287376404, 0.5489994287490845]
[0.4826684594154358, 0.562371015548706, 0.46447786688804626, 0.3206053674221039, 0.5166130661964417]
[0.50274258852005, 0.5650867819786072, 0.4426104426383972, 0.3302800953388214, 0.5630642771720886]
[0.440360426902771, 0.5410508513450623, 0.46230921149253845, 0.3486434519290924, 0.48600682616233826]
[0.5262224078178406, 0.5997490882873535, 0.41775673627853394, 0.25579312443733215, 0.5406642556190491]
[0.40029555559158325, 0.5611095428466797, 0.4607175588607788, 0.3276160657405853, 0.4391282796859741]
[0.38126417994499207, 0.5432004332542419, 0.44116687774658203, 0.31551575660705566, 0.3994114100933075]
[0.5448626279830933, 0.5767202377319336, 0.4106374979019165, 0.24518992006778717, 0.565157413482666]
