1
【因生化武器，马航MH370航班被美军俘获到海军基地】俄罗斯证实，因为飞机上可能有生化武器，MH370被美军劫持到了印度洋的迭戈加西亚海军基地，美国的核武或生化武器被盗抢（护送两人被杀）上了370。该消息是14号出来的，中国、马来西亚、美国知道，但不让公众知道，怕引起恐慌。
[0.48320260643959045, 0.5283210873603821, 0.5288280844688416, 0.3771187663078308, 0.49014419317245483]
[0.5455527901649475, 0.5319489240646362, 0.43737342953681946, 0.32364678382873535, 0.5528711676597595]
[0.4526527225971222, 0.5649469494819641, 0.4365854561328888, 0.27667656540870667, 0.49593496322631836]
[0.535921037197113, 0.5964357852935791, 0.4199274182319641, 0.27324655652046204, 0.5504410862922668]
[0.49568793177604675, 0.5288029909133911, 0.516581118106842, 0.357130229473114, 0.4978125989437103]
[0.5049093961715698, 0.557354748249054, 0.4665001630783081, 0.2994709312915802, 0.5158975720405579]
[0.5309349298477173, 0.586754322052002, 0.41087764501571655, 0.2705017924308777, 0.5397055149078369]
[0.4573924243450165, 0.5727974772453308, 0.43175017833709717, 0.28488120436668396, 0.4909006357192993]
[0.5040035247802734, 0.5719863772392273, 0.43091994524002075, 0.27657848596572876, 0.5261465907096863]
[0.5023081302642822, 0.5847863554954529, 0.42803701758384705, 0.29812997579574585, 0.5074578523635864]
[0.5202860832214355, 0.5624279379844666, 0.43131592869758606, 0.29892951250076294, 0.5479917526245117]
[0.5460049510002136, 0.5726022720336914, 0.43460002541542053, 0.2881125807762146, 0.5500454306602478]
