1
#文章抄袭#听说 道歉贴是抄袭 的，这是什么节奏啊，我只想对你说:"文章同学你肥皂掉了……"#周一见#
[0.5388820767402649, 0.5341917276382446, 0.4413566589355469, 0.3186795115470886, 0.5436321496963501]
[0.4424627423286438, 0.5620871782302856, 0.4577568769454956, 0.3003411889076233, 0.4914865493774414]
[0.43928033113479614, 0.5755216479301453, 0.43812182545661926, 0.28464990854263306, 0.4676651954650879]
[0.5404385924339294, 0.5889279842376709, 0.41667190194129944, 0.2749110162258148, 0.5421492457389832]
[0.5011098980903625, 0.5717138051986694, 0.44492867588996887, 0.304190069437027, 0.5211780667304993]
[0.4258504807949066, 0.5629512071609497, 0.43266189098358154, 0.30829745531082153, 0.4841783046722412]
[0.4752258062362671, 0.5691908001899719, 0.4391210675239563, 0.3077876567840576, 0.4840574860572815]
[0.5126198530197144, 0.5889900326728821, 0.41939878463745117, 0.2652363181114197, 0.5324208736419678]
[0.5149213075637817, 0.5745115280151367, 0.4294396936893463, 0.2818833291530609, 0.5206738114356995]
[0.5274761319160461, 0.5862288475036621, 0.44593533873558044, 0.278637558221817, 0.5687153339385986]
[0.47830817103385925, 0.548633873462677, 0.47144651412963867, 0.340615838766098, 0.5070064067840576]
[0.41925451159477234, 0.5672967433929443, 0.43470388650894165, 0.29972872138023376, 0.46071305871009827]
[0.445568323135376, 0.5520716905593872, 0.4687888026237488, 0.31546398997306824, 0.46976134181022644]
[0.555661678314209, 0.5742875337600708, 0.4057065546512604, 0.2798537015914917, 0.561043918132782]
[0.5013487339019775, 0.5485764145851135, 0.4529431164264679, 0.29632049798965454, 0.4984525144100189]
[0.5404128432273865, 0.5823633670806885, 0.4184034764766693, 0.2794688045978546, 0.539771318435669]
[0.4351275861263275, 0.5721644163131714, 0.4462940990924835, 0.299559623003006, 0.46439239382743835]
[0.5529460906982422, 0.5723884701728821, 0.43750932812690735, 0.31070104241371155, 0.5492766499519348]
[0.5452056527137756, 0.5877360105514526, 0.4270191788673401, 0.27896836400032043, 0.5650746822357178]
[0.5130751729011536, 0.5541683435440063, 0.4584014415740967, 0.3225119113922119, 0.510847270488739]
[0.5653793215751648, 0.582434892654419, 0.39132294058799744, 0.2585252821445465, 0.5461805462837219]
[0.5098788738250732, 0.5293807983398438, 0.4357965290546417, 0.29408422112464905, 0.5280537605285645]
[0.5156615972518921, 0.594799816608429, 0.41778939962387085, 0.27529168128967285, 0.5269239544868469]
[0.5072802901268005, 0.572063684463501, 0.429187148809433, 0.28167957067489624, 0.5351081490516663]
[0.3782840073108673, 0.5389696955680847, 0.4740321636199951, 0.3278173804283142, 0.4311939775943756]
[0.5215031504631042, 0.5798301696777344, 0.42202314734458923, 0.28602662682533264, 0.5048967599868774]
[0.4369978904724121, 0.5697925090789795, 0.4680739641189575, 0.3269839882850647, 0.4841483533382416]
[0.46546560525894165, 0.5794047713279724, 0.44330212473869324, 0.30024731159210205, 0.5045672655105591]
[0.5086286664009094, 0.582311749458313, 0.41990426182746887, 0.2794366478919983, 0.5286546945571899]
[0.47286456823349, 0.5592020153999329, 0.47463762760162354, 0.3385721743106842, 0.4631402790546417]
[0.4487622082233429, 0.5716210603713989, 0.4600348174571991, 0.3031274080276489, 0.45275557041168213]
[0.47454941272735596, 0.543748140335083, 0.4983668327331543, 0.3416913151741028, 0.5215778350830078]
[0.5351519584655762, 0.5911790132522583, 0.4027073383331299, 0.2727220058441162, 0.530842125415802]
[0.533519983291626, 0.5865700244903564, 0.43535563349723816, 0.27838966250419617, 0.5452288389205933]
[0.4507982134819031, 0.5596508979797363, 0.44439199566841125, 0.3025752902030945, 0.4797382056713104]
[0.5552852153778076, 0.5857468843460083, 0.4001559317111969, 0.27149248123168945, 0.5646634697914124]
[0.531802237033844, 0.6037121415138245, 0.43624773621559143, 0.28550270199775696, 0.5161435008049011]
[0.5099216103553772, 0.5813453197479248, 0.4352147579193115, 0.30117499828338623, 0.5280439257621765]
[0.5859578847885132, 0.5792927145957947, 0.3882008194923401, 0.2428981214761734, 0.5909410715103149]
[0.502580463886261, 0.5549973249435425, 0.4466715455055237, 0.31005018949508667, 0.5399396419525146]
[0.48379552364349365, 0.5937032699584961, 0.41920071840286255, 0.2830924987792969, 0.4925927221775055]
[0.5559596419334412, 0.5799058079719543, 0.4252992272377014, 0.26798734068870544, 0.5332201719284058]
[0.4742569625377655, 0.5665632486343384, 0.44148510694503784, 0.2697412371635437, 0.4987768232822418]
[0.4651336967945099, 0.5885234475135803, 0.4465029835700989, 0.30154767632484436, 0.45607948303222656]
[0.49193596839904785, 0.5727667808532715, 0.4322581887245178, 0.27146896719932556, 0.5252441167831421]
[0.4644559323787689, 0.5655761361122131, 0.48253875970840454, 0.31207913160324097, 0.47508928179740906]
[0.5333217978477478, 0.5415804386138916, 0.44194671511650085, 0.2933718264102936, 0.5355426073074341]
[0.5701491832733154, 0.5636695623397827, 0.4205069839954376, 0.2816920876502991, 0.5456302165985107]
[0.567682147026062, 0.5715420842170715, 0.4005611538887024, 0.27607178688049316, 0.5428556203842163]
[0.5126591920852661, 0.5759720802307129, 0.4152299463748932, 0.2810848355293274, 0.5174343585968018]
[0.43738415837287903, 0.5719547271728516, 0.43069174885749817, 0.28993654251098633, 0.5091231465339661]
[0.40867510437965393, 0.561607301235199, 0.43446579575538635, 0.291524738073349, 0.47365766763687134]
[0.5002716779708862, 0.5793745517730713, 0.44470393657684326, 0.2777121663093567, 0.5219133496284485]
[0.4844492971897125, 0.5855279564857483, 0.4247085154056549, 0.29237931966781616, 0.5023525357246399]
[0.5456764698028564, 0.5662904977798462, 0.39729946851730347, 0.2662663757801056, 0.5549599528312683]
[0.4811188876628876, 0.5677440762519836, 0.4291425943374634, 0.2942923605442047, 0.5037321448326111]
[0.4507013261318207, 0.528215229511261, 0.5132725834846497, 0.3253168761730194, 0.4848509430885315]
[0.48253074288368225, 0.5734789371490479, 0.45528915524482727, 0.3027886152267456, 0.5189098715782166]
[0.48919031023979187, 0.562111496925354, 0.4441926181316376, 0.3039608299732208, 0.5180703997612]
[0.5193695425987244, 0.5658002495765686, 0.42434781789779663, 0.28426507115364075, 0.5241642594337463]
[0.508573591709137, 0.5182031393051147, 0.48181188106536865, 0.3653894066810608, 0.5080260038375854]
[0.5141702890396118, 0.574151337146759, 0.4412098526954651, 0.2834239900112152, 0.5169320702552795]
[0.47850358486175537, 0.5537846684455872, 0.44936907291412354, 0.30208688974380493, 0.5079726576805115]
[0.46259841322898865, 0.5467911958694458, 0.4532322883605957, 0.33694222569465637, 0.4709542691707611]
[0.48379552364349365, 0.5937032699584961, 0.41920071840286255, 0.2830924987792969, 0.4925927221775055]
[0.44700106978416443, 0.5765718817710876, 0.46727830171585083, 0.2899154722690582, 0.46226397156715393]
[0.49975526332855225, 0.5874056220054626, 0.4230498969554901, 0.27203112840652466, 0.5168728828430176]
[0.47464901208877563, 0.5482519865036011, 0.4223734140396118, 0.31958290934562683, 0.5004016160964966]
[0.5119377970695496, 0.5847818851470947, 0.416146844625473, 0.2916679084300995, 0.512735903263092]
[0.4636889398097992, 0.5723919868469238, 0.42675384879112244, 0.28586307168006897, 0.5185503363609314]
[0.5058202147483826, 0.5495039224624634, 0.4447791576385498, 0.29102835059165955, 0.5226721167564392]
[0.5049668550491333, 0.5766445398330688, 0.45077407360076904, 0.2987528443336487, 0.5541545748710632]
[0.45447930693626404, 0.5773760080337524, 0.45036381483078003, 0.3124266266822815, 0.47237440943717957]
[0.4857187271118164, 0.5516254305839539, 0.44029852747917175, 0.3401051461696625, 0.5176610946655273]
[0.5217447876930237, 0.5772979855537415, 0.4279271066188812, 0.28420087695121765, 0.532067060470581]
[0.46661871671676636, 0.5836977958679199, 0.436079204082489, 0.27481111884117126, 0.4732847213745117]
[0.47961509227752686, 0.5843818783760071, 0.44992485642433167, 0.33536478877067566, 0.496560662984848]
[0.4825313091278076, 0.5803935527801514, 0.45230862498283386, 0.31167471408843994, 0.5009760856628418]
[0.4752258062362671, 0.5691908001899719, 0.4391210675239563, 0.3077876567840576, 0.4840574860572815]
[0.45797958970069885, 0.5809260606765747, 0.4358634650707245, 0.29777786135673523, 0.49394798278808594]
[0.5173768401145935, 0.5653728246688843, 0.45033228397369385, 0.332800954580307, 0.5306177735328674]
[0.4963049590587616, 0.5704965591430664, 0.4594798982143402, 0.30865129828453064, 0.5315163135528564]
[0.5279020071029663, 0.5662530660629272, 0.42470496892929077, 0.2882758677005768, 0.5529429316520691]
[0.5708593726158142, 0.5666177272796631, 0.40925121307373047, 0.2809031307697296, 0.5418026447296143]
[0.5597169399261475, 0.5845843553543091, 0.4199238419532776, 0.2491338551044464, 0.5475502014160156]
[0.38163912296295166, 0.5513741970062256, 0.44727200269699097, 0.30276602506637573, 0.4415813684463501]
[0.49091729521751404, 0.557163417339325, 0.4368801712989807, 0.2997487485408783, 0.51031494140625]
[0.5549101829528809, 0.5840453505516052, 0.4200730621814728, 0.2778835594654083, 0.5530913472175598]
[0.5286493301391602, 0.5675293207168579, 0.43143749237060547, 0.3230286240577698, 0.5584598779678345]
[0.4838952124118805, 0.5518760085105896, 0.4641699194908142, 0.3119637072086334, 0.5069422721862793]
[0.4898737072944641, 0.5873187780380249, 0.414534330368042, 0.2824305593967438, 0.5078914165496826]
[0.5067296028137207, 0.5583332777023315, 0.4448140561580658, 0.31587138772010803, 0.49646320939064026]
[0.4409523010253906, 0.5421320796012878, 0.5154737234115601, 0.407022088766098, 0.5029569268226624]
[0.46112048625946045, 0.5824236869812012, 0.4270058274269104, 0.27731695771217346, 0.5040820240974426]
[0.39314430952072144, 0.539711594581604, 0.4727781116962433, 0.31192725896835327, 0.4452493488788605]
[0.4487622082233429, 0.5716210603713989, 0.4600348174571991, 0.3031274080276489, 0.45275557041168213]
[0.5193629860877991, 0.5856478810310364, 0.41173920035362244, 0.282301664352417, 0.5441094636917114]
[0.5788727402687073, 0.5697836875915527, 0.3958682417869568, 0.25606074929237366, 0.592049241065979]
[0.46336254477500916, 0.5754410624504089, 0.4339050054550171, 0.28968629240989685, 0.48342350125312805]
[0.5774304270744324, 0.6065936088562012, 0.41549786925315857, 0.2480234056711197, 0.5604559779167175]
[0.4246579110622406, 0.5703039765357971, 0.4269188940525055, 0.28313589096069336, 0.4920544922351837]
