1
文章和高晓松是一个老师教出来的吗？写的悔过书那么一致！？
[0.4634159803390503, 0.5331068634986877, 0.48838579654693604, 0.33482667803764343, 0.47000980377197266]
[0.5149849057197571, 0.5478134155273438, 0.43120819330215454, 0.29062148928642273, 0.523749828338623]
[0.5333322286605835, 0.5482860803604126, 0.43335944414138794, 0.2881261110305786, 0.5375998020172119]
[0.5580220222473145, 0.5318891406059265, 0.4654434025287628, 0.2841268479824066, 0.5490199327468872]
[0.5070725679397583, 0.5795678496360779, 0.4309682846069336, 0.25872695446014404, 0.538472592830658]
[0.5653747320175171, 0.5958674550056458, 0.410073459148407, 0.2521335780620575, 0.5308053493499756]
[0.3967563211917877, 0.5523135662078857, 0.45248907804489136, 0.2814273238182068, 0.4605640769004822]
[0.4670102298259735, 0.5894189476966858, 0.45403435826301575, 0.29891437292099, 0.5034512281417847]
[0.48778173327445984, 0.5509694814682007, 0.43106839060783386, 0.2971770167350769, 0.5340133905410767]
[0.503111720085144, 0.5981176495552063, 0.4219866394996643, 0.2631489634513855, 0.5296003818511963]
[0.46806320548057556, 0.5655168890953064, 0.4409847557544708, 0.3062385320663452, 0.49811479449272156]
[0.46146151423454285, 0.5381019711494446, 0.46227964758872986, 0.3434523046016693, 0.4720519781112671]
[0.4054558277130127, 0.5380728840827942, 0.4784899950027466, 0.3455052077770233, 0.4800731837749481]
[0.5347719192504883, 0.571618914604187, 0.4114575982093811, 0.282064825296402, 0.5656989216804504]
[0.49555298686027527, 0.570673942565918, 0.4313119649887085, 0.2879068851470947, 0.5146951675415039]
[0.4664803147315979, 0.5776234269142151, 0.4685322046279907, 0.32745346426963806, 0.4845598042011261]
[0.4124125838279724, 0.5704016089439392, 0.45826706290245056, 0.30610230565071106, 0.4656345844268799]
[0.5297397971153259, 0.5905340313911438, 0.4249192476272583, 0.2759493589401245, 0.5423141717910767]
[0.47504425048828125, 0.5676188468933105, 0.4419059157371521, 0.2712874114513397, 0.5114828944206238]
[0.5565683841705322, 0.5759902000427246, 0.40217503905296326, 0.24753646552562714, 0.5621800422668457]
[0.5422282814979553, 0.5863180160522461, 0.40551844239234924, 0.2753317654132843, 0.556081235408783]
[0.4656215012073517, 0.5604749917984009, 0.4429551362991333, 0.28478169441223145, 0.5105777978897095]
[0.458941787481308, 0.5734103322029114, 0.4561726450920105, 0.31020718812942505, 0.48581063747406006]
[0.5392138957977295, 0.5823938250541687, 0.4261903762817383, 0.27492547035217285, 0.5122859477996826]
[0.4617270827293396, 0.5694071054458618, 0.45798763632774353, 0.2844363749027252, 0.4993147850036621]
[0.5097667574882507, 0.584388792514801, 0.4076913893222809, 0.2806084454059601, 0.535638153553009]
[0.5446072816848755, 0.5463484525680542, 0.42254361510276794, 0.2862708270549774, 0.49928969144821167]
[0.48379552364349365, 0.5937032699584961, 0.41920071840286255, 0.2830924987792969, 0.4925927221775055]
[0.4368196725845337, 0.5713163614273071, 0.4511304795742035, 0.2985065281391144, 0.5055200457572937]
[0.5193629860877991, 0.5856478810310364, 0.41173920035362244, 0.282301664352417, 0.5441094636917114]
[0.35490691661834717, 0.5338892936706543, 0.46071913838386536, 0.3440655469894409, 0.45014214515686035]
[0.5280088782310486, 0.5882899761199951, 0.40665316581726074, 0.2517428696155548, 0.5645555853843689]
[0.4601583778858185, 0.5569825172424316, 0.43366456031799316, 0.28262367844581604, 0.4811093807220459]
[0.5894338488578796, 0.5861788988113403, 0.3948378562927246, 0.25692614912986755, 0.5739879608154297]
[0.4487622082233429, 0.5716210603713989, 0.4600348174571991, 0.3031274080276489, 0.45275557041168213]
[0.5520055890083313, 0.5806531310081482, 0.38850775361061096, 0.2511677145957947, 0.557327926158905]
[0.4826885759830475, 0.5550588965415955, 0.4403625428676605, 0.3085179924964905, 0.5239884257316589]
[0.5187511444091797, 0.5657637715339661, 0.4381132125854492, 0.2819228768348694, 0.518878698348999]
[0.5132670402526855, 0.5934965014457703, 0.4420536458492279, 0.27757078409194946, 0.5219869613647461]
[0.4224350154399872, 0.5765965580940247, 0.4299887716770172, 0.2747103273868561, 0.4951278865337372]
[0.4694518446922302, 0.5703734159469604, 0.4240267276763916, 0.29674991965293884, 0.47446855902671814]
[0.5312179327011108, 0.583070695400238, 0.4142923951148987, 0.25005796551704407, 0.5328344702720642]
[0.5255360007286072, 0.5735156536102295, 0.4134911894798279, 0.2834680378437042, 0.5365626215934753]
[0.5040035247802734, 0.5719863772392273, 0.43091994524002075, 0.27657848596572876, 0.5261465907096863]
[0.48379552364349365, 0.5937032699584961, 0.41920071840286255, 0.2830924987792969, 0.4925927221775055]
[0.514604926109314, 0.5699701309204102, 0.42710965871810913, 0.2785705327987671, 0.5280840396881104]
[0.520020604133606, 0.5641024708747864, 0.4419361650943756, 0.29610833525657654, 0.5244525074958801]
[0.5001099109649658, 0.5631083250045776, 0.41920775175094604, 0.2896673083305359, 0.5115642547607422]
[0.5203079581260681, 0.576786458492279, 0.44981226325035095, 0.2967410385608673, 0.5210326313972473]
[0.5192449688911438, 0.5848113894462585, 0.4056784212589264, 0.2704569101333618, 0.5460665225982666]
[0.512782096862793, 0.5591505169868469, 0.4191247820854187, 0.2738249897956848, 0.5499448776245117]
[0.5653793215751648, 0.582434892654419, 0.39132294058799744, 0.2585252821445465, 0.5461805462837219]
[0.4617817997932434, 0.5818564295768738, 0.44033902883529663, 0.30610066652297974, 0.5102043151855469]
[0.5132416486740112, 0.5765411257743835, 0.4204089343547821, 0.2780870497226715, 0.5275075435638428]
[0.5314468145370483, 0.5532052516937256, 0.4313245117664337, 0.2924846112728119, 0.5367624759674072]
[0.47255194187164307, 0.5253388285636902, 0.43664249777793884, 0.29181742668151855, 0.5073496103286743]
[0.5653793215751648, 0.582434892654419, 0.39132294058799744, 0.2585252821445465, 0.5461805462837219]
[0.5354865789413452, 0.5888907313346863, 0.41922876238822937, 0.2605830132961273, 0.5253303050994873]
