1
说个笑话。话说MH370航班的黑匣子被探测落在了南太平洋4000米至6000米深的海沟后，号称能下潜到7000米的蛟龙号官方微博 立刻删光了之前的所有微博。亲，你能告诉我吗？
[0.5452086925506592, 0.5538588166236877, 0.43960556387901306, 0.27265918254852295, 0.5748806595802307]
[0.5407167077064514, 0.6046335101127625, 0.4269522726535797, 0.2638828754425049, 0.5547890663146973]
[0.49082279205322266, 0.5958037972450256, 0.4326179027557373, 0.27739277482032776, 0.5028849244117737]
[0.5272835493087769, 0.5530595183372498, 0.43621671199798584, 0.28278836607933044, 0.5330339670181274]
[0.4666755497455597, 0.5950424671173096, 0.45272740721702576, 0.2865021526813507, 0.4908199608325958]
[0.4943488836288452, 0.5794080495834351, 0.45046231150627136, 0.3026729226112366, 0.5162308216094971]
[0.5660334229469299, 0.5774785876274109, 0.3854145109653473, 0.22787724435329437, 0.5782431364059448]
[0.5407167077064514, 0.6046335101127625, 0.4269522726535797, 0.2638828754425049, 0.5547890663146973]
[0.4623233675956726, 0.5576680302619934, 0.4395587146282196, 0.31203991174697876, 0.48609796166419983]
[0.5281842947006226, 0.5951911807060242, 0.4253140091896057, 0.2793746888637543, 0.5231402516365051]
[0.5552852153778076, 0.5857468843460083, 0.4001559317111969, 0.27149248123168945, 0.5646634697914124]
[0.5272931456565857, 0.585052490234375, 0.4271955192089081, 0.291403204202652, 0.5201905369758606]
[0.5418775081634521, 0.5908540487289429, 0.3905538022518158, 0.2561890482902527, 0.5599690079689026]
[0.48242273926734924, 0.5776199102401733, 0.4685738682746887, 0.30644598603248596, 0.48873576521873474]
[0.49685585498809814, 0.5747144818305969, 0.40445953607559204, 0.2781429886817932, 0.5069384574890137]
[0.49723076820373535, 0.5689234733581543, 0.4573805034160614, 0.31520670652389526, 0.5179137587547302]
[0.49353963136672974, 0.5589619278907776, 0.48641589283943176, 0.31682083010673523, 0.5233702659606934]
[0.544684648513794, 0.5841994881629944, 0.39237093925476074, 0.2722155451774597, 0.5323870182037354]
[0.5422282814979553, 0.5863180160522461, 0.40551844239234924, 0.2753317654132843, 0.556081235408783]
[0.4820712208747864, 0.5603840947151184, 0.4573996365070343, 0.28831741213798523, 0.5177801251411438]
[0.48719990253448486, 0.5685731172561646, 0.43696361780166626, 0.2848963439464569, 0.5115099549293518]
[0.5774921178817749, 0.5778618454933167, 0.41068825125694275, 0.27888819575309753, 0.5903589725494385]
[0.5624475479125977, 0.5874708294868469, 0.40071728825569153, 0.24081064760684967, 0.5691577792167664]
[0.5268816351890564, 0.5746033787727356, 0.45918670296669006, 0.2730390429496765, 0.5197311639785767]
[0.5534160733222961, 0.5688063502311707, 0.40863755345344543, 0.2738642692565918, 0.5480135083198547]
[0.42441490292549133, 0.5676126480102539, 0.4618966281414032, 0.3119684159755707, 0.45158058404922485]
[0.40513813495635986, 0.5482957363128662, 0.4507468044757843, 0.31642448902130127, 0.4877735674381256]
[0.48349136114120483, 0.5556326508522034, 0.4514460563659668, 0.2921435236930847, 0.4960247576236725]
[0.4189792573451996, 0.521721363067627, 0.5200252532958984, 0.36068034172058105, 0.5011202096939087]
[0.5126591920852661, 0.5759720802307129, 0.4152299463748932, 0.2810848355293274, 0.5174343585968018]
[0.48401471972465515, 0.5405434966087341, 0.4775852859020233, 0.33663734793663025, 0.47581711411476135]
[0.5578582286834717, 0.5739797353744507, 0.42820343375205994, 0.2730461657047272, 0.5764755606651306]
[0.5110832452774048, 0.5714855790138245, 0.42022058367729187, 0.2765448987483978, 0.526911735534668]
[0.6314446926116943, 0.5596553683280945, 0.38216057419776917, 0.24828824400901794, 0.6096954941749573]
[0.5563511252403259, 0.5993515253067017, 0.40691447257995605, 0.26003363728523254, 0.5442060232162476]
[0.46495693922042847, 0.5336769223213196, 0.4305505156517029, 0.28403082489967346, 0.52386474609375]
[0.39213255047798157, 0.5620205998420715, 0.4641587734222412, 0.29670584201812744, 0.44038063287734985]
[0.47982293367385864, 0.5651090145111084, 0.4287565350532532, 0.2575148940086365, 0.5090175867080688]
[0.49766555428504944, 0.5529469847679138, 0.43299752473831177, 0.31711140275001526, 0.5095652937889099]
[0.46549102663993835, 0.5656450390815735, 0.4109962582588196, 0.28855302929878235, 0.48300936818122864]
[0.5557893514633179, 0.5703526735305786, 0.42082417011260986, 0.27845948934555054, 0.5535669326782227]
[0.4687269926071167, 0.5654131174087524, 0.4436491131782532, 0.27831196784973145, 0.5093172192573547]
[0.4487622082233429, 0.5716210603713989, 0.4600348174571991, 0.3031274080276489, 0.45275557041168213]
[0.5647109746932983, 0.5840674638748169, 0.40618661046028137, 0.25095680356025696, 0.5652378797531128]
[0.5033650994300842, 0.5596768856048584, 0.44565922021865845, 0.30707693099975586, 0.5085698366165161]
[0.5090830326080322, 0.5808256268501282, 0.4233187139034271, 0.27528664469718933, 0.5415712594985962]
[0.5604761838912964, 0.5841104984283447, 0.40728065371513367, 0.25494664907455444, 0.5572752952575684]
[0.42520055174827576, 0.574787437915802, 0.45887884497642517, 0.29648056626319885, 0.45852017402648926]
[0.5306317210197449, 0.6074514985084534, 0.4270767867565155, 0.2711300849914551, 0.5435031652450562]
[0.4620800018310547, 0.5749905705451965, 0.4488990008831024, 0.29578274488449097, 0.4757459759712219]
[0.547616720199585, 0.5786662101745605, 0.43001994490623474, 0.268674373626709, 0.5238481163978577]
[0.5354865789413452, 0.5888907313346863, 0.41922876238822937, 0.2605830132961273, 0.5253303050994873]
[0.4402518570423126, 0.5794743895530701, 0.44776076078414917, 0.28321582078933716, 0.46866223216056824]
[0.49873340129852295, 0.5613414645195007, 0.44216540455818176, 0.30437004566192627, 0.5341709852218628]
[0.4772273004055023, 0.5937963724136353, 0.4337978661060333, 0.2773963212966919, 0.5081824064254761]
[0.5039888024330139, 0.5682726502418518, 0.4423939287662506, 0.2711905837059021, 0.5266150236129761]
[0.5027456879615784, 0.5614510774612427, 0.45350033044815063, 0.32973867654800415, 0.5016945600509644]
[0.4464810788631439, 0.5477424263954163, 0.4399966299533844, 0.2716798782348633, 0.482303261756897]
[0.5193629860877991, 0.5856478810310364, 0.41173920035362244, 0.282301664352417, 0.5441094636917114]
[0.5469377040863037, 0.590923547744751, 0.41869625449180603, 0.2637644112110138, 0.5508519411087036]
[0.5292186141014099, 0.5694109797477722, 0.43724843859672546, 0.29277846217155457, 0.5626499056816101]
[0.4843890070915222, 0.5725647211074829, 0.44243788719177246, 0.32855722308158875, 0.5097194314002991]
[0.5491952300071716, 0.5918990969657898, 0.42066478729248047, 0.26386961340904236, 0.5615143775939941]
[0.4487622082233429, 0.5716210603713989, 0.4600348174571991, 0.3031274080276489, 0.45275557041168213]
[0.503357470035553, 0.5556536912918091, 0.4345764219760895, 0.30939605832099915, 0.5188915133476257]
[0.4666755497455597, 0.5950424671173096, 0.45272740721702576, 0.2865021526813507, 0.4908199608325958]
[0.5053836703300476, 0.552099883556366, 0.465421587228775, 0.3219638466835022, 0.5208221673965454]
[0.5427999496459961, 0.56722092628479, 0.4160086512565613, 0.29121601581573486, 0.5420254468917847]
[0.5417953133583069, 0.5851852297782898, 0.39360421895980835, 0.2723676860332489, 0.5344911217689514]
[0.3934340178966522, 0.5653036236763, 0.4750557243824005, 0.3304489552974701, 0.4547788202762604]
[0.4487622082233429, 0.5716210603713989, 0.4600348174571991, 0.3031274080276489, 0.45275557041168213]
[0.5433061122894287, 0.5475146770477295, 0.4491475224494934, 0.29718658328056335, 0.5622015595436096]
[0.5193629860877991, 0.5856478810310364, 0.41173920035362244, 0.282301664352417, 0.5441094636917114]
[0.4542970061302185, 0.5548005104064941, 0.43274983763694763, 0.3083796799182892, 0.5022196769714355]
[0.4801117777824402, 0.5638502836227417, 0.4457959234714508, 0.3036099970340729, 0.4788120985031128]
[0.4637000262737274, 0.5374917387962341, 0.44061926007270813, 0.3319149613380432, 0.4747806191444397]
[0.47836408019065857, 0.5804527401924133, 0.4395730495452881, 0.2886049151420593, 0.5251050591468811]
[0.5395594835281372, 0.5750301480293274, 0.39410483837127686, 0.27107977867126465, 0.5517565011978149]
[0.4239930808544159, 0.5300239324569702, 0.5261904001235962, 0.38917186856269836, 0.48813295364379883]
[0.5451405048370361, 0.5799071192741394, 0.4316512644290924, 0.266661137342453, 0.5196403861045837]
[0.4755634367465973, 0.5665662884712219, 0.4519544839859009, 0.34764745831489563, 0.4958374798297882]
[0.5193629860877991, 0.5856478810310364, 0.41173920035362244, 0.282301664352417, 0.5441094636917114]
[0.3845214247703552, 0.542408287525177, 0.45613396167755127, 0.3267990052700043, 0.47438183426856995]
[0.47199952602386475, 0.5466008186340332, 0.4606896638870239, 0.3347979187965393, 0.5230628848075867]
[0.5504789352416992, 0.5504522323608398, 0.46797049045562744, 0.3006422519683838, 0.5575739741325378]
[0.44390735030174255, 0.5630548000335693, 0.47110506892204285, 0.33253979682922363, 0.48879387974739075]
[0.525460422039032, 0.5801437497138977, 0.4221417307853699, 0.2590770125389099, 0.5394300222396851]
[0.5426084995269775, 0.5825521945953369, 0.4205004870891571, 0.263367235660553, 0.5657909512519836]
[0.5231544971466064, 0.5746205449104309, 0.4364670217037201, 0.2784336805343628, 0.5341336131095886]
[0.5062743425369263, 0.5593006610870361, 0.43148940801620483, 0.2857738435268402, 0.5306787490844727]
[0.5407167077064514, 0.6046335101127625, 0.4269522726535797, 0.2638828754425049, 0.5547890663146973]
[0.46730703115463257, 0.5870420932769775, 0.42112162709236145, 0.29118138551712036, 0.4858253300189972]
[0.5407167077064514, 0.6046335101127625, 0.4269522726535797, 0.2638828754425049, 0.5547890663146973]
[0.5118576884269714, 0.5517742037773132, 0.4355408251285553, 0.27959975600242615, 0.49460023641586304]
[0.42441490292549133, 0.5676126480102539, 0.4618966281414032, 0.3119684159755707, 0.45158058404922485]
[0.5054304599761963, 0.5946995615959167, 0.4508069157600403, 0.2788750231266022, 0.5106512308120728]
[0.4507092535495758, 0.5849862694740295, 0.43287453055381775, 0.2733733355998993, 0.5007986426353455]
[0.5425321459770203, 0.5870447158813477, 0.4388827383518219, 0.2842963933944702, 0.5345662832260132]
[0.49711447954177856, 0.5942845344543457, 0.44151145219802856, 0.2763511538505554, 0.5337038040161133]
[0.6314446926116943, 0.5596553683280945, 0.38216057419776917, 0.24828824400901794, 0.6096954941749573]
[0.5596634745597839, 0.5823092460632324, 0.42006027698516846, 0.26474952697753906, 0.5493670105934143]
