1
【出来混迟早是要还的】那个MH370的黑匣子不是被探测到在南太平洋4000到6000米的海沟里嘛？当我听到这个消息的时候马上就兴奋了起来，因为我依稀记得蛟龙号第五次下潜最大深度达7062米。那搜这个黑匣子还不是小意思吗？刚想 突然发现蛟龙成了乌龙了微博都被删光了一刚！（转）
[0.4245651364326477, 0.524799644947052, 0.5128154754638672, 0.40808117389678955, 0.4546348750591278]
[0.4698050618171692, 0.5328367948532104, 0.46811607480049133, 0.35194170475006104, 0.4613407254219055]
[0.44245049357414246, 0.5459722280502319, 0.4704985022544861, 0.32074227929115295, 0.5022437572479248]
[0.4031468629837036, 0.5422521233558655, 0.4616953730583191, 0.34199053049087524, 0.44193291664123535]
[0.49819183349609375, 0.5695810914039612, 0.4092336595058441, 0.28381651639938354, 0.5330636501312256]
[0.5349240303039551, 0.562362015247345, 0.4377334415912628, 0.30087101459503174, 0.5454902648925781]
[0.570184051990509, 0.5402737259864807, 0.4210470914840698, 0.256805419921875, 0.5883593559265137]
[0.47999781370162964, 0.5678824782371521, 0.4472586214542389, 0.2870940864086151, 0.49293720722198486]
[0.5206316113471985, 0.5791252255439758, 0.4397676885128021, 0.27541300654411316, 0.5473576784133911]
[0.5451405048370361, 0.5799071192741394, 0.4316512644290924, 0.266661137342453, 0.5196403861045837]
[0.4943917691707611, 0.5377812385559082, 0.483121782541275, 0.37696340680122375, 0.5091308355331421]
[0.502348780632019, 0.575607419013977, 0.4319484829902649, 0.2893376052379608, 0.5081808567047119]
[0.43738415837287903, 0.5719547271728516, 0.43069174885749817, 0.28993654251098633, 0.5091231465339661]
[0.43928033113479614, 0.5755216479301453, 0.43812182545661926, 0.28464990854263306, 0.4676651954650879]
[0.521691083908081, 0.5878927707672119, 0.4193263351917267, 0.279192179441452, 0.5255200266838074]
[0.4752258062362671, 0.5691908001899719, 0.4391210675239563, 0.3077876567840576, 0.4840574860572815]
[0.5045655369758606, 0.5229458808898926, 0.4653042256832123, 0.28799450397491455, 0.5287864804267883]
[0.5101743936538696, 0.5844377279281616, 0.41671913862228394, 0.2655572295188904, 0.5460115671157837]
[0.552883505821228, 0.590137779712677, 0.38411715626716614, 0.25779449939727783, 0.5419252514839172]
[0.4992717504501343, 0.5735583901405334, 0.4101506173610687, 0.279136598110199, 0.523705005645752]
[0.46917158365249634, 0.5832571983337402, 0.4381759762763977, 0.2766890823841095, 0.48151060938835144]
[0.621354341506958, 0.5815204381942749, 0.38490551710128784, 0.2549988925457001, 0.593419075012207]
[0.49555298686027527, 0.570673942565918, 0.4313119649887085, 0.2879068851470947, 0.5146951675415039]
[0.48647576570510864, 0.57277512550354, 0.4247252941131592, 0.27870985865592957, 0.5106918215751648]
[0.4914586842060089, 0.5598971247673035, 0.4470609128475189, 0.31037411093711853, 0.5033780932426453]
