1
话说MH370航班的黑匣子被探测落在南太平洋4000米至6000米深的海沟后，号称能下潜到7000米的蛟龙号官方微博 立刻删光了之前的所有微博。人艰不拆，亲，且删且珍惜啊！ （转）
[0.5829935669898987, 0.5617859363555908, 0.41479843854904175, 0.26246482133865356, 0.5903346538543701]
[0.5071049332618713, 0.5932052135467529, 0.4455857574939728, 0.2840494215488434, 0.5447293519973755]
[0.42928457260131836, 0.5736702680587769, 0.4410894811153412, 0.29804301261901855, 0.46889036893844604]
[0.5121670961380005, 0.5842500329017639, 0.418845534324646, 0.29374173283576965, 0.5593046545982361]
[0.5774304270744324, 0.6065936088562012, 0.41549786925315857, 0.2480234056711197, 0.5604559779167175]
[0.5468880534172058, 0.5828479528427124, 0.39641839265823364, 0.26070478558540344, 0.5434731245040894]
[0.4559156894683838, 0.5756140947341919, 0.4494801163673401, 0.2816786766052246, 0.49695414304733276]
[0.5621575117111206, 0.5856571793556213, 0.4093182682991028, 0.25215083360671997, 0.570976197719574]
[0.5595993399620056, 0.5375957489013672, 0.43550390005111694, 0.28276652097702026, 0.5396643280982971]
[0.4725576937198639, 0.5582323670387268, 0.45608603954315186, 0.3125486671924591, 0.4704018235206604]
[0.42021945118904114, 0.5535901188850403, 0.4439277648925781, 0.27874788641929626, 0.46632319688796997]
[0.5079251527786255, 0.599818766117096, 0.4091454744338989, 0.26321446895599365, 0.544072151184082]
[0.5003571510314941, 0.594894289970398, 0.42176657915115356, 0.28232431411743164, 0.5309039354324341]
[0.47110655903816223, 0.5495137572288513, 0.4311799705028534, 0.2970280647277832, 0.5414542555809021]
[0.5370978116989136, 0.5626977682113647, 0.44573500752449036, 0.28168588876724243, 0.5170992016792297]
[0.44968026876449585, 0.5401620864868164, 0.45972225069999695, 0.30963364243507385, 0.4466307461261749]
[0.50795978307724, 0.5944027900695801, 0.42155274748802185, 0.27585428953170776, 0.5430174469947815]
[0.488859623670578, 0.516325831413269, 0.5166073441505432, 0.4024578630924225, 0.5070276260375977]
[0.5770192742347717, 0.5910670757293701, 0.41135644912719727, 0.2622712552547455, 0.549607515335083]
[0.4244332015514374, 0.5320177674293518, 0.5034112930297852, 0.3862178921699524, 0.46600663661956787]
[0.43928033113479614, 0.5755216479301453, 0.43812182545661926, 0.28464990854263306, 0.4676651954650879]
[0.5193629860877991, 0.5856478810310364, 0.41173920035362244, 0.282301664352417, 0.5441094636917114]
[0.49819183349609375, 0.5695810914039612, 0.4092336595058441, 0.28381651639938354, 0.5330636501312256]
[0.47818079590797424, 0.5846724510192871, 0.4107125401496887, 0.2850072383880615, 0.5286131501197815]
[0.5040035247802734, 0.5719863772392273, 0.43091994524002075, 0.27657848596572876, 0.5261465907096863]
[0.4225299060344696, 0.5311620235443115, 0.4737561047077179, 0.36793914437294006, 0.4875207245349884]
[0.49020668864250183, 0.547206461429596, 0.4630124568939209, 0.3143666088581085, 0.5467439293861389]
[0.5339655876159668, 0.5322215557098389, 0.43554550409317017, 0.3238605856895447, 0.5202019214630127]
[0.37067335844039917, 0.5450956225395203, 0.4304165244102478, 0.3060258626937866, 0.4263465106487274]
[0.6084849834442139, 0.5136549472808838, 0.4402477741241455, 0.347927063703537, 0.5866783261299133]
[0.5173697471618652, 0.5773066878318787, 0.43875327706336975, 0.29086169600486755, 0.5539582371711731]
[0.5424742698669434, 0.5705142021179199, 0.4320404827594757, 0.270597368478775, 0.5383960008621216]
[0.3990495800971985, 0.5589938759803772, 0.4727317690849304, 0.3405645787715912, 0.46287158131599426]
[0.40579715371131897, 0.5536828637123108, 0.4842224717140198, 0.33169037103652954, 0.4793552756309509]
[0.4666755497455597, 0.5950424671173096, 0.45272740721702576, 0.2865021526813507, 0.4908199608325958]
[0.5193629860877991, 0.5856478810310364, 0.41173920035362244, 0.282301664352417, 0.5441094636917114]
[0.47387242317199707, 0.5388002991676331, 0.536697268486023, 0.4537201523780823, 0.5309396386146545]
[0.4487622082233429, 0.5716210603713989, 0.4600348174571991, 0.3031274080276489, 0.45275557041168213]
[0.43928033113479614, 0.5755216479301453, 0.43812182545661926, 0.28464990854263306, 0.4676651954650879]
[0.5040035247802734, 0.5719863772392273, 0.43091994524002075, 0.27657848596572876, 0.5261465907096863]
