1
若是有人在路上拦你，向你推销福建安溪铁观音又建议你闻一下试一下味，千万别上当，那不是铁观音是关音土-迷魂药，当你闻到就会昏倒，然后他们会拿走你所有财物或带你去某处挖器官。据说广东河北天津武汉南昌黑龙江等地开始出现了，请大家小心并发给关心的人。来自一个关心我的姐姐短信
[0.5488396286964417, 0.5332091450691223, 0.47743409872055054, 0.3649342656135559, 0.594810426235199]
[0.5031726360321045, 0.5655439496040344, 0.44281402230262756, 0.32375195622444153, 0.5083106160163879]
[0.4934166967868805, 0.5868629217147827, 0.4470164477825165, 0.28823122382164, 0.4850083887577057]
[0.5896202325820923, 0.6009964942932129, 0.3933485150337219, 0.243545264005661, 0.5743495225906372]
[0.4904156029224396, 0.5909463167190552, 0.4286021292209625, 0.2762893736362457, 0.5186073184013367]
[0.48099252581596375, 0.5820553302764893, 0.4238995611667633, 0.3010181188583374, 0.4956585168838501]
[0.4476815164089203, 0.5584331154823303, 0.49773022532463074, 0.355621874332428, 0.515072762966156]
[0.5068936347961426, 0.5919316411018372, 0.4301416575908661, 0.28461259603500366, 0.5343167185783386]
[0.5185332298278809, 0.5979981422424316, 0.4238531291484833, 0.2804935872554779, 0.5281396508216858]
[0.44526177644729614, 0.5782157182693481, 0.43330898880958557, 0.3055168688297272, 0.4906873404979706]
[0.44399288296699524, 0.5816325545310974, 0.4424910545349121, 0.308303564786911, 0.49348074197769165]
[0.4850025475025177, 0.5466508865356445, 0.4402667284011841, 0.3011949956417084, 0.538608193397522]
[0.4126245677471161, 0.547171413898468, 0.4659389853477478, 0.33216407895088196, 0.42851290106773376]
[0.5096895098686218, 0.5689641833305359, 0.416349321603775, 0.30584195256233215, 0.5114302039146423]
[0.5203461647033691, 0.5783154368400574, 0.42207953333854675, 0.2909437417984009, 0.5251195430755615]
[0.4750795066356659, 0.5409451127052307, 0.5090598464012146, 0.39403754472732544, 0.5506049394607544]
[0.517414927482605, 0.5855542421340942, 0.4105900526046753, 0.2719733417034149, 0.5328391194343567]
[0.46209973096847534, 0.560062825679779, 0.42035165429115295, 0.27489611506462097, 0.4754510223865509]
[0.47719570994377136, 0.5469006299972534, 0.42958950996398926, 0.3036600649356842, 0.5012906193733215]
[0.531265914440155, 0.587580680847168, 0.4057972729206085, 0.274158239364624, 0.5313740372657776]
[0.45074695348739624, 0.5376757979393005, 0.46514201164245605, 0.34184134006500244, 0.4903513789176941]
[0.413835346698761, 0.5308422446250916, 0.4769185483455658, 0.35352060198783875, 0.45681893825531006]
[0.5660489797592163, 0.5196464657783508, 0.4437110722064972, 0.28435802459716797, 0.5874891877174377]
[0.4708915054798126, 0.5658165216445923, 0.4351755678653717, 0.306522011756897, 0.49468377232551575]
[0.5551885962486267, 0.5899661779403687, 0.41089770197868347, 0.27816060185432434, 0.555565357208252]
[0.5114755034446716, 0.5682237148284912, 0.4685482084751129, 0.34456583857536316, 0.5410740375518799]
[0.482046514749527, 0.5526251196861267, 0.4924820363521576, 0.3898986876010895, 0.5005397200584412]
[0.6210386157035828, 0.5826166272163391, 0.37049636244773865, 0.21848970651626587, 0.6017271876335144]
[0.5536494851112366, 0.5684286952018738, 0.4264592230319977, 0.28106996417045593, 0.524756133556366]
