1
中美不同的教育方式的结果是： 教育进展国际评估组织的调查显示，在21个被调查国家中，中国孩子的计算能力排名第一，想象力排名倒数第一，创造力排名倒数第五。此外，在中国的中小学生中，认为自己有好奇心和想象力的只占4.7%，而希望培养想象力和创造力的只占14.9%。
[0.5365091562271118, 0.551079511642456, 0.48327043652534485, 0.33623120188713074, 0.5459796786308289]
[0.493113249540329, 0.5718060731887817, 0.42344483733177185, 0.2834087908267975, 0.520680844783783]
[0.5425187349319458, 0.554314136505127, 0.4524935483932495, 0.3523445725440979, 0.5271333456039429]
[0.4825083315372467, 0.5641751885414124, 0.4445151388645172, 0.31597840785980225, 0.5009333491325378]
[0.5206880569458008, 0.5562496781349182, 0.44544079899787903, 0.28948426246643066, 0.5503940582275391]
[0.43928033113479614, 0.5755216479301453, 0.43812182545661926, 0.28464990854263306, 0.4676651954650879]
[0.495606392621994, 0.5570493340492249, 0.4518667459487915, 0.315890908241272, 0.5256602168083191]
[0.5390785932540894, 0.5329433083534241, 0.4553537964820862, 0.36180880665779114, 0.5251121520996094]
[0.5338367223739624, 0.5219656825065613, 0.47623851895332336, 0.422911137342453, 0.5564363598823547]
[0.4535146653652191, 0.5766539573669434, 0.418950617313385, 0.29957884550094604, 0.47351205348968506]
[0.46147674322128296, 0.5419417023658752, 0.4660383462905884, 0.3488357365131378, 0.5172428488731384]
[0.4810236096382141, 0.5159103274345398, 0.5469934344291687, 0.4844569265842438, 0.5127790570259094]
[0.5353906154632568, 0.5809045433998108, 0.4171152710914612, 0.24673528969287872, 0.5667868256568909]
[0.4922105073928833, 0.5505226254463196, 0.4553895592689514, 0.3319571912288666, 0.49622979760169983]
[0.4864390194416046, 0.5730161666870117, 0.44067516922950745, 0.29862937331199646, 0.47556984424591064]
[0.4675352871417999, 0.5629640817642212, 0.42409271001815796, 0.31550928950309753, 0.5061642527580261]
[0.47843873500823975, 0.5574765801429749, 0.4436373710632324, 0.3220054805278778, 0.4911264181137085]
[0.4175615608692169, 0.5812168121337891, 0.43323808908462524, 0.2630394995212555, 0.48242008686065674]
[0.5529168844223022, 0.5520307421684265, 0.4387979805469513, 0.2908649444580078, 0.5566918849945068]
[0.565464437007904, 0.5458491444587708, 0.4123542308807373, 0.2797098755836487, 0.5191877484321594]
[0.4913956820964813, 0.5221060514450073, 0.5148411989212036, 0.3991537392139435, 0.49811112880706787]
[0.5001814961433411, 0.5315337777137756, 0.5162550806999207, 0.42111292481422424, 0.5395628809928894]
[0.5275569558143616, 0.5549258589744568, 0.41483476758003235, 0.2787758409976959, 0.5605353713035583]
[0.49209144711494446, 0.5182663202285767, 0.504254162311554, 0.3920443654060364, 0.515255868434906]
[0.5040035247802734, 0.5719863772392273, 0.43091994524002075, 0.27657848596572876, 0.5261465907096863]
[0.5502549409866333, 0.5744209885597229, 0.4191059172153473, 0.27661725878715515, 0.5630039572715759]
[0.5238659977912903, 0.5426424145698547, 0.43362995982170105, 0.29172953963279724, 0.5278280973434448]
[0.42516109347343445, 0.5537757277488708, 0.4461207687854767, 0.30333855748176575, 0.4908900558948517]
[0.5516775250434875, 0.5595389008522034, 0.4147259593009949, 0.2777022123336792, 0.5485497713088989]
[0.4035619795322418, 0.5630075931549072, 0.43835076689720154, 0.29424363374710083, 0.4609862267971039]
[0.5058528184890747, 0.5535892844200134, 0.44423919916152954, 0.32461658120155334, 0.5178427696228027]
[0.5552297830581665, 0.5719479322433472, 0.41022422909736633, 0.277961403131485, 0.5717387199401855]
[0.5135061144828796, 0.54365473985672, 0.456864595413208, 0.279445618391037, 0.5441198945045471]
[0.5111860632896423, 0.5927208662033081, 0.4170646369457245, 0.26831308007240295, 0.5230312943458557]
[0.5621389746665955, 0.5601802468299866, 0.40354809165000916, 0.27099254727363586, 0.551800549030304]
[0.5093844532966614, 0.5462469458580017, 0.4679616689682007, 0.32856881618499756, 0.542407751083374]
[0.5260230302810669, 0.5762523412704468, 0.42599523067474365, 0.29352784156799316, 0.5563400387763977]
[0.5439325571060181, 0.5758375525474548, 0.4140405058860779, 0.2637757956981659, 0.5544265508651733]
[0.572563111782074, 0.5711863040924072, 0.3992117643356323, 0.24265874922275543, 0.5842759609222412]
[0.5089413523674011, 0.5256071090698242, 0.4702673852443695, 0.3595333695411682, 0.5286651253700256]
[0.5688197612762451, 0.5711175799369812, 0.39849621057510376, 0.2490193098783493, 0.5818196535110474]
[0.5536669492721558, 0.5647609829902649, 0.3967640697956085, 0.2636174261569977, 0.5753977298736572]
[0.49594709277153015, 0.5562443137168884, 0.45293280482292175, 0.348785936832428, 0.48187005519866943]
[0.43003568053245544, 0.5460953712463379, 0.5493948459625244, 0.6203061938285828, 0.5611518025398254]
[0.4350585639476776, 0.5505620241165161, 0.4660687744617462, 0.35390254855155945, 0.47183355689048767]
[0.557985782623291, 0.5590015649795532, 0.4291737973690033, 0.2919415235519409, 0.5725584030151367]
[0.5146539211273193, 0.598861038684845, 0.41528627276420593, 0.2660355269908905, 0.537887454032898]
[0.5248945951461792, 0.542982280254364, 0.47271496057510376, 0.3673451840877533, 0.5343652367591858]
[0.44598889350891113, 0.5217715501785278, 0.5402931571006775, 0.4535602629184723, 0.49622151255607605]
[0.5091850161552429, 0.5471430420875549, 0.47918277978897095, 0.3863224983215332, 0.556456983089447]
[0.5012056827545166, 0.5466235876083374, 0.4486001431941986, 0.3104218542575836, 0.4993702471256256]
[0.5183610320091248, 0.542477011680603, 0.4447700083255768, 0.2956615090370178, 0.5290623307228088]
[0.502862274646759, 0.5444815754890442, 0.5028897523880005, 0.4368112087249756, 0.5294778347015381]
[0.5098977088928223, 0.5660645365715027, 0.41076815128326416, 0.262724369764328, 0.5745759010314941]
[0.5361090302467346, 0.5588716268539429, 0.43525415658950806, 0.29768136143684387, 0.5409929752349854]
[0.5072547793388367, 0.5422423481941223, 0.45326563715934753, 0.2945657968521118, 0.5236626863479614]
[0.5049978494644165, 0.5610723495483398, 0.4742829203605652, 0.3497840464115143, 0.5291339159011841]
[0.4939541518688202, 0.5206027626991272, 0.48483967781066895, 0.3819582462310791, 0.515836775302887]
[0.5572956800460815, 0.5475628972053528, 0.4120878279209137, 0.2872185707092285, 0.569720447063446]
[0.4640413820743561, 0.5368938446044922, 0.5197932720184326, 0.4226447343826294, 0.5184502601623535]
[0.4154725670814514, 0.5474851131439209, 0.4478578567504883, 0.29128581285476685, 0.4665374159812927]
[0.49391239881515503, 0.524840235710144, 0.48836734890937805, 0.3303171396255493, 0.5341452956199646]
[0.46829837560653687, 0.5539717674255371, 0.43604710698127747, 0.30944398045539856, 0.4790784418582916]
[0.5303649306297302, 0.5236424803733826, 0.4777452349662781, 0.3784877061843872, 0.5366802215576172]
[0.3992171585559845, 0.5707009434700012, 0.43292921781539917, 0.2716226577758789, 0.486022025346756]
[0.4844973385334015, 0.5506381392478943, 0.4520973861217499, 0.3486018180847168, 0.5070948004722595]
[0.4844973385334015, 0.5506381392478943, 0.4520973861217499, 0.3486018180847168, 0.5070948004722595]
[0.5600406527519226, 0.5436506867408752, 0.41755062341690063, 0.30060333013534546, 0.5771697163581848]
[0.529959499835968, 0.589958131313324, 0.41479822993278503, 0.28781211376190186, 0.5337520241737366]
[0.5801941156387329, 0.5817154049873352, 0.3841627240180969, 0.24996718764305115, 0.5689923763275146]
[0.5405149459838867, 0.5819352865219116, 0.3950951099395752, 0.24782709777355194, 0.5487592220306396]
[0.479629784822464, 0.5244248509407043, 0.46523812413215637, 0.3403892517089844, 0.5215387940406799]
[0.5445119738578796, 0.5843786597251892, 0.41506728529930115, 0.25699159502983093, 0.5592021942138672]
[0.4959449768066406, 0.5414901375770569, 0.47171181440353394, 0.376300573348999, 0.4923235774040222]
[0.5905120372772217, 0.574638843536377, 0.3844085931777954, 0.256753534078598, 0.5723283290863037]
[0.44545257091522217, 0.5401561260223389, 0.5055426955223083, 0.38344478607177734, 0.492646723985672]
[0.5304372906684875, 0.5524016618728638, 0.4270298182964325, 0.2438097447156906, 0.5559740662574768]
[0.5188514590263367, 0.5458696484565735, 0.47471264004707336, 0.38289570808410645, 0.5548790097236633]
[0.5827213525772095, 0.5450224876403809, 0.41057029366493225, 0.28736621141433716, 0.5965006947517395]
[0.5766988396644592, 0.5638887286186218, 0.4048720896244049, 0.27011653780937195, 0.554180920124054]
[0.5698312520980835, 0.5691149234771729, 0.41328656673431396, 0.2852262854576111, 0.5603773593902588]
[0.46449124813079834, 0.5150684714317322, 0.5141680240631104, 0.43169280886650085, 0.5200029015541077]
[0.44513946771621704, 0.5428434014320374, 0.5216747522354126, 0.46059268712997437, 0.5275194048881531]
[0.5466415286064148, 0.5783851742744446, 0.40951576828956604, 0.2708609402179718, 0.5496385097503662]
[0.5298246741294861, 0.5518075823783875, 0.42739933729171753, 0.3100852370262146, 0.541620135307312]
[0.5067530870437622, 0.5967856049537659, 0.4081331491470337, 0.26473742723464966, 0.5389605164527893]
[0.48261353373527527, 0.570758044719696, 0.4443546533584595, 0.3176840543746948, 0.507834255695343]
[0.4753216803073883, 0.5539918541908264, 0.44999390840530396, 0.30192655324935913, 0.523340106010437]
[0.4920719265937805, 0.5837094187736511, 0.4281136691570282, 0.3073815703392029, 0.5207920670509338]
[0.532819926738739, 0.5473714470863342, 0.4128318130970001, 0.2932282090187073, 0.5415745377540588]
[0.5805497169494629, 0.5740220546722412, 0.4121103286743164, 0.2686097323894501, 0.5590476393699646]
[0.49541544914245605, 0.5873020887374878, 0.43529120087623596, 0.2897774577140808, 0.529448926448822]
[0.543366551399231, 0.5633794665336609, 0.4129205346107483, 0.2979317307472229, 0.5534922480583191]
[0.5441977381706238, 0.5371437072753906, 0.4555509388446808, 0.3220614790916443, 0.5397971272468567]
[0.516182541847229, 0.5336881875991821, 0.4608655869960785, 0.32619544863700867, 0.5266645550727844]
