1
转：【人民网揭出惊天黑幕：中国75%电表都被蓄意加速】针对供电计量上的“缺斤短两”，国家技术监督局对全国17个省的企业生产的34种电表进行了抽检，发现，75％的电表都出现了正误差。偏差最大的要快28％，大多数快10％左右，也就是说居民要无端地多掏10％—28％的电费！
[0.5702034831047058, 0.5317621231079102, 0.4409841299057007, 0.262523353099823, 0.5453750491142273]
[0.48078852891921997, 0.5729307532310486, 0.43669164180755615, 0.3100188076496124, 0.4962395429611206]
[0.5272536873817444, 0.5871959328651428, 0.40474992990493774, 0.26819518208503723, 0.5187954902648926]
[0.5019360780715942, 0.5530057549476624, 0.4325390160083771, 0.28701499104499817, 0.5560534000396729]
[0.5058897137641907, 0.5832006335258484, 0.43435025215148926, 0.26824602484703064, 0.5498504638671875]
[0.5661852359771729, 0.571373701095581, 0.402891606092453, 0.27352893352508545, 0.5471797585487366]
[0.519011914730072, 0.5836012959480286, 0.4222079813480377, 0.2790262997150421, 0.5279898643493652]
[0.5430505871772766, 0.5657711625099182, 0.3906499743461609, 0.2579920291900635, 0.5363729000091553]
[0.43738415837287903, 0.5719547271728516, 0.43069174885749817, 0.28993654251098633, 0.5091231465339661]
[0.516481339931488, 0.5917481184005737, 0.4435672461986542, 0.2787536084651947, 0.5294630527496338]
[0.3878040909767151, 0.5417690873146057, 0.47765734791755676, 0.34815388917922974, 0.4399583637714386]
[0.44012051820755005, 0.5805869102478027, 0.4410313069820404, 0.27816545963287354, 0.4936925172805786]
[0.43928033113479614, 0.5755216479301453, 0.43812182545661926, 0.28464990854263306, 0.4676651954650879]
[0.5184901356697083, 0.5775929093360901, 0.41395246982574463, 0.27407562732696533, 0.5576403737068176]
[0.5310997366905212, 0.5748461484909058, 0.42383790016174316, 0.2703271210193634, 0.5335400104522705]
[0.4714183211326599, 0.5348829030990601, 0.43926262855529785, 0.31246256828308105, 0.5150482654571533]
[0.4646119475364685, 0.567317545413971, 0.44108057022094727, 0.2894664406776428, 0.4976672828197479]
[0.5258841514587402, 0.5413116216659546, 0.45080897212028503, 0.31404468417167664, 0.5013813376426697]
[0.5325873494148254, 0.5880876183509827, 0.42129048705101013, 0.2533036768436432, 0.5475322008132935]
[0.5324987173080444, 0.5528138279914856, 0.3965359926223755, 0.27904653549194336, 0.5399879217147827]
[0.5416718125343323, 0.5607123374938965, 0.4306170642375946, 0.28452813625335693, 0.5601601600646973]
[0.5271046757698059, 0.5676889419555664, 0.4528074860572815, 0.261263370513916, 0.5263820290565491]
[0.506679117679596, 0.5875664353370667, 0.41993045806884766, 0.2776543200016022, 0.5393666625022888]
[0.44256970286369324, 0.586646318435669, 0.41893061995506287, 0.27807945013046265, 0.5114853978157043]
[0.5217004418373108, 0.5450868010520935, 0.43893128633499146, 0.3145371973514557, 0.5310927629470825]
[0.4723190367221832, 0.5901078581809998, 0.42872488498687744, 0.27936092019081116, 0.5101572871208191]
[0.4651769697666168, 0.5473836660385132, 0.45050880312919617, 0.3270969092845917, 0.5107954740524292]
[0.5425624251365662, 0.5802850127220154, 0.387893408536911, 0.26327764987945557, 0.5648921132087708]
[0.3072885572910309, 0.5462142825126648, 0.45011675357818604, 0.3187411427497864, 0.437751442193985]
[0.49975526332855225, 0.5874056220054626, 0.4230498969554901, 0.27203112840652466, 0.5168728828430176]
[0.48816829919815063, 0.5351271629333496, 0.4437556564807892, 0.27653810381889343, 0.5009925961494446]
[0.5162282586097717, 0.5582544803619385, 0.4394397735595703, 0.29542306065559387, 0.5384008884429932]
[0.46741190552711487, 0.5842670202255249, 0.4206816256046295, 0.2775116264820099, 0.49959900975227356]
[0.4487622082233429, 0.5716210603713989, 0.4600348174571991, 0.3031274080276489, 0.45275557041168213]
[0.5449764132499695, 0.5635142922401428, 0.42633602023124695, 0.2715853452682495, 0.5144763588905334]
[0.42923402786254883, 0.5821247696876526, 0.4300616383552551, 0.28772908449172974, 0.4848913550376892]
[0.40247610211372375, 0.552951991558075, 0.4542490839958191, 0.2912055552005768, 0.481946736574173]
[0.4552648067474365, 0.5666947364807129, 0.4424703121185303, 0.32774826884269714, 0.5001466870307922]
[0.4842804968357086, 0.5596617460250854, 0.49812373518943787, 0.3594215512275696, 0.5128259062767029]
[0.5218473076820374, 0.5683465600013733, 0.4255988597869873, 0.26909878849983215, 0.5257548093795776]
[0.3716362714767456, 0.5286270976066589, 0.47196847200393677, 0.34702950716018677, 0.4144193232059479]
[0.45718321204185486, 0.5329051613807678, 0.471744179725647, 0.3261852562427521, 0.5019758939743042]
[0.5073796510696411, 0.5396859645843506, 0.4366474151611328, 0.3039688766002655, 0.5180438756942749]
[0.4909123480319977, 0.5336978435516357, 0.4528169631958008, 0.30499982833862305, 0.5204215049743652]
[0.5019374489784241, 0.5595502257347107, 0.42245689034461975, 0.28476306796073914, 0.519531786441803]
[0.3072885572910309, 0.5462142825126648, 0.45011675357818604, 0.3187411427497864, 0.437751442193985]
[0.5272530913352966, 0.5757827758789062, 0.45725977420806885, 0.2974341809749603, 0.5407331585884094]
[0.43544772267341614, 0.5395049452781677, 0.4600220024585724, 0.33504512906074524, 0.4604869484901428]
[0.439512699842453, 0.5703139305114746, 0.45984452962875366, 0.34181126952171326, 0.4828609526157379]
[0.5112080574035645, 0.5745373368263245, 0.43079376220703125, 0.2995988130569458, 0.4944150745868683]
[0.5093273520469666, 0.5759170055389404, 0.43660521507263184, 0.2886846661567688, 0.5504765510559082]
[0.5393087267875671, 0.5862626433372498, 0.43771880865097046, 0.27935346961021423, 0.5397127270698547]
[0.45526987314224243, 0.5517306327819824, 0.438789427280426, 0.31819429993629456, 0.46567603945732117]
[0.4906677007675171, 0.5785707235336304, 0.4326153099536896, 0.3106098473072052, 0.5383206009864807]
[0.49975526332855225, 0.5874056220054626, 0.4230498969554901, 0.27203112840652466, 0.5168728828430176]
[0.47924748063087463, 0.5813366770744324, 0.4080791175365448, 0.26774588227272034, 0.49748796224594116]
