1
说个趣闻。美国伊利诺斯州35岁男子凯斯去年9月在一次交通事故中，失去男性生殖器。幸运的是，美国医生当天就为移植了一名死于心脏病的美国男子迈克的生殖器。康复后，凯斯向捐赠者迈克的遗孀达拉表示感谢时，两人一见钟情，堕入爱河！目前，两人的离奇恋情，终于开花结果。
[0.5206639170646667, 0.5448794364929199, 0.5023066401481628, 0.3700106143951416, 0.5563761591911316]
[0.5718273520469666, 0.5750188827514648, 0.40366190671920776, 0.2506828010082245, 0.5820465683937073]
[0.5238269567489624, 0.5756938457489014, 0.43178462982177734, 0.2660461962223053, 0.530784010887146]
[0.40518248081207275, 0.48515740036964417, 0.5791237950325012, 0.6463305354118347, 0.523673951625824]
[0.41370758414268494, 0.5621438026428223, 0.4502696394920349, 0.2886853814125061, 0.47386208176612854]
[0.6111315488815308, 0.5109379291534424, 0.49698054790496826, 0.4132566750049591, 0.6301000714302063]
[0.5147534012794495, 0.5576395988464355, 0.42210888862609863, 0.2712559998035431, 0.5251603722572327]
[0.4753544330596924, 0.576375424861908, 0.4434916377067566, 0.291784405708313, 0.5353590846061707]
[0.5533522963523865, 0.5304686427116394, 0.433058500289917, 0.34603726863861084, 0.592081606388092]
[0.4442788362503052, 0.5639710426330566, 0.45597535371780396, 0.2903962731361389, 0.47780269384384155]
[0.5420927405357361, 0.5856649279594421, 0.41821372509002686, 0.2860911190509796, 0.5574612617492676]
[0.5354865789413452, 0.5888907313346863, 0.41922876238822937, 0.2605830132961273, 0.5253303050994873]
[0.5031479001045227, 0.5713434815406799, 0.44271957874298096, 0.3005683422088623, 0.5385904908180237]
[0.5408942103385925, 0.5752754807472229, 0.4302022457122803, 0.29866501688957214, 0.5713406801223755]
[0.47909316420555115, 0.5579777359962463, 0.4316934645175934, 0.29852643609046936, 0.5253375172615051]
[0.4641043543815613, 0.5302399396896362, 0.47411254048347473, 0.3430013954639435, 0.48864978551864624]
[0.5344182252883911, 0.5673832297325134, 0.4323793947696686, 0.26868003606796265, 0.5195611119270325]
[0.5810021758079529, 0.5659968852996826, 0.3894701600074768, 0.2528199255466461, 0.5886368155479431]
[0.4973539113998413, 0.5784026980400085, 0.4395482540130615, 0.3004559576511383, 0.5002468824386597]
[0.41612082719802856, 0.5642951726913452, 0.46287134289741516, 0.2981531620025635, 0.496167927980423]
[0.48326411843299866, 0.5616093277931213, 0.43202540278434753, 0.31009578704833984, 0.5267391800880432]
[0.5038279294967651, 0.5910339951515198, 0.40655389428138733, 0.27203646302223206, 0.5348117351531982]
[0.5193629860877991, 0.5856478810310364, 0.41173920035362244, 0.282301664352417, 0.5441094636917114]
[0.48801302909851074, 0.5900231599807739, 0.4452144503593445, 0.28748974204063416, 0.5098361372947693]
[0.4351153075695038, 0.5152896046638489, 0.4777883291244507, 0.3774566054344177, 0.47779378294944763]
[0.48621347546577454, 0.5316579937934875, 0.4301438331604004, 0.29383137822151184, 0.4941387474536896]
[0.5716372132301331, 0.5613455176353455, 0.3964170515537262, 0.24578343331813812, 0.5735951066017151]
[0.41687265038490295, 0.5560117959976196, 0.45766931772232056, 0.33878985047340393, 0.48106148838996887]
[0.504348874092102, 0.5613455176353455, 0.44135478138923645, 0.28575021028518677, 0.5467795133590698]
[0.6128697395324707, 0.534326434135437, 0.41417694091796875, 0.28550800681114197, 0.6139621734619141]
[0.5113663077354431, 0.5657727718353271, 0.4407152831554413, 0.2915646433830261, 0.5376735925674438]
[0.5183554291725159, 0.5487476587295532, 0.45816078782081604, 0.321767121553421, 0.5419986248016357]
[0.46995577216148376, 0.5751357674598694, 0.41991564631462097, 0.2752728760242462, 0.5430898666381836]
[0.5235238671302795, 0.5733344554901123, 0.41888347268104553, 0.26682013273239136, 0.5582228302955627]
[0.4712717533111572, 0.5324224233627319, 0.5150377750396729, 0.4885641932487488, 0.5193586945533752]
[0.48005369305610657, 0.5679191946983337, 0.457032173871994, 0.3047753870487213, 0.48907405138015747]
[0.4822731018066406, 0.5638476610183716, 0.4440091848373413, 0.3048149347305298, 0.4928242564201355]
[0.5274340510368347, 0.5567731857299805, 0.4433598518371582, 0.3210112452507019, 0.5493215322494507]
[0.5580527186393738, 0.569434642791748, 0.41966015100479126, 0.2871089279651642, 0.5678900480270386]
[0.5480034947395325, 0.5547147393226624, 0.43248486518859863, 0.31611061096191406, 0.5302795767784119]
[0.556580126285553, 0.5837453007698059, 0.39799055457115173, 0.2595037817955017, 0.5575500130653381]
[0.5422282814979553, 0.5863180160522461, 0.40551844239234924, 0.2753317654132843, 0.556081235408783]
[0.4781109690666199, 0.5705740451812744, 0.4263212978839874, 0.26961222290992737, 0.5526899695396423]
[0.5536386966705322, 0.5742541551589966, 0.4218688905239105, 0.28650563955307007, 0.5475309491157532]
[0.4319891929626465, 0.5440241694450378, 0.4748407006263733, 0.3367569148540497, 0.45067980885505676]
[0.49945390224456787, 0.5699886083602905, 0.42071643471717834, 0.291963130235672, 0.5115233659744263]
[0.5245932936668396, 0.5597430467605591, 0.419879674911499, 0.27533718943595886, 0.5402281284332275]
[0.5777353644371033, 0.5964836478233337, 0.4267457127571106, 0.26989978551864624, 0.5558629035949707]
[0.45639175176620483, 0.5473963618278503, 0.48060905933380127, 0.39740702509880066, 0.4807046055793762]
[0.495655357837677, 0.5984415411949158, 0.446783185005188, 0.2807428538799286, 0.513014554977417]
[0.3863575756549835, 0.5239710807800293, 0.4838598668575287, 0.32081037759780884, 0.43396636843681335]
[0.5197758674621582, 0.5583265423774719, 0.45350033044815063, 0.31876808404922485, 0.511961817741394]
[0.49646440148353577, 0.5792863965034485, 0.42526572942733765, 0.278148353099823, 0.5391004681587219]
[0.49322250485420227, 0.591105580329895, 0.43914520740509033, 0.2846454381942749, 0.5031400322914124]
[0.5107976198196411, 0.5367264151573181, 0.4401567578315735, 0.28714558482170105, 0.5149272084236145]
[0.4953756332397461, 0.5806191563606262, 0.425857275724411, 0.27144885063171387, 0.5276068449020386]
[0.457213431596756, 0.5244964361190796, 0.4854382574558258, 0.37929409742355347, 0.47445255517959595]
